% C0 (TOA Count Rate, /ms) for 4STAR VIS spectrometer (1044 channels) derived from c0_mod22072012_lblrtm6km.mat and recorded on 2014-07-25 12:06:22.
% c0 modified based on 20120722 c0, all AZ, FWHM 4STAR MidLat at 6km 2 parameter fit
Pix Wavelength C0 C0err
0 171.85 -1.00000000e+000 -1.00000000e+000 
1 172.67 -1.00000000e+000 -1.00000000e+000 
2 173.48 -1.00000000e+000 -1.00000000e+000 
3 174.29 -1.00000000e+000 -1.00000000e+000 
4 175.10 -1.00000000e+000 -1.00000000e+000 
5 175.91 -1.00000000e+000 -1.00000000e+000 
6 176.72 -1.00000000e+000 -1.00000000e+000 
7 177.54 -1.00000000e+000 -1.00000000e+000 
8 178.35 -1.00000000e+000 -1.00000000e+000 
9 179.16 -1.00000000e+000 -1.00000000e+000 
10 179.97 -1.00000000e+000 -1.00000000e+000 
11 180.78 -1.00000000e+000 -1.00000000e+000 
12 181.59 -1.00000000e+000 -1.00000000e+000 
13 182.41 -1.00000000e+000 -1.00000000e+000 
14 183.22 -1.00000000e+000 -1.00000000e+000 
15 184.03 -1.00000000e+000 -1.00000000e+000 
16 184.84 -1.00000000e+000 -1.00000000e+000 
17 185.65 -1.00000000e+000 -1.00000000e+000 
18 186.46 -1.00000000e+000 -1.00000000e+000 
19 187.28 -1.00000000e+000 -1.00000000e+000 
20 188.09 -1.00000000e+000 -1.00000000e+000 
21 188.90 -1.00000000e+000 -1.00000000e+000 
22 189.71 -1.00000000e+000 -1.00000000e+000 
23 190.52 -1.00000000e+000 -1.00000000e+000 
24 191.33 -1.00000000e+000 -1.00000000e+000 
25 192.14 -1.00000000e+000 -1.00000000e+000 
26 192.96 -1.00000000e+000 -1.00000000e+000 
27 193.77 -1.00000000e+000 -1.00000000e+000 
28 194.58 -1.00000000e+000 -1.00000000e+000 
29 195.39 -1.00000000e+000 -1.00000000e+000 
30 196.20 -1.00000000e+000 -1.00000000e+000 
31 197.01 -1.00000000e+000 -1.00000000e+000 
32 197.83 -1.00000000e+000 -1.00000000e+000 
33 198.64 -1.00000000e+000 -1.00000000e+000 
34 199.45 -1.00000000e+000 -1.00000000e+000 
35 200.26 -1.00000000e+000 -1.00000000e+000 
36 201.07 -1.00000000e+000 -1.00000000e+000 
37 201.88 -1.00000000e+000 -1.00000000e+000 
38 202.69 -1.00000000e+000 -1.00000000e+000 
39 203.51 -1.00000000e+000 -1.00000000e+000 
40 204.32 -1.00000000e+000 -1.00000000e+000 
41 205.13 -1.00000000e+000 -1.00000000e+000 
42 205.94 -1.00000000e+000 -1.00000000e+000 
43 206.75 -1.00000000e+000 -1.00000000e+000 
44 207.56 -1.00000000e+000 -1.00000000e+000 
45 208.37 -1.00000000e+000 -1.00000000e+000 
46 209.18 -1.00000000e+000 -1.00000000e+000 
47 210.00 2.05170793e+015 -1.00000000e+000 
48 210.81 8.97894363e+014 -1.00000000e+000 
49 211.62 3.82796617e+014 -1.00000000e+000 
50 212.43 1.68239153e+014 -1.00000000e+000 
51 213.24 7.18852270e+013 -1.00000000e+000 
52 214.05 3.09342774e+013 -1.00000000e+000 
53 214.86 1.32647524e+013 -1.00000000e+000 
54 215.68 5.77679499e+012 -1.00000000e+000 
55 216.49 2.48987117e+012 -1.00000000e+000 
56 217.30 1.07631380e+012 -1.00000000e+000 
57 218.11 4.65190284e+011 -1.00000000e+000 
58 218.92 1.99246061e+011 -1.00000000e+000 
59 219.73 8.66623259e+010 -1.00000000e+000 
60 220.54 3.76783487e+010 -1.00000000e+000 
61 221.35 1.62242578e+010 -1.00000000e+000 
62 222.17 6.97755174e+009 -1.00000000e+000 
63 222.98 3.03295012e+009 -1.00000000e+000 
64 223.79 1.31166231e+009 -1.00000000e+000 
65 224.60 5.70428534e+008 -1.00000000e+000 
66 225.41 2.45997035e+008 -1.00000000e+000 
67 226.22 1.06521787e+008 -1.00000000e+000 
68 227.03 4.64212233e+007 -1.00000000e+000 
69 227.84 2.05874859e+007 -1.00000000e+000 
70 228.65 1.01712843e+007 -1.00000000e+000 
71 229.47 6.45523681e+006 -1.00000000e+000 
72 230.28 6.39193670e+006 -1.00000000e+000 
73 231.09 1.00773275e+007 -1.00000000e+000 
74 231.90 2.17906334e+007 -1.00000000e+000 
75 232.71 5.46033844e+007 -1.00000000e+000 
76 233.52 1.43148659e+008 -1.00000000e+000 
77 234.33 3.81060125e+008 -1.00000000e+000 
78 235.14 1.02673780e+009 -1.00000000e+000 
79 235.95 2.82484490e+009 -1.00000000e+000 
80 236.77 7.54856927e+009 -1.00000000e+000 
81 237.58 2.10155877e+010 -1.00000000e+000 
82 238.39 5.78309957e+010 -1.00000000e+000 
83 239.20 1.61159441e+011 -1.00000000e+000 
84 240.01 4.42004820e+011 -1.00000000e+000 
85 240.82 1.17320144e+012 -1.00000000e+000 
86 241.63 2.98046113e+012 -1.00000000e+000 
87 242.44 7.46278670e+012 -1.00000000e+000 
88 243.25 1.77601697e+013 -1.00000000e+000 
89 244.06 4.17582694e+013 -1.00000000e+000 
90 244.88 9.24319264e+013 -1.00000000e+000 
91 245.69 1.96089804e+014 -1.00000000e+000 
92 246.50 3.95154646e+014 -1.00000000e+000 
93 247.31 7.33935477e+014 -1.00000000e+000 
94 248.12 1.39086014e+015 -1.00000000e+000 
95 248.93 2.47258835e+015 -1.00000000e+000 
96 249.74 3.81653913e+015 -1.00000000e+000 
97 250.55 -1.00000000e+000 -1.00000000e+000 
98 251.36 -1.00000000e+000 -1.00000000e+000 
99 252.17 -1.00000000e+000 -1.00000000e+000 
100 252.98 -1.00000000e+000 -1.00000000e+000 
101 253.79 -1.00000000e+000 -1.00000000e+000 
102 254.61 -1.00000000e+000 -1.00000000e+000 
103 255.42 -1.00000000e+000 -1.00000000e+000 
104 256.23 -1.00000000e+000 -1.00000000e+000 
105 257.04 -1.00000000e+000 -1.00000000e+000 
106 257.85 -1.00000000e+000 -1.00000000e+000 
107 258.66 -1.00000000e+000 -1.00000000e+000 
108 259.47 3.74941900e+015 -1.00000000e+000 
109 260.28 2.18145533e+015 -1.00000000e+000 
110 261.09 1.23895748e+015 -1.00000000e+000 
111 261.90 6.42734124e+014 -1.00000000e+000 
112 262.71 3.14628805e+014 -1.00000000e+000 
113 263.52 1.47148886e+014 -1.00000000e+000 
114 264.33 7.10569092e+013 -1.00000000e+000 
115 265.14 3.13481264e+013 -1.00000000e+000 
116 265.95 1.29422456e+013 -1.00000000e+000 
117 266.76 4.93235834e+012 -1.00000000e+000 
118 267.58 1.81670176e+012 -1.00000000e+000 
119 268.39 6.26737737e+011 -1.00000000e+000 
120 269.20 2.23705901e+011 -1.00000000e+000 
121 270.01 8.28091614e+010 -1.00000000e+000 
122 270.82 3.01725256e+010 -1.00000000e+000 
123 271.63 1.06739531e+010 -1.00000000e+000 
124 272.44 3.62399110e+009 -1.00000000e+000 
125 273.25 1.16928151e+009 -1.00000000e+000 
126 274.06 3.84833925e+008 -1.00000000e+000 
127 274.87 1.33264821e+008 -1.00000000e+000 
128 275.68 4.68525371e+007 -1.00000000e+000 
129 276.49 1.76353537e+007 -1.00000000e+000 
130 277.30 6.61949921e+006 -1.00000000e+000 
131 278.11 2.48802478e+006 -1.00000000e+000 
132 278.92 9.53250383e+005 -1.00000000e+000 
133 279.73 3.78885782e+005 -1.00000000e+000 
134 280.54 1.48306037e+005 -1.00000000e+000 
135 281.35 6.05952509e+004 -1.00000000e+000 
136 282.16 2.64754942e+004 -1.00000000e+000 
137 282.97 1.23499320e+004 -1.00000000e+000 
138 283.78 5.91877906e+003 -1.00000000e+000 
139 284.59 2.89932584e+003 -1.00000000e+000 
140 285.40 1.49462394e+003 -1.00000000e+000 
141 286.21 8.09121564e+002 -1.00000000e+000 
142 287.02 4.58810114e+002 -1.00000000e+000 
143 287.83 2.62934371e+002 -1.00000000e+000 
144 288.64 1.57015690e+002 -1.00000000e+000 
145 289.45 9.83579460e+001 -1.00000000e+000 
146 290.26 6.35378858e+001 -1.00000000e+000 
147 291.07 4.28206431e+001 -1.00000000e+000 
148 291.88 2.88197103e+001 -1.00000000e+000 
149 292.69 2.06597407e+001 -1.00000000e+000 
150 293.50 1.49707842e+001 -1.00000000e+000 
151 294.31 1.12445684e+001 -1.00000000e+000 
152 295.12 8.67142778e+000 -1.00000000e+000 
153 295.93 6.83236197e+000 -1.00000000e+000 
154 296.74 5.50100804e+000 -1.00000000e+000 
155 297.55 4.45927251e+000 -1.00000000e+000 
156 298.36 3.70790426e+000 -1.00000000e+000 
157 299.17 3.16861611e+000 -1.00000000e+000 
158 299.98 2.76428456e+000 -1.00000000e+000 
159 300.79 2.44288023e+000 -1.00000000e+000 
160 301.60 2.16314158e+000 -1.00000000e+000 
161 302.41 1.97662514e+000 -1.00000000e+000 
162 303.22 1.78402746e+000 -1.00000000e+000 
163 304.03 1.65946303e+000 -1.00000000e+000 
164 304.84 1.55586268e+000 -1.00000000e+000 
165 305.65 1.45319492e+000 -1.00000000e+000 
166 306.46 1.35873912e+000 -1.00000000e+000 
167 307.27 1.30134923e+000 -1.00000000e+000 
168 308.08 1.25500949e+000 -1.00000000e+000 
169 308.89 1.20478103e+000 -1.00000000e+000 
170 309.70 1.17004192e+000 -1.00000000e+000 
171 310.51 1.13599604e+000 -1.00000000e+000 
172 311.32 1.11890555e+000 -1.00000000e+000 
173 312.13 1.08456779e+000 -1.00000000e+000 
174 312.94 1.08879769e+000 -1.00000000e+000 
175 313.75 1.06741566e+000 -1.00000000e+000 
176 314.56 1.06570968e+000 -1.00000000e+000 
177 315.37 1.06179750e+000 -1.00000000e+000 
178 316.18 1.06511288e+000 -1.00000000e+000 
179 316.98 1.06874184e+000 -1.00000000e+000 
180 317.79 1.08466350e+000 -1.00000000e+000 
181 318.60 1.08398985e+000 -1.00000000e+000 
182 319.41 1.10240010e+000 -1.00000000e+000 
183 320.22 1.12234640e+000 -1.00000000e+000 
184 321.03 1.14512390e+000 -1.00000000e+000 
185 321.84 1.16593199e+000 -1.00000000e+000 
186 322.65 1.20044269e+000 -1.00000000e+000 
187 323.46 1.22542454e+000 -1.00000000e+000 
188 324.27 1.25289989e+000 -1.00000000e+000 
189 325.08 1.28896314e+000 -1.00000000e+000 
190 325.89 1.33398681e+000 -1.00000000e+000 
191 326.70 1.36529440e+000 -1.00000000e+000 
192 327.51 1.42214825e+000 -1.00000000e+000 
193 328.31 1.48110728e+000 -1.00000000e+000 
194 329.12 1.53068398e+000 -1.00000000e+000 
195 329.93 1.60116147e+000 -1.00000000e+000 
196 330.74 1.68930248e+000 -1.00000000e+000 
197 331.55 1.81904683e+000 -1.00000000e+000 
198 332.36 2.04936699e+000 -1.00000000e+000 
199 333.17 2.47255592e+000 -1.00000000e+000 
200 333.98 3.23090259e+000 -1.00000000e+000 
201 334.79 4.57425784e+000 -1.00000000e+000 
202 335.60 6.50696483e+000 -1.00000000e+000 
203 336.40 9.42285131e+000 -1.00000000e+000 
204 337.21 1.41014519e+001 -1.00000000e+000 
205 338.02 2.08135832e+001 -1.00000000e+000 
206 338.83 2.88737106e+001 -1.00000000e+000 
207 339.64 3.79069780e+001 -1.00000000e+000 
208 340.45 4.59188813e+001 -1.00000000e+000 
209 341.26 5.29838886e+001 -1.00000000e+000 
210 342.07 6.11304171e+001 -1.00000000e+000 
211 342.87 6.78363093e+001 -1.00000000e+000 
212 343.68 6.95853271e+001 -1.00000000e+000 
213 344.49 7.27013755e+001 -1.00000000e+000 
214 345.30 8.10133917e+001 -1.00000000e+000 
215 346.11 8.85143702e+001 -1.00000000e+000 
216 346.92 9.34085538e+001 -1.00000000e+000 
217 347.73 9.67624500e+001 -1.00000000e+000 
218 348.53 1.00184379e+002 -1.00000000e+000 
219 349.34 1.06401905e+002 -1.00000000e+000 
220 350.15 1.16394113e+002 -1.00000000e+000 
221 350.96 1.22543833e+002 -1.00000000e+000 
222 351.77 1.22529606e+002 -1.00000000e+000 
223 352.58 1.25202650e+002 -1.00000000e+000 
224 353.39 1.36409575e+002 -1.00000000e+000 
225 354.19 1.49464090e+002 -1.00000000e+000 
226 355.00 1.54423992e+002 -1.00000000e+000 
227 355.81 1.50586518e+002 -1.00000000e+000 
228 356.62 1.41200320e+002 -1.00000000e+000 
229 357.43 1.32623634e+002 -1.00000000e+000 
230 358.24 1.32093154e+002 -1.00000000e+000 
231 359.04 1.48834419e+002 -1.00000000e+000 
232 359.85 1.69690176e+002 -1.00000000e+000 
233 360.66 1.71560822e+002 -1.00000000e+000 
234 361.47 1.69754367e+002 -1.00000000e+000 
235 362.28 1.78924804e+002 -1.00000000e+000 
236 363.08 1.88918279e+002 -1.00000000e+000 
237 363.89 1.95180549e+002 -1.00000000e+000 
238 364.70 2.05449006e+002 -1.00000000e+000 
239 365.51 2.23623236e+002 -1.00000000e+000 
240 366.32 2.38166068e+002 -1.00000000e+000 
241 367.12 2.39628812e+002 -1.00000000e+000 
242 367.93 2.36552863e+002 -1.00000000e+000 
243 368.74 2.40810706e+002 -1.00000000e+000 
244 369.55 2.50439625e+002 -1.00000000e+000 
245 370.36 2.52710236e+002 -1.00000000e+000 
246 371.16 2.49868537e+002 -1.00000000e+000 
247 371.97 2.43053195e+002 -1.00000000e+000 
248 372.78 2.30198423e+002 -1.00000000e+000 
249 373.59 2.18993211e+002 -1.00000000e+000 
250 374.39 2.20263146e+002 -1.00000000e+000 
251 375.20 2.36660011e+002 -1.00000000e+000 
252 376.01 2.58514636e+002 -1.00000000e+000 
253 376.82 2.82593382e+002 -1.00000000e+000 
254 377.63 3.07191672e+002 -1.00000000e+000 
255 378.43 3.12832908e+002 -1.00000000e+000 
256 379.24 2.99591786e+002 -1.00000000e+000 
257 380.05 2.94004806e+002 -1.00000000e+000 
258 380.86 2.90661264e+002 -1.00000000e+000 
259 381.66 2.64518838e+002 -1.00000000e+000 
260 382.47 2.27834711e+002 -1.00000000e+000 
261 383.28 2.13776208e+002 -1.00000000e+000 
262 384.08 2.32724156e+002 -1.00000000e+000 
263 384.89 2.60991617e+002 -1.00000000e+000 
264 385.70 2.73845093e+002 -1.00000000e+000 
265 386.51 2.76742810e+002 -1.00000000e+000 
266 387.31 2.79250741e+002 -1.00000000e+000 
267 388.12 2.86003582e+002 -1.00000000e+000 
268 388.93 3.04753616e+002 -1.00000000e+000 
269 389.74 3.32502752e+002 -1.00000000e+000 
270 390.54 3.53726790e+002 -1.00000000e+000 
271 391.35 3.51282074e+002 -1.00000000e+000 
272 392.16 3.11861948e+002 -1.00000000e+000 
273 392.96 2.59893581e+002 -1.00000000e+000 
274 393.77 2.52680302e+002 -1.00000000e+000 
275 394.58 2.95758481e+002 -1.00000000e+000 
276 395.38 3.23799302e+002 -1.00000000e+000 
277 396.19 3.06411675e+002 -1.00000000e+000 
278 397.00 3.00224875e+002 -1.00000000e+000 
279 397.81 3.52432086e+002 -1.00000000e+000 
280 398.61 4.27787351e+002 -1.00000000e+000 
281 399.42 4.77036548e+002 -1.00000000e+000 
282 400.23 5.01523791e+002 -1.00000000e+000 
283 401.03 5.17749326e+002 -1.00000000e+000 
284 401.84 5.28910866e+002 -1.00000000e+000 
285 402.65 5.31140013e+002 -1.00000000e+000 
286 403.45 5.26860650e+002 -1.00000000e+000 
287 404.26 5.22669227e+002 -1.00000000e+000 
288 405.07 5.18571541e+002 -1.00000000e+000 
289 405.87 5.15062096e+002 -1.00000000e+000 
290 406.68 5.16859180e+002 -1.00000000e+000 
291 407.49 5.28751249e+002 -1.00000000e+000 
292 408.29 5.44989142e+002 -1.00000000e+000 
293 409.10 5.50339434e+002 -1.00000000e+000 
294 409.90 5.47385994e+002 -1.00000000e+000 
295 410.71 5.54997611e+002 -1.00000000e+000 
296 411.52 5.75499885e+002 -1.00000000e+000 
297 412.32 5.90831669e+002 -1.00000000e+000 
298 413.13 5.94511045e+002 -1.00000000e+000 
299 413.94 5.95795160e+002 -1.00000000e+000 
300 414.74 5.99404727e+002 -1.00000000e+000 
301 415.55 6.04098490e+002 -1.00000000e+000 
302 416.35 6.05850499e+002 -1.00000000e+000 
303 417.16 6.01719235e+002 -1.00000000e+000 
304 417.97 5.95465463e+002 -1.00000000e+000 
305 418.77 5.94395582e+002 -1.00000000e+000 
306 419.58 6.00092507e+002 -1.00000000e+000 
307 420.38 6.10331826e+002 -1.00000000e+000 
308 421.19 6.17055438e+002 -1.00000000e+000 
309 422.00 6.14588555e+002 -1.00000000e+000 
310 422.80 6.07875673e+002 -1.00000000e+000 
311 423.61 6.07275117e+002 -1.00000000e+000 
312 424.41 6.12388825e+002 -1.00000000e+000 
313 425.22 6.15285798e+002 -1.00000000e+000 
314 426.03 6.13047903e+002 -1.00000000e+000 
315 426.83 6.08908908e+002 -1.00000000e+000 
316 427.64 6.02486237e+002 -1.00000000e+000 
317 428.44 5.86988636e+002 -1.00000000e+000 
318 429.25 5.59504966e+002 -1.00000000e+000 
319 430.05 5.37395838e+002 -1.00000000e+000 
320 430.86 5.49300693e+002 -1.00000000e+000 
321 431.66 5.94253718e+002 -1.00000000e+000 
322 432.47 6.40953132e+002 -1.00000000e+000 
323 433.28 6.63171778e+002 -1.00000000e+000 
324 434.08 6.74083142e+002 -1.00000000e+000 
325 434.89 6.93514468e+002 -1.00000000e+000 
326 435.69 7.19520289e+002 -1.00000000e+000 
327 436.50 7.33887908e+002 -1.00000000e+000 
328 437.30 7.28364189e+002 -1.00000000e+000 
329 438.11 7.16639474e+002 -1.00000000e+000 
330 438.91 7.15890732e+002 -1.00000000e+000 
331 439.72 7.30706239e+002 -1.00000000e+000 
332 440.52 7.56462009e+002 -1.00000000e+000 
333 441.33 7.82162295e+002 -1.00000000e+000 
334 442.13 8.04022196e+002 -1.00000000e+000 
335 442.94 8.18799389e+002 -1.00000000e+000 
336 443.74 8.24889458e+002 -1.00000000e+000 
337 444.55 8.23609909e+002 -1.00000000e+000 
338 445.35 8.20713427e+002 -1.00000000e+000 
339 446.16 8.25419037e+002 -1.00000000e+000 
340 446.96 8.39447417e+002 -1.00000000e+000 
341 447.77 8.58836106e+002 -1.00000000e+000 
342 448.57 8.75791535e+002 -1.00000000e+000 
343 449.38 8.90990280e+002 -1.00000000e+000 
344 450.18 9.04871959e+002 -1.00000000e+000 
345 450.99 9.10204385e+002 -1.00000000e+000 
346 451.79 9.00428278e+002 -1.00000000e+000 
347 452.60 8.84073146e+002 -1.00000000e+000 
348 453.40 8.74614640e+002 -1.00000000e+000 
349 454.20 8.76515114e+002 -1.00000000e+000 
350 455.01 8.87891894e+002 -1.00000000e+000 
351 455.81 9.00194999e+002 -1.00000000e+000 
352 456.62 9.08922953e+002 -1.00000000e+000 
353 457.42 9.11829781e+002 -1.00000000e+000 
354 458.23 9.09270144e+002 -1.00000000e+000 
355 459.03 9.07255892e+002 -1.00000000e+000 
356 459.83 9.11334072e+002 -1.00000000e+000 
357 460.64 9.20795034e+002 -1.00000000e+000 
358 461.44 9.31056076e+002 -1.00000000e+000 
359 462.25 9.36752053e+002 -1.00000000e+000 
360 463.05 9.34745396e+002 -1.00000000e+000 
361 463.86 9.28053330e+002 -1.00000000e+000 
362 464.66 9.21272701e+002 -1.00000000e+000 
363 465.46 9.15791038e+002 -1.00000000e+000 
364 466.27 9.13573133e+002 -1.00000000e+000 
365 467.07 9.14877457e+002 -1.00000000e+000 
366 467.87 9.17704259e+002 -1.00000000e+000 
367 468.68 9.20157536e+002 -1.00000000e+000 
368 469.48 9.20778388e+002 -1.00000000e+000 
369 470.29 9.23056670e+002 -1.00000000e+000 
370 471.09 9.30944765e+002 -1.00000000e+000 
371 471.89 9.41952212e+002 -1.00000000e+000 
372 472.70 9.53509086e+002 -1.00000000e+000 
373 473.50 9.62036601e+002 -1.00000000e+000 
374 474.30 9.66261012e+002 -1.00000000e+000 
375 475.11 9.69054128e+002 -1.00000000e+000 
376 475.91 9.72912003e+002 -1.00000000e+000 
377 476.71 9.78463126e+002 -1.00000000e+000 
378 477.52 9.86587955e+002 -1.00000000e+000 
379 478.32 9.95094536e+002 -1.00000000e+000 
380 479.12 1.00116706e+003 -1.00000000e+000 
381 479.93 1.00473680e+003 -1.00000000e+000 
382 480.73 1.00820078e+003 -1.00000000e+000 
383 481.53 1.00917194e+003 -1.00000000e+000 
384 482.34 1.00640059e+003 -1.00000000e+000 
385 483.14 9.98077527e+002 -1.00000000e+000 
386 483.94 9.79300774e+002 -1.00000000e+000 
387 484.75 9.47666420e+002 -1.00000000e+000 
388 485.55 9.15295941e+002 -1.00000000e+000 
389 486.35 8.98967539e+002 -1.00000000e+000 
390 487.16 9.03704712e+002 -1.00000000e+000 
391 487.96 9.27441758e+002 -1.00000000e+000 
392 488.76 9.57101882e+002 -1.00000000e+000 
393 489.56 9.76254924e+002 -1.00000000e+000 
394 490.37 9.82007127e+002 -1.00000000e+000 
395 491.17 9.80479197e+002 -1.00000000e+000 
396 491.97 9.76985297e+002 -1.00000000e+000 
397 492.77 9.78166043e+002 -1.00000000e+000 
398 493.58 9.87437861e+002 -1.00000000e+000 
399 494.38 9.98285767e+002 -1.00000000e+000 
400 495.18 1.00528575e+003 -1.00000000e+000 
401 495.98 1.00801348e+003 -1.00000000e+000 
402 496.79 1.00395644e+003 -1.00000000e+000 
403 497.59 9.97505906e+002 -1.00000000e+000 
404 498.39 9.90712365e+002 -1.00000000e+000 
405 499.19 9.81094812e+002 -1.00000000e+000 
406 500.00 9.71144552e+002 -1.00000000e+000 
407 500.80 9.64462437e+002 -1.00000000e+000 
408 501.60 9.61875988e+002 -1.00000000e+000 
409 502.40 9.64550563e+002 -1.00000000e+000 
410 503.20 9.71415055e+002 -1.00000000e+000 
411 504.01 9.81511670e+002 -1.00000000e+000 
412 504.81 9.91746715e+002 -1.00000000e+000 
413 505.61 9.98010135e+002 -1.00000000e+000 
414 506.41 9.99205991e+002 -1.00000000e+000 
415 507.21 9.96383853e+002 -1.00000000e+000 
416 508.02 9.92142102e+002 -1.00000000e+000 
417 508.82 9.89462704e+002 -1.00000000e+000 
418 509.62 9.90168201e+002 -1.00000000e+000 
419 510.42 9.91839320e+002 -1.00000000e+000 
420 511.22 9.89215049e+002 -1.00000000e+000 
421 512.02 9.82182780e+002 -1.00000000e+000 
422 512.83 9.72410883e+002 -1.00000000e+000 
423 513.63 9.61854942e+002 -1.00000000e+000 
424 514.43 9.50536352e+002 -1.00000000e+000 
425 515.23 9.33180471e+002 -1.00000000e+000 
426 516.03 9.10084955e+002 -1.00000000e+000 
427 516.83 8.89310337e+002 -1.00000000e+000 
428 517.63 8.77954826e+002 -1.00000000e+000 
429 518.44 8.83012466e+002 -1.00000000e+000 
430 519.24 9.02127883e+002 -1.00000000e+000 
431 520.04 9.22592046e+002 -1.00000000e+000 
432 520.84 9.37388733e+002 -1.00000000e+000 
433 521.64 9.44237512e+002 -1.00000000e+000 
434 522.44 9.48799074e+002 -1.00000000e+000 
435 523.24 9.54872958e+002 -1.00000000e+000 
436 524.04 9.58704356e+002 -1.00000000e+000 
437 524.84 9.55122374e+002 -1.00000000e+000 
438 525.64 9.43087286e+002 -1.00000000e+000 
439 526.45 9.30782339e+002 -1.00000000e+000 
440 527.25 9.29041688e+002 -1.00000000e+000 
441 528.05 9.39001096e+002 -1.00000000e+000 
442 528.85 9.57186818e+002 -1.00000000e+000 
443 529.65 9.74323549e+002 -1.00000000e+000 
444 530.45 9.80843762e+002 -1.00000000e+000 
445 531.25 9.76378856e+002 -1.00000000e+000 
446 532.05 9.67965780e+002 -1.00000000e+000 
447 532.85 9.60407645e+002 -1.00000000e+000 
448 533.65 9.58696065e+002 -1.00000000e+000 
449 534.45 9.63142428e+002 -1.00000000e+000 
450 535.25 9.68010774e+002 -1.00000000e+000 
451 536.05 9.68752415e+002 -1.00000000e+000 
452 536.85 9.66077891e+002 -1.00000000e+000 
453 537.65 9.60249646e+002 -1.00000000e+000 
454 538.45 9.51862904e+002 -1.00000000e+000 
455 539.25 9.43217716e+002 -1.00000000e+000 
456 540.05 9.36565310e+002 -1.00000000e+000 
457 540.85 9.33460021e+002 -1.00000000e+000 
458 541.65 9.35070919e+002 -1.00000000e+000 
459 542.45 9.41135853e+002 -1.00000000e+000 
460 543.25 9.47379670e+002 -1.00000000e+000 
461 544.05 9.51445745e+002 -1.00000000e+000 
462 544.85 9.53378506e+002 -1.00000000e+000 
463 545.65 9.51757852e+002 -1.00000000e+000 
464 546.45 9.46986918e+002 -1.00000000e+000 
465 547.25 9.41902784e+002 -1.00000000e+000 
466 548.05 9.38344096e+002 -1.00000000e+000 
467 548.85 9.37099224e+002 -1.00000000e+000 
468 549.65 9.37438441e+002 -1.00000000e+000 
469 550.45 9.37229387e+002 -1.00000000e+000 
470 551.25 9.36362758e+002 -1.00000000e+000 
471 552.05 9.36071142e+002 -1.00000000e+000 
472 552.84 9.36421522e+002 -1.00000000e+000 
473 553.64 9.38755348e+002 -1.00000000e+000 
474 554.44 9.39512576e+002 -1.00000000e+000 
475 555.24 9.36585427e+002 -1.00000000e+000 
476 556.04 9.32055620e+002 -1.00000000e+000 
477 556.84 9.25796527e+002 -1.00000000e+000 
478 557.64 9.16435838e+002 -1.00000000e+000 
479 558.44 9.09335733e+002 -1.00000000e+000 
480 559.24 9.08862719e+002 -1.00000000e+000 
481 560.04 9.09376280e+002 -1.00000000e+000 
482 560.83 9.12717885e+002 -1.00000000e+000 
483 561.63 9.20811973e+002 -1.00000000e+000 
484 562.43 9.26115787e+002 -1.00000000e+000 
485 563.23 9.27518384e+002 -1.00000000e+000 
486 564.03 9.27531949e+002 -1.00000000e+000 
487 564.83 9.26357701e+002 -1.00000000e+000 
488 565.63 9.23801058e+002 -1.00000000e+000 
489 566.42 9.21658406e+002 -1.00000000e+000 
490 567.22 9.23918512e+002 -1.00000000e+000 
491 568.02 9.26593222e+002 -1.00000000e+000 
492 568.82 9.26413677e+002 -1.00000000e+000 
493 569.62 9.23465320e+002 -1.00000000e+000 
494 570.42 9.20180823e+002 -1.00000000e+000 
495 571.21 9.24252679e+002 -1.00000000e+000 
496 572.01 9.34558835e+002 -1.00000000e+000 
497 572.81 9.44939425e+002 -1.00000000e+000 
498 573.61 9.51386707e+002 -1.00000000e+000 
499 574.41 9.49602018e+002 -1.00000000e+000 
500 575.20 9.45191352e+002 -1.00000000e+000 
501 576.00 9.41146179e+002 -1.00000000e+000 
502 576.80 9.36133278e+002 -1.00000000e+000 
503 577.60 9.32750310e+002 -1.00000000e+000 
504 578.39 9.31401858e+002 -1.00000000e+000 
505 579.19 9.31332853e+002 -1.00000000e+000 
506 579.99 9.33813247e+002 -1.00000000e+000 
507 580.79 9.38216741e+002 -1.00000000e+000 
508 581.58 9.42526841e+002 -1.00000000e+000 
509 582.38 9.45420518e+002 -1.00000000e+000 
510 583.18 9.46417017e+002 -1.00000000e+000 
511 583.98 9.43501961e+002 -1.00000000e+000 
512 584.77 9.38108818e+002 -1.00000000e+000 
513 585.57 9.33159471e+002 -1.00000000e+000 
514 586.37 9.28659775e+002 -1.00000000e+000 
515 587.16 9.20643953e+002 -1.00000000e+000 
516 587.96 9.07890198e+002 -1.00000000e+000 
517 588.76 8.95633747e+002 -1.00000000e+000 
518 589.55 8.89448330e+002 -1.00000000e+000 
519 590.35 8.91692136e+002 -1.00000000e+000 
520 591.15 9.00999948e+002 -1.00000000e+000 
521 591.95 9.09517049e+002 -1.00000000e+000 
522 592.74 9.11932038e+002 -1.00000000e+000 
523 593.54 9.10151952e+002 -1.00000000e+000 
524 594.33 9.07109091e+002 -1.00000000e+000 
525 595.13 9.04094082e+002 -1.00000000e+000 
526 595.93 9.01469515e+002 -1.00000000e+000 
527 596.72 8.97554590e+002 -1.00000000e+000 
528 597.52 8.93360992e+002 -1.00000000e+000 
529 598.32 8.88388503e+002 -1.00000000e+000 
530 599.11 8.82686663e+002 -1.00000000e+000 
531 599.91 8.77077959e+002 -1.00000000e+000 
532 600.71 8.72189111e+002 -1.00000000e+000 
533 601.50 8.68845607e+002 -1.00000000e+000 
534 602.30 8.69215472e+002 -1.00000000e+000 
535 603.09 8.72381782e+002 -1.00000000e+000 
536 603.89 8.76350738e+002 -1.00000000e+000 
537 604.69 8.78392407e+002 -1.00000000e+000 
538 605.48 8.77793194e+002 -1.00000000e+000 
539 606.28 8.75751195e+002 -1.00000000e+000 
540 607.07 8.72753794e+002 -1.00000000e+000 
541 607.87 8.69135549e+002 -1.00000000e+000 
542 608.66 8.64968358e+002 -1.00000000e+000 
543 609.46 8.61221528e+002 -1.00000000e+000 
544 610.25 8.59010280e+002 -1.00000000e+000 
545 611.05 8.57949385e+002 -1.00000000e+000 
546 611.85 8.55817317e+002 -1.00000000e+000 
547 612.64 8.53469483e+002 -1.00000000e+000 
548 613.44 8.50900435e+002 -1.00000000e+000 
549 614.23 8.47677157e+002 -1.00000000e+000 
550 615.03 8.43212407e+002 -1.00000000e+000 
551 615.82 8.39668848e+002 -1.00000000e+000 
552 616.62 8.39384705e+002 -1.00000000e+000 
553 617.41 8.42082089e+002 -1.00000000e+000 
554 618.21 8.47912957e+002 -1.00000000e+000 
555 619.00 8.54205318e+002 -1.00000000e+000 
556 619.80 8.57250698e+002 -1.00000000e+000 
557 620.59 8.56796428e+002 -1.00000000e+000 
558 621.39 8.54108960e+002 -1.00000000e+000 
559 622.18 8.48895609e+002 -1.00000000e+000 
560 622.97 8.42502060e+002 -1.00000000e+000 
561 623.77 8.36473527e+002 -1.00000000e+000 
562 624.56 8.31750748e+002 -1.00000000e+000 
563 625.36 8.30592419e+002 -1.00000000e+000 
564 626.15 8.30617177e+002 -1.00000000e+000 
565 626.95 8.31952610e+002 -1.00000000e+000 
566 627.74 8.32073872e+002 -1.00000000e+000 
567 628.53 8.29856307e+002 -1.00000000e+000 
568 629.33 8.26139739e+002 -1.00000000e+000 
569 630.12 8.22397131e+002 -1.00000000e+000 
570 630.92 8.18817728e+002 -1.00000000e+000 
571 631.71 8.17390596e+002 -1.00000000e+000 
572 632.50 8.16650144e+002 -1.00000000e+000 
573 633.30 8.16649934e+002 -1.00000000e+000 
574 634.09 8.16588274e+002 -1.00000000e+000 
575 634.89 8.15238252e+002 -1.00000000e+000 
576 635.68 8.14446136e+002 -1.00000000e+000 
577 636.47 8.14813419e+002 -1.00000000e+000 
578 637.27 8.15661199e+002 -1.00000000e+000 
579 638.06 8.14938696e+002 -1.00000000e+000 
580 638.85 8.10832016e+002 -1.00000000e+000 
581 639.65 8.04980359e+002 -1.00000000e+000 
582 640.44 7.98984991e+002 -1.00000000e+000 
583 641.23 7.95095161e+002 -1.00000000e+000 
584 642.03 7.93918088e+002 -1.00000000e+000 
585 642.82 7.94151422e+002 -1.00000000e+000 
586 643.61 7.93347060e+002 -1.00000000e+000 
587 644.41 7.91270326e+002 -1.00000000e+000 
588 645.20 7.87758532e+002 -1.00000000e+000 
589 645.99 7.85173264e+002 -1.00000000e+000 
590 646.78 7.83172970e+002 -1.00000000e+000 
591 647.58 7.80313855e+002 -1.00000000e+000 
592 648.37 7.74767008e+002 -1.00000000e+000 
593 649.16 7.68475851e+002 -1.00000000e+000 
594 649.96 7.65079081e+002 -1.00000000e+000 
595 650.75 7.65465068e+002 -1.00000000e+000 
596 651.54 7.66925956e+002 -1.00000000e+000 
597 652.33 7.65107107e+002 -1.00000000e+000 
598 653.12 7.59647168e+002 -1.00000000e+000 
599 653.92 7.47667522e+002 -1.00000000e+000 
600 654.71 7.24181776e+002 -1.00000000e+000 
601 655.50 6.94773161e+002 -1.00000000e+000 
602 656.29 6.76882872e+002 -1.00000000e+000 
603 657.09 6.80056663e+002 -1.00000000e+000 
604 657.88 6.99248805e+002 -1.00000000e+000 
605 658.67 7.17057917e+002 -1.00000000e+000 
606 659.46 7.24389831e+002 -1.00000000e+000 
607 660.25 7.26471230e+002 -1.00000000e+000 
608 661.04 7.27411718e+002 -1.00000000e+000 
609 661.84 7.26663605e+002 -1.00000000e+000 
610 662.63 7.23451185e+002 -1.00000000e+000 
611 663.42 7.19465134e+002 -1.00000000e+000 
612 664.21 7.17073584e+002 -1.00000000e+000 
613 665.00 7.15496871e+002 -1.00000000e+000 
614 665.79 7.13436566e+002 -1.00000000e+000 
615 666.59 7.10409320e+002 -1.00000000e+000 
616 667.38 7.07907282e+002 -1.00000000e+000 
617 668.17 7.06886611e+002 -1.00000000e+000 
618 668.96 7.05515334e+002 -1.00000000e+000 
619 669.75 7.02588767e+002 -1.00000000e+000 
620 670.54 6.98060409e+002 -1.00000000e+000 
621 671.33 6.93925770e+002 -1.00000000e+000 
622 672.12 6.91884024e+002 -1.00000000e+000 
623 672.91 6.92137704e+002 -1.00000000e+000 
624 673.70 6.92674643e+002 -1.00000000e+000 
625 674.49 6.92337434e+002 -1.00000000e+000 
626 675.29 6.91502265e+002 -1.00000000e+000 
627 676.08 6.91126430e+002 -1.00000000e+000 
628 676.87 6.91482524e+002 -1.00000000e+000 
629 677.66 6.91310354e+002 -1.00000000e+000 
630 678.45 6.90552644e+002 -1.00000000e+000 
631 679.24 6.90111245e+002 -1.00000000e+000 
632 680.03 6.89679421e+002 -1.00000000e+000 
633 680.82 6.89541209e+002 -1.00000000e+000 
634 681.61 6.89158851e+002 -1.00000000e+000 
635 682.40 6.87864781e+002 -1.00000000e+000 
636 683.19 6.84545530e+002 -1.00000000e+000 
637 683.98 6.80328781e+002 -1.00000000e+000 
638 684.77 6.74867520e+002 -1.00000000e+000 
639 685.56 6.62880863e+002 -1.00000000e+000 
640 686.35 6.42101665e+002 -1.00000000e+000 
641 687.14 6.23859977e+002 -1.00000000e+000 
642 687.93 6.19932061e+002 -1.00000000e+000 
643 688.72 6.27272770e+002 -1.00000000e+000 
644 689.50 6.34850583e+002 -1.00000000e+000 
645 690.29 6.40974929e+002 -1.00000000e+000 
646 691.08 6.47134907e+002 -1.00000000e+000 
647 691.87 6.53455839e+002 -1.00000000e+000 
648 692.66 6.59088842e+002 -1.00000000e+000 
649 693.45 6.62684633e+002 -1.00000000e+000 
650 694.24 6.63817300e+002 -1.00000000e+000 
651 695.03 6.62721904e+002 -1.00000000e+000 
652 695.82 6.60838483e+002 -1.00000000e+000 
653 696.61 6.56850955e+002 -1.00000000e+000 
654 697.40 6.51285393e+002 -1.00000000e+000 
655 698.18 6.47204157e+002 -1.00000000e+000 
656 698.97 6.44620614e+002 -1.00000000e+000 
657 699.76 6.40482040e+002 -1.00000000e+000 
658 700.55 6.33987982e+002 -1.00000000e+000 
659 701.34 6.28145285e+002 -1.00000000e+000 
660 702.13 6.24567970e+002 -1.00000000e+000 
661 702.92 6.23249562e+002 -1.00000000e+000 
662 703.70 6.23473231e+002 -1.00000000e+000 
663 704.49 6.23727033e+002 -1.00000000e+000 
664 705.28 6.21356271e+002 -1.00000000e+000 
665 706.07 6.17646276e+002 -1.00000000e+000 
666 706.86 6.14213664e+002 -1.00000000e+000 
667 707.64 6.11224431e+002 -1.00000000e+000 
668 708.43 6.07186379e+002 -1.00000000e+000 
669 709.22 6.03515283e+002 -1.00000000e+000 
670 710.01 6.01248350e+002 -1.00000000e+000 
671 710.79 5.98066806e+002 -1.00000000e+000 
672 711.58 5.93087718e+002 -1.00000000e+000 
673 712.37 5.88799704e+002 -1.00000000e+000 
674 713.16 5.86383881e+002 -1.00000000e+000 
675 713.94 5.84454968e+002 -1.00000000e+000 
676 714.73 5.81823217e+002 -1.00000000e+000 
677 715.52 5.78521205e+002 -1.00000000e+000 
678 716.31 5.75497859e+002 -1.00000000e+000 
679 717.09 5.72289302e+002 -1.00000000e+000 
680 717.88 5.66542532e+002 -1.00000000e+000 
681 718.67 5.60033182e+002 -1.00000000e+000 
682 719.45 5.56540023e+002 -1.00000000e+000 
683 720.24 5.55836757e+002 -1.00000000e+000 
684 721.03 5.56314232e+002 -1.00000000e+000 
685 721.81 5.57145140e+002 -1.00000000e+000 
686 722.60 5.57427401e+002 -1.00000000e+000 
687 723.39 5.57937956e+002 -1.00000000e+000 
688 724.17 5.57962026e+002 -1.00000000e+000 
689 724.96 5.57324143e+002 -1.00000000e+000 
690 725.75 5.56186353e+002 -1.00000000e+000 
691 726.53 5.55199034e+002 -1.00000000e+000 
692 727.32 5.52834005e+002 -1.00000000e+000 
693 728.11 5.47887000e+002 -1.00000000e+000 
694 728.89 5.43800801e+002 -1.00000000e+000 
695 729.68 5.44665050e+002 -1.00000000e+000 
696 730.46 5.46650979e+002 -1.00000000e+000 
697 731.25 5.46924280e+002 -1.00000000e+000 
698 732.04 5.46811770e+002 -1.00000000e+000 
699 732.82 5.46615868e+002 -1.00000000e+000 
700 733.61 5.47648010e+002 -1.00000000e+000 
701 734.39 5.46709421e+002 -1.00000000e+000 
702 735.18 5.43184447e+002 -1.00000000e+000 
703 735.96 5.40271766e+002 -1.00000000e+000 
704 736.75 5.39204671e+002 -1.00000000e+000 
705 737.53 5.37144826e+002 -1.00000000e+000 
706 738.32 5.32433712e+002 -1.00000000e+000 
707 739.10 5.29379804e+002 -1.00000000e+000 
708 739.89 5.28403535e+002 -1.00000000e+000 
709 740.67 5.25171919e+002 -1.00000000e+000 
710 741.46 5.22726007e+002 -1.00000000e+000 
711 742.24 5.24749380e+002 -1.00000000e+000 
712 743.03 5.27508800e+002 -1.00000000e+000 
713 743.81 5.26422735e+002 -1.00000000e+000 
714 744.60 5.23723008e+002 -1.00000000e+000 
715 745.38 5.23518915e+002 -1.00000000e+000 
716 746.17 5.22863343e+002 -1.00000000e+000 
717 746.95 5.21376934e+002 -1.00000000e+000 
718 747.74 5.18702635e+002 -1.00000000e+000 
719 748.52 5.14617567e+002 -1.00000000e+000 
720 749.30 5.10681732e+002 -1.00000000e+000 
721 750.09 5.07700497e+002 -1.00000000e+000 
722 750.87 5.04476617e+002 -1.00000000e+000 
723 751.66 5.01884507e+002 -1.00000000e+000 
724 752.44 5.00294449e+002 -1.00000000e+000 
725 753.22 5.00214354e+002 -1.00000000e+000 
726 754.01 4.99576714e+002 -1.00000000e+000 
727 754.79 4.95208470e+002 -1.00000000e+000 
728 755.58 4.90410182e+002 -1.00000000e+000 
729 756.36 4.87131952e+002 -1.00000000e+000 
730 757.14 4.83959813e+002 -1.00000000e+000 
731 757.93 4.73523004e+002 -1.00000000e+000 
732 758.71 4.34379041e+002 -1.00000000e+000 
733 759.49 3.53286532e+002 -1.00000000e+000 
734 760.28 2.88124475e+002 -1.00000000e+000 
735 761.06 2.93209467e+002 -1.00000000e+000 
736 761.84 3.24826854e+002 -1.00000000e+000 
737 762.63 3.36744352e+002 -1.00000000e+000 
738 763.41 3.43038852e+002 -1.00000000e+000 
739 764.19 3.59398130e+002 -1.00000000e+000 
740 764.97 3.79406901e+002 -1.00000000e+000 
741 765.76 3.96194418e+002 -1.00000000e+000 
742 766.54 4.12487215e+002 -1.00000000e+000 
743 767.32 4.27850689e+002 -1.00000000e+000 
744 768.10 4.36538491e+002 -1.00000000e+000 
745 768.89 4.38996020e+002 -1.00000000e+000 
746 769.67 4.39025473e+002 -1.00000000e+000 
747 770.45 4.37789049e+002 -1.00000000e+000 
748 771.23 4.35222175e+002 -1.00000000e+000 
749 772.02 4.34187970e+002 -1.00000000e+000 
750 772.80 4.34710003e+002 -1.00000000e+000 
751 773.58 4.33226004e+002 -1.00000000e+000 
752 774.36 4.28960960e+002 -1.00000000e+000 
753 775.14 4.27277924e+002 -1.00000000e+000 
754 775.92 4.28025655e+002 -1.00000000e+000 
755 776.71 4.26334545e+002 -1.00000000e+000 
756 777.49 4.23513287e+002 -1.00000000e+000 
757 778.27 4.22151986e+002 -1.00000000e+000 
758 779.05 4.20097003e+002 -1.00000000e+000 
759 779.83 4.17608724e+002 -1.00000000e+000 
760 780.61 4.16827605e+002 -1.00000000e+000 
761 781.39 4.17964233e+002 -1.00000000e+000 
762 782.18 4.17033539e+002 -1.00000000e+000 
763 782.96 4.12693266e+002 -1.00000000e+000 
764 783.74 4.10700447e+002 -1.00000000e+000 
765 784.52 4.10653393e+002 -1.00000000e+000 
766 785.30 4.10785774e+002 -1.00000000e+000 
767 786.08 4.10856135e+002 -1.00000000e+000 
768 786.86 4.09472465e+002 -1.00000000e+000 
769 787.64 4.06692445e+002 -1.00000000e+000 
770 788.42 4.04747614e+002 -1.00000000e+000 
771 789.20 4.04058803e+002 -1.00000000e+000 
772 789.98 4.02872065e+002 -1.00000000e+000 
773 790.76 3.99946881e+002 -1.00000000e+000 
774 791.54 3.95441997e+002 -1.00000000e+000 
775 792.32 3.90934415e+002 -1.00000000e+000 
776 793.10 3.87338297e+002 -1.00000000e+000 
777 793.88 3.85760378e+002 -1.00000000e+000 
778 794.66 3.87202337e+002 -1.00000000e+000 
779 795.44 3.89016806e+002 -1.00000000e+000 
780 796.22 3.89276700e+002 -1.00000000e+000 
781 797.00 3.90086674e+002 -1.00000000e+000 
782 797.78 3.90041507e+002 -1.00000000e+000 
783 798.56 3.87571385e+002 -1.00000000e+000 
784 799.34 3.84271925e+002 -1.00000000e+000 
785 800.12 3.81325259e+002 -1.00000000e+000 
786 800.90 3.79617346e+002 -1.00000000e+000 
787 801.68 3.79272221e+002 -1.00000000e+000 
788 802.46 3.78811955e+002 -1.00000000e+000 
789 803.24 3.77440652e+002 -1.00000000e+000 
790 804.01 3.73760681e+002 -1.00000000e+000 
791 804.79 3.69675232e+002 -1.00000000e+000 
792 805.57 3.68744583e+002 -1.00000000e+000 
793 806.35 3.70145158e+002 -1.00000000e+000 
794 807.13 3.70371123e+002 -1.00000000e+000 
795 807.91 3.66472909e+002 -1.00000000e+000 
796 808.69 3.60555540e+002 -1.00000000e+000 
797 809.47 3.57428037e+002 -1.00000000e+000 
798 810.24 3.59196324e+002 -1.00000000e+000 
799 811.02 3.61960132e+002 -1.00000000e+000 
800 811.80 3.61721483e+002 -1.00000000e+000 
801 812.58 3.58849823e+002 -1.00000000e+000 
802 813.36 3.54958881e+002 -1.00000000e+000 
803 814.13 3.51456812e+002 -1.00000000e+000 
804 814.91 3.50825652e+002 -1.00000000e+000 
805 815.69 3.51193948e+002 -1.00000000e+000 
806 816.47 3.50239978e+002 -1.00000000e+000 
807 817.24 3.45967114e+002 -1.00000000e+000 
808 818.02 3.39634788e+002 -1.00000000e+000 
809 818.80 3.34648433e+002 -1.00000000e+000 
810 819.58 3.32286564e+002 -1.00000000e+000 
811 820.35 3.33261096e+002 -1.00000000e+000 
812 821.13 3.35307922e+002 -1.00000000e+000 
813 821.91 3.33774165e+002 -1.00000000e+000 
814 822.69 3.30135690e+002 -1.00000000e+000 
815 823.46 3.27733904e+002 -1.00000000e+000 
816 824.24 3.26972891e+002 -1.00000000e+000 
817 825.02 3.28823474e+002 -1.00000000e+000 
818 825.79 3.30456618e+002 -1.00000000e+000 
819 826.57 3.28439565e+002 -1.00000000e+000 
820 827.35 3.24581453e+002 -1.00000000e+000 
821 828.12 3.20899037e+002 -1.00000000e+000 
822 828.90 3.19290598e+002 -1.00000000e+000 
823 829.67 3.20142426e+002 -1.00000000e+000 
824 830.45 3.20795399e+002 -1.00000000e+000 
825 831.23 3.18350454e+002 -1.00000000e+000 
826 832.00 3.13279413e+002 -1.00000000e+000 
827 832.78 3.07126113e+002 -1.00000000e+000 
828 833.55 3.04473306e+002 -1.00000000e+000 
829 834.33 3.07071006e+002 -1.00000000e+000 
830 835.11 3.11233209e+002 -1.00000000e+000 
831 835.88 3.11901132e+002 -1.00000000e+000 
832 836.66 3.08878475e+002 -1.00000000e+000 
833 837.43 3.03690200e+002 -1.00000000e+000 
834 838.21 3.00710979e+002 -1.00000000e+000 
835 838.98 3.01406882e+002 -1.00000000e+000 
836 839.76 3.03766595e+002 -1.00000000e+000 
837 840.53 3.03553596e+002 -1.00000000e+000 
838 841.31 2.99864538e+002 -1.00000000e+000 
839 842.08 2.94352594e+002 -1.00000000e+000 
840 842.86 2.89865406e+002 -1.00000000e+000 
841 843.63 2.88931342e+002 -1.00000000e+000 
842 844.41 2.91075713e+002 -1.00000000e+000 
843 845.18 2.93188741e+002 -1.00000000e+000 
844 845.96 2.92956032e+002 -1.00000000e+000 
845 846.73 2.88914776e+002 -1.00000000e+000 
846 847.51 2.82453503e+002 -1.00000000e+000 
847 848.28 2.76374011e+002 -1.00000000e+000 
848 849.05 2.73746261e+002 -1.00000000e+000 
849 849.83 2.73502619e+002 -1.00000000e+000 
850 850.60 2.74140780e+002 -1.00000000e+000 
851 851.38 2.71358300e+002 -1.00000000e+000 
852 852.15 2.64218520e+002 -1.00000000e+000 
853 852.92 2.55630811e+002 -1.00000000e+000 
854 853.70 2.49754200e+002 -1.00000000e+000 
855 854.47 2.50913544e+002 -1.00000000e+000 
856 855.25 2.58054587e+002 -1.00000000e+000 
857 856.02 2.65483916e+002 -1.00000000e+000 
858 856.79 2.67846047e+002 -1.00000000e+000 
859 857.57 2.65738675e+002 -1.00000000e+000 
860 858.34 2.62481004e+002 -1.00000000e+000 
861 859.11 2.60279543e+002 -1.00000000e+000 
862 859.88 2.61049262e+002 -1.00000000e+000 
863 860.66 2.63189646e+002 -1.00000000e+000 
864 861.43 2.63407104e+002 -1.00000000e+000 
865 862.20 2.60948817e+002 -1.00000000e+000 
866 862.98 2.56140770e+002 -1.00000000e+000 
867 863.75 2.48942005e+002 -1.00000000e+000 
868 864.52 2.43145320e+002 -1.00000000e+000 
869 865.29 2.39131186e+002 -1.00000000e+000 
870 866.07 2.37606577e+002 -1.00000000e+000 
871 866.84 2.38257428e+002 -1.00000000e+000 
872 867.61 2.39393442e+002 -1.00000000e+000 
873 868.38 2.39243592e+002 -1.00000000e+000 
874 869.15 2.38473193e+002 -1.00000000e+000 
875 869.93 2.39043635e+002 -1.00000000e+000 
876 870.70 2.41332784e+002 -1.00000000e+000 
877 871.47 2.42567606e+002 -1.00000000e+000 
878 872.24 2.42348638e+002 -1.00000000e+000 
879 873.01 2.39684700e+002 -1.00000000e+000 
880 873.78 2.35245948e+002 -1.00000000e+000 
881 874.55 2.30774228e+002 -1.00000000e+000 
882 875.33 2.29085634e+002 -1.00000000e+000 
883 876.10 2.30342343e+002 -1.00000000e+000 
884 876.87 2.31968462e+002 -1.00000000e+000 
885 877.64 2.32349551e+002 -1.00000000e+000 
886 878.41 2.30112427e+002 -1.00000000e+000 
887 879.18 2.25811870e+002 -1.00000000e+000 
888 879.95 2.21619791e+002 -1.00000000e+000 
889 880.72 2.19786069e+002 -1.00000000e+000 
890 881.49 2.20708664e+002 -1.00000000e+000 
891 882.26 2.22392051e+002 -1.00000000e+000 
892 883.03 2.23956933e+002 -1.00000000e+000 
893 883.80 2.22428326e+002 -1.00000000e+000 
894 884.57 2.18659072e+002 -1.00000000e+000 
895 885.34 2.14606698e+002 -1.00000000e+000 
896 886.11 2.11495888e+002 -1.00000000e+000 
897 886.88 2.10514224e+002 -1.00000000e+000 
898 887.65 2.11473175e+002 -1.00000000e+000 
899 888.42 2.13217633e+002 -1.00000000e+000 
900 889.19 2.14001265e+002 -1.00000000e+000 
901 889.96 2.11687922e+002 -1.00000000e+000 
902 890.73 2.07665817e+002 -1.00000000e+000 
903 891.50 2.04174831e+002 -1.00000000e+000 
904 892.27 2.02037512e+002 -1.00000000e+000 
905 893.04 2.02534928e+002 -1.00000000e+000 
906 893.81 2.04252911e+002 -1.00000000e+000 
907 894.58 2.04882723e+002 -1.00000000e+000 
908 895.35 2.03163421e+002 -1.00000000e+000 
909 896.12 1.99774767e+002 -1.00000000e+000 
910 896.89 1.96082044e+002 -1.00000000e+000 
911 897.65 1.93649210e+002 -1.00000000e+000 
912 898.42 1.93177266e+002 -1.00000000e+000 
913 899.19 1.93308763e+002 -1.00000000e+000 
914 899.96 1.92587426e+002 -1.00000000e+000 
915 900.73 1.90917110e+002 -1.00000000e+000 
916 901.50 1.88022577e+002 -1.00000000e+000 
917 902.26 1.85338306e+002 -1.00000000e+000 
918 903.03 1.84086875e+002 -1.00000000e+000 
919 903.80 1.91397577e+002 -1.00000000e+000 
920 904.57 1.91448755e+002 -1.00000000e+000 
921 905.34 1.91863741e+002 -1.00000000e+000 
922 906.10 1.91989877e+002 -1.00000000e+000 
923 906.87 1.90488338e+002 -1.00000000e+000 
924 907.64 1.87700464e+002 -1.00000000e+000 
925 908.41 1.84523944e+002 -1.00000000e+000 
926 909.17 1.82238656e+002 -1.00000000e+000 
927 909.94 1.81409170e+002 -1.00000000e+000 
928 910.71 1.81571117e+002 -1.00000000e+000 
929 911.48 1.82169916e+002 -1.00000000e+000 
930 912.24 1.80651824e+002 -1.00000000e+000 
931 913.01 1.79133914e+002 -1.00000000e+000 
932 913.78 1.77616188e+002 -1.00000000e+000 
933 914.54 1.76098644e+002 -1.00000000e+000 
934 915.31 1.73862210e+002 -1.00000000e+000 
935 916.08 1.72532512e+002 -1.00000000e+000 
936 916.84 1.71868790e+002 -1.00000000e+000 
937 917.61 1.71536102e+002 -1.00000000e+000 
938 918.37 1.70656008e+002 -1.00000000e+000 
939 919.14 1.68870498e+002 -1.00000000e+000 
940 919.91 1.66241766e+002 -1.00000000e+000 
941 920.67 1.63221703e+002 -1.00000000e+000 
942 921.44 1.60439995e+002 -1.00000000e+000 
943 922.20 1.58597696e+002 -1.00000000e+000 
944 922.97 1.57696454e+002 -1.00000000e+000 
945 923.74 1.57462786e+002 -1.00000000e+000 
946 924.50 1.57357237e+002 -1.00000000e+000 
947 925.27 1.56895214e+002 -1.00000000e+000 
948 926.03 1.56091454e+002 -1.00000000e+000 
949 926.80 1.55054242e+002 -1.00000000e+000 
950 927.56 1.54301800e+002 -1.00000000e+000 
951 928.33 1.54226530e+002 -1.00000000e+000 
952 929.09 1.54928095e+002 -1.00000000e+000 
953 929.86 1.55941586e+002 -1.00000000e+000 
954 930.62 1.56516778e+002 -1.00000000e+000 
955 931.39 1.56333461e+002 -1.00000000e+000 
956 932.15 1.55139457e+002 -1.00000000e+000 
957 932.91 1.53331958e+002 -1.00000000e+000 
958 933.68 1.51326815e+002 -1.00000000e+000 
959 934.44 1.49672432e+002 -1.00000000e+000 
960 935.21 1.48462990e+002 -1.00000000e+000 
961 935.97 1.47350878e+002 -1.00000000e+000 
962 936.74 1.46184750e+002 -1.00000000e+000 
963 937.50 1.44459925e+002 -1.00000000e+000 
964 938.26 1.41881606e+002 -1.00000000e+000 
965 939.03 1.38815000e+002 -1.00000000e+000 
966 939.79 1.35894715e+002 -1.00000000e+000 
967 940.55 1.33455021e+002 -1.00000000e+000 
968 941.32 1.32191122e+002 -1.00000000e+000 
969 942.08 1.31651619e+002 -1.00000000e+000 
970 942.84 1.31112184e+002 -1.00000000e+000 
971 943.61 1.30572817e+002 -1.00000000e+000 
972 944.37 1.30033517e+002 -1.00000000e+000 
973 945.13 1.28529816e+002 -1.00000000e+000 
974 945.90 1.26841113e+002 -1.00000000e+000 
975 946.66 1.25535447e+002 -1.00000000e+000 
976 947.42 1.24643110e+002 -1.00000000e+000 
977 948.18 1.24233547e+002 -1.00000000e+000 
978 948.95 1.24130252e+002 -1.00000000e+000 
979 949.71 1.23640045e+002 -1.00000000e+000 
980 950.47 1.22175481e+002 -1.00000000e+000 
981 951.23 1.20345722e+002 -1.00000000e+000 
982 951.99 1.18224259e+002 -1.00000000e+000 
983 952.76 1.16345827e+002 -1.00000000e+000 
984 953.52 1.15020587e+002 -1.00000000e+000 
985 954.28 1.14507274e+002 -1.00000000e+000 
986 955.04 1.13994027e+002 -1.00000000e+000 
987 955.80 1.13480845e+002 -1.00000000e+000 
988 956.56 1.12967729e+002 -1.00000000e+000 
989 957.33 1.11885425e+002 -1.00000000e+000 
990 958.09 1.09666687e+002 -1.00000000e+000 
991 958.85 1.08087768e+002 -1.00000000e+000 
992 959.61 1.06931554e+002 -1.00000000e+000 
993 960.37 1.06144317e+002 -1.00000000e+000 
994 961.13 1.05357183e+002 -1.00000000e+000 
995 961.89 1.04570150e+002 -1.00000000e+000 
996 962.65 1.03783218e+002 -1.00000000e+000 
997 963.41 1.02327423e+002 -1.00000000e+000 
998 964.17 1.00576241e+002 -1.00000000e+000 
999 964.93 9.89525544e+001 -1.00000000e+000 
1000 965.69 9.77123482e+001 -1.00000000e+000 
1001 966.45 9.69281553e+001 -1.00000000e+000 
1002 967.21 9.64011720e+001 -1.00000000e+000 
1003 967.97 9.58201799e+001 -1.00000000e+000 
1004 968.73 9.46417829e+001 -1.00000000e+000 
1005 969.49 9.31432140e+001 -1.00000000e+000 
1006 970.25 9.18114626e+001 -1.00000000e+000 
1007 971.01 9.07450922e+001 -1.00000000e+000 
1008 971.77 9.00621721e+001 -1.00000000e+000 
1009 972.53 8.96331471e+001 -1.00000000e+000 
1010 973.29 8.89720666e+001 -1.00000000e+000 
1011 974.05 8.79313954e+001 -1.00000000e+000 
1012 974.81 8.66986117e+001 -1.00000000e+000 
1013 975.57 8.55019528e+001 -1.00000000e+000 
1014 976.33 8.47408052e+001 -1.00000000e+000 
1015 977.09 8.39797581e+001 -1.00000000e+000 
1016 977.85 8.32188116e+001 -1.00000000e+000 
1017 978.60 8.24579658e+001 -1.00000000e+000 
1018 979.36 8.13417846e+001 -1.00000000e+000 
1019 980.12 8.03513648e+001 -1.00000000e+000 
1020 980.88 7.94575494e+001 -1.00000000e+000 
1021 981.64 7.88571862e+001 -1.00000000e+000 
1022 982.39 7.83358842e+001 -1.00000000e+000 
1023 983.15 7.74620201e+001 -1.00000000e+000 
1024 983.91 7.56961716e+001 -1.00000000e+000 
1025 984.67 7.45951600e+001 -1.00000000e+000 
1026 985.43 7.39739613e+001 -1.00000000e+000 
1027 986.18 7.35328824e+001 -1.00000000e+000 
1028 986.94 7.24902001e+001 -1.00000000e+000 
1029 987.70 7.11590401e+001 -1.00000000e+000 
1030 988.46 6.99933288e+001 -1.00000000e+000 
1031 989.21 6.93166976e+001 -1.00000000e+000 
1032 989.97 6.88213859e+001 -1.00000000e+000 
1033 990.73 6.68536433e+001 -1.00000000e+000 
1034 991.48 6.55257819e+001 -1.00000000e+000 
1035 992.24 6.45927428e+001 -1.00000000e+000 
1036 993.00 6.37335115e+001 -1.00000000e+000 
1037 993.75 6.24104171e+001 -1.00000000e+000 
1038 994.51 6.09610529e+001 -1.00000000e+000 
1039 995.27 5.98573934e+001 -1.00000000e+000 
1040 996.02 3.84842447e+000 -1.00000000e+000 
1041 996.78 2.19719351e-001 -1.00000000e+000 
1042 997.54 1.30513843e-001 -1.00000000e+000 
1043 998.29 1.24795024e-001 -1.00000000e+000 
