% C0 (TOA Count Rate, /ms) for 4STAR NIR spectrometer (512 channels) derived from 20120722Langleystarsun.mat and recorded on 2013-03-22 11:06:06.
% Uncertainty was given by combining 0.8% FORJ impact and difference/2 between Feb 12 and 14 2013 air Langley results. Data outside 2x the STD of 501 nm Langley residuals were screened out before the averaging. The Langley results were lowered by 0.8% in order to represent the middle FORJ sensitivity.
Pix Wavelength C0 C0err
511 949.79 6.50798604e+000 7.36885182e-002 
510 949.79 6.65920231e+000 5.32745919e-002 
509 951.68 7.10282643e+000 5.68517662e-002 
508 953.57 7.16432046e+000 5.77676720e-002 
507 955.46 7.70820958e+000 6.33309599e-002 
506 957.34 7.82843165e+000 7.13829959e-002 
505 959.22 8.36168785e+000 7.65344941e-002 
504 961.10 8.43883918e+000 7.77328880e-002 
503 962.98 8.92020413e+000 8.39856193e-002 
502 964.85 8.89163871e+000 9.26054057e-002 
501 966.72 9.43518218e+000 9.95182749e-002 
500 968.59 9.44948662e+000 9.98847641e-002 
499 970.45 9.89087178e+000 9.99876285e-002 
498 972.32 9.85443140e+000 9.68616528e-002 
497 974.18 1.02409423e+001 1.00619993e-001 
496 976.04 1.01528640e+001 9.83113232e-002 
495 977.89 1.05318406e+001 1.07672639e-001 
494 979.74 1.03983137e+001 1.06938310e-001 
493 981.59 1.06928553e+001 9.87201218e-002 
492 983.44 1.05381846e+001 1.06598798e-001 
491 985.29 1.07981585e+001 1.06082679e-001 
490 987.13 1.05599861e+001 1.07007411e-001 
489 988.97 1.08273732e+001 1.17906382e-001 
488 990.81 1.05969849e+001 1.16266271e-001 
487 992.65 1.07962954e+001 1.18262753e-001 
486 994.48 1.05786752e+001 1.08916655e-001 
485 996.31 1.07284248e+001 1.17867521e-001 
484 998.14 1.04511646e+001 1.11542887e-001 
483 999.97 1.05898975e+001 1.13828246e-001 
482 1001.79 1.02544576e+001 1.11834242e-001 
481 1003.62 1.03276992e+001 1.05673550e-001 
480 1005.44 1.00897700e+001 1.02794573e-001 
479 1007.25 1.03617361e+001 1.03827594e-001 
478 1009.07 1.01363846e+001 9.85167424e-002 
477 1010.88 1.03002356e+001 9.84534297e-002 
476 1012.69 1.00045829e+001 8.98240472e-002 
475 1014.50 1.01171497e+001 1.00626100e-001 
474 1016.31 9.86640035e+000 9.08622838e-002 
473 1018.11 1.00294542e+001 9.45246240e-002 
472 1019.91 9.75651636e+000 9.49211930e-002 
471 1021.71 9.90995537e+000 9.69422697e-002 
470 1023.51 9.66228882e+000 8.92342454e-002 
469 1025.30 9.83798917e+000 9.80162067e-002 
468 1027.09 9.72056287e+000 9.54685491e-002 
467 1028.88 9.88534597e+000 1.04090060e-001 
466 1030.67 9.69307893e+000 9.12929973e-002 
465 1032.46 9.87948222e+000 9.46128902e-002 
464 1034.24 9.70310752e+000 9.14309946e-002 
463 1036.02 9.90392713e+000 9.39399403e-002 
462 1037.80 9.78377873e+000 8.99098746e-002 
461 1039.58 1.00142765e+001 9.68704854e-002 
460 1041.35 9.84311238e+000 9.24044504e-002 
459 1043.12 1.00269605e+001 9.24308237e-002 
458 1044.89 9.93776811e+000 9.56384216e-002 
457 1046.66 1.01732885e+001 9.66599684e-002 
456 1048.43 1.01192194e+001 9.93812369e-002 
455 1050.19 1.03760293e+001 1.05161749e-001 
454 1051.95 1.02213890e+001 1.14270329e-001 
453 1053.71 1.04970575e+001 1.11922740e-001 
452 1055.47 1.03116307e+001 1.12985016e-001 
451 1057.23 1.04670205e+001 1.07585097e-001 
450 1058.98 1.03183148e+001 1.05854518e-001 
449 1060.73 1.05083544e+001 1.03754412e-001 
448 1062.48 1.02971375e+001 1.09087150e-001 
447 1064.23 1.04233037e+001 1.10637601e-001 
446 1065.97 1.00909894e+001 1.01354429e-001 
445 1067.71 1.01149735e+001 1.03849615e-001 
444 1069.46 9.86222246e+000 9.85295526e-002 
443 1071.19 9.98483186e+000 1.06216926e-001 
442 1072.93 9.81481965e+000 9.86014895e-002 
441 1074.67 9.91482750e+000 9.77566121e-002 
440 1076.40 9.73593424e+000 9.12034953e-002 
439 1078.13 9.77747621e+000 9.49591448e-002 
438 1079.86 9.50264347e+000 8.78094929e-002 
437 1081.58 9.60829134e+000 9.02726880e-002 
436 1083.31 9.48939710e+000 8.84704899e-002 
435 1085.03 9.69088154e+000 9.58500413e-002 
434 1086.75 9.63268074e+000 1.05853575e-001 
433 1088.47 9.79782892e+000 1.05122170e-001 
432 1090.19 9.70472406e+000 9.87366888e-002 
431 1091.90 9.83556726e+000 1.12101980e-001 
430 1093.61 9.67534967e+000 1.08787490e-001 
429 1095.33 9.91872740e+000 1.14789201e-001 
428 1097.03 9.98919309e+000 1.27078337e-001 
427 1098.74 1.02544529e+001 1.17593789e-001 
426 1100.45 1.03057952e+001 1.18310275e-001 
425 1102.15 1.06455562e+001 1.14510923e-001 
424 1103.85 1.06556926e+001 1.19999707e-001 
423 1105.55 1.09753896e+001 1.21895970e-001 
422 1107.25 1.09550874e+001 1.11350206e-001 
421 1108.94 1.11447038e+001 1.02470430e-001 
420 1110.64 1.10171095e+001 1.03006858e-001 
419 1112.33 1.11391887e+001 9.13686728e-002 
418 1114.02 1.08895847e+001 9.29598348e-002 
417 1115.70 1.09040867e+001 1.11025900e-001 
416 1117.39 1.06685578e+001 1.24055099e-001 
415 1119.07 1.06899756e+001 1.55256318e-001 
414 1120.76 1.05323201e+001 1.56804996e-001 
413 1122.44 1.06318951e+001 1.67382942e-001 
412 1124.12 1.05715543e+001 1.52185052e-001 
411 1125.79 1.07749418e+001 1.40475013e-001 
410 1127.47 1.08637292e+001 1.16532746e-001 
409 1129.14 1.11065071e+001 1.07841217e-001 
408 1130.81 1.07778829e+001 1.51360212e-001 
407 1132.48 1.07073583e+001 1.70868008e-001 
406 1134.15 1.05242211e+001 1.71694339e-001 
405 1135.81 1.07262949e+001 1.38017877e-001 
404 1137.48 1.09951237e+001 9.31772102e-002 
403 1139.14 1.12077082e+001 9.08338809e-002 
402 1140.80 1.09843978e+001 9.19269781e-002 
401 1142.46 1.10131627e+001 1.04266822e-001 
400 1144.12 1.07702642e+001 1.12764463e-001 
399 1145.77 1.08193348e+001 1.30779021e-001 
398 1147.43 1.07660067e+001 1.19110947e-001 
397 1149.08 1.08760951e+001 1.06346881e-001 
396 1150.73 1.08290065e+001 9.00657970e-002 
395 1152.38 1.10357742e+001 8.84866706e-002 
394 1154.02 1.09544993e+001 9.00577109e-002 
393 1155.67 1.11513048e+001 9.07352747e-002 
392 1157.31 1.09785165e+001 9.16931935e-002 
391 1158.95 1.10150878e+001 9.66203236e-002 
390 1160.59 1.08745736e+001 1.00732406e-001 
389 1162.23 1.09754804e+001 1.01972975e-001 
388 1163.87 1.08209596e+001 1.01439327e-001 
387 1165.50 1.08550373e+001 1.00155500e-001 
386 1167.13 1.06990788e+001 1.12816596e-001 
385 1168.76 1.07701219e+001 1.13232994e-001 
384 1170.39 1.06443120e+001 1.11132674e-001 
383 1172.02 1.06288367e+001 1.11228585e-001 
382 1173.65 1.04356327e+001 1.05725281e-001 
381 1175.27 1.04195134e+001 1.06124144e-001 
380 1176.90 1.02850391e+001 1.08698786e-001 
379 1178.52 1.02621461e+001 1.01196327e-001 
378 1180.14 1.00053844e+001 1.10923312e-001 
377 1181.75 9.97192029e+000 9.96300390e-002 
376 1183.37 9.72510448e+000 9.74801622e-002 
375 1184.99 9.73547832e+000 9.95461497e-002 
374 1186.60 9.60240827e+000 9.11177084e-002 
373 1188.21 9.55494967e+000 9.94102966e-002 
372 1189.82 9.42842382e+000 8.92631321e-002 
371 1191.43 9.59059454e+000 8.86402157e-002 
370 1193.04 9.45387999e+000 8.68017026e-002 
369 1194.64 9.42588793e+000 8.52614501e-002 
368 1196.24 9.24856105e+000 8.98456544e-002 
367 1197.85 9.31237930e+000 8.66938354e-002 
366 1199.45 9.22616955e+000 7.85764342e-002 
365 1201.05 9.34169905e+000 7.98649977e-002 
364 1202.64 9.23654509e+000 8.17278160e-002 
363 1204.24 9.26297791e+000 8.11913788e-002 
362 1205.83 9.16693388e+000 8.19929739e-002 
361 1207.43 9.11520600e+000 8.61647585e-002 
360 1209.02 9.03603263e+000 8.99215570e-002 
359 1210.61 9.16485686e+000 9.39120364e-002 
358 1212.19 9.15300261e+000 9.01547643e-002 
357 1213.78 9.28979354e+000 9.52299532e-002 
356 1215.37 9.19740145e+000 9.10977903e-002 
355 1216.95 9.25517161e+000 8.63366557e-002 
354 1218.53 9.23167396e+000 8.53380695e-002 
353 1220.11 9.32415640e+000 8.97648429e-002 
352 1221.69 9.29169093e+000 8.75593085e-002 
351 1223.27 9.32532108e+000 8.99374697e-002 
350 1224.84 9.29728201e+000 8.80122025e-002 
349 1226.42 9.33041437e+000 9.22155831e-002 
348 1227.99 9.31544035e+000 9.79802682e-002 
347 1229.56 9.46588782e+000 9.28872251e-002 
346 1231.13 9.42351000e+000 9.13541566e-002 
345 1232.70 9.52499475e+000 8.89127310e-002 
344 1234.27 9.51009032e+000 9.23759363e-002 
343 1235.84 9.53731920e+000 9.86238454e-002 
342 1237.40 9.49860245e+000 1.02144336e-001 
341 1238.96 9.48050785e+000 9.18316654e-002 
340 1240.52 9.30445973e+000 9.51672078e-002 
339 1242.08 9.40418187e+000 9.08077128e-002 
338 1243.64 9.37695825e+000 8.93741863e-002 
337 1245.20 9.42550305e+000 8.98463922e-002 
336 1246.75 9.41241524e+000 9.44470481e-002 
335 1248.31 9.47989218e+000 9.18214482e-002 
334 1249.86 9.41235817e+000 8.84020216e-002 
333 1251.41 9.45252653e+000 8.86838917e-002 
332 1252.96 9.38589920e+000 8.86698586e-002 
331 1254.51 9.41812009e+000 8.63956765e-002 
330 1256.06 9.34090617e+000 9.04772424e-002 
329 1257.61 9.26027704e+000 8.26900015e-002 
328 1259.15 9.10715209e+000 7.83213110e-002 
327 1260.69 9.02085846e+000 7.33696815e-002 
326 1262.23 8.90831339e+000 7.20309105e-002 
325 1263.77 8.89859875e+000 7.12138187e-002 
324 1265.31 8.70266206e+000 8.25636514e-002 
323 1266.85 8.71300134e+000 7.09732643e-002 
322 1268.39 8.75904842e+000 7.64436281e-002 
321 1269.92 8.88157645e+000 7.10575260e-002 
320 1271.46 9.05777263e+000 7.99353276e-002 
319 1272.99 9.08085933e+000 7.77833831e-002 
318 1274.52 9.07180691e+000 7.35223905e-002 
317 1276.05 9.12596245e+000 7.84917651e-002 
316 1277.58 8.97729412e+000 8.28147069e-002 
315 1279.10 8.78562521e+000 9.23558050e-002 
314 1280.63 8.71532527e+000 1.01447022e-001 
313 1282.15 8.69339024e+000 1.05676753e-001 
312 1283.68 8.80945065e+000 9.71946619e-002 
311 1285.20 8.97710260e+000 1.02124872e-001 
310 1286.72 8.90859644e+000 9.48024621e-002 
309 1288.24 8.91316354e+000 9.65243087e-002 
308 1289.75 8.82338294e+000 9.53582247e-002 
307 1291.27 8.84748392e+000 9.02115504e-002 
306 1292.78 8.88062691e+000 9.26630256e-002 
305 1294.30 8.87336209e+000 8.99542773e-002 
304 1295.81 8.78660844e+000 8.95345705e-002 
303 1297.32 8.78045376e+000 9.28209854e-002 
302 1298.83 8.73106850e+000 8.60543896e-002 
301 1300.34 8.69830162e+000 8.71889447e-002 
300 1301.85 8.66850267e+000 8.62615764e-002 
299 1303.35 8.64221790e+000 8.97517817e-002 
298 1304.86 8.55045612e+000 9.87906030e-002 
297 1306.36 8.52343596e+000 8.84553607e-002 
296 1307.86 8.46087493e+000 8.67813598e-002 
295 1309.36 8.35673826e+000 8.48080190e-002 
294 1310.86 8.29680217e+000 7.85479252e-002 
293 1312.36 8.20828254e+000 8.47659374e-002 
292 1313.86 8.14667735e+000 8.22260153e-002 
291 1315.36 8.16105705e+000 7.71739832e-002 
290 1316.85 8.13376112e+000 7.88423143e-002 
289 1318.34 8.10788166e+000 7.74939530e-002 
288 1319.84 8.09175593e+000 7.85091159e-002 
287 1321.33 8.10832462e+000 7.64442014e-002 
286 1322.82 8.05361187e+000 8.85140263e-002 
285 1324.30 8.03921406e+000 8.66702528e-002 
284 1325.79 7.92293338e+000 7.54114525e-002 
283 1327.28 7.81690856e+000 7.71197395e-002 
282 1328.76 7.69552256e+000 6.55458527e-002 
281 1330.25 7.65006332e+000 6.37466483e-002 
280 1331.73 7.58726068e+000 6.91668335e-002 
279 1333.21 7.57330062e+000 6.41401558e-002 
278 1334.69 7.54642338e+000 6.78738510e-002 
277 1336.17 7.46984671e+000 6.22296632e-002 
276 1337.65 7.41304509e+000 6.31308674e-002 
275 1339.12 7.32642487e+000 7.07235725e-002 
274 1340.60 7.27673825e+000 6.53165355e-002 
273 1342.07 7.23582752e+000 6.02494495e-002 
272 1343.55 7.11011277e+000 5.78188025e-002 
271 1345.02 6.83967346e+000 8.93141453e-002 
270 1346.49 6.65620184e+000 1.09979980e-001 
269 1347.96 6.45818309e+000 1.49457694e-001 
268 1349.43 6.20298538e+000 1.76629729e-001 
267 1350.89 5.93773846e+000 2.05045100e-001 
266 1352.36 5.55739174e+000 2.51243310e-001 
265 1353.82 5.28176295e+000 2.70620366e-001 
264 1355.29 5.03035475e+000 2.96781973e-001 
263 1356.75 4.81222530e+000 3.27410791e-001 
262 1358.21 4.38806719e+000 4.01968457e-001 
261 1359.67 4.04751914e+000 4.28207862e-001 
260 1361.13 3.84761794e+000 4.34629055e-001 
259 1362.59 3.73924385e+000 4.15107044e-001 
258 1364.04 3.91263503e+000 4.07752090e-001 
257 1365.50 3.93669966e+000 3.93513733e-001 
256 1366.95 4.00366357e+000 3.49550149e-001 
255 1368.41 3.94530874e+000 3.35946662e-001 
254 1369.86 3.95903261e+000 3.27494675e-001 
253 1371.31 4.08519832e+000 2.90805804e-001 
252 1372.76 4.03859183e+000 2.69165241e-001 
251 1374.21 4.07441284e+000 2.55512743e-001 
250 1375.65 3.88641819e+000 2.33786482e-001 
249 1377.10 3.51501728e+000 2.55849383e-001 
248 1378.55 3.10483878e+000 2.94524353e-001 
247 1379.99 2.69146264e+000 3.02576347e-001 
246 1381.43 2.60981733e+000 2.91221349e-001 
245 1382.87 2.72314753e+000 2.49781895e-001 
244 1384.32 2.90710624e+000 2.40089003e-001 
243 1385.75 3.13510774e+000 2.04924992e-001 
242 1387.19 3.39185846e+000 1.86185142e-001 
241 1388.63 3.45514216e+000 1.84972213e-001 
240 1390.07 3.49316384e+000 2.00119449e-001 
239 1391.50 3.47434519e+000 2.13874571e-001 
238 1392.94 3.17838706e+000 2.64055128e-001 
237 1394.37 3.25048862e+000 2.56944246e-001 
236 1395.80 3.45518162e+000 2.49052827e-001 
235 1397.23 3.37194059e+000 2.60464336e-001 
234 1398.66 3.56059596e+000 2.15614178e-001 
233 1400.09 3.69616320e+000 2.07358209e-001 
232 1401.52 3.57521411e+000 2.42693077e-001 
231 1402.94 3.76550382e+000 2.20679162e-001 
230 1404.37 3.85087825e+000 2.13005463e-001 
229 1405.79 3.73976690e+000 2.46613520e-001 
228 1407.22 3.84349262e+000 2.28239260e-001 
227 1408.64 4.00022543e+000 2.12479586e-001 
226 1410.06 4.17420478e+000 1.76886773e-001 
225 1411.48 4.17402929e+000 1.68954457e-001 
224 1412.90 4.30842471e+000 1.52325608e-001 
223 1414.32 4.36741415e+000 1.42201451e-001 
222 1415.73 4.34842863e+000 1.59976847e-001 
221 1417.15 4.41222048e+000 1.50790341e-001 
220 1418.56 4.51641822e+000 1.33512662e-001 
219 1419.98 4.44730022e+000 1.61315671e-001 
218 1421.39 4.51177811e+000 1.53819186e-001 
217 1422.80 4.58986258e+000 1.23138876e-001 
216 1424.21 4.60073093e+000 1.23616223e-001 
215 1425.62 4.57886829e+000 1.20156067e-001 
214 1427.03 4.63515173e+000 1.06638775e-001 
213 1428.44 4.42548225e+000 1.34384363e-001 
212 1429.84 4.25950620e+000 1.62866423e-001 
211 1431.25 4.18289004e+000 1.73130590e-001 
210 1432.65 4.17558212e+000 1.66154664e-001 
209 1434.06 4.26311975e+000 1.55831200e-001 
208 1435.46 4.38605619e+000 1.33336833e-001 
207 1436.86 4.38560305e+000 1.30816276e-001 
206 1438.26 4.43811632e+000 1.19962591e-001 
205 1439.66 4.42504750e+000 1.02713277e-001 
204 1441.05 4.53458571e+000 8.72647301e-002 
203 1442.45 4.45404519e+000 9.44319566e-002 
202 1443.85 4.48360546e+000 9.93008445e-002 
201 1445.24 4.53385297e+000 8.30266881e-002 
200 1446.64 4.57434200e+000 8.40142639e-002 
199 1448.03 4.54519044e+000 8.04555428e-002 
198 1449.42 4.64219176e+000 6.71719226e-002 
197 1450.81 4.60268229e+000 6.89330841e-002 
196 1452.20 4.61425412e+000 5.52286101e-002 
195 1453.59 4.71502274e+000 5.11968480e-002 
194 1454.97 4.82770480e+000 3.99516173e-002 
193 1456.36 4.81504566e+000 3.88505191e-002 
192 1457.75 4.89088197e+000 3.93982189e-002 
191 1459.13 4.84437137e+000 3.95396362e-002 
190 1460.51 4.83667462e+000 3.87680202e-002 
189 1461.90 4.69619552e+000 3.76532835e-002 
188 1463.28 4.67376071e+000 3.90910016e-002 
187 1464.66 4.58589649e+000 3.90908472e-002 
186 1466.04 4.60471426e+000 4.20278387e-002 
185 1467.41 4.52197566e+000 4.20717198e-002 
184 1468.79 4.51428852e+000 4.10548272e-002 
183 1470.17 4.45940947e+000 4.49936543e-002 
182 1471.54 4.49611715e+000 4.78329565e-002 
181 1472.92 4.49767736e+000 4.05611286e-002 
180 1474.29 4.58270807e+000 4.18374907e-002 
179 1475.66 4.56080799e+000 3.70783990e-002 
178 1477.03 4.53901107e+000 3.80999536e-002 
177 1478.40 4.51598103e+000 4.91517323e-002 
176 1479.77 4.56744570e+000 4.52855023e-002 
175 1481.14 4.52520025e+000 3.88945672e-002 
174 1482.51 4.59398297e+000 3.72301590e-002 
173 1483.87 4.53436486e+000 3.67594267e-002 
172 1485.24 4.49396752e+000 3.59889498e-002 
171 1486.60 4.41443463e+000 3.57948958e-002 
170 1487.96 4.45358105e+000 3.57469835e-002 
169 1489.32 4.41114467e+000 4.31184863e-002 
168 1490.69 4.54822873e+000 4.16121711e-002 
167 1492.04 4.52665592e+000 4.04175098e-002 
166 1493.40 4.58101797e+000 4.50658640e-002 
165 1494.76 4.53053733e+000 4.13760375e-002 
164 1496.12 4.55281250e+000 4.19713627e-002 
163 1497.47 4.49792550e+000 4.20537500e-002 
162 1498.83 4.56192136e+000 3.85103155e-002 
161 1500.18 4.39090762e+000 4.09661467e-002 
160 1501.53 4.31818713e+000 4.29074561e-002 
159 1502.89 4.18921751e+000 4.16931161e-002 
158 1504.24 4.20616402e+000 4.81968274e-002 
157 1505.59 4.22301986e+000 4.19073938e-002 
156 1506.93 4.35067692e+000 4.69361887e-002 
155 1508.28 4.36647958e+000 4.15088364e-002 
154 1509.63 4.41931319e+000 4.44948536e-002 
153 1510.97 4.35233138e+000 4.33696601e-002 
152 1512.32 4.39744450e+000 4.52463084e-002 
151 1513.66 4.31844043e+000 5.51578564e-002 
150 1515.00 4.36908195e+000 4.87959675e-002 
149 1516.34 4.30792280e+000 5.39099612e-002 
148 1517.69 4.33923768e+000 4.95968329e-002 
147 1519.02 4.25780296e+000 4.97756448e-002 
146 1520.36 4.27837727e+000 5.08568669e-002 
145 1521.70 4.20991583e+000 5.70550915e-002 
144 1523.04 4.27231538e+000 6.13101179e-002 
143 1524.37 4.20109572e+000 6.51023226e-002 
142 1525.71 4.23844144e+000 6.17629592e-002 
141 1527.04 4.13861828e+000 5.76374860e-002 
140 1528.37 4.17382588e+000 5.35007804e-002 
139 1529.70 4.08137414e+000 5.16721164e-002 
138 1531.03 4.13708360e+000 4.80004569e-002 
137 1532.36 4.07987218e+000 4.87728679e-002 
136 1533.69 4.12650075e+000 4.34147695e-002 
135 1535.02 4.04144341e+000 4.42226102e-002 
134 1536.34 4.08588507e+000 3.78451413e-002 
133 1537.67 4.00745425e+000 3.60888431e-002 
132 1538.99 4.05750311e+000 4.13150825e-002 
131 1540.31 3.97691586e+000 4.10063664e-002 
130 1541.64 4.03874238e+000 5.46272854e-002 
129 1542.96 3.97852640e+000 4.69277906e-002 
128 1544.28 4.02361176e+000 4.65136147e-002 
127 1545.60 3.94045376e+000 4.45390360e-002 
126 1546.91 3.99186690e+000 4.76797487e-002 
125 1548.23 3.90433287e+000 4.58944328e-002 
124 1549.55 3.95695131e+000 4.15221549e-002 
123 1550.86 3.87266101e+000 4.35909264e-002 
122 1552.18 3.89724327e+000 4.04139251e-002 
121 1553.49 3.79522097e+000 3.87075149e-002 
120 1554.80 3.82593818e+000 3.54108796e-002 
119 1556.11 3.72168245e+000 3.82852102e-002 
118 1557.42 3.77225079e+000 3.71758515e-002 
117 1558.73 3.70611349e+000 3.49751256e-002 
116 1560.04 3.74711970e+000 3.29936970e-002 
115 1561.34 3.66729784e+000 3.53060483e-002 
114 1562.65 3.73046222e+000 3.37633844e-002 
113 1563.95 3.63291816e+000 3.76569742e-002 
112 1565.26 3.69274618e+000 3.09956262e-002 
111 1566.56 3.56841648e+000 3.54137041e-002 
110 1567.86 3.60203645e+000 3.15156827e-002 
109 1569.16 3.49957486e+000 2.80020563e-002 
108 1570.46 3.51233940e+000 3.14480002e-002 
107 1571.76 3.39690573e+000 2.72134393e-002 
106 1573.05 3.38371416e+000 2.86579689e-002 
105 1574.35 3.25809048e+000 2.65199633e-002 
104 1575.64 3.29742692e+000 3.39489201e-002 
103 1576.94 3.24645129e+000 3.49141344e-002 
102 1578.23 3.32706950e+000 3.53795330e-002 
101 1579.52 3.30193955e+000 3.15588634e-002 
100 1580.81 3.37305621e+000 3.07082949e-002 
99 1582.10 3.30173017e+000 2.90234004e-002 
98 1583.39 3.36017440e+000 2.88739005e-002 
97 1584.68 3.27059227e+000 2.99314017e-002 
96 1585.97 3.27231313e+000 3.37923589e-002 
95 1587.25 3.14753791e+000 3.40209962e-002 
94 1588.54 3.15863605e+000 3.21731910e-002 
93 1589.82 3.08139575e+000 3.59964342e-002 
92 1591.10 3.16957619e+000 3.45237393e-002 
91 1592.38 3.12163451e+000 3.90700415e-002 
90 1593.66 3.18458993e+000 3.97686343e-002 
89 1594.94 3.09702233e+000 3.32854013e-002 
88 1596.22 3.12745377e+000 3.49972037e-002 
87 1597.50 3.02188054e+000 2.56081878e-002 
86 1598.77 3.05986897e+000 2.80731102e-002 
85 1600.05 2.95914172e+000 2.36745079e-002 
84 1601.32 2.99390933e+000 2.43054486e-002 
83 1602.59 2.91141268e+000 2.37971995e-002 
82 1603.86 2.97186468e+000 2.43704576e-002 
81 1605.13 2.86084910e+000 3.00554188e-002 
80 1606.40 2.91898132e+000 2.57854064e-002 
79 1607.67 2.80969646e+000 2.60173667e-002 
78 1608.94 2.85881637e+000 2.77374690e-002 
77 1610.20 2.78410513e+000 3.11969429e-002 
76 1611.47 2.85695442e+000 2.66281979e-002 
75 1612.73 2.78477316e+000 2.95509171e-002 
74 1614.00 2.83785552e+000 2.69889720e-002 
73 1615.26 2.74840489e+000 2.70747930e-002 
72 1616.52 2.77826727e+000 3.08628170e-002 
71 1617.78 2.66970417e+000 3.61384481e-002 
70 1619.03 2.71108177e+000 2.98575029e-002 
69 1620.29 2.65275517e+000 2.75920779e-002 
68 1621.55 2.71836746e+000 2.95742418e-002 
67 1622.80 2.65606717e+000 2.50842402e-002 
66 1624.06 2.73532946e+000 2.95906749e-002 
65 1625.31 2.64327965e+000 3.52360997e-002 
64 1626.56 2.71124144e+000 2.32589250e-002 
63 1627.81 2.61304775e+000 2.69680417e-002 
62 1629.06 2.63810835e+000 2.71917328e-002 
61 1630.31 2.53701078e+000 2.80043955e-002 
60 1631.56 2.57115600e+000 2.98313409e-002 
59 1632.80 2.46415862e+000 2.54888877e-002 
58 1634.05 2.49598188e+000 2.13682334e-002 
57 1635.29 2.38336940e+000 2.72200975e-002 
56 1636.53 2.40262251e+000 1.94246528e-002 
55 1637.77 2.28044179e+000 2.10087246e-002 
54 1639.01 2.30415648e+000 1.84799939e-002 
53 1640.25 2.21939488e+000 2.11030083e-002 
52 1641.49 2.25280497e+000 2.09947884e-002 
51 1642.73 2.16782050e+000 1.74945340e-002 
50 1643.96 2.20881008e+000 2.06940687e-002 
49 1645.20 2.09934962e+000 1.94656950e-002 
48 1646.43 2.12754606e+000 2.03024264e-002 
47 1647.66 2.03081231e+000 1.89968174e-002 
46 1648.89 2.02528943e+000 1.96383858e-002 
45 1650.12 1.91509464e+000 1.86267893e-002 
44 1651.35 1.90817515e+000 1.75407006e-002 
43 1652.58 1.77558571e+000 1.57158432e-002 
42 1653.80 1.75125919e+000 1.60090863e-002 
41 1655.03 1.62790628e+000 1.71735368e-002 
40 1656.25 1.59755388e+000 1.54670051e-002 
39 1657.47 1.45654698e+000 1.39911759e-002 
38 1658.70 1.40882785e+000 1.21553558e-002 
37 1659.92 1.26945786e+000 1.63148931e-002 
36 1661.13 1.21923882e+000 1.55999767e-002 
35 1662.35 1.08437094e+000 8.78341441e-003 
34 1663.57 1.02362205e+000 1.39231898e-002 
33 1664.78 8.96498177e-001 7.34996070e-003 
32 1666.00 8.47948931e-001 7.33218390e-003 
31 1667.21 7.58489767e-001 1.32569708e-002 
30 1668.42 7.17712147e-001 6.20877029e-003 
29 1669.63 6.34027711e-001 7.13838726e-003 
28 1670.84 6.00593173e-001 6.59578671e-003 
27 1672.05 5.17914227e-001 8.60474003e-003 
26 1673.26 5.00213774e-001 4.02717203e-003 
25 1674.46 4.30552248e-001 6.86507641e-003 
24 1675.67 4.21920218e-001 3.54491191e-003 
23 1676.87 3.66897679e-001 1.45451514e-002 
22 1678.07 3.54372289e-001 5.39384465e-003 
21 1679.27 3.04402985e-001 4.48828170e-003 
20 1680.47 2.97256691e-001 7.23344566e-003 
19 1681.67 2.56117437e-001 2.88920306e-003 
18 1682.87 2.54872439e-001 4.06327244e-003 
17 1684.06 2.17828075e-001 1.92653577e-003 
16 1685.26 2.18132892e-001 2.62336965e-003 
15 1686.45 1.88879487e-001 5.19052900e-003 
14 1687.64 1.85962272e-001 3.25448997e-003 
13 1688.83 1.60160848e-001 5.02216808e-003 
12 1690.02 1.59459337e-001 1.55085728e-003 
11 1691.21 1.36115850e-001 3.70159429e-003 
10 1692.39 1.37719504e-001 4.69310864e-003 
9 1693.58 1.16395653e-001 3.73420132e-003 
8 1694.76 1.16217521e-001 1.89810122e-003 
7 1695.95 9.70666755e-002 1.54538336e-003 
6 1697.13 1.01431216e-001 2.23263119e-003 
5 1698.31 8.68340604e-002 3.53742947e-003 
4 1699.49 8.69790695e-002 2.63730274e-003 
3 1700.66 7.73193052e-002 2.52493547e-003 
2 1701.84 7.59049865e-002 5.39697280e-003 
1 1703.01 6.53048756e-002 1.88129833e-003 
0 1703.01 6.36458905e-002 1.18328520e-003 
