% C0 (TOA Count Rate, /ms) for 4STAR VIS spectrometer (1044 channels) derived from (SEE ORIGINAL FILES FOR SOURCES) and recorded on 2014-07-17 17:53:13.
% Average of the 20130708, 20130709, 20130710, 20130711, 20130712 Langley C0, refined_Langley_at_MLO_screened_3.0x.
Pix Wavelength C0 C0err
0 173.18 -1.00000000e+000 0.00000000e+000 
1 173.97 2.02860928e+006 4.53539791e+006 
2 174.77 -1.86948151e+006 4.18211868e+006 
3 175.56 2.69932835e+006 6.03396919e+006 
4 176.36 6.28683592e+008 1.40555595e+009 
5 177.15 7.84639767e+008 1.75423600e+009 
6 177.94 9.95124112e+008 2.22485936e+009 
7 178.74 1.28542881e+009 2.87395536e+009 
8 179.53 1.58593695e+009 3.54585876e+009 
9 180.33 2.02098281e+009 4.51858333e+009 
10 181.12 2.45872509e+009 5.49733629e+009 
11 181.92 3.17792544e+009 7.10542534e+009 
12 182.71 3.99847487e+009 8.94011949e+009 
13 183.51 5.34397378e+009 1.19486229e+010 
14 184.30 6.71765061e+009 1.50201044e+010 
15 185.10 8.98245885e+009 2.00842710e+010 
16 185.89 1.26451429e+010 2.82741198e+010 
17 186.69 1.66224926e+010 3.71674934e+010 
18 187.49 2.23143605e+010 4.98945489e+010 
19 188.28 3.10294651e+010 6.93817184e+010 
20 189.08 4.27541884e+010 9.55988192e+010 
21 189.88 5.92842268e+010 1.32560606e+011 
22 190.67 8.23119779e+010 1.84051454e+011 
23 191.47 1.18950792e+011 2.65977440e+011 
24 192.27 1.68692359e+011 3.77201713e+011 
25 193.07 2.51458716e+011 5.62271353e+011 
26 193.86 3.80549593e+011 8.50925085e+011 
27 194.66 5.81763732e+011 1.30085066e+012 
28 195.46 8.74867705e+011 1.95624837e+012 
29 196.26 1.37804960e+012 3.08139181e+012 
30 197.05 2.21982557e+012 4.96365200e+012 
31 197.85 3.64924351e+012 8.15991689e+012 
32 198.65 5.44898814e+012 1.21842572e+013 
33 199.45 9.18113963e+012 2.05295936e+013 
34 200.25 1.65474602e+013 3.70011730e+013 
35 201.05 3.05600234e+013 6.83341913e+013 
36 201.85 5.79612047e+013 1.29605057e+014 
37 202.64 1.11718368e+014 2.49809659e+014 
38 203.44 2.18205708e+014 4.87922483e+014 
39 204.24 3.91718864e+014 8.75909510e+014 
40 205.04 8.70431420e+014 1.94634312e+015 
41 205.84 2.07424878e+015 4.63816005e+015 
42 206.64 5.08933333e+015 1.13800931e+016 
43 207.44 1.36237884e+016 3.04637130e+016 
44 208.24 3.82191981e+016 8.54607175e+016 
45 209.04 1.14844611e+017 2.56800342e+017 
46 209.84 3.53630826e+017 7.90742533e+017 
47 210.64 1.32814863e+018 2.96983054e+018 
48 211.44 4.97537262e+018 1.11252712e+019 
49 212.24 2.18883503e+019 4.89438389e+019 
50 213.05 1.14542563e+020 2.56124957e+020 
51 213.85 5.19541351e+020 1.16172978e+021 
52 214.65 2.11761004e+020 4.73511989e+020 
53 215.45 9.22768873e+019 2.06337342e+020 
54 216.25 4.77363321e+019 1.06741635e+020 
55 217.05 1.23530033e+019 2.76221359e+019 
56 217.85 3.23362398e+018 7.23059532e+018 
57 218.65 8.64282677e+017 1.93259176e+018 
58 219.46 2.23421533e+017 4.99584497e+017 
59 220.26 5.70246791e+016 1.27510571e+017 
60 221.06 1.49229654e+016 3.33685695e+016 
61 221.86 4.00814347e+015 8.96240247e+015 
62 222.66 1.05787691e+015 2.36545311e+015 
63 223.47 2.71018981e+014 6.06004340e+014 
64 224.27 7.12142615e+013 1.59234852e+014 
65 225.07 1.88622321e+013 4.21751824e+013 
66 225.87 4.87735685e+012 1.09052742e+013 
67 226.68 1.29788536e+012 2.90181920e+012 
68 227.48 3.53539896e+011 7.90392950e+011 
69 228.28 1.06348821e+011 2.37735261e+011 
70 229.09 3.92615656e+010 8.77543744e+010 
71 229.89 2.20982690e+010 4.93867885e+010 
72 230.69 2.18027913e+010 4.87263131e+010 
73 231.49 3.96027728e+010 8.85176253e+010 
74 232.30 1.13829661e+011 2.54458569e+011 
75 233.10 4.50819463e+011 1.00789015e+012 
76 233.91 2.10324529e+012 4.70253594e+012 
77 234.71 9.88510896e+012 2.21024464e+013 
78 235.51 4.79175223e+013 1.07142988e+014 
79 236.32 2.37657653e+014 5.31407345e+014 
80 237.12 1.17731520e+015 2.63252302e+015 
81 237.92 5.98202133e+015 1.33761045e+016 
82 238.73 2.92914766e+016 6.54974276e+016 
83 239.53 1.49009285e+017 3.33193964e+017 
84 240.34 7.46563599e+017 1.66936418e+018 
85 241.14 3.51464731e+018 7.85898223e+018 
86 241.94 1.57274632e+019 3.51676545e+019 
87 242.75 6.73574128e+019 1.50615693e+020 
88 243.55 2.73461430e+020 6.11478196e+020 
89 244.36 3.91494447e+020 8.75408154e+020 
90 245.16 1.01104599e+021 2.26076754e+021 
91 245.97 1.01318060e+021 2.26554069e+021 
92 246.77 2.68955731e+020 6.01403295e+020 
93 247.58 7.80083495e+019 1.74431971e+020 
94 248.38 2.44955391e+019 5.47736903e+019 
95 249.19 1.08356915e+019 2.42293426e+019 
96 249.99 5.29460663e+018 1.18391002e+019 
97 250.80 3.02381076e+018 6.76144630e+018 
98 251.60 1.84767720e+018 4.13153174e+018 
99 252.41 1.33966917e+018 2.99559126e+018 
100 253.21 9.66503108e+017 2.16116659e+018 
101 254.02 8.81412395e+017 1.97089798e+018 
102 254.83 7.91395089e+017 1.76961317e+018 
103 255.63 8.29809115e+017 1.85550954e+018 
104 256.44 1.01162392e+018 2.26205979e+018 
105 257.24 1.47372103e+018 3.29534033e+018 
106 258.05 2.18324811e+018 4.88189110e+018 
107 258.85 3.53130114e+018 7.89622928e+018 
108 259.66 7.61540976e+018 1.70285737e+019 
109 260.46 1.95137966e+019 4.36341754e+019 
110 261.27 5.29822410e+019 1.18471892e+020 
111 262.08 1.93446726e+020 4.32560027e+020 
112 262.88 8.68210099e+020 1.94137680e+021 
113 263.69 2.10837454e+021 4.71446879e+021 
114 264.50 8.17176464e+020 1.82726209e+021 
115 265.30 4.39603865e+020 9.82983960e+020 
116 266.11 1.55515948e+020 3.47744122e+020 
117 266.91 3.43212873e+019 7.67446926e+019 
118 267.72 6.80276882e+018 1.52114408e+019 
119 268.53 1.22989662e+018 2.75012845e+018 
120 269.33 2.29173131e+017 5.12445417e+017 
121 270.14 4.94021090e+016 1.10466033e+017 
122 270.95 9.67291351e+015 2.16291470e+016 
123 271.75 1.80155963e+015 4.02836323e+015 
124 272.56 3.27846194e+014 7.33072048e+014 
125 273.37 5.21198561e+013 1.16539360e+014 
126 274.17 8.78919926e+012 1.96520287e+013 
127 274.98 1.55421142e+012 3.47494309e+012 
128 275.79 2.98234551e+011 6.66746735e+011 
129 276.59 6.23702633e+010 1.39421587e+011 
130 277.40 1.33412309e+010 2.98169912e+010 
131 278.21 2.75504618e+009 6.15523165e+009 
132 279.01 6.10216543e+008 1.36263086e+009 
133 279.82 1.35777663e+008 3.02937805e+008 
134 280.63 3.03906276e+007 6.77072681e+007 
135 281.44 7.15873904e+006 1.59141373e+007 
136 282.24 1.89351283e+006 4.19639828e+006 
137 283.05 5.56906057e+005 1.22873151e+006 
138 283.86 1.75692483e+005 3.85170208e+005 
139 284.66 5.58917433e+004 1.21436999e+005 
140 285.47 1.90942767e+004 4.09724470e+004 
141 286.28 7.45177296e+003 1.57504307e+004 
142 287.09 3.07306866e+003 6.37548429e+003 
143 287.89 1.25812120e+003 2.54175575e+003 
144 288.70 5.59764394e+002 1.09573241e+003 
145 289.51 2.68355264e+002 5.05397497e+002 
146 290.32 1.44315479e+002 2.62203213e+002 
147 291.12 7.69481542e+001 1.32363805e+002 
148 291.93 4.31521356e+001 6.97244487e+001 
149 292.74 2.70092375e+001 4.14730308e+001 
150 293.55 1.67105608e+001 2.37469708e+001 
151 294.35 1.14012664e+001 1.52252555e+001 
152 295.16 7.90202278e+000 9.72349213e+000 
153 295.97 5.68927513e+000 6.36409527e+000 
154 296.78 4.30234936e+000 4.51031487e+000 
155 297.58 3.30219030e+000 3.11778174e+000 
156 298.39 2.63680446e+000 2.27783530e+000 
157 299.20 2.14609555e+000 1.67258020e+000 
158 300.01 1.81896279e+000 1.28391384e+000 
159 300.81 1.56803592e+000 9.93923559e-001 
160 301.62 1.38422138e+000 8.01081501e-001 
161 302.43 1.24034397e+000 6.67264356e-001 
162 303.24 1.12688228e+000 5.47125216e-001 
163 304.05 1.03426960e+000 4.47452245e-001 
164 304.85 9.55827980e-001 3.73436766e-001 
165 305.66 8.93361199e-001 3.21022569e-001 
166 306.47 8.52788403e-001 2.74984464e-001 
167 307.28 7.96691767e-001 2.27999326e-001 
168 308.08 7.74997100e-001 2.02323466e-001 
169 308.89 7.49759514e-001 1.79461323e-001 
170 309.70 7.21363934e-001 1.58972506e-001 
171 310.51 7.03613609e-001 1.34732982e-001 
172 311.32 6.85142523e-001 1.20235195e-001 
173 312.12 6.72248307e-001 1.06561936e-001 
174 312.93 6.64892239e-001 9.80479755e-002 
175 313.74 6.54955099e-001 8.39868118e-002 
176 314.55 6.54789368e-001 7.34511494e-002 
177 315.36 6.47540195e-001 6.24991005e-002 
178 316.16 6.50969039e-001 6.23988395e-002 
179 316.97 6.55361937e-001 5.47049945e-002 
180 317.78 6.60414208e-001 5.43236845e-002 
181 318.59 6.66351895e-001 4.66891222e-002 
182 319.39 6.75516022e-001 3.96444957e-002 
183 320.20 6.86485126e-001 4.41647978e-002 
184 321.01 6.95691360e-001 3.91400093e-002 
185 321.82 7.05358239e-001 3.47714927e-002 
186 322.63 7.28878356e-001 3.45751393e-002 
187 323.43 7.42725118e-001 3.24130163e-002 
188 324.24 7.62108038e-001 3.12499186e-002 
189 325.05 7.81979865e-001 3.18348417e-002 
190 325.86 8.03943775e-001 3.77955735e-002 
191 326.67 8.26291571e-001 3.38638075e-002 
192 327.48 8.55489113e-001 3.96364389e-002 
193 328.28 8.79452020e-001 3.63290222e-002 
194 329.09 9.16852914e-001 4.16219624e-002 
195 329.90 9.40232024e-001 4.51028012e-002 
196 330.71 9.99850091e-001 5.26098708e-002 
197 331.51 1.07023617e+000 6.71661262e-002 
198 332.32 1.19658296e+000 8.01628874e-002 
199 333.13 1.42629776e+000 1.09621942e-001 
200 333.94 1.86770854e+000 1.65872490e-001 
201 334.75 2.61804782e+000 2.41613214e-001 
202 335.56 3.70279572e+000 3.41504975e-001 
203 336.36 5.33982952e+000 5.10983156e-001 
204 337.17 7.98248850e+000 7.24171052e-001 
205 337.98 1.17862774e+001 9.28364248e-001 
206 338.79 1.64335295e+001 1.11140631e+000 
207 339.59 2.16552576e+001 1.31017517e+000 
208 340.40 2.63290798e+001 1.43683066e+000 
209 341.21 3.04132515e+001 1.50281727e+000 
210 342.02 3.51340757e+001 1.57674855e+000 
211 342.83 3.90574817e+001 1.68216952e+000 
212 343.64 4.00045475e+001 1.69351102e+000 
213 344.44 4.18578189e+001 1.66276266e+000 
214 345.25 4.67367153e+001 1.71719227e+000 
215 346.06 5.11589694e+001 1.72784897e+000 
216 346.87 5.40675210e+001 1.72492073e+000 
217 347.67 5.60705367e+001 1.70282486e+000 
218 348.48 5.80795508e+001 1.72431263e+000 
219 349.29 6.18452874e+001 1.71427028e+000 
220 350.10 6.78605455e+001 1.71057389e+000 
221 350.91 7.15593417e+001 1.70588384e+000 
222 351.71 7.16284370e+001 1.67788083e+000 
223 352.52 7.33200662e+001 1.61422111e+000 
224 353.33 8.01192462e+001 1.70136461e+000 
225 354.14 8.79915987e+001 1.72032733e+000 
226 354.94 9.12040778e+001 1.72310413e+000 
227 355.75 8.90823093e+001 1.62629130e+000 
228 356.56 8.36811214e+001 1.53144535e+000 
229 357.37 7.86290821e+001 1.46232517e+000 
230 358.18 7.83450052e+001 1.45400298e+000 
231 358.98 8.85709972e+001 1.53967370e+000 
232 359.79 1.01237197e+002 1.56906537e+000 
233 360.60 1.02468041e+002 1.59398463e+000 
234 361.41 1.01462559e+002 1.57650789e+000 
235 362.21 1.07113954e+002 1.61849540e+000 
236 363.02 1.13259610e+002 1.64039314e+000 
237 363.83 1.17151759e+002 1.69896207e+000 
238 364.64 1.23434694e+002 1.77330731e+000 
239 365.44 1.34590057e+002 1.85102444e+000 
240 366.25 1.43575893e+002 1.88621686e+000 
241 367.06 1.44532065e+002 1.90887167e+000 
242 367.87 1.42635201e+002 1.97798619e+000 
243 368.67 1.45283405e+002 2.01126551e+000 
244 369.48 1.51206999e+002 2.00194163e+000 
245 370.29 1.52605039e+002 2.08469884e+000 
246 371.10 1.50896440e+002 2.10196516e+000 
247 371.90 1.46702371e+002 2.03584374e+000 
248 372.71 1.38781235e+002 1.99811215e+000 
249 373.52 1.31707119e+002 1.93714307e+000 
250 374.33 1.32206557e+002 1.97255051e+000 
251 375.13 1.41874631e+002 2.07242176e+000 
252 375.94 1.54767482e+002 2.28145196e+000 
253 376.75 1.69158881e+002 2.49984400e+000 
254 377.55 1.84076727e+002 2.61302784e+000 
255 378.36 1.87174504e+002 2.68160566e+000 
256 379.17 1.78754762e+002 2.74132107e+000 
257 379.98 1.75422085e+002 2.67901272e+000 
258 380.78 1.73567378e+002 2.55017507e+000 
259 381.59 1.57728931e+002 2.40970773e+000 
260 382.40 1.35560685e+002 2.19631845e+000 
261 383.21 1.26967269e+002 2.10191816e+000 
262 384.01 1.38407248e+002 2.12740865e+000 
263 384.82 1.55395922e+002 2.23064387e+000 
264 385.63 1.63149886e+002 2.41317786e+000 
265 386.43 1.65244573e+002 2.43703102e+000 
266 387.24 1.66963314e+002 2.44679782e+000 
267 388.05 1.71164944e+002 2.54061245e+000 
268 388.85 1.82822678e+002 2.64979881e+000 
269 389.66 2.00110287e+002 2.75441559e+000 
270 390.47 2.13778781e+002 2.88242094e+000 
271 391.27 2.13333948e+002 2.77229575e+000 
272 392.08 1.89695201e+002 2.57639131e+000 
273 392.89 1.58038864e+002 2.45500754e+000 
274 393.69 1.54653528e+002 2.35221747e+000 
275 394.50 1.82819863e+002 2.15786934e+000 
276 395.31 2.00900784e+002 2.22678809e+000 
277 396.11 1.89775457e+002 2.54326409e+000 
278 396.92 1.86487637e+002 2.77351776e+000 
279 397.73 2.20717732e+002 2.70618370e+000 
280 398.53 2.69421678e+002 2.99469841e+000 
281 399.34 3.01628908e+002 3.48904945e+000 
282 400.15 3.18345583e+002 3.78238063e+000 
283 400.95 3.29932454e+002 3.90049201e+000 
284 401.76 3.38279271e+002 3.93221815e+000 
285 402.57 3.40862908e+002 4.00892873e+000 
286 403.37 3.39185642e+002 4.04126620e+000 
287 404.18 3.37471186e+002 4.02921766e+000 
288 404.98 3.35644498e+002 4.02478746e+000 
289 405.79 3.34035163e+002 4.02455425e+000 
290 406.60 3.35819323e+002 4.11194302e+000 
291 407.40 3.44473037e+002 4.19447106e+000 
292 408.21 3.56067752e+002 4.18446665e+000 
293 409.02 3.59843003e+002 4.25770972e+000 
294 409.82 3.58105197e+002 4.49687982e+000 
295 410.63 3.64099494e+002 4.50204038e+000 
296 411.44 3.78605123e+002 4.44528462e+000 
297 412.24 3.89334859e+002 4.64937088e+000 
298 413.05 3.92402910e+002 4.82879175e+000 
299 413.85 3.93792711e+002 4.86797016e+000 
300 414.66 3.96657520e+002 4.98557086e+000 
301 415.46 4.00301231e+002 5.04609428e+000 
302 416.27 4.01934596e+002 5.09401001e+000 
303 417.08 3.99426608e+002 5.20969338e+000 
304 417.88 3.95666453e+002 5.27958418e+000 
305 418.69 3.95026726e+002 5.29429580e+000 
306 419.49 3.98878748e+002 5.46015959e+000 
307 420.30 4.05998375e+002 5.57851207e+000 
308 421.11 4.10519033e+002 5.62869788e+000 
309 421.91 4.08528975e+002 5.77058771e+000 
310 422.72 4.03878350e+002 5.86501028e+000 
311 423.52 4.03318398e+002 5.82355916e+000 
312 424.33 4.06254226e+002 5.85536598e+000 
313 425.13 4.07407899e+002 5.89566584e+000 
314 425.94 4.04815136e+002 5.86185000e+000 
315 426.74 4.00908721e+002 5.81300366e+000 
316 427.55 3.95773540e+002 5.69829969e+000 
317 428.35 3.84525563e+002 5.46895851e+000 
318 429.16 3.64702394e+002 5.31012981e+000 
319 429.96 3.48031397e+002 5.37147565e+000 
320 430.77 3.54267069e+002 5.42436966e+000 
321 431.58 3.81933100e+002 5.37681997e+000 
322 432.38 4.10238128e+002 5.65843256e+000 
323 433.19 4.22287310e+002 6.03985235e+000 
324 433.99 4.27016532e+002 6.27445571e+000 
325 434.80 4.37646320e+002 6.36696138e+000 
326 435.60 4.52772032e+002 6.38475343e+000 
327 436.41 4.60542541e+002 6.40567494e+000 
328 437.21 4.55287187e+002 6.43060869e+000 
329 438.02 4.46305774e+002 6.43278361e+000 
330 438.82 4.44465540e+002 6.27973770e+000 
331 439.63 4.52283046e+002 6.19052764e+000 
332 440.43 4.67162438e+002 6.31760562e+000 
333 441.24 4.82205183e+002 6.41214809e+000 
334 442.04 4.94754083e+002 6.44725155e+000 
335 442.84 5.03140748e+002 6.52037566e+000 
336 443.65 5.06598014e+002 6.48498307e+000 
337 444.45 5.05392858e+002 6.40837573e+000 
338 445.26 5.03304428e+002 6.47678125e+000 
339 446.06 5.06322619e+002 6.49013462e+000 
340 446.87 5.15076728e+002 6.35051397e+000 
341 447.67 5.26897950e+002 6.31308734e+000 
342 448.48 5.37251601e+002 6.48404469e+000 
343 449.28 5.46791406e+002 6.58647458e+000 
344 450.09 5.55786259e+002 6.52694650e+000 
345 450.89 5.59358542e+002 6.42276800e+000 
346 451.69 5.53330463e+002 6.39479957e+000 
347 452.50 5.43518850e+002 6.37641592e+000 
348 453.30 5.38276523e+002 6.24151107e+000 
349 454.11 5.39939389e+002 6.09419506e+000 
350 454.91 5.47675737e+002 6.11412334e+000 
351 455.72 5.56169386e+002 6.14303409e+000 
352 456.52 5.62299049e+002 6.09499339e+000 
353 457.32 5.64599303e+002 6.12099328e+000 
354 458.13 5.63339272e+002 6.16574904e+000 
355 458.93 5.62451068e+002 6.17044005e+000 
356 459.74 5.65701589e+002 6.15348686e+000 
357 460.54 5.72480234e+002 6.11797804e+000 
358 461.34 5.79853360e+002 6.12020946e+000 
359 462.15 5.84395418e+002 6.12001725e+000 
360 462.95 5.83854310e+002 6.13880145e+000 
361 463.76 5.80251253e+002 6.15720008e+000 
362 464.56 5.76661620e+002 6.11360657e+000 
363 465.36 5.73493631e+002 5.99983487e+000 
364 466.17 5.72230487e+002 5.96282645e+000 
365 466.97 5.73576840e+002 5.99036757e+000 
366 467.77 5.76097220e+002 5.93735489e+000 
367 468.58 5.78335986e+002 5.86151323e+000 
368 469.38 5.79086679e+002 5.98908809e+000 
369 470.18 5.80956069e+002 6.20367400e+000 
370 470.99 5.86538763e+002 6.26221067e+000 
371 471.79 5.93784497e+002 6.21277069e+000 
372 472.59 6.01318266e+002 6.28202223e+000 
373 473.40 6.07233360e+002 6.34487039e+000 
374 474.20 6.10214424e+002 6.24815649e+000 
375 475.00 6.12105300e+002 6.24907256e+000 
376 475.81 6.14674926e+002 6.41481489e+000 
377 476.61 6.18325965e+002 6.49444706e+000 
378 477.41 6.23319693e+002 6.49570594e+000 
379 478.21 6.28692222e+002 6.57022561e+000 
380 479.02 6.32688599e+002 6.63814164e+000 
381 479.82 6.34892799e+002 6.70446683e+000 
382 480.62 6.37169893e+002 6.73357953e+000 
383 481.43 6.37724974e+002 6.72393392e+000 
384 482.23 6.35757173e+002 6.73514055e+000 
385 483.03 6.30362417e+002 6.67853256e+000 
386 483.84 6.18224071e+002 6.45365535e+000 
387 484.64 5.97026076e+002 6.32088905e+000 
388 485.44 5.75320222e+002 6.49669433e+000 
389 486.24 5.64559380e+002 6.67208711e+000 
390 487.05 5.66982776e+002 6.61458203e+000 
391 487.85 5.81352442e+002 6.62899358e+000 
392 488.65 6.00061308e+002 6.79460771e+000 
393 489.45 6.12214317e+002 6.82210586e+000 
394 490.26 6.15257323e+002 6.78241220e+000 
395 491.06 6.13513098e+002 6.87797124e+000 
396 491.86 6.10573232e+002 7.01052642e+000 
397 492.66 6.10438161e+002 7.08377068e+000 
398 493.46 6.15561302e+002 7.17491962e+000 
399 494.27 6.21703233e+002 7.31708606e+000 
400 495.07 6.25342331e+002 7.47382937e+000 
401 495.87 6.26685479e+002 7.48250403e+000 
402 496.67 6.23559095e+002 7.43477931e+000 
403 497.48 6.18843385e+002 7.43863137e+000 
404 498.28 6.14310710e+002 7.42559972e+000 
405 499.08 6.07768644e+002 7.30732680e+000 
406 499.88 6.00827232e+002 7.25930050e+000 
407 500.68 5.96170697e+002 7.35170337e+000 
408 501.48 5.94310197e+002 7.41369154e+000 
409 502.29 5.95647479e+002 7.40566713e+000 
410 503.09 5.99369287e+002 7.48360823e+000 
411 503.89 6.05362959e+002 7.63879378e+000 
412 504.69 6.11676802e+002 7.69091156e+000 
413 505.49 6.15347996e+002 7.62031669e+000 
414 506.29 6.15757193e+002 7.60800662e+000 
415 507.09 6.13791265e+002 7.68823310e+000 
416 507.90 6.11141236e+002 7.68866762e+000 
417 508.70 6.09402247e+002 7.62359390e+000 
418 509.50 6.09903557e+002 7.60298140e+000 
419 510.30 6.11441658e+002 7.56891594e+000 
420 511.10 6.10144979e+002 7.43024912e+000 
421 511.90 6.05868573e+002 7.30062287e+000 
422 512.70 5.99849366e+002 7.24920464e+000 
423 513.51 5.93354034e+002 7.21928813e+000 
424 514.31 5.86817716e+002 7.04883878e+000 
425 515.11 5.76139219e+002 6.80549205e+000 
426 515.91 5.61426090e+002 6.72263839e+000 
427 516.71 5.48658976e+002 6.76399476e+000 
428 517.51 5.41704788e+002 6.75741215e+000 
429 518.31 5.45091365e+002 6.68491396e+000 
430 519.11 5.57281882e+002 6.67056399e+000 
431 519.91 5.70199351e+002 6.71505774e+000 
432 520.71 5.79869135e+002 6.77010180e+000 
433 521.51 5.84389977e+002 6.86230960e+000 
434 522.32 5.87709672e+002 6.98432161e+000 
435 523.12 5.92277328e+002 7.02791580e+000 
436 523.92 5.95306405e+002 6.90719751e+000 
437 524.72 5.93460177e+002 6.74749019e+000 
438 525.52 5.85828123e+002 6.75385066e+000 
439 526.32 5.78362157e+002 6.85384880e+000 
440 527.12 5.78099063e+002 6.77986429e+000 
441 527.92 5.84973988e+002 6.55217944e+000 
442 528.72 5.96779452e+002 6.42363997e+000 
443 529.52 6.08259855e+002 6.44974788e+000 
444 530.32 6.13031475e+002 6.40038807e+000 
445 531.12 6.10373932e+002 6.38157383e+000 
446 531.92 6.05480774e+002 6.49633674e+000 
447 532.72 6.01614327e+002 6.59309005e+000 
448 533.52 6.01368977e+002 6.56146117e+000 
449 534.32 6.05234045e+002 6.39116054e+000 
450 535.12 6.09034891e+002 6.24322263e+000 
451 535.92 6.09945033e+002 6.23768199e+000 
452 536.72 6.09063558e+002 6.27675902e+000 
453 537.52 6.06117217e+002 6.26555296e+000 
454 538.32 6.01289543e+002 6.23888304e+000 
455 539.12 5.96387447e+002 6.26854187e+000 
456 539.92 5.92928226e+002 6.34463825e+000 
457 540.72 5.91745107e+002 6.31048179e+000 
458 541.52 5.93196468e+002 6.24422261e+000 
459 542.32 5.97557956e+002 6.24800884e+000 
460 543.12 6.02056874e+002 6.23987046e+000 
461 543.92 6.05029840e+002 6.24426176e+000 
462 544.72 6.06682762e+002 6.24014809e+000 
463 545.52 6.06118337e+002 6.21391711e+000 
464 546.31 6.03295407e+002 6.20339936e+000 
465 547.12 6.00263046e+002 6.23040789e+000 
466 547.91 5.98515393e+002 6.20072035e+000 
467 548.71 5.97793967e+002 6.17070945e+000 
468 549.51 5.97978423e+002 6.19603098e+000 
469 550.31 5.98073448e+002 6.23339300e+000 
470 551.11 5.97574576e+002 6.24512877e+000 
471 551.91 5.97166089e+002 6.28901117e+000 
472 552.71 5.97276201e+002 6.34315118e+000 
473 553.51 5.98638266e+002 6.38003991e+000 
474 554.31 5.98943228e+002 6.37815151e+000 
475 555.10 5.96714750e+002 6.38321814e+000 
476 555.90 5.93355656e+002 6.45744637e+000 
477 556.70 5.88878344e+002 6.45215158e+000 
478 557.50 5.82247756e+002 6.39746972e+000 
479 558.30 5.77021608e+002 6.39808496e+000 
480 559.10 5.76427043e+002 6.42530531e+000 
481 559.90 5.76612904e+002 6.38048258e+000 
482 560.70 5.78358250e+002 6.35164791e+000 
483 561.50 5.83283935e+002 6.41458619e+000 
484 562.29 5.86833939e+002 6.48366415e+000 
485 563.09 5.88153246e+002 6.46283692e+000 
486 563.89 5.88848231e+002 6.40195447e+000 
487 564.69 5.88659054e+002 6.40798447e+000 
488 565.49 5.87799299e+002 6.44025283e+000 
489 566.29 5.87543291e+002 6.40267229e+000 
490 567.08 5.89873264e+002 6.30690979e+000 
491 567.88 5.92483010e+002 6.19429319e+000 
492 568.68 5.93440645e+002 6.11221656e+000 
493 569.48 5.92529257e+002 6.02401603e+000 
494 570.27 5.91555300e+002 6.05359103e+000 
495 571.07 5.95273996e+002 6.21800538e+000 
496 571.87 6.02678592e+002 6.36577909e+000 
497 572.67 6.10042787e+002 6.47731844e+000 
498 573.47 6.14919089e+002 6.62087138e+000 
499 574.26 6.13993636e+002 6.74561839e+000 
500 575.06 6.11004342e+002 6.85967332e+000 
501 575.86 6.08086180e+002 6.88247974e+000 
502 576.66 6.04047388e+002 6.90063827e+000 
503 577.46 6.00583415e+002 7.03767556e+000 
504 578.25 5.98066088e+002 7.23183617e+000 
505 579.05 5.96167757e+002 7.35818777e+000 
506 579.85 5.95896111e+002 7.51658035e+000 
507 580.64 5.97062610e+002 7.72675596e+000 
508 581.44 5.98272877e+002 7.88355082e+000 
509 582.24 5.98588841e+002 7.96026540e+000 
510 583.04 5.97766006e+002 7.95339404e+000 
511 583.83 5.94411671e+002 7.89026215e+000 
512 584.63 5.89444463e+002 7.82248629e+000 
513 585.43 5.85153779e+002 7.72126739e+000 
514 586.23 5.81543004e+002 7.55509235e+000 
515 587.02 5.75754088e+002 7.30527425e+000 
516 587.82 5.66879787e+002 7.14019351e+000 
517 588.62 5.58988370e+002 7.10011249e+000 
518 589.41 5.55675937e+002 6.90788452e+000 
519 590.21 5.57671738e+002 6.59311816e+000 
520 591.01 5.64201739e+002 6.35916394e+000 
521 591.80 5.70411009e+002 6.29662575e+000 
522 592.60 5.72774020e+002 6.28770368e+000 
523 593.40 5.72660894e+002 6.25543797e+000 
524 594.19 5.71989124e+002 6.21654923e+000 
525 594.99 5.71603196e+002 6.18042534e+000 
526 595.79 5.71417776e+002 6.15207593e+000 
527 596.58 5.70278118e+002 6.09729850e+000 
528 597.38 5.68920964e+002 6.08534423e+000 
529 598.18 5.67124291e+002 6.09033293e+000 
530 598.97 5.64769952e+002 6.01861917e+000 
531 599.77 5.62333956e+002 5.94118491e+000 
532 600.56 5.60108657e+002 5.88563262e+000 
533 601.36 5.58704948e+002 5.86528276e+000 
534 602.16 5.59677013e+002 5.83575811e+000 
535 602.95 5.62257553e+002 5.80281882e+000 
536 603.75 5.65166697e+002 5.79121931e+000 
537 604.54 5.66712893e+002 5.80476687e+000 
538 605.34 5.66466559e+002 5.81073591e+000 
539 606.14 5.65248778e+002 5.78408216e+000 
540 606.93 5.63281960e+002 5.79994248e+000 
541 607.73 5.60855110e+002 5.85094069e+000 
542 608.52 5.58007222e+002 5.91914871e+000 
543 609.32 5.55216067e+002 6.02040861e+000 
544 610.12 5.53446889e+002 6.04281114e+000 
545 610.91 5.52237683e+002 5.98866868e+000 
546 611.71 5.50108131e+002 5.93771207e+000 
547 612.50 5.47659998e+002 5.94819531e+000 
548 613.30 5.45183895e+002 5.97243754e+000 
549 614.09 5.42577249e+002 5.94693665e+000 
550 614.89 5.39114298e+002 5.92809561e+000 
551 615.68 5.36356562e+002 6.01728539e+000 
552 616.48 5.35895092e+002 6.13371576e+000 
553 617.27 5.37253344e+002 6.17398921e+000 
554 618.07 5.40685277e+002 6.21098757e+000 
555 618.86 5.44600491e+002 6.25342365e+000 
556 619.66 5.46436333e+002 6.17576748e+000 
557 620.45 5.45840609e+002 6.06054209e+000 
558 621.25 5.43863491e+002 6.00987445e+000 
559 622.04 5.40205902e+002 6.00841159e+000 
560 622.84 5.35844913e+002 6.03068840e+000 
561 623.63 5.31741648e+002 6.10041063e+000 
562 624.43 5.28448911e+002 6.16034079e+000 
563 625.22 5.27609554e+002 6.13822797e+000 
564 626.02 5.27445683e+002 6.00520542e+000 
565 626.81 5.27986491e+002 5.94883441e+000 
566 627.61 5.27867826e+002 6.02299842e+000 
567 628.40 5.26236566e+002 6.07872999e+000 
568 629.19 5.23668297e+002 6.11437671e+000 
569 629.99 5.21085413e+002 6.15949586e+000 
570 630.78 5.18410013e+002 6.28592984e+000 
571 631.58 5.17220599e+002 6.43224451e+000 
572 632.37 5.16507562e+002 6.58144024e+000 
573 633.17 5.16042873e+002 6.71916651e+000 
574 633.96 5.15411052e+002 6.82069934e+000 
575 634.76 5.13671281e+002 6.84073694e+000 
576 635.55 5.12291966e+002 6.86366600e+000 
577 636.34 5.11824886e+002 6.84098643e+000 
578 637.14 5.11684037e+002 6.79337366e+000 
579 637.93 5.10497563e+002 6.74387489e+000 
580 638.73 5.07016251e+002 6.73306788e+000 
581 639.52 5.02528953e+002 6.78101375e+000 
582 640.31 4.98222437e+002 6.84803956e+000 
583 641.11 4.95430877e+002 6.86127447e+000 
584 641.90 4.94437627e+002 6.82996638e+000 
585 642.69 4.94110029e+002 6.77442794e+000 
586 643.49 4.92962379e+002 6.71471105e+000 
587 644.28 4.90909623e+002 6.63654677e+000 
588 645.07 4.88049521e+002 6.56398917e+000 
589 645.87 4.85976099e+002 6.48406693e+000 
590 646.66 4.84630910e+002 6.31580877e+000 
591 647.45 4.83011014e+002 6.08479972e+000 
592 648.25 4.79566689e+002 5.86130144e+000 
593 649.04 4.75694339e+002 5.74169353e+000 
594 649.83 4.73848079e+002 5.65078462e+000 
595 650.63 4.74404699e+002 5.57162881e+000 
596 651.42 4.75842870e+002 5.61456308e+000 
597 652.21 4.75485599e+002 5.67214982e+000 
598 653.00 4.73082329e+002 5.59117255e+000 
599 653.80 4.66799977e+002 5.32461502e+000 
600 654.59 4.52825379e+002 4.98208641e+000 
601 655.38 4.34564629e+002 4.87375831e+000 
602 656.17 4.23940560e+002 4.94630931e+000 
603 656.97 4.26889614e+002 4.82490051e+000 
604 657.76 4.39942076e+002 4.70799418e+000 
605 658.55 4.52495931e+002 4.78643901e+000 
606 659.34 4.58577806e+002 4.85719496e+000 
607 660.14 4.61398545e+002 4.84905329e+000 
608 660.93 4.63599125e+002 4.79149221e+000 
609 661.72 4.64534267e+002 4.71903395e+000 
610 662.51 4.63617850e+002 4.64571353e+000 
611 663.31 4.62049237e+002 4.62852639e+000 
612 664.10 4.61472848e+002 4.63761220e+000 
613 664.89 4.61581112e+002 4.66796657e+000 
614 665.68 4.61583507e+002 4.71967336e+000 
615 666.48 4.61003835e+002 4.68285477e+000 
616 667.27 4.60423787e+002 4.57777673e+000 
617 668.06 4.60525959e+002 4.52728009e+000 
618 668.85 4.60222154e+002 4.52774017e+000 
619 669.64 4.58990090e+002 4.56836542e+000 
620 670.43 4.56702458e+002 4.60215032e+000 
621 671.22 4.54603994e+002 4.62733245e+000 
622 672.02 4.53803122e+002 4.60183853e+000 
623 672.81 4.53980638e+002 4.56362701e+000 
624 673.60 4.53898096e+002 4.54314894e+000 
625 674.39 4.53182609e+002 4.54619959e+000 
626 675.18 4.52342538e+002 4.54634222e+000 
627 675.97 4.51759233e+002 4.56930789e+000 
628 676.76 4.51396889e+002 4.62936371e+000 
629 677.56 4.50457064e+002 4.74051535e+000 
630 678.35 4.48938197e+002 4.87693014e+000 
631 679.14 4.47366217e+002 5.05172832e+000 
632 679.93 4.45490679e+002 5.23667625e+000 
633 680.72 4.43844007e+002 5.41053506e+000 
634 681.51 4.42311483e+002 5.52856639e+000 
635 682.30 4.40395188e+002 5.57103046e+000 
636 683.09 4.37239641e+002 5.58136563e+000 
637 683.88 4.33472947e+002 5.59282183e+000 
638 684.67 4.28728625e+002 5.47413039e+000 
639 685.46 4.18410880e+002 5.18002724e+000 
640 686.26 4.00794964e+002 5.73790539e+000 
641 687.05 3.85543279e+002 7.02799044e+000 
642 687.84 3.81804848e+002 7.30441740e+000 
643 688.63 3.86705384e+002 6.75348393e+000 
644 689.42 3.91676078e+002 6.27894858e+000 
645 690.21 3.95210285e+002 5.95740861e+000 
646 691.00 3.98819384e+002 5.64700269e+000 
647 691.79 4.02651183e+002 5.46916802e+000 
648 692.58 4.05972002e+002 5.51414724e+000 
649 693.37 4.07845675e+002 5.66196819e+000 
650 694.16 4.08113064e+002 5.74329386e+000 
651 694.95 4.07187935e+002 5.75872194e+000 
652 695.74 4.06069974e+002 5.74015476e+000 
653 696.53 4.03871654e+002 5.70215535e+000 
654 697.32 4.00787279e+002 5.66809412e+000 
655 698.11 3.98558701e+002 5.57570514e+000 
656 698.90 3.97241282e+002 5.41981599e+000 
657 699.68 3.95071653e+002 5.32924533e+000 
658 700.47 3.91506150e+002 5.30781516e+000 
659 701.26 3.88258507e+002 5.19353457e+000 
660 702.05 3.86493425e+002 4.97660266e+000 
661 702.84 3.86413246e+002 4.76158477e+000 
662 703.63 3.87446706e+002 4.59954468e+000 
663 704.42 3.88435750e+002 4.45407496e+000 
664 705.21 3.87658766e+002 4.33815749e+000 
665 706.00 3.86148333e+002 4.35775317e+000 
666 706.79 3.84744246e+002 4.38770705e+000 
667 707.58 3.83506039e+002 4.31623943e+000 
668 708.37 3.81646381e+002 4.16959566e+000 
669 709.15 3.80173652e+002 4.05192292e+000 
670 709.94 3.79564638e+002 3.96002459e+000 
671 710.73 3.78344806e+002 3.91543597e+000 
672 711.52 3.76026791e+002 3.89747731e+000 
673 712.31 3.74179337e+002 3.83518261e+000 
674 713.10 3.73618722e+002 3.74151020e+000 
675 713.88 3.73212097e+002 3.68462993e+000 
676 714.67 3.71940971e+002 3.74049872e+000 
677 715.46 3.69801888e+002 3.85605654e+000 
678 716.25 3.67123222e+002 4.19085904e+000 
679 717.04 3.63342538e+002 4.62603293e+000 
680 717.83 3.57475251e+002 4.93474549e+000 
681 718.61 3.51942647e+002 5.20827967e+000 
682 719.40 3.49981139e+002 5.25770274e+000 
683 720.19 3.51203739e+002 5.01859858e+000 
684 720.98 3.54064267e+002 4.57400201e+000 
685 721.76 3.56556528e+002 4.21263249e+000 
686 722.55 3.56416278e+002 4.17262134e+000 
687 723.34 3.54892778e+002 4.51316951e+000 
688 724.13 3.53677214e+002 4.74292452e+000 
689 724.91 3.53521801e+002 4.67223563e+000 
690 725.70 3.53601788e+002 4.55430087e+000 
691 726.49 3.53298791e+002 4.49566647e+000 
692 727.28 3.51860465e+002 4.51712459e+000 
693 728.06 3.48838324e+002 4.50202395e+000 
694 728.85 3.46195051e+002 4.51805039e+000 
695 729.64 3.46815122e+002 4.51500919e+000 
696 730.42 3.48282584e+002 4.48265275e+000 
697 731.21 3.48624610e+002 4.43625766e+000 
698 732.00 3.48593736e+002 4.28223520e+000 
699 732.78 3.48259600e+002 4.17045102e+000 
700 733.57 3.48674291e+002 4.13696839e+000 
701 734.36 3.48076128e+002 4.14164883e+000 
702 735.15 3.45874629e+002 4.20593615e+000 
703 735.93 3.43607983e+002 4.30373232e+000 
704 736.72 3.42188249e+002 4.36258113e+000 
705 737.51 3.40110726e+002 4.34290380e+000 
706 738.29 3.36098679e+002 4.38849009e+000 
707 739.08 3.33019423e+002 4.42074054e+000 
708 739.86 3.31684528e+002 4.40132816e+000 
709 740.65 3.29272524e+002 4.44565816e+000 
710 741.44 3.27319809e+002 4.51125268e+000 
711 742.22 3.28116566e+002 4.46585985e+000 
712 743.01 3.29654183e+002 4.27626959e+000 
713 743.79 3.29111483e+002 4.06593364e+000 
714 744.58 3.27453316e+002 3.94192381e+000 
715 745.37 3.27484917e+002 3.88981076e+000 
716 746.15 3.27263294e+002 3.88432213e+000 
717 746.94 3.26150931e+002 3.82644037e+000 
718 747.72 3.24037473e+002 3.72673618e+000 
719 748.51 3.21033360e+002 3.68530873e+000 
720 749.29 3.18260403e+002 3.71472240e+000 
721 750.08 3.16369542e+002 3.68575992e+000 
722 750.86 3.14520918e+002 3.70613879e+000 
723 751.65 3.13116461e+002 3.83977944e+000 
724 752.43 3.12120971e+002 3.93296731e+000 
725 753.22 3.11857073e+002 3.91111214e+000 
726 754.00 3.11563220e+002 3.83795851e+000 
727 754.79 3.09197853e+002 3.67870451e+000 
728 755.57 3.06571537e+002 3.49144710e+000 
729 756.36 3.04846698e+002 3.42272224e+000 
730 757.14 3.03109229e+002 3.35657043e+000 
731 757.93 2.96175474e+002 2.98513734e+000 
732 758.71 2.67703828e+002 3.79409926e+000 
733 759.49 2.07564515e+002 9.87570157e+000 
734 760.28 1.57539062e+002 1.71482284e+001 
735 761.06 1.61507085e+002 1.79652425e+001 
736 761.85 1.87305528e+002 1.47269758e+001 
737 762.63 1.97603660e+002 1.34500424e+001 
738 763.41 2.02114478e+002 1.28183759e+001 
739 764.20 2.13530431e+002 1.12157384e+001 
740 764.98 2.28697741e+002 8.74465885e+000 
741 765.77 2.42699139e+002 6.09718554e+000 
742 766.55 2.56222643e+002 4.10895481e+000 
743 767.33 2.68618414e+002 3.10600904e+000 
744 768.12 2.76382665e+002 2.68469988e+000 
745 768.90 2.79699537e+002 2.51645126e+000 
746 769.68 2.80965102e+002 2.42542376e+000 
747 770.47 2.81239244e+002 2.37884396e+000 
748 771.25 2.80350545e+002 2.40586447e+000 
749 772.03 2.80039992e+002 2.49652099e+000 
750 772.82 2.80510690e+002 2.56129668e+000 
751 773.60 2.79647291e+002 2.61453921e+000 
752 774.38 2.77082289e+002 2.67263822e+000 
753 775.17 2.76086768e+002 2.67818753e+000 
754 775.95 2.76786948e+002 2.64513923e+000 
755 776.73 2.76160821e+002 2.62143586e+000 
756 777.51 2.74664679e+002 2.60721743e+000 
757 778.30 2.73884885e+002 2.64425326e+000 
758 779.08 2.72649236e+002 2.66111724e+000 
759 779.86 2.71276926e+002 2.63360086e+000 
760 780.64 2.71048782e+002 2.62985158e+000 
761 781.43 2.72094406e+002 2.57035091e+000 
762 782.21 2.71733734e+002 2.40996336e+000 
763 782.99 2.68755120e+002 2.29686915e+000 
764 783.77 2.67031899e+002 2.32152206e+000 
765 784.55 2.66658604e+002 2.43182693e+000 
766 785.34 2.66511659e+002 2.47649668e+000 
767 786.12 2.66488800e+002 2.47035280e+000 
768 786.90 2.65577268e+002 2.49600424e+000 
769 787.68 2.63509115e+002 2.60122162e+000 
770 788.46 2.61753249e+002 2.76568962e+000 
771 789.24 2.60967312e+002 2.95728401e+000 
772 790.03 2.60102509e+002 3.03921185e+000 
773 790.81 2.58095416e+002 2.95624923e+000 
774 791.59 2.54843516e+002 2.92997059e+000 
775 792.37 2.51668706e+002 3.00441655e+000 
776 793.15 2.49207783e+002 2.99946608e+000 
777 793.93 2.48100494e+002 2.90997810e+000 
778 794.71 2.48858030e+002 2.88117875e+000 
779 795.49 2.49656698e+002 2.91473797e+000 
780 796.27 2.49332412e+002 2.94179738e+000 
781 797.05 2.49596103e+002 2.90635670e+000 
782 797.83 2.49619481e+002 2.80211134e+000 
783 798.62 2.48183470e+002 2.68350672e+000 
784 799.40 2.46061415e+002 2.61694161e+000 
785 800.18 2.43866383e+002 2.65407385e+000 
786 800.96 2.42350772e+002 2.79930154e+000 
787 801.74 2.41890411e+002 2.86721726e+000 
788 802.52 2.41539829e+002 2.78591036e+000 
789 803.30 2.40611292e+002 2.66610111e+000 
790 804.08 2.38158074e+002 2.57240268e+000 
791 804.86 2.35220044e+002 2.45950554e+000 
792 805.64 2.34202807e+002 2.43757077e+000 
793 806.41 2.34931662e+002 2.52832081e+000 
794 807.20 2.35114914e+002 2.57296361e+000 
795 807.97 2.32563943e+002 2.58952862e+000 
796 808.75 2.28625065e+002 2.61293381e+000 
797 809.53 2.26541417e+002 2.60231013e+000 
798 810.31 2.27626485e+002 2.60731471e+000 
799 811.09 2.29398518e+002 2.66266988e+000 
800 811.87 2.29116106e+002 2.69791533e+000 
801 812.65 2.26881524e+002 2.76006378e+000 
802 813.43 2.23607279e+002 2.85058899e+000 
803 814.21 2.20135505e+002 2.95431658e+000 
804 814.99 2.18156857e+002 3.07794330e+000 
805 815.76 2.17208773e+002 3.25067430e+000 
806 816.54 2.16299953e+002 3.31704389e+000 
807 817.32 2.14016533e+002 3.21415221e+000 
808 818.10 2.10632110e+002 3.02387052e+000 
809 818.88 2.08195164e+002 2.84298352e+000 
810 819.66 2.07483303e+002 2.68253840e+000 
811 820.43 2.08680524e+002 2.65684194e+000 
812 821.21 2.09624612e+002 2.76671426e+000 
813 821.99 2.07273178e+002 2.97175338e+000 
814 822.77 2.03917845e+002 3.17071679e+000 
815 823.55 2.02879393e+002 3.13392572e+000 
816 824.32 2.03772283e+002 2.91971780e+000 
817 825.10 2.06068580e+002 2.79478902e+000 
818 825.88 2.07836113e+002 2.77879797e+000 
819 826.66 2.06632310e+002 2.79897943e+000 
820 827.43 2.03678374e+002 2.78432151e+000 
821 828.21 2.00811541e+002 2.74600550e+000 
822 828.99 1.99589959e+002 2.70290797e+000 
823 829.76 2.00089369e+002 2.69149536e+000 
824 830.54 2.00541173e+002 2.69617707e+000 
825 831.32 1.99174568e+002 2.67566080e+000 
826 832.10 1.96399957e+002 2.60566780e+000 
827 832.87 1.93106009e+002 2.50326550e+000 
828 833.65 1.91813959e+002 2.44332044e+000 
829 834.42 1.93559895e+002 2.45521354e+000 
830 835.20 1.96337327e+002 2.46528390e+000 
831 835.98 1.96994350e+002 2.41038935e+000 
832 836.75 1.95192078e+002 2.26944488e+000 
833 837.53 1.91877266e+002 2.13347451e+000 
834 838.30 1.89782637e+002 2.07372847e+000 
835 839.08 1.90109927e+002 2.09664615e+000 
836 839.86 1.91598534e+002 2.16864947e+000 
837 840.63 1.91539610e+002 2.22786095e+000 
838 841.41 1.89202768e+002 2.21688361e+000 
839 842.18 1.85673403e+002 2.14071381e+000 
840 842.96 1.82750877e+002 2.08150005e+000 
841 843.74 1.82113712e+002 2.06611391e+000 
842 844.51 1.83525289e+002 2.08152143e+000 
843 845.28 1.85048895e+002 2.06696776e+000 
844 846.06 1.85151932e+002 1.97159088e+000 
845 846.84 1.82823691e+002 1.86176878e+000 
846 847.61 1.78904161e+002 1.78968167e+000 
847 848.38 1.75131753e+002 1.75836312e+000 
848 849.16 1.73474349e+002 1.77575761e+000 
849 849.93 1.73276975e+002 1.84034744e+000 
850 850.71 1.73644800e+002 1.88311744e+000 
851 851.48 1.71927496e+002 1.84095856e+000 
852 852.26 1.67520015e+002 1.76472732e+000 
853 853.03 1.62020891e+002 1.69803463e+000 
854 853.81 1.58030243e+002 1.68680287e+000 
855 854.58 1.58343749e+002 1.80631622e+000 
856 855.35 1.62454054e+002 2.01682251e+000 
857 856.13 1.67043593e+002 2.16853288e+000 
858 856.90 1.68827870e+002 2.18522215e+000 
859 857.68 1.67772479e+002 2.15187891e+000 
860 858.45 1.65822670e+002 2.09964388e+000 
861 859.22 1.64419139e+002 2.04401731e+000 
862 860.00 1.64752277e+002 2.05102492e+000 
863 860.77 1.66056662e+002 2.08540354e+000 
864 861.54 1.66276718e+002 2.10318705e+000 
865 862.32 1.64898879e+002 2.06079821e+000 
866 863.09 1.62087420e+002 1.99194185e+000 
867 863.86 1.57661048e+002 1.89460408e+000 
868 864.63 1.54037360e+002 1.81635204e+000 
869 865.41 1.51381630e+002 1.75998407e+000 
870 866.18 1.50307353e+002 1.72641696e+000 
871 866.95 1.50649099e+002 1.70790996e+000 
872 867.73 1.51341190e+002 1.68987264e+000 
873 868.50 1.51328665e+002 1.65605138e+000 
874 869.27 1.50963065e+002 1.60503950e+000 
875 870.04 1.51250758e+002 1.60000952e+000 
876 870.81 1.52585324e+002 1.66957626e+000 
877 871.59 1.53309145e+002 1.74600436e+000 
878 872.36 1.53180877e+002 1.83015768e+000 
879 873.13 1.51508743e+002 1.89609238e+000 
880 873.90 1.48730852e+002 1.92159027e+000 
881 874.67 1.45853491e+002 1.92055593e+000 
882 875.44 1.44730220e+002 1.95100000e+000 
883 876.22 1.45582741e+002 1.96485967e+000 
884 876.99 1.46749623e+002 1.93653512e+000 
885 877.76 1.47246855e+002 1.87197148e+000 
886 878.53 1.46113621e+002 1.76690854e+000 
887 879.30 1.43481329e+002 1.66899838e+000 
888 880.07 1.40767886e+002 1.60909265e+000 
889 880.84 1.39492638e+002 1.59764704e+000 
890 881.61 1.40014963e+002 1.61005288e+000 
891 882.38 1.41178449e+002 1.60745959e+000 
892 883.15 1.42418698e+002 1.58129073e+000 
893 883.92 1.41784818e+002 1.50765142e+000 
894 884.69 1.39583010e+002 1.42861338e+000 
895 885.46 1.37067394e+002 1.38093230e+000 
896 886.24 1.35007832e+002 1.36390719e+000 
897 887.01 1.34281807e+002 1.38032430e+000 
898 887.77 1.34822931e+002 1.41940746e+000 
899 888.55 1.35955020e+002 1.46708746e+000 
900 889.31 1.36580939e+002 1.51578020e+000 
901 890.08 1.35272834e+002 1.54089066e+000 
902 890.85 1.32709092e+002 1.55275014e+000 
903 891.62 1.30291519e+002 1.57232699e+000 
904 892.39 1.28639060e+002 1.59162393e+000 
905 893.16 1.28632536e+002 1.64855479e+000 
906 893.93 1.29393096e+002 1.70232819e+000 
907 894.70 1.29429090e+002 1.74477187e+000 
908 895.47 1.27864724e+002 1.77093168e+000 
909 896.24 1.25124612e+002 1.80775149e+000 
910 897.01 1.22070189e+002 1.87082037e+000 
911 897.77 1.19839099e+002 1.95269237e+000 
912 898.54 1.18980987e+002 2.04183942e+000 
913 899.31 1.18795037e+002 2.08911077e+000 
914 900.08 1.18393480e+002 2.06502054e+000 
915 900.85 1.17675337e+002 1.97475281e+000 
916 901.62 1.16361830e+002 1.84477316e+000 
917 902.38 1.15144718e+002 1.73669343e+000 
918 903.15 1.14715781e+002 1.69784493e+000 
919 903.92 1.14958471e+002 1.70871848e+000 
920 904.69 1.15404708e+002 1.74475544e+000 
921 905.46 1.15724636e+002 1.79348616e+000 
922 906.22 1.15452052e+002 1.84049856e+000 
923 906.99 1.14087502e+002 1.86069277e+000 
924 907.76 1.12010645e+002 1.85800443e+000 
925 908.52 1.09871421e+002 1.85631611e+000 
926 909.29 1.08403536e+002 1.87320767e+000 
927 910.06 1.07952095e+002 1.90955243e+000 
928 910.83 1.08156406e+002 1.94536002e+000 
929 911.59 1.08596098e+002 1.98068092e+000 
930 912.36 1.08598479e+002 1.99206134e+000 
931 913.13 1.07930631e+002 1.97454571e+000 
932 913.89 1.06665537e+002 1.92496281e+000 
933 914.66 1.05111991e+002 1.87285236e+000 
934 915.43 1.03845399e+002 1.82429028e+000 
935 916.19 1.03160476e+002 1.78003596e+000 
936 916.96 1.02945504e+002 1.74972579e+000 
937 917.72 1.02974148e+002 1.71900276e+000 
938 918.49 1.02712267e+002 1.68324516e+000 
939 919.26 1.01969158e+002 1.62427008e+000 
940 920.02 1.00675310e+002 1.56077747e+000 
941 920.79 9.91128594e+001 1.50456413e+000 
942 921.55 9.76138523e+001 1.46069747e+000 
943 922.32 9.65987530e+001 1.44699831e+000 
944 923.08 9.60289977e+001 1.45304109e+000 
945 923.85 9.57742170e+001 1.47933984e+000 
946 924.61 9.54493828e+001 1.50437147e+000 
947 925.38 9.47186493e+001 1.53707459e+000 
948 926.14 9.34937939e+001 1.57448080e+000 
949 926.91 9.17475118e+001 1.62214847e+000 
950 927.67 8.97292201e+001 1.69599428e+000 
951 928.44 8.77452245e+001 1.81913899e+000 
952 929.20 8.58641824e+001 1.98509277e+000 
953 929.97 8.39906222e+001 2.17730294e+000 
954 930.73 8.18282571e+001 2.36497932e+000 
955 931.50 7.94028646e+001 2.52744188e+000 
956 932.26 7.67356225e+001 2.64796916e+000 
957 933.02 7.41745241e+001 2.73963313e+000 
958 933.79 7.20687497e+001 2.78205571e+000 
959 934.55 7.07627194e+001 2.79577992e+000 
960 935.32 7.02224716e+001 2.77713264e+000 
961 936.08 7.01851635e+001 2.72203733e+000 
962 936.84 7.04458427e+001 2.63549194e+000 
963 937.61 7.06653539e+001 2.51895907e+000 
964 938.37 7.05890091e+001 2.37062114e+000 
965 939.13 7.02001781e+001 2.22193846e+000 
966 939.89 6.96569109e+001 2.08551231e+000 
967 940.66 6.89572756e+001 1.98191436e+000 
968 941.42 6.84610718e+001 1.92490482e+000 
969 942.18 6.79361851e+001 1.90733477e+000 
970 942.95 6.73936695e+001 1.92026710e+000 
971 943.71 6.67787782e+001 1.95443591e+000 
972 944.47 6.60046160e+001 1.97980365e+000 
973 945.23 6.51390790e+001 1.99031927e+000 
974 946.00 6.44283630e+001 1.98786421e+000 
975 946.76 6.40004920e+001 1.97897482e+000 
976 947.52 6.38352340e+001 1.96158228e+000 
977 948.28 6.39398415e+001 1.95039750e+000 
978 949.05 6.41006125e+001 1.92879649e+000 
979 949.81 6.40802046e+001 1.89499902e+000 
980 950.57 6.36971233e+001 1.83863085e+000 
981 951.33 6.30296953e+001 1.76886345e+000 
982 952.09 6.22200379e+001 1.70131593e+000 
983 952.85 6.15089529e+001 1.65215656e+000 
984 953.61 6.11097900e+001 1.63322093e+000 
985 954.38 6.10624458e+001 1.62896976e+000 
986 955.14 6.11056882e+001 1.63145952e+000 
987 955.90 6.11092971e+001 1.62469570e+000 
988 956.66 6.09975691e+001 1.60336038e+000 
989 957.42 6.06725821e+001 1.56244998e+000 
990 958.18 6.02135696e+001 1.51443768e+000 
991 958.94 5.97855232e+001 1.47041373e+000 
992 959.70 5.95939470e+001 1.42455518e+000 
993 960.46 5.95747819e+001 1.38207303e+000 
994 961.22 5.96715228e+001 1.33653630e+000 
995 961.98 5.97374929e+001 1.29405286e+000 
996 962.74 5.95352625e+001 1.23889607e+000 
997 963.50 5.91298844e+001 1.17361208e+000 
998 964.26 5.85267661e+001 1.10777761e+000 
999 965.02 5.79690160e+001 1.04741806e+000 
1000 965.78 5.76152201e+001 9.96591019e-001 
1001 966.54 5.75130867e+001 9.53098892e-001 
1002 967.30 5.75567967e+001 9.18904375e-001 
1003 968.06 5.75241763e+001 8.81627270e-001 
1004 968.82 5.71159357e+001 8.38873850e-001 
1005 969.58 5.64552678e+001 8.01589478e-001 
1006 970.34 5.58267652e+001 7.71088848e-001 
1007 971.10 5.53162803e+001 7.53045723e-001 
1008 971.86 5.49900627e+001 7.47837595e-001 
1009 972.62 5.47838069e+001 7.50731137e-001 
1010 973.38 5.44079579e+001 7.44318445e-001 
1011 974.14 5.38144236e+001 7.34281732e-001 
1012 974.89 5.30963119e+001 7.19462757e-001 
1013 975.65 5.24077853e+001 7.08082641e-001 
1014 976.41 5.18493649e+001 7.00895135e-001 
1015 977.17 5.15537073e+001 6.91487872e-001 
1016 977.93 5.13296126e+001 6.75918747e-001 
1017 978.69 5.09745740e+001 6.53667315e-001 
1018 979.45 5.04434101e+001 6.31464390e-001 
1019 980.20 4.98476388e+001 6.12222626e-001 
1020 980.96 4.94101994e+001 6.00423595e-001 
1021 981.72 4.91541090e+001 5.94390122e-001 
1022 982.48 4.89503810e+001 5.86107966e-001 
1023 983.24 4.85209854e+001 5.66082894e-001 
1024 983.99 4.78288522e+001 5.39793373e-001 
1025 984.75 4.71849091e+001 5.23590068e-001 
1026 985.51 4.68352870e+001 5.15919274e-001 
1027 986.26 4.66108720e+001 5.16177080e-001 
1028 987.02 4.61291829e+001 4.97614687e-001 
1029 987.78 4.53541139e+001 4.78973095e-001 
1030 988.54 4.46210571e+001 4.65976643e-001 
1031 989.29 4.42007996e+001 4.57853651e-001 
1032 990.05 4.38990622e+001 4.51653729e-001 
1033 990.81 4.32086253e+001 4.35744295e-001 
1034 991.56 4.23405614e+001 4.21277415e-001 
1035 992.32 4.17178798e+001 4.23130784e-001 
1036 993.08 4.11470337e+001 4.20025806e-001 
1037 993.83 4.02791589e+001 4.12126228e-001 
1038 994.59 3.93161461e+001 4.00673106e-001 
1039 995.35 3.85790327e+001 3.97411756e-001 
1040 996.10 2.47527517e+000 1.92064788e-002 
1041 996.86 1.31269941e-001 5.93587467e-003 
1042 997.62 7.33347854e-002 7.52679073e-003 
1043 998.37 7.03549001e-002 7.43892409e-003 
