% Radiance calibration [Resp in cts/ms / W/(m^2.sr.um)] for 4STAR VIS spectrometer (1044 channels) derived from 20141024_011_VIS_park.dat on 2015-01-08 15:11:08. 
% Calibration used only data with Lamps_3 and 32 ms (vis), 400 ms (nir). 
% Also requires calibrated radiance from 20140606091700HISS.txt. 
Pix  Wavelength     resp       rate        rad 
0    171.85  NaN 0.00000000e+00 NaN 
1    172.67  NaN 4.20004013e-02 NaN 
2    173.48  NaN 1.21203017e-02 NaN 
3    174.29  NaN 2.60671245e-02 NaN 
4    175.10  NaN 8.13606333e-01 NaN 
5    175.91  NaN 8.55956637e-01 NaN 
6    176.72  NaN 8.48927901e-01 NaN 
7    177.54  NaN 8.40895539e-01 NaN 
8    178.35  NaN 8.71270902e-01 NaN 
9    179.16  NaN 8.56695838e-01 NaN 
10   179.97  NaN 8.49991613e-01 NaN 
11   180.78  NaN 8.30136251e-01 NaN 
12   181.59  NaN 8.31279337e-01 NaN 
13   182.41  NaN 8.19687309e-01 NaN 
14   183.22  NaN 7.86066675e-01 NaN 
15   184.03  NaN 8.09902722e-01 NaN 
16   184.84  NaN 7.87753295e-01 NaN 
17   185.65  NaN 7.94148963e-01 NaN 
18   186.46  NaN 7.85084133e-01 NaN 
19   187.28  NaN 7.70291580e-01 NaN 
20   188.09  NaN 7.90969471e-01 NaN 
21   188.90  NaN 7.67495589e-01 NaN 
22   189.71  NaN 7.30696126e-01 NaN 
23   190.52  NaN 7.59849397e-01 NaN 
24   191.33  NaN 7.47239154e-01 NaN 
25   192.14  NaN 7.53922725e-01 NaN 
26   192.96  NaN 7.49015931e-01 NaN 
27   193.77  NaN 7.33009388e-01 NaN 
28   194.58  NaN 7.14526916e-01 NaN 
29   195.39  NaN 6.97846195e-01 NaN 
30   196.20  NaN 7.13149607e-01 NaN 
31   197.01  NaN 7.20511345e-01 NaN 
32   197.83  NaN 7.04054629e-01 NaN 
33   198.64  NaN 6.71832490e-01 NaN 
34   199.45  NaN 7.12991368e-01 NaN 
35   200.26  NaN 6.96294729e-01 NaN 
36   201.07  NaN 6.78110813e-01 NaN 
37   201.88  NaN 7.01348797e-01 NaN 
38   202.69  NaN 6.61865971e-01 NaN 
39   203.51  NaN 6.79296307e-01 NaN 
40   204.32  NaN 6.60133781e-01 NaN 
41   205.13  NaN 6.59264453e-01 NaN 
42   205.94  NaN 6.60966936e-01 NaN 
43   206.75  NaN 6.42695053e-01 NaN 
44   207.56  NaN 6.31515485e-01 NaN 
45   208.37  NaN 6.48435287e-01 NaN 
46   209.18  NaN 6.41485221e-01 NaN 
47   210.00  NaN 6.48327933e-01 NaN 
48   210.81  NaN 6.50336915e-01 NaN 
49   211.62  NaN 6.31186018e-01 NaN 
50   212.43  NaN 6.29303094e-01 NaN 
51   213.24  NaN 6.34014424e-01 NaN 
52   214.05  NaN 6.50210405e-01 NaN 
53   214.86  NaN 6.21973267e-01 NaN 
54   215.68  NaN 6.22664159e-01 NaN 
55   216.49  NaN 6.30268673e-01 NaN 
56   217.30  NaN 6.09441132e-01 NaN 
57   218.11  NaN 5.98398704e-01 NaN 
58   218.92  NaN 6.06949679e-01 NaN 
59   219.73  NaN 5.77082466e-01 NaN 
60   220.54  NaN 6.09257784e-01 NaN 
61   221.35  NaN 5.68332587e-01 NaN 
62   222.17  NaN 6.13558891e-01 NaN 
63   222.98  NaN 5.76741865e-01 NaN 
64   223.79  NaN 5.90139702e-01 NaN 
65   224.60  NaN 5.90555109e-01 NaN 
66   225.41  NaN 5.84712606e-01 NaN 
67   226.22  NaN 5.77138660e-01 NaN 
68   227.03  NaN 5.68006842e-01 NaN 
69   227.84  NaN 5.86789122e-01 NaN 
70   228.65  NaN 5.57882688e-01 NaN 
71   229.47  NaN 5.63316310e-01 NaN 
72   230.28  NaN 5.83100495e-01 NaN 
73   231.09  NaN 5.64240841e-01 NaN 
74   231.90  NaN 5.48657095e-01 NaN 
75   232.71  NaN 5.56935970e-01 NaN 
76   233.52  NaN 5.58478328e-01 NaN 
77   234.33  NaN 5.37284185e-01 NaN 
78   235.14  NaN 5.63256694e-01 NaN 
79   235.95  NaN 5.36076050e-01 NaN 
80   236.77  NaN 5.61874186e-01 NaN 
81   237.58  NaN 5.58323740e-01 NaN 
82   238.39  NaN 5.41889878e-01 NaN 
83   239.20  NaN 5.63215020e-01 NaN 
84   240.01  NaN 5.44609657e-01 NaN 
85   240.82  NaN 5.32896233e-01 NaN 
86   241.63  NaN 5.73635290e-01 NaN 
87   242.44  NaN 5.59491318e-01 NaN 
88   243.25  NaN 5.52257137e-01 NaN 
89   244.06  NaN 5.22949076e-01 NaN 
90   244.88  NaN 5.51056498e-01 NaN 
91   245.69  NaN 5.02599210e-01 NaN 
92   246.50  NaN 5.43797421e-01 NaN 
93   247.31  NaN 5.16757102e-01 NaN 
94   248.12  NaN 5.07827739e-01 NaN 
95   248.93  NaN 5.39862661e-01 NaN 
96   249.74  NaN 4.85697346e-01 NaN 
97   250.55  NaN 5.11852047e-01 NaN 
98   251.36  NaN 5.16568619e-01 NaN 
99   252.17  NaN 5.07941256e-01 NaN 
100  252.98  NaN 4.92317691e-01 NaN 
101  253.79  NaN 4.98345154e-01 NaN 
102  254.61  NaN 5.10769574e-01 NaN 
103  255.42  NaN 4.95954449e-01 NaN 
104  256.23  NaN 5.06813534e-01 NaN 
105  257.04  NaN 5.33838357e-01 NaN 
106  257.85  NaN 5.04820911e-01 NaN 
107  258.66  NaN 5.08118938e-01 NaN 
108  259.47  NaN 5.18575415e-01 NaN 
109  260.28  NaN 5.28824887e-01 NaN 
110  261.09  NaN 5.15139310e-01 NaN 
111  261.90  NaN 5.24340627e-01 NaN 
112  262.71  NaN 5.29701327e-01 NaN 
113  263.52  NaN 4.99937196e-01 NaN 
114  264.33  NaN 4.92991822e-01 NaN 
115  265.14  NaN 5.09748382e-01 NaN 
116  265.95  NaN 5.00238264e-01 NaN 
117  266.76  NaN 4.91822890e-01 NaN 
118  267.58  NaN 5.16699218e-01 NaN 
119  268.39  NaN 5.01170009e-01 NaN 
120  269.20  NaN 5.05379412e-01 NaN 
121  270.01  NaN 4.98104282e-01 NaN 
122  270.82  NaN 5.01256565e-01 NaN 
123  271.63  NaN 4.99726391e-01 NaN 
124  272.44  NaN 4.95602150e-01 NaN 
125  273.25  NaN 4.96408841e-01 NaN 
126  274.06  NaN 4.83626497e-01 NaN 
127  274.87  NaN 5.20147738e-01 NaN 
128  275.68  NaN 5.12127029e-01 NaN 
129  276.49  NaN 4.92445763e-01 NaN 
130  277.30  NaN 4.79729511e-01 NaN 
131  278.11  NaN 5.00041336e-01 NaN 
132  278.92  NaN 5.06434989e-01 NaN 
133  279.73  NaN 4.88256601e-01 NaN 
134  280.54  NaN 5.13701828e-01 NaN 
135  281.35  NaN 5.03900353e-01 NaN 
136  282.16  NaN 4.95431959e-01 NaN 
137  282.97  NaN 4.79100337e-01 NaN 
138  283.78  NaN 5.06480543e-01 NaN 
139  284.59  NaN 5.06554563e-01 NaN 
140  285.40  NaN 4.80786911e-01 NaN 
141  286.21  NaN 4.85597914e-01 NaN 
142  287.02  NaN 4.57508693e-01 NaN 
143  287.83  NaN 4.84938684e-01 NaN 
144  288.64  NaN 4.71003050e-01 NaN 
145  289.45  NaN 4.85552446e-01 NaN 
146  290.26  NaN 4.69327985e-01 NaN 
147  291.07  NaN 4.71781159e-01 NaN 
148  291.88  NaN 4.70246795e-01 NaN 
149  292.69  NaN 4.75484028e-01 NaN 
150  293.50  NaN 4.77985470e-01 NaN 
151  294.31  NaN 4.87948409e-01 NaN 
152  295.12  NaN 5.03318209e-01 NaN 
153  295.93  NaN 4.66612011e-01 NaN 
154  296.74  NaN 4.85058880e-01 NaN 
155  297.55  NaN 4.97132869e-01 NaN 
156  298.36  NaN 4.91580774e-01 NaN 
157  299.17  NaN 4.76127651e-01 NaN 
158  299.98  NaN 4.71144619e-01 NaN 
159  300.79  4.01731625e-01 5.11418973e-01 1.20615130e+00 
160  301.60  3.50211474e-01 4.89687122e-01 1.23287478e+00 
161  302.41  3.88186762e-01 4.43369809e-01 1.25959763e+00 
162  303.22  3.66301820e-01 4.77745664e-01 1.28631984e+00 
163  304.03  3.23266898e-01 4.77944530e-01 1.31304142e+00 
164  304.84  3.39860909e-01 4.82576882e-01 1.33976235e+00 
165  305.65  3.22020667e-01 4.68133973e-01 1.36648264e+00 
166  306.46  3.20197154e-01 5.03964281e-01 1.39320228e+00 
167  307.27  3.06310352e-01 4.83663512e-01 1.41992127e+00 
168  308.08  3.01034088e-01 4.80639853e-01 1.44663960e+00 
169  308.89  3.09137958e-01 5.04377596e-01 1.47335728e+00 
170  309.70  3.05285738e-01 4.98121492e-01 1.50007430e+00 
171  310.51  3.03269542e-01 4.85837944e-01 1.53594919e+00 
172  311.32  3.01534443e-01 5.12019348e-01 1.57723707e+00 
173  312.13  2.71704372e-01 4.93411539e-01 1.61852392e+00 
174  312.94  2.73165934e-01 4.92308311e-01 1.65980972e+00 
175  313.75  2.76501057e-01 4.54234091e-01 1.70109448e+00 
176  314.56  2.69554200e-01 5.21433344e-01 1.74237820e+00 
177  315.37  2.71659896e-01 4.73351814e-01 1.78366085e+00 
178  316.18  2.47541900e-01 4.87225136e-01 1.82494245e+00 
179  316.98  2.35715582e-01 5.02482431e-01 1.86622299e+00 
180  317.79  2.39717766e-01 4.83769542e-01 1.90750245e+00 
181  318.60  2.38105298e-01 5.11142760e-01 1.94878084e+00 
182  319.41  2.49301951e-01 4.95950804e-01 1.99005816e+00 
183  320.22  2.28888129e-01 4.74658249e-01 2.03689046e+00 
184  321.03  2.31307826e-01 4.88719078e-01 2.09839851e+00 
185  321.84  2.08195521e-01 5.27510871e-01 2.15990493e+00 
186  322.65  2.07456260e-01 5.15176943e-01 2.22140972e+00 
187  323.46  2.02229457e-01 5.18305216e-01 2.28291287e+00 
188  324.27  1.98570265e-01 4.91299166e-01 2.34441436e+00 
189  325.08  1.91489597e-01 5.17670547e-01 2.40591420e+00 
190  325.89  1.87554677e-01 5.27465140e-01 2.46741237e+00 
191  326.70  1.96072607e-01 4.94289564e-01 2.52890887e+00 
192  327.51  1.87321454e-01 5.09059791e-01 2.59040369e+00 
193  328.31  1.76793637e-01 5.11599845e-01 2.65189682e+00 
194  329.12  1.83503759e-01 5.33918660e-01 2.71338826e+00 
195  329.93  1.69305884e-01 5.16814535e-01 2.77487799e+00 
196  330.74  1.71815236e-01 5.23247575e-01 2.85787411e+00 
197  331.55  1.72428356e-01 5.45227174e-01 2.94282231e+00 
198  332.36  1.71368625e-01 5.55833650e-01 3.02776813e+00 
199  333.17  1.52303018e-01 5.34619124e-01 3.11271155e+00 
200  333.98  1.59850685e-01 5.82053715e-01 3.19765258e+00 
201  334.79  1.62389748e-01 5.85610737e-01 3.28259119e+00 
202  335.60  1.89928166e-01 6.77518105e-01 3.36752739e+00 
203  336.40  1.95913650e-01 7.52461712e-01 3.45246116e+00 
204  337.21  2.29506356e-01 8.99432234e-01 3.53739248e+00 
205  338.02  2.63502327e-01 1.02463301e+00 3.62232136e+00 
206  338.83  3.14490618e-01 1.22501858e+00 3.70724778e+00 
207  339.64  3.71335822e-01 1.43516322e+00 3.79217172e+00 
208  340.45  4.15297341e-01 1.63640583e+00 3.87888722e+00 
209  341.26  4.62659243e-01 1.88603874e+00 3.96704120e+00 
210  342.07  5.22711471e-01 2.13111087e+00 4.05519260e+00 
211  342.87  5.61449460e-01 2.35892841e+00 4.14334138e+00 
212  343.68  5.97401409e-01 2.62254353e+00 4.23148755e+00 
213  344.49  6.46402700e-01 2.85203937e+00 4.31963110e+00 
214  345.30  6.95007910e-01 3.10876026e+00 4.40777200e+00 
215  346.11  7.15806094e-01 3.30875124e+00 4.49591026e+00 
216  346.92  7.64245024e-01 3.57456633e+00 4.58404587e+00 
217  347.73  8.03423822e-01 3.81918686e+00 4.67217881e+00 
218  348.53  8.39762754e-01 4.00865647e+00 4.76030906e+00 
219  349.34  8.80636475e-01 4.26132973e+00 4.84843664e+00 
220  350.15  9.08546782e-01 4.51993646e+00 4.94582988e+00 
221  350.96  9.24594374e-01 4.77644717e+00 5.08326811e+00 
222  351.77  9.49248050e-01 4.99080440e+00 5.22070211e+00 
223  352.58  9.73872358e-01 5.26836427e+00 5.35813185e+00 
224  353.39  1.00152897e+00 5.53715104e+00 5.49555732e+00 
225  354.19  1.03955579e+00 5.90104205e+00 5.63297849e+00 
226  355.00  1.07340783e+00 6.26740434e+00 5.77039537e+00 
227  355.81  1.11483012e+00 6.62741883e+00 5.90780792e+00 
228  356.62  1.15179407e+00 7.05598511e+00 6.04521613e+00 
229  357.43  1.18218965e+00 7.43350207e+00 6.18261999e+00 
230  358.24  1.22567799e+00 7.82715240e+00 6.32001948e+00 
231  359.04  1.26302682e+00 8.24667714e+00 6.45741458e+00 
232  359.85  1.30389829e+00 8.64115951e+00 6.59480528e+00 
233  360.66  1.32864369e+00 9.06818647e+00 6.76188934e+00 
234  361.47  1.34468306e+00 9.42263469e+00 6.93563697e+00 
235  362.28  1.38331080e+00 9.83699949e+00 7.10937897e+00 
236  363.08  1.39408489e+00 1.02540018e+01 7.28311533e+00 
237  363.89  1.43329361e+00 1.06542890e+01 7.45684601e+00 
238  364.70  1.44582298e+00 1.11008906e+01 7.63057101e+00 
239  365.51  1.48254433e+00 1.15704270e+01 7.80429029e+00 
240  366.32  1.50305171e+00 1.19972145e+01 7.97800385e+00 
241  367.12  1.53302495e+00 1.24908276e+01 8.15171165e+00 
242  367.93  1.55388165e+00 1.30008186e+01 8.32541368e+00 
243  368.74  1.58200418e+00 1.35139878e+01 8.49910992e+00 
244  369.55  1.61198749e+00 1.41096006e+01 8.67280035e+00 
245  370.36  1.64157028e+00 1.46494963e+01 8.86391640e+00 
246  371.16  1.67912661e+00 1.52446148e+01 9.07717774e+00 
247  371.97  1.70355422e+00 1.58527848e+01 9.29043186e+00 
248  372.78  1.73743269e+00 1.64817259e+01 9.50367875e+00 
249  373.59  1.75814635e+00 1.71215352e+01 9.71691838e+00 
250  374.39  1.78396398e+00 1.77873211e+01 9.93015072e+00 
251  375.20  1.82367233e+00 1.84823134e+01 1.01433758e+01 
252  376.01  1.84928877e+00 1.91412609e+01 1.03565934e+01 
253  376.82  1.86892829e+00 1.98038534e+01 1.05698038e+01 
254  377.63  1.89245134e+00 2.04754585e+01 1.07830067e+01 
255  378.43  1.91951287e+00 2.11447482e+01 1.09962022e+01 
256  379.24  1.94690473e+00 2.18579588e+01 1.12093903e+01 
257  380.05  1.96332707e+00 2.25606799e+01 1.14247137e+01 
258  380.86  1.98893136e+00 2.33723514e+01 1.16742232e+01 
259  381.66  2.02546658e+00 2.41172820e+01 1.19237239e+01 
260  382.47  2.03614970e+00 2.48628148e+01 1.21732157e+01 
261  383.28  2.05707767e+00 2.55740636e+01 1.24226987e+01 
262  384.08  2.07710919e+00 2.64231266e+01 1.26721729e+01 
263  384.89  2.09866995e+00 2.72112754e+01 1.29216381e+01 
264  385.70  2.12545176e+00 2.80172018e+01 1.31710943e+01 
265  386.51  2.14909106e+00 2.88666640e+01 1.34205416e+01 
266  387.31  2.16874238e+00 2.97758356e+01 1.36699800e+01 
267  388.12  2.20051041e+00 3.06290426e+01 1.39194092e+01 
268  388.93  2.21425207e+00 3.15380686e+01 1.41688294e+01 
269  389.74  2.24321483e+00 3.24826603e+01 1.44182406e+01 
270  390.54  2.27373840e+00 3.34112082e+01 1.46898864e+01 
271  391.35  2.29214313e+00 3.43258860e+01 1.49723703e+01 
272  392.16  2.31068228e+00 3.53032665e+01 1.52548437e+01 
273  392.96  2.33190304e+00 3.62811012e+01 1.55373067e+01 
274  393.77  2.35679923e+00 3.73030555e+01 1.58197593e+01 
275  394.58  2.38471665e+00 3.83910439e+01 1.61022013e+01 
276  395.38  2.40728338e+00 3.94796166e+01 1.63846329e+01 
277  396.19  2.43119979e+00 4.05565825e+01 1.66670539e+01 
278  397.00  2.44814003e+00 4.16185376e+01 1.69494643e+01 
279  397.81  2.48083092e+00 4.27078952e+01 1.72318640e+01 
280  398.61  2.49443302e+00 4.38546198e+01 1.75142531e+01 
281  399.42  2.53150664e+00 4.49839400e+01 1.77966316e+01 
282  400.23  2.54653156e+00 4.61416842e+01 1.80893820e+01 
283  401.03  2.56867454e+00 4.73567378e+01 1.84088487e+01 
284  401.84  2.59419702e+00 4.86278573e+01 1.87283032e+01 
285  402.65  2.62384338e+00 4.99685297e+01 1.90477455e+01 
286  403.45  2.64448607e+00 5.11898055e+01 1.93671754e+01 
287  404.26  2.67117331e+00 5.25567275e+01 1.96865931e+01 
288  405.07  2.69859473e+00 5.39721353e+01 2.00059984e+01 
289  405.87  2.71796042e+00 5.53971348e+01 2.03253913e+01 
290  406.68  2.75268464e+00 5.67720589e+01 2.06447717e+01 
291  407.49  2.77980143e+00 5.82262746e+01 2.09641397e+01 
292  408.29  2.79622689e+00 5.96779793e+01 2.12834952e+01 
293  409.10  2.83075519e+00 6.11190075e+01 2.16028381e+01 
294  409.90  2.85534100e+00 6.25654800e+01 2.19221684e+01 
295  410.71  2.88150807e+00 6.40965494e+01 2.22621000e+01 
296  411.52  2.90583937e+00 6.56748177e+01 2.26047886e+01 
297  412.32  2.92397231e+00 6.72877585e+01 2.29474634e+01 
298  413.13  2.96264791e+00 6.89578755e+01 2.32901247e+01 
299  413.94  2.98529233e+00 7.05742527e+01 2.36327722e+01 
300  414.74  3.01357493e+00 7.21412578e+01 2.39754059e+01 
301  415.55  3.02653753e+00 7.36954732e+01 2.43180259e+01 
302  416.35  3.05330780e+00 7.52296553e+01 2.46606320e+01 
303  417.16  3.07524095e+00 7.68065733e+01 2.50032243e+01 
304  417.97  3.09776844e+00 7.85043359e+01 2.53458027e+01 
305  418.77  3.11974066e+00 8.01862022e+01 2.56883671e+01 
306  419.58  3.14054283e+00 8.18677479e+01 2.60309175e+01 
307  420.38  3.16246547e+00 8.35492877e+01 2.63907608e+01 
308  421.19  3.17662430e+00 8.51316909e+01 2.67695502e+01 
309  422.00  3.19811349e+00 8.69333325e+01 2.71483240e+01 
310  422.80  3.21493855e+00 8.85773681e+01 2.75270821e+01 
311  423.61  3.22873322e+00 9.03009742e+01 2.79058246e+01 
312  424.41  3.24811220e+00 9.20595594e+01 2.82845513e+01 
313  425.22  3.26596135e+00 9.37763120e+01 2.86632622e+01 
314  426.03  3.29495788e+00 9.54754920e+01 2.90419573e+01 
315  426.83  3.30331845e+00 9.71762464e+01 2.94206365e+01 
316  427.64  3.31387533e+00 9.89050934e+01 2.97992998e+01 
317  428.44  3.33590126e+00 1.00716506e+02 3.01779471e+01 
318  429.25  3.35017449e+00 1.02526367e+02 3.05565785e+01 
319  430.05  3.37053838e+00 1.04345370e+02 3.09364266e+01 
320  430.86  3.37806976e+00 1.05928754e+02 3.13335530e+01 
321  431.66  3.39653898e+00 1.07762173e+02 3.17306625e+01 
322  432.47  3.40789061e+00 1.09421004e+02 3.21277549e+01 
323  433.28  3.41537716e+00 1.11060294e+02 3.25248304e+01 
324  434.08  3.42654205e+00 1.12677039e+02 3.29218887e+01 
325  434.89  3.44235110e+00 1.14599543e+02 3.33189300e+01 
326  435.69  3.45219139e+00 1.16335690e+02 3.37159541e+01 
327  436.50  3.45748386e+00 1.17950339e+02 3.41129610e+01 
328  437.30  3.47148162e+00 1.19644579e+02 3.45099506e+01 
329  438.11  3.48285603e+00 1.21618734e+02 3.49069229e+01 
330  438.91  3.50036971e+00 1.23423616e+02 3.53038779e+01 
331  439.72  3.50892574e+00 1.25140243e+02 3.57008154e+01 
332  440.52  3.51036688e+00 1.26788577e+02 3.61128965e+01 
333  441.33  3.51291868e+00 1.28515238e+02 3.65331463e+01 
334  442.13  3.52051431e+00 1.30232400e+02 3.69533776e+01 
335  442.94  3.53344500e+00 1.31966252e+02 3.73735903e+01 
336  443.74  3.53332919e+00 1.33745547e+02 3.77937842e+01 
337  444.55  3.54227400e+00 1.35547643e+02 3.82139595e+01 
338  445.35  3.55962928e+00 1.37379338e+02 3.86341160e+01 
339  446.16  3.56211072e+00 1.39323191e+02 3.90542537e+01 
340  446.96  3.56750840e+00 1.41082697e+02 3.94743725e+01 
341  447.77  3.58838964e+00 1.43012876e+02 3.98944724e+01 
342  448.57  3.59340774e+00 1.44914157e+02 4.03145533e+01 
343  449.38  3.59677463e+00 1.46743424e+02 4.07346152e+01 
344  450.18  3.60977977e+00 1.48629277e+02 4.11615489e+01 
345  450.99  3.61312579e+00 1.50450153e+02 4.16121490e+01 
346  451.79  3.62471667e+00 1.52296724e+02 4.20627286e+01 
347  452.60  3.63575400e+00 1.54240999e+02 4.25132876e+01 
348  453.40  3.63624948e+00 1.56232025e+02 4.29638260e+01 
349  454.20  3.64417371e+00 1.58151992e+02 4.34143436e+01 
350  455.01  3.65479758e+00 1.60334151e+02 4.38648404e+01 
351  455.81  3.65930154e+00 1.62376202e+02 4.43153164e+01 
352  456.62  3.67926514e+00 1.64604024e+02 4.47657715e+01 
353  457.42  3.68523306e+00 1.66771438e+02 4.52162057e+01 
354  458.23  3.69822501e+00 1.68956961e+02 4.56666190e+01 
355  459.03  3.71272701e+00 1.71267289e+02 4.61170111e+01 
356  459.83  3.73096362e+00 1.73501105e+02 4.65673822e+01 
357  460.64  3.73433015e+00 1.75671970e+02 4.70317859e+01 
358  461.44  3.74833849e+00 1.77933183e+02 4.74998061e+01 
359  462.25  3.75926376e+00 1.80233571e+02 4.79678043e+01 
360  463.05  3.77159521e+00 1.82601256e+02 4.84357803e+01 
361  463.86  3.78582161e+00 1.85032339e+02 4.89037341e+01 
362  464.66  3.79851351e+00 1.87631821e+02 4.93716656e+01 
363  465.46  3.82312478e+00 1.90155893e+02 4.98395749e+01 
364  466.27  3.82672793e+00 1.92735779e+02 5.03074617e+01 
365  467.07  3.84816011e+00 1.95083031e+02 5.07753262e+01 
366  467.87  3.85878518e+00 1.97700318e+02 5.12431682e+01 
367  468.68  3.87738703e+00 2.00535609e+02 5.17109877e+01 
368  469.48  3.89925463e+00 2.03222780e+02 5.21787845e+01 
369  470.29  3.91285521e+00 2.05683211e+02 5.26519963e+01 
370  471.09  3.92494930e+00 2.08376582e+02 5.31350180e+01 
371  471.89  3.95112015e+00 2.11324369e+02 5.36180163e+01 
372  472.70  3.95225691e+00 2.13929264e+02 5.41009911e+01 
373  473.50  3.97395134e+00 2.16703021e+02 5.45839422e+01 
374  474.30  3.98809022e+00 2.19406084e+02 5.50668697e+01 
375  475.11  4.00378170e+00 2.22485237e+02 5.55497735e+01 
376  475.91  4.01735244e+00 2.25081436e+02 5.60326534e+01 
377  476.71  4.03055620e+00 2.27848407e+02 5.65155096e+01 
378  477.52  4.04976153e+00 2.30823051e+02 5.69983418e+01 
379  478.32  4.06000759e+00 2.33501779e+02 5.74811501e+01 
380  479.12  4.06878567e+00 2.36238364e+02 5.79639344e+01 
381  479.93  4.09278695e+00 2.38902271e+02 5.84466947e+01 
382  480.73  4.10126553e+00 2.41748135e+02 5.89491723e+01 
383  481.53  4.10657929e+00 2.44272285e+02 5.94535701e+01 
384  482.34  4.11789835e+00 2.47050188e+02 5.99579427e+01 
385  483.14  4.13465331e+00 2.49788198e+02 6.04622898e+01 
386  483.94  4.14986546e+00 2.52775372e+02 6.09666115e+01 
387  484.75  4.16005571e+00 2.55457575e+02 6.14709077e+01 
388  485.55  4.17107972e+00 2.58147572e+02 6.19751783e+01 
389  486.35  4.17426247e+00 2.60850144e+02 6.24794233e+01 
390  487.16  4.18422069e+00 2.63570332e+02 6.29836427e+01 
391  487.96  4.19552045e+00 2.66207955e+02 6.34878363e+01 
392  488.76  4.19894392e+00 2.68803668e+02 6.39920041e+01 
393  489.56  4.20588726e+00 2.71361572e+02 6.44961460e+01 
394  490.37  4.20977279e+00 2.73776751e+02 6.50105285e+01 
395  491.17  4.21696214e+00 2.76276252e+02 6.55370939e+01 
396  491.97  4.21604270e+00 2.78716031e+02 6.60636321e+01 
397  492.77  4.21888228e+00 2.81063616e+02 6.65901430e+01 
398  493.58  4.22325848e+00 2.83423587e+02 6.71166266e+01 
399  494.38  4.22320959e+00 2.86010505e+02 6.76430829e+01 
400  495.18  4.23499168e+00 2.88392992e+02 6.81695117e+01 
401  495.98  4.23558260e+00 2.90782562e+02 6.86959129e+01 
402  496.79  4.23292328e+00 2.93134414e+02 6.92222866e+01 
403  497.59  4.24328135e+00 2.95546451e+02 6.97486327e+01 
404  498.39  4.23797958e+00 2.97799011e+02 7.02749511e+01 
405  499.19  4.23878175e+00 3.00120650e+02 7.08012417e+01 
406  500.00  4.23955089e+00 3.02362372e+02 7.13275045e+01 
407  500.80  4.23202543e+00 3.04415713e+02 7.18545378e+01 
408  501.60  4.24317272e+00 3.06694682e+02 7.23815469e+01 
409  502.40  4.24321854e+00 3.09177882e+02 7.29085280e+01 
410  503.20  4.23677403e+00 3.11215126e+02 7.34354809e+01 
411  504.01  4.23801353e+00 3.13584870e+02 7.39624057e+01 
412  504.81  4.23846199e+00 3.15911879e+02 7.44893022e+01 
413  505.61  4.24318055e+00 3.18487257e+02 7.50161705e+01 
414  506.41  4.24788106e+00 3.20592438e+02 7.55430103e+01 
415  507.21  4.25613189e+00 3.23172424e+02 7.60698218e+01 
416  508.02  4.24761431e+00 3.25110649e+02 7.65966048e+01 
417  508.82  4.25329397e+00 3.27784917e+02 7.71233592e+01 
418  509.62  4.24925598e+00 3.30036710e+02 7.76500850e+01 
419  510.42  4.25244953e+00 3.32229480e+02 7.81843652e+01 
420  511.22  4.25064475e+00 3.34827154e+02 7.87254629e+01 
421  512.02  4.25229048e+00 3.36865793e+02 7.92665309e+01 
422  512.83  4.24478813e+00 3.38911658e+02 7.98075694e+01 
423  513.63  4.24235976e+00 3.40939566e+02 8.03485781e+01 
424  514.43  4.24265617e+00 3.43168883e+02 8.08895570e+01 
425  515.23  4.24105806e+00 3.45339874e+02 8.14305061e+01 
426  516.03  4.24112865e+00 3.47359194e+02 8.19714253e+01 
427  516.83  4.23676355e+00 3.49460264e+02 8.25123145e+01 
428  517.63  4.23154296e+00 3.51648317e+02 8.30531737e+01 
429  518.44  4.23435970e+00 3.53787456e+02 8.35940027e+01 
430  519.24  4.23010619e+00 3.55708816e+02 8.41348017e+01 
431  520.04  4.23152602e+00 3.58139567e+02 8.46758355e+01 
432  520.84  4.23021905e+00 3.60618634e+02 8.52221816e+01 
433  521.64  4.23453689e+00 3.62854086e+02 8.57684969e+01 
434  522.44  4.22884990e+00 3.65111823e+02 8.63147816e+01 
435  523.24  4.23402776e+00 3.67530108e+02 8.68610354e+01 
436  524.04  4.22957103e+00 3.69846237e+02 8.74072584e+01 
437  524.84  4.23412305e+00 3.71929805e+02 8.79534504e+01 
438  525.64  4.22648833e+00 3.74260077e+02 8.84996115e+01 
439  526.45  4.23058118e+00 3.76238826e+02 8.90457415e+01 
440  527.25  4.22543670e+00 3.78619634e+02 8.95918404e+01 
441  528.05  4.22476236e+00 3.80854140e+02 9.01379080e+01 
442  528.85  4.21997229e+00 3.83230908e+02 9.06839445e+01 
443  529.65  4.23054821e+00 3.85634378e+02 9.12299496e+01 
444  530.45  4.23123636e+00 3.88119450e+02 9.17772690e+01 
445  531.25  4.23546276e+00 3.90551788e+02 9.23256128e+01 
446  532.05  4.24040424e+00 3.93326051e+02 9.28739249e+01 
447  532.85  4.24197730e+00 3.95967649e+02 9.34222053e+01 
448  533.65  4.24156938e+00 3.98927137e+02 9.39704540e+01 
449  534.45  4.24471593e+00 4.01557999e+02 9.45186708e+01 
450  535.25  4.25116032e+00 4.04496961e+02 9.50668557e+01 
451  536.05  4.25398119e+00 4.07352346e+02 9.56150086e+01 
452  536.85  4.26583274e+00 4.09862065e+02 9.61631294e+01 
453  537.65  4.26852341e+00 4.12809788e+02 9.67112182e+01 
454  538.45  4.26772846e+00 4.15200742e+02 9.72592748e+01 
455  539.25  4.26885465e+00 4.17801561e+02 9.78072991e+01 
456  540.05  4.27530731e+00 4.20356185e+02 9.83545184e+01 
457  540.85  4.27969660e+00 4.22919293e+02 9.88904789e+01 
458  541.65  4.27575644e+00 4.25001350e+02 9.94264078e+01 
459  542.45  4.27331382e+00 4.27819584e+02 9.99623048e+01 
460  543.25  4.27976363e+00 4.30038897e+02 1.00498170e+02 
461  544.05  4.28283581e+00 4.32675139e+02 1.01034003e+02 
462  544.85  4.28290219e+00 4.34967065e+02 1.01569805e+02 
463  545.65  4.28483712e+00 4.37220195e+02 1.02105574e+02 
464  546.45  4.28047205e+00 4.39060327e+02 1.02641311e+02 
465  547.25  4.27460233e+00 4.40716948e+02 1.03177016e+02 
466  548.05  4.26249591e+00 4.42440379e+02 1.03712689e+02 
467  548.85  4.26462740e+00 4.44216375e+02 1.04248329e+02 
468  549.65  4.26279564e+00 4.46349389e+02 1.04783938e+02 
469  550.45  4.25995890e+00 4.48436785e+02 1.05322643e+02 
470  551.25  4.25468439e+00 4.50210577e+02 1.05863781e+02 
471  552.05  4.25267793e+00 4.52447274e+02 1.06404887e+02 
472  552.84  4.24697811e+00 4.54623352e+02 1.06945959e+02 
473  553.64  4.24638937e+00 4.56952125e+02 1.07486999e+02 
474  554.44  4.24861413e+00 4.59035265e+02 1.08028005e+02 
475  555.24  4.24531846e+00 4.61237437e+02 1.08568979e+02 
476  556.04  4.24154348e+00 4.62974097e+02 1.09109919e+02 
477  556.84  4.23543742e+00 4.64681531e+02 1.09650826e+02 
478  557.64  4.23027939e+00 4.66259350e+02 1.10191699e+02 
479  558.44  4.22448931e+00 4.67991978e+02 1.10732539e+02 
480  559.24  4.22389156e+00 4.70135726e+02 1.11273346e+02 
481  560.04  4.22798305e+00 4.72746791e+02 1.11813977e+02 
482  560.83  4.23519390e+00 4.75588475e+02 1.12351521e+02 
483  561.63  4.24338946e+00 4.78931918e+02 1.12889033e+02 
484  562.43  4.24942699e+00 4.82166234e+02 1.13426510e+02 
485  563.23  4.26342685e+00 4.85792866e+02 1.13963954e+02 
486  564.03  4.26852351e+00 4.89099375e+02 1.14501365e+02 
487  564.83  4.28156717e+00 4.92755347e+02 1.15038742e+02 
488  565.63  4.29083051e+00 4.96214244e+02 1.15576084e+02 
489  566.42  4.30956073e+00 5.00123638e+02 1.16113394e+02 
490  567.22  4.31614977e+00 5.03924625e+02 1.16650669e+02 
491  568.02  4.32792344e+00 5.07644008e+02 1.17187910e+02 
492  568.82  4.34635882e+00 5.11541113e+02 1.17725117e+02 
493  569.62  4.36092288e+00 5.15589888e+02 1.18262290e+02 
494  570.42  4.37154524e+00 5.19440751e+02 1.18799014e+02 
495  571.21  4.37764787e+00 5.22883396e+02 1.19335321e+02 
496  572.01  4.38866949e+00 5.26488024e+02 1.19871593e+02 
497  572.81  4.39468955e+00 5.29301352e+02 1.20407831e+02 
498  573.61  4.40361241e+00 5.32523283e+02 1.20944035e+02 
499  574.41  4.39770705e+00 5.34510001e+02 1.21480204e+02 
500  575.20  4.39486243e+00 5.36303755e+02 1.22016339e+02 
501  576.00  4.38782749e+00 5.37964632e+02 1.22552439e+02 
502  576.80  4.37952267e+00 5.39205330e+02 1.23088505e+02 
503  577.60  4.37428978e+00 5.40496206e+02 1.23624535e+02 
504  578.39  4.36320071e+00 5.42150327e+02 1.24160532e+02 
505  579.19  4.35882496e+00 5.43878511e+02 1.24696493e+02 
506  579.99  4.35428852e+00 5.45273510e+02 1.25232419e+02 
507  580.79  4.34609724e+00 5.46489479e+02 1.25747084e+02 
508  581.58  4.33473579e+00 5.48109959e+02 1.26261411e+02 
509  582.38  4.32944738e+00 5.49418359e+02 1.26775704e+02 
510  583.18  4.32089818e+00 5.50462597e+02 1.27289963e+02 
511  583.98  4.30959864e+00 5.51370358e+02 1.27804188e+02 
512  584.77  4.30145644e+00 5.52429844e+02 1.28318380e+02 
513  585.57  4.29302551e+00 5.53700822e+02 1.28832538e+02 
514  586.37  4.28390274e+00 5.54147564e+02 1.29346661e+02 
515  587.16  4.27909735e+00 5.55155406e+02 1.29860751e+02 
516  587.96  4.26974291e+00 5.56317757e+02 1.30374807e+02 
517  588.76  4.25983195e+00 5.57752896e+02 1.30888828e+02 
518  589.55  4.24879824e+00 5.58737614e+02 1.31402815e+02 
519  590.35  4.24767752e+00 5.60192341e+02 1.31910791e+02 
520  591.15  4.24024357e+00 5.61672769e+02 1.32411165e+02 
521  591.95  4.23594469e+00 5.63200914e+02 1.32911505e+02 
522  592.74  4.23320061e+00 5.65188498e+02 1.33411811e+02 
523  593.54  4.23691885e+00 5.67442613e+02 1.33912084e+02 
524  594.33  4.23916284e+00 5.70127721e+02 1.34412323e+02 
525  595.13  4.24304083e+00 5.72506869e+02 1.34912529e+02 
526  595.93  4.24703964e+00 5.75183245e+02 1.35412700e+02 
527  596.72  4.24733510e+00 5.77975414e+02 1.35912838e+02 
528  597.52  4.25360063e+00 5.80415576e+02 1.36412942e+02 
529  598.32  4.25815445e+00 5.83227378e+02 1.36913012e+02 
530  599.11  4.25865842e+00 5.85628555e+02 1.37413048e+02 
531  599.91  4.26543947e+00 5.88248961e+02 1.37913050e+02 
532  600.71  4.27145755e+00 5.91219454e+02 1.38400320e+02 
533  601.50  4.27294508e+00 5.93194485e+02 1.38885924e+02 
534  602.30  4.26970276e+00 5.95756327e+02 1.39371495e+02 
535  603.09  4.27024275e+00 5.97905163e+02 1.39857032e+02 
536  603.89  4.27102000e+00 5.99745720e+02 1.40342536e+02 
537  604.69  4.27107794e+00 6.01715542e+02 1.40828007e+02 
538  605.48  4.27433783e+00 6.03918118e+02 1.41313444e+02 
539  606.28  4.27296163e+00 6.05996084e+02 1.41798848e+02 
540  607.07  4.26977361e+00 6.07939349e+02 1.42284218e+02 
541  607.87  4.27429393e+00 6.10345489e+02 1.42769554e+02 
542  608.66  4.27235544e+00 6.12205847e+02 1.43254857e+02 
543  609.46  4.27689852e+00 6.14896190e+02 1.43740126e+02 
544  610.25  4.27664041e+00 6.17252740e+02 1.44226889e+02 
545  611.05  4.28080480e+00 6.19841438e+02 1.44716862e+02 
546  611.85  4.28030169e+00 6.22107736e+02 1.45206801e+02 
547  612.64  4.28489771e+00 6.24553330e+02 1.45696706e+02 
548  613.44  4.29133038e+00 6.27270515e+02 1.46186577e+02 
549  614.23  4.29141814e+00 6.29880608e+02 1.46676412e+02 
550  615.03  4.29024702e+00 6.31883825e+02 1.47166214e+02 
551  615.82  4.29201308e+00 6.34218987e+02 1.47655981e+02 
552  616.62  4.29499812e+00 6.36170453e+02 1.48145713e+02 
553  617.41  4.29268443e+00 6.38062043e+02 1.48635410e+02 
554  618.21  4.29156314e+00 6.40019807e+02 1.49125073e+02 
555  619.00  4.28331448e+00 6.41186763e+02 1.49614700e+02 
556  619.80  4.28027577e+00 6.42418195e+02 1.50104293e+02 
557  620.59  4.27048808e+00 6.43466285e+02 1.50561955e+02 
558  621.39  4.26713714e+00 6.44396928e+02 1.51008565e+02 
559  622.18  4.26262021e+00 6.45811661e+02 1.51455143e+02 
560  622.97  4.26054729e+00 6.46751228e+02 1.51901689e+02 
561  623.77  4.25166131e+00 6.48109109e+02 1.52348204e+02 
562  624.56  4.24684222e+00 6.49126500e+02 1.52794685e+02 
563  625.36  4.24466039e+00 6.50759575e+02 1.53241135e+02 
564  626.15  4.23503139e+00 6.51501508e+02 1.53687552e+02 
565  626.95  4.23138083e+00 6.52803475e+02 1.54133938e+02 
566  627.74  4.22768968e+00 6.53806244e+02 1.54580290e+02 
567  628.53  4.22286698e+00 6.54934680e+02 1.55026611e+02 
568  629.33  4.22275621e+00 6.56448965e+02 1.55472898e+02 
569  630.12  4.21756224e+00 6.57593446e+02 1.55921738e+02 
570  630.92  4.21104401e+00 6.58703734e+02 1.56384634e+02 
571  631.71  4.20663520e+00 6.59950821e+02 1.56847497e+02 
572  632.50  4.20077066e+00 6.60574185e+02 1.57310326e+02 
573  633.30  4.19165085e+00 6.61334750e+02 1.57773120e+02 
574  634.09  4.17998712e+00 6.62006214e+02 1.58235881e+02 
575  634.89  4.17039493e+00 6.62171698e+02 1.58698608e+02 
576  635.68  4.16012738e+00 6.62212508e+02 1.59161300e+02 
577  636.47  4.15222550e+00 6.62245511e+02 1.59623959e+02 
578  637.27  4.13764654e+00 6.62557977e+02 1.60086583e+02 
579  638.06  4.12038917e+00 6.62166770e+02 1.60549173e+02 
580  638.85  4.10912631e+00 6.61389646e+02 1.61011728e+02 
581  639.65  4.09604322e+00 6.61389827e+02 1.61474249e+02 
582  640.44  4.08538353e+00 6.61696633e+02 1.61909433e+02 
583  641.23  4.07499392e+00 6.61473189e+02 1.62322705e+02 
584  642.03  4.06221929e+00 6.60884963e+02 1.62735946e+02 
585  642.82  4.05235473e+00 6.60888436e+02 1.63149156e+02 
586  643.61  4.03959675e+00 6.60538597e+02 1.63562335e+02 
587  644.41  4.02870907e+00 6.60414529e+02 1.63975483e+02 
588  645.20  4.01590425e+00 6.60232537e+02 1.64388600e+02 
589  645.99  4.00638152e+00 6.60392268e+02 1.64801686e+02 
590  646.78  4.00013355e+00 6.60496687e+02 1.65214740e+02 
591  647.58  3.98916729e+00 6.60670083e+02 1.65627764e+02 
592  648.37  3.97949737e+00 6.61043707e+02 1.66040756e+02 
593  649.16  3.97094946e+00 6.61481546e+02 1.66453717e+02 
594  649.96  3.96823828e+00 6.61847353e+02 1.66866646e+02 
595  650.75  3.96001617e+00 6.62287438e+02 1.67262347e+02 
596  651.54  3.95558518e+00 6.63054846e+02 1.67656987e+02 
597  652.33  3.94861716e+00 6.63357338e+02 1.68051597e+02 
598  653.12  3.94444676e+00 6.64023186e+02 1.68446177e+02 
599  653.92  3.93785898e+00 6.64432076e+02 1.68840726e+02 
600  654.71  3.93344960e+00 6.65336700e+02 1.69235246e+02 
601  655.50  3.92452657e+00 6.66135086e+02 1.69629734e+02 
602  656.29  3.92240206e+00 6.66807173e+02 1.70024193e+02 
603  657.09  3.91396332e+00 6.67269598e+02 1.70418621e+02 
604  657.88  3.91305125e+00 6.68120361e+02 1.70813018e+02 
605  658.67  3.90738482e+00 6.68865906e+02 1.71207386e+02 
606  659.46  3.90152818e+00 6.70038040e+02 1.71601722e+02 
607  660.25  3.89777392e+00 6.70747967e+02 1.71995016e+02 
608  661.04  3.89555145e+00 6.72085744e+02 1.72386124e+02 
609  661.84  3.89633506e+00 6.73619111e+02 1.72777202e+02 
610  662.63  3.89738090e+00 6.75173845e+02 1.73168249e+02 
611  663.42  3.89973084e+00 6.76761306e+02 1.73559266e+02 
612  664.21  3.90168519e+00 6.78699112e+02 1.73950252e+02 
613  665.00  3.90476161e+00 6.80404329e+02 1.74341207e+02 
614  665.79  3.90279174e+00 6.82356996e+02 1.74732132e+02 
615  666.59  3.90539591e+00 6.84094955e+02 1.75123026e+02 
616  667.38  3.91128940e+00 6.86043538e+02 1.75513889e+02 
617  668.17  3.91114658e+00 6.87875318e+02 1.75904722e+02 
618  668.96  3.91225481e+00 6.89785574e+02 1.76295523e+02 
619  669.75  3.91353720e+00 6.91434499e+02 1.76686294e+02 
620  670.54  3.91989950e+00 6.93245470e+02 1.77060817e+02 
621  671.33  3.91800735e+00 6.95128346e+02 1.77427798e+02 
622  672.12  3.91605345e+00 6.96505635e+02 1.77794750e+02 
623  672.91  3.91452227e+00 6.97721422e+02 1.78161673e+02 
624  673.70  3.91581914e+00 6.99032956e+02 1.78528567e+02 
625  674.49  3.91177553e+00 7.00180379e+02 1.78895431e+02 
626  675.29  3.90839003e+00 7.00934563e+02 1.79262266e+02 
627  676.08  3.90463657e+00 7.01308214e+02 1.79629072e+02 
628  676.87  3.90116627e+00 7.02285447e+02 1.79995848e+02 
629  677.66  3.89592561e+00 7.02434437e+02 1.80362594e+02 
630  678.45  3.88486573e+00 7.02331378e+02 1.80729311e+02 
631  679.24  3.87786994e+00 7.03053518e+02 1.81095999e+02 
632  680.03  3.87378836e+00 7.02934880e+02 1.81461838e+02 
633  680.82  3.86828228e+00 7.02721054e+02 1.81804762e+02 
634  681.61  3.85680000e+00 7.02598641e+02 1.82147658e+02 
635  682.40  3.84635923e+00 7.02242158e+02 1.82490526e+02 
636  683.19  3.83935033e+00 7.02104490e+02 1.82833366e+02 
637  683.98  3.82575011e+00 7.01303278e+02 1.83176179e+02 
638  684.77  3.81628353e+00 7.00788442e+02 1.83518963e+02 
639  685.56  3.80692775e+00 7.00232773e+02 1.83861719e+02 
640  686.35  3.79686534e+00 6.99244339e+02 1.84204447e+02 
641  687.14  3.78694351e+00 6.98593824e+02 1.84547148e+02 
642  687.93  3.77498398e+00 6.97845024e+02 1.84889820e+02 
643  688.72  3.76283183e+00 6.97209372e+02 1.85232464e+02 
644  689.50  3.75220142e+00 6.96553660e+02 1.85575079e+02 
645  690.29  3.74231831e+00 6.95947663e+02 1.85912078e+02 
646  691.08  3.73183309e+00 6.95179100e+02 1.86239640e+02 
647  691.87  3.72271301e+00 6.94231949e+02 1.86567175e+02 
648  692.66  3.70917724e+00 6.93411774e+02 1.86894683e+02 
649  693.45  3.69641302e+00 6.92286167e+02 1.87222164e+02 
650  694.24  3.68504677e+00 6.91244757e+02 1.87549618e+02 
651  695.03  3.67492933e+00 6.90056699e+02 1.87877044e+02 
652  695.82  3.65819650e+00 6.89020246e+02 1.88204444e+02 
653  696.61  3.64868969e+00 6.88227357e+02 1.88531815e+02 
654  697.40  3.63356904e+00 6.87297485e+02 1.88859160e+02 
655  698.18  3.62566099e+00 6.86040489e+02 1.89186477e+02 
656  698.97  3.61268413e+00 6.84859283e+02 1.89513767e+02 
657  699.76  3.60281901e+00 6.84078288e+02 1.89841029e+02 
658  700.55  3.59436887e+00 6.83339078e+02 1.90155063e+02 
659  701.34  3.58186137e+00 6.82833129e+02 1.90463347e+02 
660  702.13  3.57316173e+00 6.81736717e+02 1.90771605e+02 
661  702.92  3.56473767e+00 6.81112136e+02 1.91079837e+02 
662  703.70  3.55537956e+00 6.81153977e+02 1.91388043e+02 
663  704.49  3.55455190e+00 6.81636919e+02 1.91696223e+02 
664  705.28  3.54757143e+00 6.80919023e+02 1.92004377e+02 
665  706.07  3.53949184e+00 6.80848211e+02 1.92312505e+02 
666  706.86  3.53525930e+00 6.81143334e+02 1.92620606e+02 
667  707.64  3.53525119e+00 6.81936007e+02 1.92928681e+02 
668  708.43  3.52663568e+00 6.82267691e+02 1.93236730e+02 
669  709.22  3.52422573e+00 6.82170783e+02 1.93544753e+02 
670  710.01  3.51930770e+00 6.82589387e+02 1.93852425e+02 
671  710.79  3.52086450e+00 6.83572136e+02 1.94124163e+02 
672  711.58  3.51904401e+00 6.84295137e+02 1.94395878e+02 
673  712.37  3.51904390e+00 6.84573424e+02 1.94667569e+02 
674  713.16  3.51496314e+00 6.85530451e+02 1.94939237e+02 
675  713.94  3.51523780e+00 6.86087700e+02 1.95210881e+02 
676  714.73  3.51437856e+00 6.87164142e+02 1.95482502e+02 
677  715.52  3.50805307e+00 6.87084436e+02 1.95754100e+02 
678  716.31  3.50526878e+00 6.86810182e+02 1.96025674e+02 
679  717.09  3.50329996e+00 6.87357065e+02 1.96297224e+02 
680  717.88  3.49060848e+00 6.86426288e+02 1.96568751e+02 
681  718.67  3.48500574e+00 6.85703308e+02 1.96840254e+02 
682  719.45  3.47512296e+00 6.85499707e+02 1.97111733e+02 
683  720.24  3.47404820e+00 6.86001273e+02 1.97376196e+02 
684  721.03  3.47279793e+00 6.86658494e+02 1.97624812e+02 
685  721.81  3.47115316e+00 6.87524844e+02 1.97873406e+02 
686  722.60  3.46490931e+00 6.86680555e+02 1.98121979e+02 
687  723.39  3.45890226e+00 6.86454094e+02 1.98370529e+02 
688  724.17  3.45567232e+00 6.86508279e+02 1.98619058e+02 
689  724.96  3.45447097e+00 6.86975351e+02 1.98867565e+02 
690  725.75  3.44564955e+00 6.86550111e+02 1.99116049e+02 
691  726.53  3.44206344e+00 6.86436790e+02 1.99364512e+02 
692  727.32  3.43906320e+00 6.86939917e+02 1.99612953e+02 
693  728.11  3.43728354e+00 6.87367848e+02 1.99861372e+02 
694  728.89  3.43834438e+00 6.87387576e+02 2.00109769e+02 
695  729.68  3.43292318e+00 6.87368584e+02 2.00358144e+02 
696  730.46  3.43117211e+00 6.88059658e+02 2.00600934e+02 
697  731.25  3.42887397e+00 6.88842431e+02 2.00839834e+02 
698  732.04  3.42603743e+00 6.88656937e+02 2.01078713e+02 
699  732.82  3.41833110e+00 6.88331350e+02 2.01317571e+02 
700  733.61  3.41392105e+00 6.88238842e+02 2.01556407e+02 
701  734.39  3.40706964e+00 6.87758460e+02 2.01795222e+02 
702  735.18  3.40538057e+00 6.87726480e+02 2.02034015e+02 
703  735.96  3.39814148e+00 6.87020404e+02 2.02272787e+02 
704  736.75  3.38389754e+00 6.85571401e+02 2.02511538e+02 
705  737.53  3.38165221e+00 6.85671602e+02 2.02750267e+02 
706  738.32  3.37590522e+00 6.85210975e+02 2.02988974e+02 
707  739.10  3.36784140e+00 6.84771184e+02 2.03227660e+02 
708  739.89  3.36074220e+00 6.83713695e+02 2.03466324e+02 
709  740.67  3.34684695e+00 6.82174454e+02 2.03659793e+02 
710  741.46  3.34112450e+00 6.81002021e+02 2.03845823e+02 
711  742.24  3.33271492e+00 6.80347414e+02 2.04031837e+02 
712  743.03  3.32177940e+00 6.78569723e+02 2.04217833e+02 
713  743.81  3.30687626e+00 6.76447528e+02 2.04403812e+02 
714  744.60  3.29213005e+00 6.73872923e+02 2.04589775e+02 
715  745.38  3.28441865e+00 6.72766727e+02 2.04775720e+02 
716  746.17  3.27416941e+00 6.71456217e+02 2.04961648e+02 
717  746.95  3.26246172e+00 6.69425643e+02 2.05147560e+02 
718  747.74  3.24594384e+00 6.66517692e+02 2.05333454e+02 
719  748.52  3.23126551e+00 6.64398717e+02 2.05519331e+02 
720  749.30  3.22598829e+00 6.63760825e+02 2.05705191e+02 
721  750.09  3.21834752e+00 6.62731215e+02 2.05883313e+02 
722  750.87  3.20554276e+00 6.60549804e+02 2.06000924e+02 
723  751.66  3.19114357e+00 6.58378844e+02 2.06118524e+02 
724  752.44  3.18447335e+00 6.56796414e+02 2.06236114e+02 
725  753.22  3.17972551e+00 6.56386944e+02 2.06353692e+02 
726  754.01  3.17782222e+00 6.55747363e+02 2.06471260e+02 
727  754.79  3.16283163e+00 6.53286899e+02 2.06588817e+02 
728  755.58  3.14985421e+00 6.51305763e+02 2.06706362e+02 
729  756.36  3.14466140e+00 6.50548195e+02 2.06823897e+02 
730  757.14  3.14107484e+00 6.50574079e+02 2.06941421e+02 
731  757.93  3.13427993e+00 6.49317934e+02 2.07058934e+02 
732  758.71  3.11367479e+00 6.45291022e+02 2.07176436e+02 
733  759.49  3.08271539e+00 6.38569397e+02 2.07293926e+02 
734  760.28  3.05578422e+00 6.33967114e+02 2.07444255e+02 
735  761.06  3.05799851e+00 6.35296687e+02 2.07654916e+02 
736  761.84  3.06395691e+00 6.37044112e+02 2.07865557e+02 
737  762.63  3.05118458e+00 6.35276463e+02 2.08076177e+02 
738  763.41  3.03678780e+00 6.33225308e+02 2.08286778e+02 
739  764.19  3.03855872e+00 6.34334339e+02 2.08497360e+02 
740  764.97  3.05256659e+00 6.37009683e+02 2.08707921e+02 
741  765.76  3.05242525e+00 6.37689333e+02 2.08918462e+02 
742  766.54  3.04296086e+00 6.36073620e+02 2.09128983e+02 
743  767.32  3.03534959e+00 6.35326145e+02 2.09339484e+02 
744  768.10  3.03536435e+00 6.35989437e+02 2.09549966e+02 
745  768.89  3.03305184e+00 6.36389470e+02 2.09760427e+02 
746  769.67  3.02356293e+00 6.34701407e+02 2.09970868e+02 
747  770.45  3.00776052e+00 6.32811097e+02 2.10153785e+02 
748  771.23  2.99922393e+00 6.30964720e+02 2.10316474e+02 
749  772.02  2.99433084e+00 6.30575949e+02 2.10479147e+02 
750  772.80  2.99333454e+00 6.30313767e+02 2.10641805e+02 
751  773.58  2.98939566e+00 6.29576201e+02 2.10804447e+02 
752  774.36  2.97279757e+00 6.27623972e+02 2.10967074e+02 
753  775.14  2.96099614e+00 6.25009167e+02 2.11129685e+02 
754  775.92  2.95349919e+00 6.23734289e+02 2.11292280e+02 
755  776.71  2.94520337e+00 6.23052659e+02 2.11454860e+02 
756  777.49  2.94096444e+00 6.22092249e+02 2.11617423e+02 
757  778.27  2.93394504e+00 6.21257604e+02 2.11779971e+02 
758  779.05  2.91882619e+00 6.18690298e+02 2.11942504e+02 
759  779.83  2.91115704e+00 6.17230853e+02 2.12105020e+02 
760  780.61  2.90897593e+00 6.17436675e+02 2.12232575e+02 
761  781.39  2.91546904e+00 6.18805875e+02 2.12350533e+02 
762  782.18  2.90971272e+00 6.18551037e+02 2.12468479e+02 
763  782.96  2.89832916e+00 6.15863248e+02 2.12586414e+02 
764  783.74  2.88675762e+00 6.14497708e+02 2.12704337e+02 
765  784.52  2.88265685e+00 6.13820826e+02 2.12822249e+02 
766  785.30  2.87959449e+00 6.13486344e+02 2.12940149e+02 
767  786.08  2.87880165e+00 6.13474498e+02 2.13058037e+02 
768  786.86  2.87511035e+00 6.13189178e+02 2.13175914e+02 
769  787.64  2.86132868e+00 6.10940982e+02 2.13293779e+02 
770  788.42  2.85299359e+00 6.08963371e+02 2.13411633e+02 
771  789.20  2.84909989e+00 6.08583440e+02 2.13529475e+02 
772  789.98  2.85003342e+00 6.09085509e+02 2.13647306e+02 
773  790.76  2.84579136e+00 6.08300155e+02 2.13737677e+02 
774  791.54  2.83164143e+00 6.05642851e+02 2.13827398e+02 
775  792.32  2.81938819e+00 6.03058442e+02 2.13917110e+02 
776  793.10  2.81525667e+00 6.02906971e+02 2.14006813e+02 
777  793.88  2.81795910e+00 6.03886843e+02 2.14096506e+02 
778  794.66  2.81360389e+00 6.02872808e+02 2.14186191e+02 
779  795.44  2.79832581e+00 5.99847706e+02 2.14275867e+02 
780  796.22  2.78204771e+00 5.96366107e+02 2.14365534e+02 
781  797.00  2.78124591e+00 5.96468800e+02 2.14455192e+02 
782  797.78  2.77895218e+00 5.96289777e+02 2.14544841e+02 
783  798.56  2.77072126e+00 5.94990987e+02 2.14634481e+02 
784  799.34  2.75938625e+00 5.92878138e+02 2.14724113e+02 
785  800.12  2.74452219e+00 5.89563200e+02 2.14809077e+02 
786  800.90  2.72562508e+00 5.85274714e+02 2.14868299e+02 
787  801.68  2.72211739e+00 5.84880134e+02 2.14927516e+02 
788  802.46  2.72413670e+00 5.85664778e+02 2.14986726e+02 
789  803.24  2.71796531e+00 5.85296059e+02 2.15045931e+02 
790  804.01  2.70277834e+00 5.81510821e+02 2.15105130e+02 
791  804.79  2.67522137e+00 5.75664329e+02 2.15164322e+02 
792  805.57  2.66108204e+00 5.73068984e+02 2.15223509e+02 
793  806.35  2.67044881e+00 5.74727696e+02 2.15282689e+02 
794  807.13  2.67937662e+00 5.77216267e+02 2.15341864e+02 
795  807.91  2.66378064e+00 5.73715306e+02 2.15401032e+02 
796  808.69  2.62545625e+00 5.66142808e+02 2.15460195e+02 
797  809.47  2.60766937e+00 5.61835880e+02 2.15519351e+02 
798  810.24  2.61404269e+00 5.63283088e+02 2.15568277e+02 
799  811.02  2.62437420e+00 5.65803544e+02 2.15594736e+02 
800  811.80  2.62126223e+00 5.65296875e+02 2.15621193e+02 
801  812.58  2.60240678e+00 5.61742513e+02 2.15647647e+02 
802  813.36  2.57903873e+00 5.56695383e+02 2.15674098e+02 
803  814.13  2.55797278e+00 5.51843290e+02 2.15700546e+02 
804  814.91  2.55630282e+00 5.51800710e+02 2.15726992e+02 
805  815.69  2.56641639e+00 5.53350292e+02 2.15753435e+02 
806  816.47  2.56871907e+00 5.54667719e+02 2.15779875e+02 
807  817.24  2.56097694e+00 5.52668552e+02 2.15806313e+02 
808  818.02  2.54250681e+00 5.48613994e+02 2.15832748e+02 
809  818.80  2.52714814e+00 5.45479174e+02 2.15859180e+02 
810  819.58  2.51659667e+00 5.43275647e+02 2.15885609e+02 
811  820.35  2.52316275e+00 5.44606099e+02 2.15911328e+02 
812  821.13  2.53922117e+00 5.48366755e+02 2.15936197e+02 
813  821.91  2.52442084e+00 5.45571407e+02 2.15961064e+02 
814  822.69  2.49203595e+00 5.38565472e+02 2.15985928e+02 
815  823.46  2.47022063e+00 5.33335600e+02 2.16010790e+02 
816  824.24  2.46128212e+00 5.31838011e+02 2.16035649e+02 
817  825.02  2.47495851e+00 5.35059220e+02 2.16060505e+02 
818  825.79  2.48944316e+00 5.38247897e+02 2.16085359e+02 
819  826.57  2.47861151e+00 5.35849434e+02 2.16110210e+02 
820  827.35  2.45191667e+00 5.30248396e+02 2.16135059e+02 
821  828.12  2.42691282e+00 5.24552190e+02 2.16159905e+02 
822  828.90  2.42098103e+00 5.22967570e+02 2.16184748e+02 
823  829.67  2.42972510e+00 5.25566304e+02 2.16209589e+02 
824  830.45  2.44042464e+00 5.28358190e+02 2.16231722e+02 
825  831.23  2.43360296e+00 5.26524712e+02 2.16251901e+02 
826  832.00  2.41155434e+00 5.21440515e+02 2.16272078e+02 
827  832.78  2.37974980e+00 5.14796074e+02 2.16292252e+02 
828  833.55  2.36719979e+00 5.12084660e+02 2.16312425e+02 
829  834.33  2.37794755e+00 5.15150936e+02 2.16332595e+02 
830  835.11  2.40316484e+00 5.19987068e+02 2.16352763e+02 
831  835.88  2.40336302e+00 5.19851910e+02 2.16372929e+02 
832  836.66  2.37666586e+00 5.14738662e+02 2.16393093e+02 
833  837.43  2.33704950e+00 5.06019441e+02 2.16413254e+02 
834  838.21  2.31695806e+00 5.01821287e+02 2.16433414e+02 
835  838.98  2.32237116e+00 5.02804865e+02 2.16453571e+02 
836  839.76  2.34323914e+00 5.06869112e+02 2.16473726e+02 
837  840.53  2.34201162e+00 5.06882774e+02 2.16484271e+02 
838  841.31  2.31743169e+00 5.02177369e+02 2.16490471e+02 
839  842.08  2.28351896e+00 4.94642167e+02 2.16496670e+02 
840  842.86  2.25696460e+00 4.88451126e+02 2.16502869e+02 
841  843.63  2.25430328e+00 4.87897915e+02 2.16509068e+02 
842  844.41  2.27150684e+00 4.91865536e+02 2.16515265e+02 
843  845.18  2.28994410e+00 4.95448272e+02 2.16521462e+02 
844  845.96  2.28875408e+00 4.95722827e+02 2.16527658e+02 
845  846.73  2.26294628e+00 4.90695803e+02 2.16533854e+02 
846  847.51  2.22591014e+00 4.82965190e+02 2.16540049e+02 
847  848.28  2.20740147e+00 4.77982465e+02 2.16546243e+02 
848  849.05  2.21877533e+00 4.80513577e+02 2.16552437e+02 
849  849.83  2.23764823e+00 4.85023556e+02 2.16558629e+02 
850  850.60  2.24709844e+00 4.86447154e+02 2.16544330e+02 
851  851.38  2.22130466e+00 4.81411587e+02 2.16524207e+02 
852  852.15  2.18955275e+00 4.73843295e+02 2.16504087e+02 
853  852.92  2.16684757e+00 4.69329109e+02 2.16483969e+02 
854  853.70  2.16583016e+00 4.69161948e+02 2.16463853e+02 
855  854.47  2.18293739e+00 4.72699792e+02 2.16443740e+02 
856  855.25  2.19941579e+00 4.76077640e+02 2.16423628e+02 
857  856.02  2.20038219e+00 4.76118546e+02 2.16403519e+02 
858  856.79  2.17744006e+00 4.71284735e+02 2.16383412e+02 
859  857.57  2.14290840e+00 4.63905796e+02 2.16363308e+02 
860  858.34  2.11625109e+00 4.57890041e+02 2.16343205e+02 
861  859.11  2.10153595e+00 4.54960103e+02 2.16323105e+02 
862  859.88  2.11394838e+00 4.57227227e+02 2.16303007e+02 
863  860.66  2.13297014e+00 4.61856570e+02 2.16286197e+02 
864  861.43  2.13937437e+00 4.62640999e+02 2.16269968e+02 
865  862.20  2.12032228e+00 4.58894598e+02 2.16253740e+02 
866  862.98  2.09363167e+00 4.52553124e+02 2.16237514e+02 
867  863.75  2.05907411e+00 4.45639204e+02 2.16221290e+02 
868  864.52  2.05323667e+00 4.43879104e+02 2.16205068e+02 
869  865.29  2.06286251e+00 4.45981137e+02 2.16188848e+02 
870  866.07  2.08047845e+00 4.50005049e+02 2.16172629e+02 
871  866.84  2.08379896e+00 4.50856334e+02 2.16156412e+02 
872  867.61  2.06745793e+00 4.46971259e+02 2.16140198e+02 
873  868.38  2.03272504e+00 4.39159777e+02 2.16123984e+02 
874  869.15  2.00224638e+00 4.32410790e+02 2.16107773e+02 
875  869.93  1.99304085e+00 4.30570082e+02 2.16091564e+02 
876  870.70  2.00956764e+00 4.33976363e+02 2.16043279e+02 
877  871.47  2.02118939e+00 4.36277124e+02 2.15991575e+02 
878  872.24  2.02185623e+00 4.37090239e+02 2.15939876e+02 
879  873.01  2.00765599e+00 4.33460508e+02 2.15888184e+02 
880  873.78  1.97699238e+00 4.26601017e+02 2.15836497e+02 
881  874.55  1.94188306e+00 4.19094031e+02 2.15784816e+02 
882  875.33  1.92917211e+00 4.16104760e+02 2.15733141e+02 
883  876.10  1.94069411e+00 4.18514975e+02 2.15681472e+02 
884  876.87  1.95641336e+00 4.21540728e+02 2.15629809e+02 
885  877.64  1.96484345e+00 4.23421327e+02 2.15578151e+02 
886  878.41  1.95052382e+00 4.20432156e+02 2.15526500e+02 
887  879.18  1.92014844e+00 4.13717723e+02 2.15474855e+02 
888  879.95  1.88929733e+00 4.06963881e+02 2.15423215e+02 
889  880.72  1.87315605e+00 4.03659826e+02 2.15338338e+02 
890  881.49  1.88146226e+00 4.05011510e+02 2.15251265e+02 
891  882.26  1.89357693e+00 4.07660276e+02 2.15164201e+02 
892  883.03  1.90942912e+00 4.10757366e+02 2.15077147e+02 
893  883.80  1.90081204e+00 4.08902265e+02 2.14990103e+02 
894  884.57  1.87446713e+00 4.02796423e+02 2.14903070e+02 
895  885.34  1.84718046e+00 3.96849058e+02 2.14816046e+02 
896  886.11  1.82617636e+00 3.92170498e+02 2.14729033e+02 
897  886.88  1.82185608e+00 3.90758734e+02 2.14642029e+02 
898  887.65  1.83047533e+00 3.92897325e+02 2.14555035e+02 
899  888.42  1.84544410e+00 3.96127760e+02 2.14468052e+02 
900  889.19  1.85567593e+00 3.97645539e+02 2.14381079e+02 
901  889.96  1.83797344e+00 3.94096174e+02 2.14294116e+02 
902  890.73  1.80936667e+00 3.87450712e+02 2.14176373e+02 
903  891.50  1.78349366e+00 3.81514097e+02 2.14057115e+02 
904  892.27  1.76920803e+00 3.78011580e+02 2.13937871e+02 
905  893.04  1.77411419e+00 3.79213053e+02 2.13818641e+02 
906  893.81  1.79206705e+00 3.82973762e+02 2.13699424e+02 
907  894.58  1.80061590e+00 3.84692367e+02 2.13580222e+02 
908  895.35  1.78814588e+00 3.81722390e+02 2.13461034e+02 
909  896.12  1.76261963e+00 3.76204449e+02 2.13341859e+02 
910  896.89  1.73515873e+00 3.70005184e+02 2.13222699e+02 
911  897.65  1.72027559e+00 3.66465924e+02 2.13103552e+02 
912  898.42  1.72649756e+00 3.67494705e+02 2.12984420e+02 
913  899.19  1.74084850e+00 3.69903803e+02 2.12865301e+02 
914  899.96  1.74135921e+00 3.70446367e+02 2.12746197e+02 
915  900.73  1.73416456e+00 3.68707079e+02 2.12632205e+02 
916  901.50  1.70860095e+00 3.63760100e+02 2.12518507e+02 
917  902.26  1.68642912e+00 3.58128749e+02 2.12404821e+02 
918  903.03  1.66938010e+00 3.54407425e+02 2.12291150e+02 
919  903.80  1.66490187e+00 3.53107288e+02 2.12177492e+02 
920  904.57  1.66980704e+00 3.53798141e+02 2.12063847e+02 
921  905.34  1.67604393e+00 3.55175727e+02 2.11950216e+02 
922  906.10  1.67986990e+00 3.55773893e+02 2.11836598e+02 
923  906.87  1.67056243e+00 3.53715334e+02 2.11722994e+02 
924  907.64  1.64918064e+00 3.48982481e+02 2.11609403e+02 
925  908.41  1.62317952e+00 3.43450297e+02 2.11495826e+02 
926  909.17  1.60445097e+00 3.39413765e+02 2.11382263e+02 
927  909.94  1.59745739e+00 3.37539439e+02 2.11268713e+02 
928  910.71  1.59904414e+00 3.37862078e+02 2.11140303e+02 
929  911.48  1.60374798e+00 3.38534437e+02 2.11010673e+02 
930  912.24  1.60272120e+00 3.37820190e+02 2.10881058e+02 
931  913.01  1.58963050e+00 3.35240645e+02 2.10751459e+02 
932  913.78  1.57216324e+00 3.31351191e+02 2.10621875e+02 
933  914.54  1.55197988e+00 3.26645943e+02 2.10492307e+02 
934  915.31  1.53595443e+00 3.22942784e+02 2.10362754e+02 
935  916.08  1.52598857e+00 3.20979120e+02 2.10233217e+02 
936  916.84  1.52596080e+00 3.20774307e+02 2.10103696e+02 
937  917.61  1.52828738e+00 3.20919756e+02 2.09974191e+02 
938  918.37  1.52650520e+00 3.20454782e+02 2.09844701e+02 
939  919.14  1.51817495e+00 3.18168127e+02 2.09715227e+02 
940  919.91  1.49976995e+00 3.14535638e+02 2.09585768e+02 
941  920.67  1.48232008e+00 3.10459174e+02 2.09343997e+02 
942  921.44  1.46825700e+00 3.06910703e+02 2.09086675e+02 
943  922.20  1.45967930e+00 3.04667758e+02 2.08829384e+02 
944  922.97  1.45779136e+00 3.03985120e+02 2.08572125e+02 
945  923.74  1.45759743e+00 3.03601732e+02 2.08314897e+02 
946  924.50  1.45470236e+00 3.02958921e+02 2.08057701e+02 
947  925.27  1.44837017e+00 3.01060186e+02 2.07800536e+02 
948  926.03  1.43530042e+00 2.97945228e+02 2.07543403e+02 
949  926.80  1.41665578e+00 2.93612500e+02 2.07286301e+02 
950  927.56  1.39989956e+00 2.89718313e+02 2.07029231e+02 
951  928.33  1.38751798e+00 2.86736721e+02 2.06772193e+02 
952  929.09  1.37901261e+00 2.84902940e+02 2.06515186e+02 
953  929.86  1.37615615e+00 2.83515409e+02 2.06258211e+02 
954  930.62  1.36834179e+00 2.82039760e+02 2.06029844e+02 
955  931.39  1.35505388e+00 2.79154118e+02 2.05808105e+02 
956  932.15  1.33898678e+00 2.75110254e+02 2.05586393e+02 
957  932.91  1.31714563e+00 2.70331292e+02 2.05364709e+02 
958  933.68  1.29703906e+00 2.66043846e+02 2.05143052e+02 
959  934.44  1.28237146e+00 2.62871741e+02 2.04921423e+02 
960  935.21  1.27846452e+00 2.61352874e+02 2.04699821e+02 
961  935.97  1.27245588e+00 2.60591372e+02 2.04478247e+02 
962  936.74  1.27256749e+00 2.60019937e+02 2.04256700e+02 
963  937.50  1.26853288e+00 2.58868042e+02 2.04035181e+02 
964  938.26  1.25694119e+00 2.56236706e+02 2.03813690e+02 
965  939.03  1.24153164e+00 2.52794343e+02 2.03592226e+02 
966  939.79  1.22601468e+00 2.49318533e+02 2.03370791e+02 
967  940.55  1.21235386e+00 2.46205746e+02 2.03216953e+02 
968  941.32  1.20503199e+00 2.44580429e+02 2.03088705e+02 
969  942.08  1.19948804e+00 2.43389626e+02 2.02960473e+02 
970  942.84  1.19369767e+00 2.42389793e+02 2.02832257e+02 
971  943.61  1.18958471e+00 2.41141030e+02 2.02704057e+02 
972  944.37  1.17945527e+00 2.38782387e+02 2.02575874e+02 
973  945.13  1.16229946e+00 2.35417680e+02 2.02447707e+02 
974  945.90  1.14594857e+00 2.31932435e+02 2.02319556e+02 
975  946.66  1.13619930e+00 2.29658285e+02 2.02191421e+02 
976  947.42  1.12877616e+00 2.28204834e+02 2.02063302e+02 
977  948.18  1.12798164e+00 2.27946799e+02 2.01935200e+02 
978  948.95  1.12930744e+00 2.28042619e+02 2.01807113e+02 
979  949.71  1.13018286e+00 2.27643759e+02 2.01679043e+02 
980  950.47  1.12092884e+00 2.26003652e+02 2.01572624e+02 
981  951.23  1.10852242e+00 2.23295724e+02 2.01479644e+02 
982  951.99  1.09405271e+00 2.20288856e+02 2.01386676e+02 
983  952.76  1.08177418e+00 2.17606905e+02 2.01293721e+02 
984  953.52  1.07404689e+00 2.16097920e+02 2.01200777e+02 
985  954.28  1.07303463e+00 2.15689818e+02 2.01107845e+02 
986  955.04  1.07078135e+00 2.15368125e+02 2.01014924e+02 
987  955.80  1.06855793e+00 2.14674561e+02 2.00922016e+02 
988  956.56  1.06268730e+00 2.13192154e+02 2.00829120e+02 
989  957.33  1.05215821e+00 2.11017769e+02 2.00736235e+02 
990  958.09  1.03776122e+00 2.08232462e+02 2.00643363e+02 
991  958.85  1.02603916e+00 2.05604367e+02 2.00550502e+02 
992  959.61  1.01647698e+00 2.03874088e+02 2.00457654e+02 
993  960.37  1.01270727e+00 2.02824378e+02 2.00362224e+02 
994  961.13  1.01079345e+00 2.02408729e+02 2.00264074e+02 
995  961.89  1.00878408e+00 2.01757480e+02 2.00165936e+02 
996  962.65  1.00228829e+00 2.00385664e+02 2.00067811e+02 
997  963.41  9.91718893e-01 1.98273090e+02 1.99969698e+02 
998  964.17  9.76649636e-01 1.95299691e+02 1.99871598e+02 
999  964.93  9.65253849e-01 1.92762026e+02 1.99773511e+02 
1000 965.69  9.57351133e-01 1.90949826e+02 1.99675437e+02 
1001 966.45  9.50958563e-01 1.90082332e+02 1.99577375e+02 
1002 967.21  9.49815162e-01 1.89564150e+02 1.99479326e+02 
1003 967.97  9.48521373e-01 1.88850782e+02 1.99381290e+02 
1004 968.73  9.39684103e-01 1.87026785e+02 1.99283267e+02 
1005 969.49  9.26486137e-01 1.84360695e+02 1.99185256e+02 
1006 970.25  9.14748247e-01 1.82053281e+02 1.99066700e+02 
1007 971.01  9.07368012e-01 1.80501956e+02 1.98907190e+02 
1008 971.77  9.01600172e-01 1.79442632e+02 1.98747701e+02 
1009 972.53  9.00463345e-01 1.78783838e+02 1.98588232e+02 
1010 973.29  8.95335765e-01 1.77814727e+02 1.98428785e+02 
1011 974.05  8.87037733e-01 1.75885592e+02 1.98269358e+02 
1012 974.81  8.76013978e-01 1.73815660e+02 1.98109953e+02 
1013 975.57  8.65719468e-01 1.71695379e+02 1.97950568e+02 
1014 976.33  8.59969409e-01 1.70083813e+02 1.97791205e+02 
1015 977.09  8.55312578e-01 1.68965201e+02 1.97631863e+02 
1016 977.85  8.52264368e-01 1.68204512e+02 1.97472541e+02 
1017 978.60  8.45546665e-01 1.66967703e+02 1.97313241e+02 
1018 979.36  8.35060494e-01 1.64954428e+02 1.97153962e+02 
1019 980.12  8.27498959e-01 1.62873151e+02 1.97007713e+02 
1020 980.88  8.18859342e-01 1.61179507e+02 1.96930370e+02 
1021 981.64  8.13745314e-01 1.60286313e+02 1.96853036e+02 
1022 982.39  8.10214242e-01 1.59389723e+02 1.96775713e+02 
1023 983.15  8.02562399e-01 1.57925749e+02 1.96698401e+02 
1024 983.91  7.91419178e-01 1.55559362e+02 1.96621098e+02 
1025 984.67  7.80187910e-01 1.53366554e+02 1.96543806e+02 
1026 985.43  7.75874821e-01 1.52274940e+02 1.96466524e+02 
1027 986.18  7.72490844e-01 1.51477170e+02 1.96389253e+02 
1028 986.94  7.63357069e-01 1.49949151e+02 1.96311992e+02 
1029 987.70  7.50295486e-01 1.47280278e+02 1.96234741e+02 
1030 988.46  7.39054308e-01 1.44999817e+02 1.96157500e+02 
1031 989.21  7.32278885e-01 1.43679888e+02 1.96080270e+02 
1032 989.97  7.27183319e-01 1.42623874e+02 1.96003051e+02 
1033 990.73  7.15844383e-01 1.40277613e+02 1.95857499e+02 
1034 991.48  7.01319531e-01 1.37533838e+02 1.95709156e+02 
1035 992.24  6.92048316e-01 1.35439450e+02 1.95560834e+02 
1036 993.00  6.84140891e-01 1.33575673e+02 1.95412531e+02 
1037 993.75  6.70571462e-01 1.30905564e+02 1.95264248e+02 
1038 994.51  6.54923281e-01 1.27852100e+02 1.95115985e+02 
1039 995.27  6.43290620e-01 1.25422627e+02 1.94967743e+02 
1040 996.02  4.13092216e-02 8.06965571e+00 1.94819520e+02 
1041 996.78  1.99493139e-03 4.27604652e-01 1.94671318e+02 
1042 997.54  1.21501547e-03 2.29526861e-01 1.94523136e+02 
1043 998.29  8.84127807e-04 2.30519023e-01 1.94374974e+02 
