% C0 (TOA Count Rate, /ms) for 4STAR NIR spectrometer (512 channels) derived from 20141002starsun_R2.mat and recorded on 2015-10-28 14:41:12.
% Data outside 2.0x the STD of 501 nm Langley residuals were screened out.
Pix Wavelength C0 C0err
511 949.79 4.54859616e+00 1.36457885e-01 
510 949.79 4.68431823e+00 1.40529547e-01 
509 951.68 5.02241984e+00 1.50672595e-01 
508 953.57 5.06319372e+00 1.51895812e-01 
507 955.46 5.46143480e+00 1.63843044e-01 
506 957.34 5.54134425e+00 1.66240327e-01 
505 959.22 5.93633670e+00 1.78090101e-01 
504 961.10 5.98198468e+00 1.79459540e-01 
503 962.98 6.35044345e+00 1.90513304e-01 
502 964.85 6.30837768e+00 1.89251330e-01 
501 966.72 6.72082312e+00 2.01624693e-01 
500 968.59 6.71407578e+00 2.01422273e-01 
499 970.45 7.04239844e+00 2.11271953e-01 
498 972.32 6.99338106e+00 2.09801432e-01 
497 974.18 7.26714902e+00 2.18014470e-01 
496 976.04 7.17661114e+00 2.15298334e-01 
495 977.89 7.45109439e+00 2.23532832e-01 
494 979.74 7.32187608e+00 2.19656282e-01 
493 981.59 7.55507589e+00 2.26652277e-01 
492 983.44 7.40427928e+00 2.22128378e-01 
491 985.29 7.60219020e+00 2.28065706e-01 
490 987.13 7.41611594e+00 2.22483478e-01 
489 988.97 7.62093658e+00 2.28628098e-01 
488 990.81 7.44094040e+00 2.23228212e-01 
487 992.65 7.57996987e+00 2.27399096e-01 
486 994.48 7.39632267e+00 2.21889680e-01 
485 996.31 7.53597914e+00 2.26079374e-01 
484 998.14 7.31857909e+00 2.19557373e-01 
483 999.97 7.46446942e+00 2.23934083e-01 
482 1001.79 7.22796099e+00 2.16838830e-01 
481 1003.62 7.28783836e+00 2.18635151e-01 
480 1005.44 7.11979058e+00 2.13593717e-01 
479 1007.25 7.32073577e+00 2.19622073e-01 
478 1009.07 7.14978722e+00 2.14493617e-01 
477 1010.88 7.30842022e+00 2.19252607e-01 
476 1012.69 7.08180073e+00 2.12454022e-01 
475 1014.50 7.19083522e+00 2.15725057e-01 
474 1016.31 7.00742017e+00 2.10222605e-01 
473 1018.11 7.13143471e+00 2.13943041e-01 
472 1019.91 6.91989162e+00 2.07596749e-01 
471 1021.71 7.04502540e+00 2.11350762e-01 
470 1023.51 6.84830755e+00 2.05449226e-01 
469 1025.30 6.99379899e+00 2.09813970e-01 
468 1027.09 6.89321004e+00 2.06796301e-01 
467 1028.88 7.01657290e+00 2.10497187e-01 
466 1030.67 6.88343545e+00 2.06503063e-01 
465 1032.46 7.03697348e+00 2.11109204e-01 
464 1034.24 6.89000695e+00 2.06700209e-01 
463 1036.02 7.04912634e+00 2.11473790e-01 
462 1037.80 6.95012368e+00 2.08503710e-01 
461 1039.58 7.14106401e+00 2.14231920e-01 
460 1041.35 7.01867052e+00 2.10560116e-01 
459 1043.12 7.17759093e+00 2.15327728e-01 
458 1044.89 7.11371100e+00 2.13411330e-01 
457 1046.66 7.30039733e+00 2.19011920e-01 
456 1048.43 7.24671680e+00 2.17401504e-01 
455 1050.19 7.44223724e+00 2.23267117e-01 
454 1051.95 7.30796796e+00 2.19239039e-01 
453 1053.71 7.52751690e+00 2.25825507e-01 
452 1055.47 7.38760728e+00 2.21628218e-01 
451 1057.23 7.52659447e+00 2.25797834e-01 
450 1058.98 7.40256123e+00 2.22076837e-01 
449 1060.73 7.56796139e+00 2.27038842e-01 
448 1062.48 7.41871671e+00 2.22561501e-01 
447 1064.23 7.51421887e+00 2.25426566e-01 
446 1065.97 7.26414725e+00 2.17924417e-01 
445 1067.71 7.31370057e+00 2.19411017e-01 
444 1069.46 7.11898137e+00 2.13569441e-01 
443 1071.19 7.21313578e+00 2.16394073e-01 
442 1072.93 7.07611326e+00 2.12283398e-01 
441 1074.67 7.15053161e+00 2.14515948e-01 
440 1076.40 6.98480489e+00 2.09544147e-01 
439 1078.13 7.01047263e+00 2.10314179e-01 
438 1079.86 6.80932047e+00 2.04279614e-01 
437 1081.58 6.88775788e+00 2.06632736e-01 
436 1083.31 6.77735745e+00 2.03320724e-01 
435 1085.03 6.94109674e+00 2.08232902e-01 
434 1086.75 6.87038621e+00 2.06111586e-01 
433 1088.47 7.00148253e+00 2.10044476e-01 
432 1090.19 6.91593151e+00 2.07477945e-01 
431 1091.90 7.02640955e+00 2.10792287e-01 
430 1093.61 6.90852210e+00 2.07255663e-01 
429 1095.33 7.10770504e+00 2.13231151e-01 
428 1097.03 7.14353284e+00 2.14305985e-01 
427 1098.74 7.37905978e+00 2.21371793e-01 
426 1100.45 7.40567028e+00 2.22170108e-01 
425 1102.15 7.64815724e+00 2.29444717e-01 
424 1103.85 7.63322406e+00 2.28996722e-01 
423 1105.55 7.86488645e+00 2.35946593e-01 
422 1107.25 7.81851372e+00 2.34555412e-01 
421 1108.94 7.96420159e+00 2.38926048e-01 
420 1110.64 7.81048141e+00 2.34314442e-01 
419 1112.33 7.89922359e+00 2.36976708e-01 
418 1114.02 7.63716412e+00 2.29114924e-01 
417 1115.70 7.63568115e+00 2.29070434e-01 
416 1117.39 7.43348617e+00 2.23004585e-01 
415 1119.07 7.42668885e+00 2.22800666e-01 
414 1120.76 7.28620909e+00 2.18586273e-01 
413 1122.44 7.37183120e+00 2.21154936e-01 
412 1124.12 7.30085651e+00 2.19025695e-01 
411 1125.79 7.46322390e+00 2.23896717e-01 
410 1127.47 7.56220590e+00 2.26866177e-01 
409 1129.14 7.78423250e+00 2.33526975e-01 
408 1130.81 7.48238468e+00 2.24471540e-01 
407 1132.48 7.40272514e+00 2.22081754e-01 
406 1134.15 7.27453450e+00 2.18236035e-01 
405 1135.81 7.49871888e+00 2.24961566e-01 
404 1137.48 7.77961416e+00 2.33388425e-01 
403 1139.14 7.94597571e+00 2.38379271e-01 
402 1140.80 7.75877734e+00 2.32763320e-01 
401 1142.46 7.77449464e+00 2.33234839e-01 
400 1144.12 7.58260921e+00 2.27478276e-01 
399 1145.77 7.62878172e+00 2.28863452e-01 
398 1147.43 7.58319591e+00 2.27495877e-01 
397 1149.08 7.69466674e+00 2.30840002e-01 
396 1150.73 7.66578638e+00 2.29973591e-01 
395 1152.38 7.85724226e+00 2.35717268e-01 
394 1154.02 7.78262427e+00 2.33478728e-01 
393 1155.67 7.94870522e+00 2.38461157e-01 
392 1157.31 7.82652662e+00 2.34795798e-01 
391 1158.95 7.88215502e+00 2.36464651e-01 
390 1160.59 7.77237733e+00 2.33171320e-01 
389 1162.23 7.90613351e+00 2.37184005e-01 
388 1163.87 7.81228306e+00 2.34368492e-01 
387 1165.50 7.86342750e+00 2.35902825e-01 
386 1167.13 7.74780631e+00 2.32434189e-01 
385 1168.76 7.80130236e+00 2.34039071e-01 
384 1170.39 7.69400199e+00 2.30820060e-01 
383 1172.02 7.67294791e+00 2.30188437e-01 
382 1173.65 7.52506893e+00 2.25752068e-01 
381 1175.27 7.52687367e+00 2.25806210e-01 
380 1176.90 7.41329413e+00 2.22398824e-01 
379 1178.52 7.40967393e+00 2.22290218e-01 
378 1180.14 7.23166824e+00 2.16950047e-01 
377 1181.75 7.23856790e+00 2.17157037e-01 
376 1183.37 7.06346171e+00 2.11903851e-01 
375 1184.99 7.09641676e+00 2.12892503e-01 
374 1186.60 6.98791414e+00 2.09637424e-01 
373 1188.21 6.96203476e+00 2.08861043e-01 
372 1189.82 6.86069124e+00 2.05820737e-01 
371 1191.43 7.00403354e+00 2.10121006e-01 
370 1193.04 6.89097518e+00 2.06729255e-01 
369 1194.64 6.87317314e+00 2.06195194e-01 
368 1196.24 6.71863929e+00 2.01559179e-01 
367 1197.85 6.75965189e+00 2.02789557e-01 
366 1199.45 6.67424238e+00 2.00227271e-01 
365 1201.05 6.75691898e+00 2.02707569e-01 
364 1202.64 6.68096324e+00 2.00428897e-01 
363 1204.24 6.70706237e+00 2.01211871e-01 
362 1205.83 6.63951289e+00 1.99185387e-01 
361 1207.43 6.64903631e+00 1.99471089e-01 
360 1209.02 6.59942693e+00 1.97982808e-01 
359 1210.61 6.68879303e+00 2.00663791e-01 
358 1212.19 6.66883679e+00 2.00065104e-01 
357 1213.78 6.77809222e+00 2.03342767e-01 
356 1215.37 6.70388606e+00 2.01116582e-01 
355 1216.95 6.73418011e+00 2.02025403e-01 
354 1218.53 6.69103661e+00 2.00731098e-01 
353 1220.11 6.75593133e+00 2.02677940e-01 
352 1221.69 6.73192769e+00 2.01957831e-01 
351 1223.27 6.76861419e+00 2.03058426e-01 
350 1224.84 6.75084998e+00 2.02525499e-01 
349 1226.42 6.80420714e+00 2.04126214e-01 
348 1227.99 6.79948272e+00 2.03984481e-01 
347 1229.56 6.89793281e+00 2.06937984e-01 
346 1231.13 6.82500709e+00 2.04750213e-01 
345 1232.70 6.88956188e+00 2.06686856e-01 
344 1234.27 6.85089858e+00 2.05526957e-01 
343 1235.84 6.85037461e+00 2.05511238e-01 
342 1237.40 6.79726057e+00 2.03917817e-01 
341 1238.96 6.81044604e+00 2.04313381e-01 
340 1240.52 6.68848641e+00 2.00654592e-01 
339 1242.08 6.78694007e+00 2.03608202e-01 
338 1243.64 6.76727228e+00 2.03018168e-01 
337 1245.20 6.82503818e+00 2.04751145e-01 
336 1246.75 6.81420478e+00 2.04426143e-01 
335 1248.31 6.87335510e+00 2.06200653e-01 
334 1249.86 6.80296905e+00 2.04089071e-01 
333 1251.41 6.82032019e+00 2.04609606e-01 
332 1252.96 6.76569299e+00 2.02970790e-01 
331 1254.51 6.81519929e+00 2.04455979e-01 
330 1256.06 6.74987450e+00 2.02496235e-01 
329 1257.61 6.72517700e+00 2.01755310e-01 
328 1259.15 6.64101417e+00 1.99230425e-01 
327 1260.69 6.59829806e+00 1.97948942e-01 
326 1262.23 6.50320361e+00 1.95096108e-01 
325 1263.77 6.47654085e+00 1.94296225e-01 
324 1265.31 6.31851178e+00 1.89555353e-01 
323 1266.85 6.33932339e+00 1.90179702e-01 
322 1268.39 6.36806457e+00 1.91041937e-01 
321 1269.92 6.47092817e+00 1.94127845e-01 
320 1271.46 6.62107199e+00 1.98632160e-01 
319 1272.99 6.66627854e+00 1.99988356e-01 
318 1274.52 6.66984003e+00 2.00095201e-01 
317 1276.05 6.72096936e+00 2.01629081e-01 
316 1277.58 6.58556825e+00 1.97567047e-01 
315 1279.10 6.43612925e+00 1.93083878e-01 
314 1280.63 6.38117852e+00 1.91435356e-01 
313 1282.15 6.37244582e+00 1.91173375e-01 
312 1283.68 6.45381793e+00 1.93614538e-01 
311 1285.20 6.59908426e+00 1.97972528e-01 
310 1286.72 6.56054075e+00 1.96816223e-01 
309 1288.24 6.57324609e+00 1.97197383e-01 
308 1289.75 6.50888010e+00 1.95266403e-01 
307 1291.27 6.53963328e+00 1.96188998e-01 
306 1292.78 6.55483838e+00 1.96645151e-01 
305 1294.30 6.56688008e+00 1.97006403e-01 
304 1295.81 6.50776737e+00 1.95233021e-01 
303 1297.32 6.52863282e+00 1.95858985e-01 
302 1298.83 6.47054856e+00 1.94116457e-01 
301 1300.34 6.43391743e+00 1.93017523e-01 
300 1301.85 6.38901038e+00 1.91670311e-01 
299 1303.35 6.34797758e+00 1.90439328e-01 
298 1304.86 6.27469886e+00 1.88240966e-01 
297 1306.36 6.25179414e+00 1.87553824e-01 
296 1307.86 6.20284502e+00 1.86085351e-01 
295 1309.36 6.11798090e+00 1.83539427e-01 
294 1310.86 6.07404043e+00 1.82221213e-01 
293 1312.36 6.02713959e+00 1.80814188e-01 
292 1313.86 5.99186887e+00 1.79756066e-01 
291 1315.36 5.99924226e+00 1.79977268e-01 
290 1316.85 5.96619930e+00 1.78985979e-01 
289 1318.34 5.94961084e+00 1.78488325e-01 
288 1319.84 5.92492445e+00 1.77747734e-01 
287 1321.33 5.95322014e+00 1.78596604e-01 
286 1322.82 5.89316235e+00 1.76794871e-01 
285 1324.30 5.88654417e+00 1.76596325e-01 
284 1325.79 5.79533423e+00 1.73860027e-01 
283 1327.28 5.73395895e+00 1.72018768e-01 
282 1328.76 5.64406760e+00 1.69322028e-01 
281 1330.25 5.60818704e+00 1.68245611e-01 
280 1331.73 5.55562028e+00 1.66668609e-01 
279 1333.21 5.55189041e+00 1.66556712e-01 
278 1334.69 5.51944785e+00 1.65583436e-01 
277 1336.17 5.45822589e+00 1.63746777e-01 
276 1337.65 5.41378028e+00 1.62413408e-01 
275 1339.12 5.35656383e+00 1.60696915e-01 
274 1340.60 5.29759629e+00 1.58927889e-01 
273 1342.07 5.25349514e+00 1.57604854e-01 
272 1343.55 5.12627779e+00 1.53788334e-01 
271 1345.02 4.87253692e+00 1.46176108e-01 
270 1346.49 4.70933797e+00 1.41280139e-01 
269 1347.96 4.54653016e+00 1.36395905e-01 
268 1349.43 4.33237556e+00 1.29971267e-01 
267 1350.89 4.09610292e+00 1.22883088e-01 
266 1352.36 3.79960733e+00 1.13988220e-01 
265 1353.82 3.57389982e+00 1.07216995e-01 
264 1355.29 3.39547495e+00 1.01864249e-01 
263 1356.75 3.19908490e+00 9.59725471e-02 
262 1358.21 2.82104335e+00 8.46313006e-02 
261 1359.67 2.52307279e+00 7.56921838e-02 
260 1361.13 2.36304842e+00 7.08914526e-02 
259 1362.59 2.27785227e+00 6.83355680e-02 
258 1364.04 2.42420270e+00 7.27260810e-02 
257 1365.50 2.44290275e+00 7.32870825e-02 
256 1366.95 2.49161627e+00 7.47484880e-02 
255 1368.41 2.42506820e+00 7.27520459e-02 
254 1369.86 2.43439152e+00 7.30317457e-02 
253 1371.31 2.54061094e+00 7.62183282e-02 
252 1372.76 2.53482524e+00 7.60447573e-02 
251 1374.21 2.60701936e+00 7.82105808e-02 
250 1375.65 2.49671412e+00 7.49014236e-02 
249 1377.10 2.22546299e+00 6.67638897e-02 
248 1378.55 1.92387167e+00 5.77161502e-02 
247 1379.99 1.62057787e+00 4.86173362e-02 
246 1381.43 1.55212502e+00 4.65637505e-02 
245 1382.87 1.66359839e+00 4.99079518e-02 
244 1384.32 1.79140592e+00 5.37421775e-02 
243 1385.75 1.93808052e+00 5.81424155e-02 
242 1387.19 2.17967583e+00 6.53902749e-02 
241 1388.63 2.24699126e+00 6.74097378e-02 
240 1390.07 2.29450881e+00 6.88352643e-02 
239 1391.50 2.24161150e+00 6.72483451e-02 
238 1392.94 1.97313088e+00 5.91939265e-02 
237 1394.37 2.04890414e+00 6.14671241e-02 
236 1395.80 2.20504397e+00 6.61513192e-02 
235 1397.23 2.13224558e+00 6.39673675e-02 
234 1398.66 2.28460038e+00 6.85380114e-02 
233 1400.09 2.37180832e+00 7.11542495e-02 
232 1401.52 2.25337002e+00 6.76011006e-02 
231 1402.94 2.42250473e+00 7.26751420e-02 
230 1404.37 2.50448693e+00 7.51346079e-02 
229 1405.79 2.42412984e+00 7.27238952e-02 
228 1407.22 2.50506445e+00 7.51519336e-02 
227 1408.64 2.65677112e+00 7.97031337e-02 
226 1410.06 2.78949738e+00 8.36849214e-02 
225 1411.48 2.80612689e+00 8.41838066e-02 
224 1412.90 2.92675303e+00 8.78025910e-02 
223 1414.32 2.97719166e+00 8.93157498e-02 
222 1415.73 2.96129717e+00 8.88389152e-02 
221 1417.15 3.03411570e+00 9.10234711e-02 
220 1418.56 3.12152006e+00 9.36456019e-02 
219 1419.98 3.06444897e+00 9.19334691e-02 
218 1421.39 3.14623915e+00 9.43871746e-02 
217 1422.80 3.24739299e+00 9.74217896e-02 
216 1424.21 3.27453260e+00 9.82359779e-02 
215 1425.62 3.28655116e+00 9.85965349e-02 
214 1427.03 3.34142352e+00 1.00242706e-01 
213 1428.44 3.17119028e+00 9.51357083e-02 
212 1429.84 3.04083641e+00 9.12250923e-02 
211 1431.25 2.99845293e+00 8.99535880e-02 
210 1432.65 2.98871673e+00 8.96615020e-02 
209 1434.06 3.05302326e+00 9.15906977e-02 
208 1435.46 3.16754502e+00 9.50263505e-02 
207 1436.86 3.17875833e+00 9.53627499e-02 
206 1438.26 3.21379896e+00 9.64139689e-02 
205 1439.66 3.21708524e+00 9.65125573e-02 
204 1441.05 3.30933099e+00 9.92799297e-02 
203 1442.45 3.23895526e+00 9.71686577e-02 
202 1443.85 3.27261239e+00 9.81783717e-02 
201 1445.24 3.33425111e+00 1.00027533e-01 
200 1446.64 3.38866069e+00 1.01659821e-01 
199 1448.03 3.36710870e+00 1.01013261e-01 
198 1449.42 3.42854010e+00 1.02856203e-01 
197 1450.81 3.39639089e+00 1.01891727e-01 
196 1452.20 3.42612365e+00 1.02783710e-01 
195 1453.59 3.53848154e+00 1.06154446e-01 
194 1454.97 3.64321013e+00 1.09296304e-01 
193 1456.36 3.64603004e+00 1.09380901e-01 
192 1457.75 3.69916756e+00 1.10975027e-01 
191 1459.13 3.66030609e+00 1.09809183e-01 
190 1460.51 3.64639100e+00 1.09391730e-01 
189 1461.90 3.53060834e+00 1.05918250e-01 
188 1463.28 3.50090737e+00 1.05027221e-01 
187 1464.66 3.44269769e+00 1.03280931e-01 
186 1466.04 3.46935781e+00 1.04080734e-01 
185 1467.41 3.38815286e+00 1.01644586e-01 
184 1468.79 3.36801681e+00 1.01040504e-01 
183 1470.17 3.31169322e+00 9.93507967e-02 
182 1471.54 3.33011977e+00 9.99035931e-02 
181 1472.92 3.34802298e+00 1.00440689e-01 
180 1474.29 3.41900493e+00 1.02570148e-01 
179 1475.66 3.41299610e+00 1.02389883e-01 
178 1477.03 3.38136323e+00 1.01440897e-01 
177 1478.40 3.34328040e+00 1.00298412e-01 
176 1479.77 3.37626038e+00 1.01287811e-01 
175 1481.14 3.34730412e+00 1.00419124e-01 
174 1482.51 3.42277515e+00 1.02683255e-01 
173 1483.87 3.40511092e+00 1.02153328e-01 
172 1485.24 3.38450813e+00 1.01535244e-01 
171 1486.60 3.31648753e+00 9.94946260e-02 
170 1487.96 3.35112316e+00 1.00533695e-01 
169 1489.32 3.31791512e+00 9.95374535e-02 
168 1490.69 3.43569560e+00 1.03070868e-01 
167 1492.04 3.41110527e+00 1.02333158e-01 
166 1493.40 3.43972585e+00 1.03191776e-01 
165 1494.76 3.41490420e+00 1.02447126e-01 
164 1496.12 3.43546520e+00 1.03063956e-01 
163 1497.47 3.38446779e+00 1.01534034e-01 
162 1498.83 3.43249745e+00 1.02974924e-01 
161 1500.18 3.28890876e+00 9.86672629e-02 
160 1501.53 3.24633482e+00 9.73900446e-02 
159 1502.89 3.15785308e+00 9.47355923e-02 
158 1504.24 3.18465252e+00 9.55395756e-02 
157 1505.59 3.20927950e+00 9.62783850e-02 
156 1506.93 3.29843790e+00 9.89531370e-02 
155 1508.28 3.31972977e+00 9.95918932e-02 
154 1509.63 3.35162181e+00 1.00548654e-01 
153 1510.97 3.30842525e+00 9.92527576e-02 
152 1512.32 3.34129226e+00 1.00238768e-01 
151 1513.66 3.27572639e+00 9.82717916e-02 
150 1515.00 3.31125493e+00 9.93376479e-02 
149 1516.34 3.26275418e+00 9.78826254e-02 
148 1517.69 3.26839917e+00 9.80519752e-02 
147 1519.02 3.21582715e+00 9.64748146e-02 
146 1520.36 3.23905531e+00 9.71716593e-02 
145 1521.70 3.20757668e+00 9.62273004e-02 
144 1523.04 3.25713881e+00 9.77141643e-02 
143 1524.37 3.21724183e+00 9.65172550e-02 
142 1525.71 3.25733239e+00 9.77199716e-02 
141 1527.04 3.19844139e+00 9.59532417e-02 
140 1528.37 3.23239364e+00 9.69718092e-02 
139 1529.70 3.17005085e+00 9.51015255e-02 
138 1531.03 3.21068075e+00 9.63204226e-02 
137 1532.36 3.17471403e+00 9.52414208e-02 
136 1533.69 3.19815904e+00 9.59447711e-02 
135 1535.02 3.13276316e+00 9.39828948e-02 
134 1536.34 3.17078877e+00 9.51236631e-02 
133 1537.67 3.10302861e+00 9.30908583e-02 
132 1538.99 3.13633751e+00 9.40901252e-02 
131 1540.31 3.07881641e+00 9.23644923e-02 
130 1541.64 3.11769961e+00 9.35309882e-02 
129 1542.96 3.08156889e+00 9.24470666e-02 
128 1544.28 3.11141763e+00 9.33425288e-02 
127 1545.60 3.05226186e+00 9.15678558e-02 
126 1546.91 3.08055086e+00 9.24165257e-02 
125 1548.23 3.01747202e+00 9.05241606e-02 
124 1549.55 3.05900353e+00 9.17701059e-02 
123 1550.86 3.01094631e+00 9.03283892e-02 
122 1552.18 3.04012682e+00 9.12038046e-02 
121 1553.49 2.98332543e+00 8.94997629e-02 
120 1554.80 3.01302536e+00 9.03907607e-02 
119 1556.11 2.94160679e+00 8.82482037e-02 
118 1557.42 2.96415746e+00 8.89247237e-02 
117 1558.73 2.90126001e+00 8.70378004e-02 
116 1560.04 2.93171096e+00 8.79513288e-02 
115 1561.34 2.86315856e+00 8.58947569e-02 
114 1562.65 2.89427442e+00 8.68282327e-02 
113 1563.95 2.81697831e+00 8.45093492e-02 
112 1565.26 2.87357110e+00 8.62071330e-02 
111 1566.56 2.77963495e+00 8.33890484e-02 
110 1567.86 2.79756509e+00 8.39269526e-02 
109 1569.16 2.71281044e+00 8.13843132e-02 
108 1570.46 2.69740673e+00 8.09222018e-02 
107 1571.76 2.62998742e+00 7.88996226e-02 
106 1573.05 2.61747950e+00 7.85243851e-02 
105 1574.35 2.54996003e+00 7.64988010e-02 
104 1575.64 2.58106557e+00 7.74319670e-02 
103 1576.94 2.54526126e+00 7.63578379e-02 
102 1578.23 2.59084069e+00 7.77252206e-02 
101 1579.52 2.55253980e+00 7.65761941e-02 
100 1580.81 2.61591523e+00 7.84774568e-02 
99 1582.10 2.57447854e+00 7.72343561e-02 
98 1583.39 2.62768396e+00 7.88305187e-02 
97 1584.68 2.56628629e+00 7.69885886e-02 
96 1585.97 2.56203656e+00 7.68610967e-02 
95 1587.25 2.47500282e+00 7.42500847e-02 
94 1588.54 2.48926259e+00 7.46778777e-02 
93 1589.82 2.44591389e+00 7.33774168e-02 
92 1591.10 2.52384072e+00 7.57152216e-02 
91 1592.38 2.47864454e+00 7.43593361e-02 
90 1593.66 2.51802245e+00 7.55406734e-02 
89 1594.94 2.43827547e+00 7.31482641e-02 
88 1596.22 2.45785780e+00 7.37357340e-02 
87 1597.50 2.37767263e+00 7.13301788e-02 
86 1598.77 2.39013755e+00 7.17041266e-02 
85 1600.05 2.30835465e+00 6.92506394e-02 
84 1601.32 2.33177513e+00 6.99532538e-02 
83 1602.59 2.25804803e+00 6.77414408e-02 
82 1603.86 2.31474438e+00 6.94423314e-02 
81 1605.13 2.22152438e+00 6.66457313e-02 
80 1606.40 2.28214989e+00 6.84644968e-02 
79 1607.67 2.18637063e+00 6.55911189e-02 
78 1608.94 2.22911904e+00 6.68735712e-02 
77 1610.20 2.17111018e+00 6.51333053e-02 
76 1611.47 2.21969814e+00 6.65909442e-02 
75 1612.73 2.17592589e+00 6.52777766e-02 
74 1614.00 2.21671406e+00 6.65014217e-02 
73 1615.26 2.15110084e+00 6.45330251e-02 
72 1616.52 2.16350728e+00 6.49052184e-02 
71 1617.78 2.08664285e+00 6.25992855e-02 
70 1619.03 2.13100529e+00 6.39301586e-02 
69 1620.29 2.08138887e+00 6.24416660e-02 
68 1621.55 2.12958306e+00 6.38874917e-02 
67 1622.80 2.07776406e+00 6.23329218e-02 
66 1624.06 2.14342006e+00 6.43026019e-02 
65 1625.31 2.06249030e+00 6.18747091e-02 
64 1626.56 2.11915334e+00 6.35746001e-02 
63 1627.81 2.03533478e+00 6.10600434e-02 
62 1629.06 2.04548231e+00 6.13644694e-02 
61 1630.31 1.96534355e+00 5.89603065e-02 
60 1631.56 1.97431356e+00 5.92294068e-02 
59 1632.80 1.90273417e+00 5.70820252e-02 
58 1634.05 1.93683451e+00 5.81050352e-02 
57 1635.29 1.84781594e+00 5.54344782e-02 
56 1636.53 1.87245879e+00 5.61737638e-02 
55 1637.77 1.77869243e+00 5.33607730e-02 
54 1639.01 1.79983997e+00 5.39951991e-02 
53 1640.25 1.74375969e+00 5.23127908e-02 
52 1641.49 1.75071985e+00 5.25215956e-02 
51 1642.73 1.69298652e+00 5.07895956e-02 
50 1643.96 1.71800328e+00 5.15400984e-02 
49 1645.20 1.62421475e+00 4.87264425e-02 
48 1646.43 1.64549422e+00 4.93648266e-02 
47 1647.66 1.56306677e+00 4.68920030e-02 
46 1648.89 1.54681218e+00 4.64043654e-02 
45 1650.12 1.46242439e+00 4.38727318e-02 
44 1651.35 1.45173442e+00 4.35520326e-02 
43 1652.58 1.35248218e+00 4.05744655e-02 
42 1653.80 1.34435019e+00 4.03305056e-02 
41 1655.03 1.24726303e+00 3.74178910e-02 
40 1656.25 1.22873052e+00 3.68619157e-02 
39 1657.47 1.10928903e+00 3.32786709e-02 
38 1658.70 1.07613723e+00 3.22841169e-02 
37 1659.92 9.63878503e-01 2.89163551e-02 
36 1661.13 9.20476451e-01 2.76142935e-02 
35 1662.35 8.19143785e-01 2.45743136e-02 
34 1663.57 7.75711707e-01 2.32713512e-02 
33 1664.78 6.89136374e-01 2.06740912e-02 
32 1666.00 6.44002091e-01 1.93200627e-02 
31 1667.21 5.73315655e-01 1.71994696e-02 
30 1668.42 5.53717020e-01 1.66115106e-02 
29 1669.63 4.80276868e-01 1.44083060e-02 
28 1670.84 4.53033700e-01 1.35910110e-02 
27 1672.05 4.10195103e-01 1.23058531e-02 
26 1673.26 3.84828034e-01 1.15448410e-02 
25 1674.46 3.39493669e-01 1.01848101e-02 
24 1675.67 3.25792002e-01 9.77376006e-03 
23 1676.87 2.75927868e-01 8.27783604e-03 
22 1678.07 2.72033790e-01 8.16101370e-03 
21 1679.27 2.40983067e-01 7.22949202e-03 
20 1680.47 3.18178841e-01 9.54536524e-03 
19 1681.67 2.07172571e-01 6.21517712e-03 
18 1682.87 1.94054438e-01 5.82163315e-03 
17 1684.06 1.79727715e-01 5.39183145e-03 
16 1685.26 1.71419551e-01 5.14258653e-03 
15 1686.45 1.45140755e-01 4.35422266e-03 
14 1687.64 1.42949775e-01 4.28849325e-03 
13 1688.83 1.20044318e-01 3.60132953e-03 
12 1690.02 1.20419442e-01 3.61258325e-03 
11 1691.21 1.08720103e-01 3.26160310e-03 
10 1692.39 1.05523783e-01 3.16571349e-03 
9 1693.58 9.38244897e-02 2.81473469e-03 
8 1694.76 1.01790888e-01 3.05372663e-03 
7 1695.95 1.73314764e-01 5.19944293e-03 
6 1697.13 2.46675234e-01 7.40025701e-03 
5 1698.31 1.30008973e-01 3.90026920e-03 
4 1699.49 7.90533136e-02 2.37159941e-03 
3 1700.66 6.45480149e-02 1.93644045e-03 
2 1701.84 6.35192160e-02 1.90557648e-03 
1 1703.01 5.06032657e-02 1.51809797e-03 
0 1703.01 3.17680221e+00 9.53040662e-02 
