% Radiance calibration [Resp in cts/ms / W/(m^2.sr.um)] for 4STAR VIS spectrometer (1044 channels) derived from C:\Users\sleblan2\Research\4STAR\cal\20140624\Lamps_1\20140624_016_VIS_park.dat on 2014-10-15 18:26:53. 
% Calibration used data from the average of the lamps and integration time from the measurement day of:20140624 
% Also requires calibrated radiance from 20140606091700HISS.txt. 
Pix  Wavelength     resp       rate        rad 
0    173.18  NaN 0.00000000e+00 NaN 
1    173.97  NaN 1.95265044e-02 NaN 
2    174.77  NaN 1.44448171e-02 NaN 
3    175.56  NaN 2.52290420e-02 NaN 
4    176.36  NaN 3.62016113e-01 NaN 
5    177.15  NaN 3.88773924e-01 NaN 
6    177.94  NaN 3.86649825e-01 NaN 
7    178.74  NaN 3.93239348e-01 NaN 
8    179.53  NaN 4.27114824e-01 NaN 
9    180.33  NaN 3.87345091e-01 NaN 
10   181.12  NaN 3.99357122e-01 NaN 
11   181.92  NaN 3.90152744e-01 NaN 
12   182.71  NaN 3.98835859e-01 NaN 
13   183.51  NaN 3.88661964e-01 NaN 
14   184.30  NaN 3.79133868e-01 NaN 
15   185.10  NaN 4.01502567e-01 NaN 
16   185.89  NaN 3.90402801e-01 NaN 
17   186.69  NaN 3.84609458e-01 NaN 
18   187.49  NaN 3.70023778e-01 NaN 
19   188.28  NaN 3.83426179e-01 NaN 
20   189.08  NaN 3.72285505e-01 NaN 
21   189.88  NaN 3.79917854e-01 NaN 
22   190.67  NaN 3.53786930e-01 NaN 
23   191.47  NaN 3.45744845e-01 NaN 
24   192.27  NaN 3.50845437e-01 NaN 
25   193.07  NaN 3.50756163e-01 NaN 
26   193.86  NaN 3.51828825e-01 NaN 
27   194.66  NaN 3.40945103e-01 NaN 
28   195.46  NaN 3.65953433e-01 NaN 
29   196.26  NaN 3.52585160e-01 NaN 
30   197.05  NaN 3.44760063e-01 NaN 
31   197.85  NaN 3.29660037e-01 NaN 
32   198.65  NaN 3.41738421e-01 NaN 
33   199.45  NaN 3.28671914e-01 NaN 
34   200.25  NaN 3.09109802e-01 NaN 
35   201.05  NaN 3.25830422e-01 NaN 
36   201.85  NaN 2.98362989e-01 NaN 
37   202.64  NaN 3.13003279e-01 NaN 
38   203.44  NaN 3.08788673e-01 NaN 
39   204.24  NaN 3.01952245e-01 NaN 
40   205.04  NaN 3.26988006e-01 NaN 
41   205.84  NaN 3.09134238e-01 NaN 
42   206.64  NaN 3.08487274e-01 NaN 
43   207.44  NaN 3.16745979e-01 NaN 
44   208.24  NaN 3.12738989e-01 NaN 
45   209.04  NaN 3.09369235e-01 NaN 
46   209.84  NaN 2.93044438e-01 NaN 
47   210.64  NaN 2.89659283e-01 NaN 
48   211.44  NaN 3.07515364e-01 NaN 
49   212.24  NaN 2.83103348e-01 NaN 
50   213.05  NaN 2.94790176e-01 NaN 
51   213.85  NaN 2.82999920e-01 NaN 
52   214.65  NaN 3.00457868e-01 NaN 
53   215.45  NaN 3.11983730e-01 NaN 
54   216.25  NaN 2.85740737e-01 NaN 
55   217.05  NaN 2.88571187e-01 NaN 
56   217.85  NaN 2.93979432e-01 NaN 
57   218.65  NaN 2.73794573e-01 NaN 
58   219.46  NaN 2.71155862e-01 NaN 
59   220.26  NaN 2.79959461e-01 NaN 
60   221.06  NaN 2.89351114e-01 NaN 
61   221.86  NaN 2.88539718e-01 NaN 
62   222.66  NaN 2.93674433e-01 NaN 
63   223.47  NaN 2.74473312e-01 NaN 
64   224.27  NaN 2.90968810e-01 NaN 
65   225.07  NaN 2.72622138e-01 NaN 
66   225.87  NaN 2.84060429e-01 NaN 
67   226.68  NaN 2.78337875e-01 NaN 
68   227.48  NaN 2.78391036e-01 NaN 
69   228.28  NaN 2.67839713e-01 NaN 
70   229.09  NaN 2.70775347e-01 NaN 
71   229.89  NaN 2.60594509e-01 NaN 
72   230.69  NaN 2.65643224e-01 NaN 
73   231.49  NaN 2.86661579e-01 NaN 
74   232.30  NaN 2.76405094e-01 NaN 
75   233.10  NaN 2.78905032e-01 NaN 
76   233.91  NaN 2.80770079e-01 NaN 
77   234.71  NaN 2.65683167e-01 NaN 
78   235.51  NaN 2.73653034e-01 NaN 
79   236.32  NaN 2.64975718e-01 NaN 
80   237.12  NaN 2.43913795e-01 NaN 
81   237.92  NaN 2.71006635e-01 NaN 
82   238.73  NaN 2.57758635e-01 NaN 
83   239.53  NaN 2.57202325e-01 NaN 
84   240.34  NaN 2.42776368e-01 NaN 
85   241.14  NaN 2.68457854e-01 NaN 
86   241.94  NaN 2.62022077e-01 NaN 
87   242.75  NaN 2.73324699e-01 NaN 
88   243.55  NaN 2.39064258e-01 NaN 
89   244.36  NaN 2.64197482e-01 NaN 
90   245.16  NaN 2.50917400e-01 NaN 
91   245.97  NaN 2.44375253e-01 NaN 
92   246.77  NaN 2.61229696e-01 NaN 
93   247.58  NaN 2.32967929e-01 NaN 
94   248.38  NaN 2.61113670e-01 NaN 
95   249.19  NaN 2.71507364e-01 NaN 
96   249.99  NaN 2.61810618e-01 NaN 
97   250.80  NaN 2.50822267e-01 NaN 
98   251.60  NaN 2.47770674e-01 NaN 
99   252.41  NaN 2.22978785e-01 NaN 
100  253.21  NaN 2.54224862e-01 NaN 
101  254.02  NaN 2.41679530e-01 NaN 
102  254.83  NaN 2.65427215e-01 NaN 
103  255.63  NaN 2.67880225e-01 NaN 
104  256.44  NaN 2.34912450e-01 NaN 
105  257.24  NaN 2.34999535e-01 NaN 
106  258.05  NaN 2.56503800e-01 NaN 
107  258.85  NaN 2.29502234e-01 NaN 
108  259.66  NaN 2.48254058e-01 NaN 
109  260.46  NaN 2.50240019e-01 NaN 
110  261.27  NaN 2.52735950e-01 NaN 
111  262.08  NaN 2.39244035e-01 NaN 
112  262.88  NaN 2.44546164e-01 NaN 
113  263.69  NaN 2.30736434e-01 NaN 
114  264.50  NaN 2.40187470e-01 NaN 
115  265.30  NaN 2.43312988e-01 NaN 
116  266.11  NaN 2.56534916e-01 NaN 
117  266.91  NaN 2.48156818e-01 NaN 
118  267.72  NaN 2.42960877e-01 NaN 
119  268.53  NaN 2.55619309e-01 NaN 
120  269.33  NaN 2.50616604e-01 NaN 
121  270.14  NaN 2.58040325e-01 NaN 
122  270.95  NaN 2.42707908e-01 NaN 
123  271.75  NaN 2.38980816e-01 NaN 
124  272.56  NaN 2.25937101e-01 NaN 
125  273.37  NaN 2.48894813e-01 NaN 
126  274.17  NaN 2.39471225e-01 NaN 
127  274.98  NaN 2.39964128e-01 NaN 
128  275.79  NaN 2.44433232e-01 NaN 
129  276.59  NaN 2.31908604e-01 NaN 
130  277.40  NaN 2.42200435e-01 NaN 
131  278.21  NaN 2.39191039e-01 NaN 
132  279.01  NaN 2.55260410e-01 NaN 
133  279.82  NaN 2.20031137e-01 NaN 
134  280.63  NaN 2.17031459e-01 NaN 
135  281.44  NaN 2.42209127e-01 NaN 
136  282.24  NaN 2.29982864e-01 NaN 
137  283.05  NaN 2.25422348e-01 NaN 
138  283.86  NaN 2.42808115e-01 NaN 
139  284.66  NaN 2.45792618e-01 NaN 
140  285.47  NaN 2.55091243e-01 NaN 
141  286.28  NaN 2.16877601e-01 NaN 
142  287.09  NaN 2.32795758e-01 NaN 
143  287.89  NaN 2.51819076e-01 NaN 
144  288.70  NaN 2.34527368e-01 NaN 
145  289.51  NaN 2.37788018e-01 NaN 
146  290.32  NaN 2.49929206e-01 NaN 
147  291.12  NaN 2.42301318e-01 NaN 
148  291.93  NaN 2.27569570e-01 NaN 
149  292.74  NaN 2.35888653e-01 NaN 
150  293.55  NaN 2.49437383e-01 NaN 
151  294.35  NaN 2.45289143e-01 NaN 
152  295.16  NaN 2.31027898e-01 NaN 
153  295.97  NaN 2.57050008e-01 NaN 
154  296.78  NaN 2.28348686e-01 NaN 
155  297.58  NaN 2.43619126e-01 NaN 
156  298.39  NaN 2.40662871e-01 NaN 
157  299.20  NaN 2.45329061e-01 NaN 
158  300.01  5.05154417e-01 2.40480597e-01 4.50078000e-01 
159  300.81  4.99065880e-01 2.33620201e-01 4.60582000e-01 
160  301.62  4.89038689e-01 2.49802370e-01 4.71086000e-01 
161  302.43  4.72884431e-01 2.35303212e-01 4.81590000e-01 
162  303.24  4.66750057e-01 2.35297947e-01 4.92081000e-01 
163  304.05  4.45202716e-01 2.20514929e-01 5.02585000e-01 
164  304.85  4.37529388e-01 2.34953166e-01 5.13089000e-01 
165  305.66  4.18752195e-01 2.14254826e-01 5.23593000e-01 
166  306.47  4.23960664e-01 2.36833877e-01 5.34097000e-01 
167  307.28  4.12198139e-01 2.33641372e-01 5.44588000e-01 
168  308.08  4.05692007e-01 2.36934884e-01 5.55092000e-01 
169  308.89  3.96890555e-01 2.43109342e-01 5.65596000e-01 
170  309.70  3.72294706e-01 1.85632317e-01 5.76100000e-01 
171  310.51  3.82221879e-01 2.44803919e-01 5.90160000e-01 
172  311.32  3.74963156e-01 2.35436154e-01 6.06320000e-01 
173  312.12  3.57936564e-01 2.30255160e-01 6.22480000e-01 
174  312.93  3.48079080e-01 2.30117062e-01 6.38640000e-01 
175  313.74  3.37932936e-01 2.30621751e-01 6.54800000e-01 
176  314.55  3.34186249e-01 2.40243160e-01 6.70960000e-01 
177  315.36  3.24186826e-01 2.26034675e-01 6.87100000e-01 
178  316.16  3.23967418e-01 2.42288597e-01 7.03260000e-01 
179  316.97  3.11472802e-01 2.42715696e-01 7.19420000e-01 
180  317.78  3.05073629e-01 2.25945722e-01 7.35580000e-01 
181  318.59  3.00577580e-01 2.43446321e-01 7.51740000e-01 
182  319.39  2.96227437e-01 2.48734560e-01 7.67900000e-01 
183  320.20  2.85634908e-01 2.39244128e-01 7.85887000e-01 
184  321.01  2.77998491e-01 2.40649303e-01 8.09319000e-01 
185  321.82  2.76089436e-01 2.57699899e-01 8.32751000e-01 
186  322.63  2.64301942e-01 2.35899835e-01 8.56183000e-01 
187  323.43  2.62646655e-01 2.50875380e-01 8.79615000e-01 
188  324.24  2.51400147e-01 2.36017002e-01 9.03047000e-01 
189  325.05  2.45642794e-01 2.16181075e-01 9.26479000e-01 
190  325.86  2.43557222e-01 2.52993146e-01 9.49911000e-01 
191  326.67  2.39255170e-01 2.49872970e-01 9.73343000e-01 
192  327.48  2.29122348e-01 2.31957472e-01 9.96775000e-01 
193  328.28  2.26850302e-01 2.36096058e-01 1.02020700e+00 
194  329.09  2.26363194e-01 2.49935761e-01 1.04363900e+00 
195  329.90  2.18403518e-01 2.42025720e-01 1.06707100e+00 
196  330.71  2.18479457e-01 2.67201679e-01 1.09969400e+00 
197  331.51  2.12776841e-01 2.58613202e-01 1.13363000e+00 
198  332.32  2.08190599e-01 2.50652783e-01 1.16756600e+00 
199  333.13  2.07148632e-01 2.60228684e-01 1.20150200e+00 
200  333.94  2.11976506e-01 2.76506447e-01 1.23543800e+00 
201  334.75  2.21836539e-01 2.95146222e-01 1.26937400e+00 
202  335.56  2.44625918e-01 3.42237483e-01 1.30331000e+00 
203  336.36  2.73883309e-01 3.80530360e-01 1.33724600e+00 
204  337.17  3.14431379e-01 4.48967389e-01 1.37118200e+00 
205  337.98  3.68583558e-01 5.25537407e-01 1.40511800e+00 
206  338.79  4.31056278e-01 6.11403419e-01 1.43905400e+00 
207  339.59  5.04667026e-01 7.34272176e-01 1.47299000e+00 
208  340.40  5.70157878e-01 8.37478206e-01 1.50732900e+00 
209  341.21  6.38920175e-01 9.58534211e-01 1.54207300e+00 
210  342.02  7.10335245e-01 1.11605889e+00 1.57681700e+00 
211  342.83  7.73924904e-01 1.23487938e+00 1.61156100e+00 
212  343.64  8.34210394e-01 1.36651753e+00 1.64630500e+00 
213  344.44  8.92132156e-01 1.46968664e+00 1.68104900e+00 
214  345.25  9.49124994e-01 1.62183473e+00 1.71579300e+00 
215  346.06  9.99739711e-01 1.72058974e+00 1.75049400e+00 
216  346.87  1.05211130e+00 1.86015327e+00 1.78523800e+00 
217  347.67  1.09887587e+00 1.98438938e+00 1.81998200e+00 
218  348.48  1.14386076e+00 2.09120178e+00 1.85472600e+00 
219  349.29  1.19122670e+00 2.23844042e+00 1.88947000e+00 
220  350.10  1.23059137e+00 2.36825962e+00 1.92676200e+00 
221  350.91  1.26261178e+00 2.50362223e+00 1.98244500e+00 
222  351.71  1.29091854e+00 2.62523208e+00 2.03819700e+00 
223  352.52  1.32633392e+00 2.75732647e+00 2.09394900e+00 
224  353.33  1.36528117e+00 2.92251436e+00 2.14970100e+00 
225  354.14  1.40874456e+00 3.08832940e+00 2.20545300e+00 
226  354.94  1.45352739e+00 3.25605563e+00 2.26113600e+00 
227  355.75  1.50135105e+00 3.46140981e+00 2.31688800e+00 
228  356.56  1.55138560e+00 3.65492832e+00 2.37264000e+00 
229  357.37  1.60413829e+00 3.88190117e+00 2.42839200e+00 
230  358.18  1.65302120e+00 4.08299999e+00 2.48407500e+00 
231  358.98  1.69730053e+00 4.29315044e+00 2.53982700e+00 
232  359.79  1.74150824e+00 4.46511010e+00 2.59557900e+00 
233  360.60  1.77516114e+00 4.69834015e+00 2.66202600e+00 
234  361.41  1.80524494e+00 4.89623640e+00 2.73232200e+00 
235  362.21  1.83693998e+00 5.09819326e+00 2.80261800e+00 
236  363.02  1.86438183e+00 5.32119366e+00 2.87282700e+00 
237  363.83  1.89255794e+00 5.53664041e+00 2.94312300e+00 
238  364.64  1.92384089e+00 5.76234160e+00 3.01333200e+00 
239  365.44  1.95253968e+00 5.97395845e+00 3.08362800e+00 
240  366.25  1.98436828e+00 6.21366157e+00 3.15383700e+00 
241  367.06  2.01795914e+00 6.46595153e+00 3.22413300e+00 
242  367.87  2.05533582e+00 6.74611723e+00 3.29434200e+00 
243  368.67  2.09396211e+00 7.01360474e+00 3.36463800e+00 
244  369.48  2.13452546e+00 7.30047230e+00 3.43484700e+00 
245  370.29  2.17084683e+00 7.55472794e+00 3.51034500e+00 
246  371.10  2.20586739e+00 7.88402202e+00 3.59508000e+00 
247  371.90  2.23958520e+00 8.21022752e+00 3.67981500e+00 
248  372.71  2.27551875e+00 8.57046695e+00 3.76465500e+00 
249  373.52  2.30983377e+00 8.86996185e+00 3.84939000e+00 
250  374.33  2.34314578e+00 9.20808497e+00 3.93412500e+00 
251  375.13  2.37830756e+00 9.52299465e+00 4.01896500e+00 
252  375.94  2.41172010e+00 9.87225820e+00 4.10370000e+00 
253  376.75  2.44355027e+00 1.01932471e+01 4.18843500e+00 
254  377.55  2.47752331e+00 1.05547989e+01 4.27327500e+00 
255  378.36  2.50906635e+00 1.08977902e+01 4.35801000e+00 
256  379.17  2.54219676e+00 1.12821169e+01 4.44274500e+00 
257  379.98  2.57505495e+00 1.16316360e+01 4.52748000e+00 
258  380.78  2.59793599e+00 1.19980802e+01 4.62709200e+00 
259  381.59  2.62148595e+00 1.23807905e+01 4.72716000e+00 
260  382.40  2.64379111e+00 1.27305011e+01 4.82722800e+00 
261  383.21  2.66882116e+00 1.31501564e+01 4.92742000e+00 
262  384.01  2.69477322e+00 1.35345839e+01 5.02748800e+00 
263  384.82  2.71889626e+00 1.39328776e+01 5.12755600e+00 
264  385.63  2.74402339e+00 1.43525580e+01 5.22762400e+00 
265  386.43  2.76982129e+00 1.47610212e+01 5.32769200e+00 
266  387.24  2.79411242e+00 1.51600310e+01 5.42776000e+00 
267  388.05  2.82119270e+00 1.55953438e+01 5.52770400e+00 
268  388.85  2.84656637e+00 1.60080431e+01 5.62777200e+00 
269  389.66  2.87251359e+00 1.64663793e+01 5.72784000e+00 
270  390.47  2.89662075e+00 1.69166807e+01 5.83631400e+00 
271  391.27  2.91803235e+00 1.73824347e+01 5.95090800e+00 
272  392.08  2.93896505e+00 1.78356560e+01 6.06550200e+00 
273  392.89  2.96207213e+00 1.82913564e+01 6.17995400e+00 
274  393.69  2.98919659e+00 1.87481372e+01 6.29454800e+00 
275  394.50  3.01949322e+00 1.92686344e+01 6.40914200e+00 
276  395.31  3.04424071e+00 1.97208467e+01 6.52373600e+00 
277  396.11  3.06760212e+00 2.02224052e+01 6.63818800e+00 
278  396.92  3.08598747e+00 2.07498327e+01 6.75278200e+00 
279  397.73  3.09976313e+00 2.12549530e+01 6.86723400e+00 
280  398.53  3.12104684e+00 2.17733919e+01 6.98182800e+00 
281  399.34  3.14467492e+00 2.23197439e+01 7.09628000e+00 
282  400.15  3.17161748e+00 2.28900696e+01 7.21293200e+00 
283  400.95  3.19032679e+00 2.33774759e+01 7.33866800e+00 
284  401.76  3.21436686e+00 2.39898006e+01 7.46456000e+00 
285  402.57  3.23795470e+00 2.45537229e+01 7.59029600e+00 
286  403.37  3.26262247e+00 2.51744406e+01 7.71618800e+00 
287  404.18  3.28855989e+00 2.57833196e+01 7.84192400e+00 
288  404.98  3.31293044e+00 2.63879379e+01 7.96766000e+00 
289  405.79  3.33902172e+00 2.70275066e+01 8.09355200e+00 
290  406.60  3.36762342e+00 2.76709594e+01 8.21928800e+00 
291  407.40  3.39518437e+00 2.83223895e+01 8.34502400e+00 
292  408.21  3.42557835e+00 2.90135242e+01 8.47076000e+00 
293  409.02  3.45465829e+00 2.97095463e+01 8.59665200e+00 
294  409.82  3.48433809e+00 3.04096772e+01 8.72238800e+00 
295  410.63  3.51130446e+00 3.11142371e+01 8.85818800e+00 
296  411.44  3.53555642e+00 3.17893991e+01 8.99682000e+00 
297  412.24  3.56105182e+00 3.25249407e+01 9.13545200e+00 
298  413.05  3.58835886e+00 3.33255586e+01 9.27408400e+00 
299  413.85  3.61405537e+00 3.40555935e+01 9.41271600e+00 
300  414.66  3.63888567e+00 3.47697872e+01 9.55134800e+00 
301  415.46  3.66291246e+00 3.55219609e+01 9.68998000e+00 
302  416.27  3.68935170e+00 3.62909077e+01 9.82861200e+00 
303  417.08  3.71305814e+00 3.70153642e+01 9.96707200e+00 
304  417.88  3.73633157e+00 3.77565499e+01 1.01057040e+01 
305  418.69  3.76025317e+00 3.85409061e+01 1.02443360e+01 
306  419.49  3.78316464e+00 3.92800017e+01 1.03829680e+01 
307  420.30  3.80691490e+00 4.00800326e+01 1.05261000e+01 
308  421.11  3.82591683e+00 4.08660558e+01 1.06766350e+01 
309  421.91  3.84643923e+00 4.16374559e+01 1.08273570e+01 
310  422.72  3.86703148e+00 4.24502756e+01 1.09780790e+01 
311  423.52  3.88678413e+00 4.32627317e+01 1.11286140e+01 
312  424.33  3.90602287e+00 4.40448139e+01 1.12793360e+01 
313  425.13  3.92876074e+00 4.49131335e+01 1.14298710e+01 
314  425.94  3.94838790e+00 4.57423475e+01 1.15805930e+01 
315  426.74  3.96656665e+00 4.65278933e+01 1.17311280e+01 
316  427.55  3.98541043e+00 4.73694295e+01 1.18816630e+01 
317  428.35  4.00272415e+00 4.81578342e+01 1.20323850e+01 
318  429.16  4.02304526e+00 4.90380592e+01 1.21829200e+01 
319  429.96  4.04323087e+00 4.98586334e+01 1.23334550e+01 
320  430.77  4.05946161e+00 5.07188514e+01 1.24918870e+01 
321  431.58  4.07407262e+00 5.15657134e+01 1.26504720e+01 
322  432.38  4.08834593e+00 5.23726018e+01 1.28090570e+01 
323  433.19  4.10254445e+00 5.32184700e+01 1.29676420e+01 
324  433.99  4.11638237e+00 5.40682528e+01 1.31262270e+01 
325  434.80  4.13052841e+00 5.48836185e+01 1.32850090e+01 
326  435.60  4.14174294e+00 5.56827740e+01 1.34435940e+01 
327  436.41  4.15107370e+00 5.64372060e+01 1.36021790e+01 
328  437.21  4.16146143e+00 5.72415299e+01 1.37607640e+01 
329  438.02  4.17296298e+00 5.80559099e+01 1.39193490e+01 
330  438.82  4.18491090e+00 5.88628030e+01 1.40777370e+01 
331  439.63  4.19233929e+00 5.96595448e+01 1.42363220e+01 
332  440.43  4.20207065e+00 6.04997736e+01 1.43983550e+01 
333  441.24  4.20759994e+00 6.12330249e+01 1.45633800e+01 
334  442.04  4.21477357e+00 6.20466511e+01 1.47284050e+01 
335  442.84  4.22130424e+00 6.28772122e+01 1.48932250e+01 
336  443.65  4.22739153e+00 6.36395354e+01 1.50582500e+01 
337  444.45  4.23476845e+00 6.44434881e+01 1.52232750e+01 
338  445.26  4.24023076e+00 6.52337176e+01 1.53880950e+01 
339  446.06  4.24968356e+00 6.60753503e+01 1.55531200e+01 
340  446.87  4.25612329e+00 6.68664712e+01 1.57179400e+01 
341  447.67  4.26633915e+00 6.77381797e+01 1.58829650e+01 
342  448.48  4.27502194e+00 6.85826158e+01 1.60477850e+01 
343  449.28  4.28261077e+00 6.93949171e+01 1.62128100e+01 
344  450.09  4.28976136e+00 7.02323707e+01 1.63789200e+01 
345  450.89  4.29559373e+00 7.11042191e+01 1.65560200e+01 
346  451.69  4.29943094e+00 7.19510388e+01 1.67329000e+01 
347  452.50  4.30321438e+00 7.27531268e+01 1.69097800e+01 
348  453.30  4.31064220e+00 7.36479394e+01 1.70866600e+01 
349  454.11  4.31811751e+00 7.45447106e+01 1.72637600e+01 
350  454.91  4.32720152e+00 7.55018807e+01 1.74406400e+01 
351  455.72  4.33603927e+00 7.63686416e+01 1.76175200e+01 
352  456.52  4.34571001e+00 7.73499568e+01 1.77944000e+01 
353  457.32  4.35607139e+00 7.83708959e+01 1.79712800e+01 
354  458.13  4.36458634e+00 7.92043354e+01 1.81481600e+01 
355  458.93  4.37514823e+00 8.01958991e+01 1.83250400e+01 
356  459.74  4.38615383e+00 8.11351734e+01 1.85019200e+01 
357  460.54  4.39685704e+00 8.21800870e+01 1.86815000e+01 
358  461.34  4.40773654e+00 8.31510913e+01 1.88624000e+01 
359  462.15  4.41864176e+00 8.41578180e+01 1.90430750e+01 
360  462.95  4.43151189e+00 8.52026093e+01 1.92239750e+01 
361  463.76  4.44510854e+00 8.63237155e+01 1.94048750e+01 
362  464.56  4.45987328e+00 8.74357570e+01 1.95857750e+01 
363  465.36  4.47342799e+00 8.85262613e+01 1.97664500e+01 
364  466.17  4.48626557e+00 8.95679771e+01 1.99473500e+01 
365  466.97  4.50129485e+00 9.07186110e+01 2.01280250e+01 
366  467.77  4.51782366e+00 9.19096727e+01 2.03089250e+01 
367  468.58  4.53511627e+00 9.30379326e+01 2.04896000e+01 
368  469.38  4.55323238e+00 9.42757162e+01 2.06705000e+01 
369  470.18  4.57018352e+00 9.54635249e+01 2.08537370e+01 
370  470.99  4.58704172e+00 9.66985180e+01 2.10458930e+01 
371  471.79  4.60476317e+00 9.79642433e+01 2.12378100e+01 
372  472.59  4.62149141e+00 9.91830418e+01 2.14297270e+01 
373  473.40  4.63870472e+00 1.00453086e+02 2.16216440e+01 
374  474.20  4.65559269e+00 1.01748306e+02 2.18138000e+01 
375  475.00  4.67131972e+00 1.02925576e+02 2.20057170e+01 
376  475.81  4.68652896e+00 1.04181865e+02 2.21976340e+01 
377  476.61  4.70308226e+00 1.05486936e+02 2.23895510e+01 
378  477.41  4.72032790e+00 1.06753168e+02 2.25814680e+01 
379  478.21  4.73474721e+00 1.07994939e+02 2.27733850e+01 
380  479.02  4.75024858e+00 1.09256901e+02 2.29653020e+01 
381  479.82  4.76538736e+00 1.10534974e+02 2.31572190e+01 
382  480.62  4.78058339e+00 1.11773354e+02 2.33541280e+01 
383  481.43  4.79383123e+00 1.13064214e+02 2.35524690e+01 
384  482.23  4.80756869e+00 1.14358350e+02 2.37505630e+01 
385  483.03  4.81959085e+00 1.15568668e+02 2.39489040e+01 
386  483.84  4.83328227e+00 1.16928690e+02 2.41472450e+01 
387  484.64  4.84564325e+00 1.18139386e+02 2.43455860e+01 
388  485.44  4.85560981e+00 1.19327367e+02 2.45436800e+01 
389  486.24  4.86600428e+00 1.20560254e+02 2.47420210e+01 
390  487.05  4.87737370e+00 1.21858330e+02 2.49401150e+01 
391  487.85  4.88752733e+00 1.23019737e+02 2.51384560e+01 
392  488.65  4.89739332e+00 1.24256319e+02 2.53365500e+01 
393  489.45  4.90511706e+00 1.25416041e+02 2.55348910e+01 
394  490.26  4.91281983e+00 1.26655512e+02 2.57357900e+01 
395  491.06  4.91966217e+00 1.27818478e+02 2.59427060e+01 
396  491.86  4.92339570e+00 1.28974630e+02 2.61498800e+01 
397  492.66  4.92578202e+00 1.30059607e+02 2.63567960e+01 
398  493.46  4.93081647e+00 1.31210459e+02 2.65637120e+01 
399  494.27  4.93375674e+00 1.32230712e+02 2.67706280e+01 
400  495.07  4.93641057e+00 1.33402378e+02 2.69775440e+01 
401  495.87  4.94185519e+00 1.34601819e+02 2.71847180e+01 
402  496.67  4.94307344e+00 1.35681173e+02 2.73916340e+01 
403  497.48  4.94573934e+00 1.36783388e+02 2.75985500e+01 
404  498.28  4.94658430e+00 1.37772772e+02 2.78054660e+01 
405  499.08  4.94616291e+00 1.38846291e+02 2.80123820e+01 
406  499.88  4.94581765e+00 1.39852091e+02 2.82190400e+01 
407  500.68  4.94643481e+00 1.40865835e+02 2.84273200e+01 
408  501.48  4.94628081e+00 1.41904929e+02 2.86358400e+01 
409  502.29  4.94686003e+00 1.42995057e+02 2.88443600e+01 
410  503.09  4.94746035e+00 1.44057577e+02 2.90526200e+01 
411  503.89  4.94715759e+00 1.45029221e+02 2.92611400e+01 
412  504.69  4.95089067e+00 1.46215611e+02 2.94696600e+01 
413  505.49  4.95165606e+00 1.47272929e+02 2.96779200e+01 
414  506.29  4.95296986e+00 1.48301486e+02 2.98864400e+01 
415  507.09  4.95334661e+00 1.49340223e+02 3.00947000e+01 
416  507.90  4.95381975e+00 1.50410039e+02 3.03032200e+01 
417  508.70  4.95480076e+00 1.51471784e+02 3.05114800e+01 
418  509.50  4.95539207e+00 1.52539742e+02 3.07200000e+01 
419  510.30  4.95342957e+00 1.53478288e+02 3.09300660e+01 
420  511.10  4.95200772e+00 1.54495284e+02 3.11431320e+01 
421  511.90  4.95085054e+00 1.55572963e+02 3.13561980e+01 
422  512.70  4.94829387e+00 1.56571305e+02 3.15695300e+01 
423  513.51  4.94562562e+00 1.57539831e+02 3.17825960e+01 
424  514.31  4.94301305e+00 1.58437634e+02 3.19956620e+01 
425  515.11  4.94012179e+00 1.59415653e+02 3.22087280e+01 
426  515.91  4.93722000e+00 1.60442854e+02 3.24217940e+01 
427  516.71  4.93430747e+00 1.61332639e+02 3.26348600e+01 
428  517.51  4.93116600e+00 1.62282926e+02 3.28479260e+01 
429  518.31  4.92770822e+00 1.63173535e+02 3.30609920e+01 
430  519.11  4.92382212e+00 1.64114415e+02 3.32740580e+01 
431  519.91  4.91932061e+00 1.65108977e+02 3.34868580e+01 
432  520.71  4.91662696e+00 1.66045393e+02 3.37013520e+01 
433  521.51  4.91346242e+00 1.66991834e+02 3.39160200e+01 
434  522.32  4.91074109e+00 1.68006307e+02 3.41306880e+01 
435  523.12  4.90894940e+00 1.68909988e+02 3.43450880e+01 
436  523.92  4.90720933e+00 1.69986181e+02 3.45597560e+01 
437  524.72  4.90517085e+00 1.70969764e+02 3.47741560e+01 
438  525.52  4.90357193e+00 1.71966846e+02 3.49888240e+01 
439  526.32  4.90094219e+00 1.72982149e+02 3.52032240e+01 
440  527.12  4.90023108e+00 1.73922546e+02 3.54178920e+01 
441  527.92  4.89861515e+00 1.74845104e+02 3.56322920e+01 
442  528.72  4.89862353e+00 1.75984328e+02 3.58466920e+01 
443  529.52  4.89824234e+00 1.76983274e+02 3.60613600e+01 
444  530.32  4.89901148e+00 1.78092411e+02 3.62760800e+01 
445  531.12  4.90090894e+00 1.79223535e+02 3.64912800e+01 
446  531.92  4.90172702e+00 1.80260123e+02 3.67064800e+01 
447  532.72  4.90192671e+00 1.81373910e+02 3.69216800e+01 
448  533.52  4.90776176e+00 1.82664891e+02 3.71368800e+01 
449  534.32  4.90994252e+00 1.83745798e+02 3.73523490e+01 
450  535.12  4.91141314e+00 1.84912521e+02 3.75672800e+01 
451  535.92  4.91521444e+00 1.86130129e+02 3.77824800e+01 
452  536.72  4.91600436e+00 1.87156830e+02 3.79976800e+01 
453  537.52  4.91868434e+00 1.88364622e+02 3.82128800e+01 
454  538.32  4.92022669e+00 1.89431743e+02 3.84280800e+01 
455  539.12  4.92069448e+00 1.90495037e+02 3.86432800e+01 
456  539.92  4.92417189e+00 1.91665347e+02 3.88582110e+01 
457  540.72  4.92731834e+00 1.92919902e+02 3.90683780e+01 
458  541.52  4.92883058e+00 1.94040806e+02 3.92779780e+01 
459  542.32  4.93221489e+00 1.95222208e+02 3.94873160e+01 
460  543.12  4.93377972e+00 1.96403428e+02 3.96969160e+01 
461  543.92  4.93542709e+00 1.97375041e+02 3.99062540e+01 
462  544.72  4.93756252e+00 1.98518788e+02 4.01158540e+01 
463  545.52  4.93400901e+00 1.99400960e+02 4.03251920e+01 
464  546.31  4.92765924e+00 2.00161186e+02 4.05345300e+01 
465  547.12  4.91966544e+00 2.00850003e+02 4.07441300e+01 
466  547.91  4.90952631e+00 2.01468353e+02 4.09534680e+01 
467  548.71  4.90203142e+00 2.02202178e+02 4.11628060e+01 
468  549.51  4.89903478e+00 2.03138865e+02 4.13721440e+01 
469  550.31  4.89590013e+00 2.04053544e+02 4.15826800e+01 
470  551.11  4.89162172e+00 2.04909916e+02 4.17944150e+01 
471  551.91  4.89046868e+00 2.05892109e+02 4.20061500e+01 
472  552.71  4.88827501e+00 2.06878836e+02 4.22178850e+01 
473  553.51  4.88768189e+00 2.07879902e+02 4.24296200e+01 
474  554.31  4.88659809e+00 2.08904021e+02 4.26413550e+01 
475  555.10  4.88428749e+00 2.09836037e+02 4.28528250e+01 
476  555.90  4.88079686e+00 2.10701319e+02 4.30645600e+01 
477  556.70  4.87634106e+00 2.11525778e+02 4.32762950e+01 
478  557.50  4.86846756e+00 2.12123042e+02 4.34880300e+01 
479  558.30  4.86469654e+00 2.13059068e+02 4.36995000e+01 
480  559.10  4.86297468e+00 2.13952720e+02 4.39112350e+01 
481  559.90  4.86354708e+00 2.15030462e+02 4.41229700e+01 
482  560.70  4.87214248e+00 2.16464475e+02 4.43323520e+01 
483  561.50  4.87988635e+00 2.17891940e+02 4.45416900e+01 
484  562.29  4.88947477e+00 2.19302910e+02 4.47507660e+01 
485  563.09  4.89926677e+00 2.20696971e+02 4.49601040e+01 
486  563.89  4.90827327e+00 2.22225686e+02 4.51691800e+01 
487  564.69  4.91711288e+00 2.23637262e+02 4.53782560e+01 
488  565.49  4.92505389e+00 2.25014184e+02 4.55875940e+01 
489  566.29  4.93588713e+00 2.26570803e+02 4.57966700e+01 
490  567.08  4.94798666e+00 2.28192789e+02 4.60057460e+01 
491  567.88  4.95870247e+00 2.29690003e+02 4.62148220e+01 
492  568.68  4.97222869e+00 2.31361783e+02 4.64238980e+01 
493  569.48  4.98506370e+00 2.32982433e+02 4.66329740e+01 
494  570.27  4.99709521e+00 2.34588493e+02 4.68417750e+01 
495  571.07  5.01057419e+00 2.36234158e+02 4.70500530e+01 
496  571.87  5.02219207e+00 2.37776226e+02 4.72583310e+01 
497  572.67  5.03089583e+00 2.39307000e+02 4.74666090e+01 
498  573.47  5.04200763e+00 2.40929222e+02 4.76748870e+01 
499  574.26  5.04664053e+00 2.42227592e+02 4.78829040e+01 
500  575.06  5.04680094e+00 2.43260763e+02 4.80911820e+01 
501  575.86  5.04458738e+00 2.44247274e+02 4.82994600e+01 
502  576.66  5.03798951e+00 2.45084877e+02 4.85074770e+01 
503  577.46  5.03485769e+00 2.45946091e+02 4.87157550e+01 
504  578.25  5.03134501e+00 2.46864667e+02 4.89240330e+01 
505  579.05  5.02557740e+00 2.47510185e+02 4.91320500e+01 
506  579.85  5.02234180e+00 2.48412019e+02 4.93403280e+01 
507  580.64  5.01734977e+00 2.49223230e+02 4.95412500e+01 
508  581.44  5.01120731e+00 2.49899662e+02 4.97405000e+01 
509  582.24  5.00503265e+00 2.50625068e+02 4.99400000e+01 
510  583.04  4.99801393e+00 2.51239540e+02 5.01392500e+01 
511  583.83  4.98921126e+00 2.51790608e+02 5.03385000e+01 
512  584.63  4.98132352e+00 2.52382727e+02 5.05377500e+01 
513  585.43  4.97145902e+00 2.52824574e+02 5.07370000e+01 
514  586.23  4.95971195e+00 2.53291635e+02 5.09362500e+01 
515  587.02  4.94797113e+00 2.53641214e+02 5.11355000e+01 
516  587.82  4.93690982e+00 2.54072162e+02 5.13347500e+01 
517  588.62  4.92578638e+00 2.54440788e+02 5.15340000e+01 
518  589.41  4.91572386e+00 2.55010327e+02 5.17332500e+01 
519  590.21  4.90612994e+00 2.55496230e+02 5.19312400e+01 
520  591.01  4.89657765e+00 2.55915910e+02 5.21257080e+01 
521  591.80  4.88794630e+00 2.56544082e+02 5.23201760e+01 
522  592.60  4.88092276e+00 2.57050935e+02 5.25144000e+01 
523  593.40  4.87493694e+00 2.57565208e+02 5.27088680e+01 
524  594.19  4.87150898e+00 2.58339713e+02 5.29030920e+01 
525  594.99  4.86683010e+00 2.59076547e+02 5.30975600e+01 
526  595.79  4.86419823e+00 2.59789866e+02 5.32917840e+01 
527  596.58  4.86225974e+00 2.60619670e+02 5.34862520e+01 
528  597.38  4.86247313e+00 2.61586674e+02 5.36804760e+01 
529  598.18  4.86165841e+00 2.62488967e+02 5.38749440e+01 
530  598.97  4.86055568e+00 2.63290609e+02 5.40691680e+01 
531  599.77  4.86085511e+00 2.64301980e+02 5.42633920e+01 
532  600.56  4.86422500e+00 2.65432556e+02 5.44519760e+01 
533  601.36  4.86654741e+00 2.66425612e+02 5.46384740e+01 
534  602.16  4.87005456e+00 2.67610391e+02 5.48247380e+01 
535  602.95  4.87204993e+00 2.68596284e+02 5.50110020e+01 
536  603.75  4.87568136e+00 2.69718903e+02 5.51972660e+01 
537  604.54  4.87954790e+00 2.70820693e+02 5.53835300e+01 
538  605.34  4.88395478e+00 2.72129435e+02 5.55697940e+01 
539  606.14  4.88812787e+00 2.73115361e+02 5.57560580e+01 
540  606.93  4.89272535e+00 2.74320506e+02 5.59420880e+01 
541  607.73  4.89490227e+00 2.75340591e+02 5.61283520e+01 
542  608.52  4.89691834e+00 2.76406716e+02 5.63146160e+01 
543  609.32  4.90100423e+00 2.77574389e+02 5.65008800e+01 
544  610.12  4.90407465e+00 2.78639653e+02 5.66872550e+01 
545  610.91  4.90870526e+00 2.79822726e+02 5.68759070e+01 
546  611.71  4.90886044e+00 2.80780494e+02 5.70643220e+01 
547  612.50  4.91059330e+00 2.81703547e+02 5.72529740e+01 
548  613.30  4.91382949e+00 2.82917059e+02 5.74413890e+01 
549  614.09  4.91542498e+00 2.83901425e+02 5.76300410e+01 
550  614.89  4.91621861e+00 2.84918481e+02 5.78184560e+01 
551  615.68  4.91524871e+00 2.85779680e+02 5.80068710e+01 
552  616.48  4.91550890e+00 2.86726803e+02 5.81952860e+01 
553  617.27  4.91427860e+00 2.87645233e+02 5.83839380e+01 
554  618.07  4.91231804e+00 2.88468155e+02 5.85723530e+01 
555  618.86  4.91042347e+00 2.89263203e+02 5.87607680e+01 
556  619.66  4.90825586e+00 2.90141722e+02 5.89491830e+01 
557  620.45  4.90507823e+00 2.90743219e+02 5.91280640e+01 
558  621.25  4.90328487e+00 2.91612482e+02 5.92997840e+01 
559  622.04  4.89994374e+00 2.92166769e+02 5.94715040e+01 
560  622.84  4.89581593e+00 2.92775127e+02 5.96432240e+01 
561  623.63  4.89279094e+00 2.93417560e+02 5.98147280e+01 
562  624.43  4.88867643e+00 2.93898415e+02 5.99864480e+01 
563  625.22  4.88865554e+00 2.94817380e+02 6.01581680e+01 
564  626.02  4.88048328e+00 2.95039837e+02 6.03296720e+01 
565  626.81  4.87605917e+00 2.95720401e+02 6.05013920e+01 
566  627.61  4.86866202e+00 2.96080326e+02 6.06731120e+01 
567  628.40  4.86337526e+00 2.96673913e+02 6.08446160e+01 
568  629.19  4.85725544e+00 2.97111109e+02 6.10161200e+01 
569  629.99  4.85206654e+00 2.97668000e+02 6.11878400e+01 
570  630.78  4.84369562e+00 2.97993733e+02 6.13648320e+01 
571  631.58  4.83741362e+00 2.98539144e+02 6.15418940e+01 
572  632.37  4.82919403e+00 2.98816901e+02 6.17191790e+01 
573  633.17  4.82167097e+00 2.99283776e+02 6.18962410e+01 
574  633.96  4.81369145e+00 2.99561436e+02 6.20733030e+01 
575  634.76  4.80389856e+00 2.99823533e+02 6.22503650e+01 
576  635.55  4.79436434e+00 3.00158276e+02 6.24274270e+01 
577  636.34  4.78440775e+00 3.00353783e+02 6.26044890e+01 
578  637.14  4.77648696e+00 3.00707699e+02 6.27815510e+01 
579  637.93  4.76516949e+00 3.00817159e+02 6.29586130e+01 
580  638.73  4.75175571e+00 3.00831395e+02 6.31356750e+01 
581  639.52  4.74260084e+00 3.01089927e+02 6.33125140e+01 
582  640.31  4.73299097e+00 3.01292892e+02 6.34820880e+01 
583  641.11  4.72097191e+00 3.01261918e+02 6.36400940e+01 
584  641.90  4.71007671e+00 3.01286631e+02 6.37979010e+01 
585  642.69  4.69977990e+00 3.01353619e+02 6.39559070e+01 
586  643.49  4.68553725e+00 3.01168060e+02 6.41137140e+01 
587  644.28  4.67380030e+00 3.01159720e+02 6.42717200e+01 
588  645.07  4.65792661e+00 3.00882808e+02 6.44295270e+01 
589  645.87  4.64553291e+00 3.00880163e+02 6.45875330e+01 
590  646.66  4.63145966e+00 3.00689576e+02 6.47453400e+01 
591  647.45  4.61660791e+00 3.00500664e+02 6.49031470e+01 
592  648.25  4.60316068e+00 3.00323884e+02 6.50609540e+01 
593  649.04  4.58899282e+00 3.00183660e+02 6.52187610e+01 
594  649.83  4.57449509e+00 2.99897563e+02 6.53767670e+01 
595  650.63  4.56265760e+00 2.99829085e+02 6.55289400e+01 
596  651.42  4.54933749e+00 2.99573218e+02 6.56796100e+01 
597  652.21  4.53501909e+00 2.99339453e+02 6.58300900e+01 
598  653.00  4.52506326e+00 2.99374229e+02 6.59807600e+01 
599  653.80  4.51365134e+00 2.99273117e+02 6.61314300e+01 
600  654.59  4.50284103e+00 2.99171983e+02 6.62821000e+01 
601  655.38  4.49228336e+00 2.99186502e+02 6.64327700e+01 
602  656.17  4.48235798e+00 2.99218665e+02 6.65832500e+01 
603  656.97  4.47297871e+00 2.99220704e+02 6.67339200e+01 
604  657.76  4.46390235e+00 2.99238409e+02 6.68844000e+01 
605  658.55  4.45461268e+00 2.99315007e+02 6.70350700e+01 
606  659.34  4.44714978e+00 2.99538003e+02 6.71855500e+01 
607  660.14  4.44059235e+00 2.99664459e+02 6.73359440e+01 
608  660.93  4.43418978e+00 2.99887720e+02 6.74848400e+01 
609  661.72  4.42944681e+00 3.00295797e+02 6.76337360e+01 
610  662.51  4.42646675e+00 3.00816961e+02 6.77828200e+01 
611  663.31  4.42342033e+00 3.01199281e+02 6.79317160e+01 
612  664.10  4.42327912e+00 3.01861187e+02 6.80806120e+01 
613  664.89  4.42225088e+00 3.02505790e+02 6.82295080e+01 
614  665.68  4.42167313e+00 3.03115013e+02 6.83784040e+01 
615  666.48  4.42119779e+00 3.03686388e+02 6.85273000e+01 
616  667.27  4.42117868e+00 3.04329681e+02 6.86761960e+01 
617  668.06  4.42295377e+00 3.05064864e+02 6.88249040e+01 
618  668.85  4.42488246e+00 3.05896640e+02 6.89738000e+01 
619  669.64  4.42701079e+00 3.06673040e+02 6.91226960e+01 
620  670.43  4.42973127e+00 3.07596054e+02 6.92659500e+01 
621  671.22  4.43111822e+00 3.08219994e+02 6.94043750e+01 
622  672.02  4.43173418e+00 3.08795080e+02 6.95429750e+01 
623  672.81  4.43426253e+00 3.09691815e+02 6.96814000e+01 
624  673.60  4.43619687e+00 3.10399753e+02 6.98200000e+01 
625  674.39  4.43696051e+00 3.11089773e+02 6.99584250e+01 
626  675.18  4.43705258e+00 3.11693923e+02 7.00968500e+01 
627  675.97  4.43709304e+00 3.12424599e+02 7.02354500e+01 
628  676.76  4.43915691e+00 3.13153507e+02 7.03738750e+01 
629  677.56  4.43879868e+00 3.13882251e+02 7.05123000e+01 
630  678.35  4.43586096e+00 3.14187109e+02 7.06507250e+01 
631  679.14  4.43593489e+00 3.14806984e+02 7.07891500e+01 
632  679.93  4.43420356e+00 3.15414980e+02 7.09275750e+01 
633  680.72  4.43155074e+00 3.15705077e+02 7.10595200e+01 
634  681.51  4.42753119e+00 3.16007411e+02 7.11908260e+01 
635  682.30  4.42443064e+00 3.16458249e+02 7.13221320e+01 
636  683.09  4.41994292e+00 3.16721674e+02 7.14532720e+01 
637  683.88  4.41331023e+00 3.16767665e+02 7.15845780e+01 
638  684.67  4.40548626e+00 3.16811064e+02 7.17158840e+01 
639  685.46  4.39650203e+00 3.16671761e+02 7.18470240e+01 
640  686.26  4.38459243e+00 3.16341618e+02 7.19783300e+01 
641  687.05  4.37197886e+00 3.16053710e+02 7.21094700e+01 
642  687.84  4.36055639e+00 3.15786313e+02 7.22407760e+01 
643  688.63  4.35047239e+00 3.15672069e+02 7.23719160e+01 
644  689.42  4.33713442e+00 3.15236766e+02 7.25030560e+01 
645  690.21  4.32488979e+00 3.14891351e+02 7.26327540e+01 
646  691.00  4.31116710e+00 3.14381922e+02 7.27585230e+01 
647  691.79  4.29831896e+00 3.14147915e+02 7.28841330e+01 
648  692.58  4.28450641e+00 3.13688442e+02 7.30097430e+01 
649  693.37  4.26949221e+00 3.13168465e+02 7.31353530e+01 
650  694.16  4.25617989e+00 3.12646368e+02 7.32609630e+01 
651  694.95  4.24094203e+00 3.12130662e+02 7.33864140e+01 
652  695.74  4.22763175e+00 3.11584554e+02 7.35120240e+01 
653  696.53  4.21347761e+00 3.11138457e+02 7.36376340e+01 
654  697.32  4.19975561e+00 3.10663715e+02 7.37632440e+01 
655  698.11  4.18610643e+00 3.10215565e+02 7.38886950e+01 
656  698.90  4.17024023e+00 3.09548847e+02 7.40143050e+01 
657  699.68  4.15622057e+00 3.08969544e+02 7.41397560e+01 
658  700.47  4.14398420e+00 3.08712613e+02 7.42615740e+01 
659  701.26  4.13119441e+00 3.08159771e+02 7.43807130e+01 
660  702.05  4.11703953e+00 3.07581099e+02 7.44998520e+01 
661  702.84  4.10526964e+00 3.07153444e+02 7.46191420e+01 
662  703.63  4.09504698e+00 3.06812704e+02 7.47382810e+01 
663  704.42  4.08573037e+00 3.06593805e+02 7.48574200e+01 
664  705.21  4.07209175e+00 3.06135685e+02 7.49765590e+01 
665  706.00  4.06067825e+00 3.05757939e+02 7.50956980e+01 
666  706.79  4.04987035e+00 3.05384478e+02 7.52148370e+01 
667  707.58  4.04321353e+00 3.05422046e+02 7.53339760e+01 
668  708.37  4.03558383e+00 3.05314764e+02 7.54531150e+01 
669  709.15  4.02406698e+00 3.04898944e+02 7.55721030e+01 
670  709.94  4.01619832e+00 3.04799019e+02 7.56912420e+01 
671  710.73  4.01160422e+00 3.04863885e+02 7.57994160e+01 
672  711.52  4.00551916e+00 3.04851899e+02 7.59065840e+01 
673  712.31  3.99802041e+00 3.04682742e+02 7.60138880e+01 
674  713.10  3.99392216e+00 3.04832592e+02 7.61210560e+01 
675  713.88  3.99025451e+00 3.04957715e+02 7.62282240e+01 
676  714.67  3.98721499e+00 3.05159996e+02 7.63355280e+01 
677  715.46  3.97854101e+00 3.04832244e+02 7.64426960e+01 
678  716.25  3.97244583e+00 3.04859453e+02 7.65498640e+01 
679  717.04  3.96839394e+00 3.04960776e+02 7.66570320e+01 
680  717.83  3.95991309e+00 3.04701543e+02 7.67642000e+01 
681  718.61  3.95224630e+00 3.04576574e+02 7.68713680e+01 
682  719.40  3.94683343e+00 3.04586511e+02 7.69785360e+01 
683  720.19  3.94604167e+00 3.04856434e+02 7.70834360e+01 
684  720.98  3.94769233e+00 3.05219450e+02 7.71811480e+01 
685  721.76  3.94857001e+00 3.05858719e+02 7.72787360e+01 
686  722.55  3.94202124e+00 3.05773977e+02 7.73764480e+01 
687  723.34  3.93627850e+00 3.05715649e+02 7.74741600e+01 
688  724.13  3.93439512e+00 3.05952212e+02 7.75717480e+01 
689  724.91  3.93368663e+00 3.06277565e+02 7.76694600e+01 
690  725.70  3.93045353e+00 3.06421440e+02 7.77670480e+01 
691  726.49  3.92882995e+00 3.06801470e+02 7.78646360e+01 
692  727.28  3.93018729e+00 3.07285520e+02 7.79623480e+01 
693  728.06  3.93207090e+00 3.07770267e+02 7.80599360e+01 
694  728.85  3.92838523e+00 3.07872213e+02 7.81575240e+01 
695  729.64  3.92567972e+00 3.08116453e+02 7.82551120e+01 
696  730.42  3.92532781e+00 3.08380795e+02 7.83505750e+01 
697  731.21  3.92369830e+00 3.08680358e+02 7.84442280e+01 
698  732.00  3.92129636e+00 3.08786738e+02 7.85378810e+01 
699  732.78  3.91468230e+00 3.08688894e+02 7.86314150e+01 
700  733.57  3.90845817e+00 3.08424809e+02 7.87250680e+01 
701  734.36  3.90563009e+00 3.08784292e+02 7.88187210e+01 
702  735.15  3.90184696e+00 3.08784295e+02 7.89122550e+01 
703  735.93  3.89291690e+00 3.08379522e+02 7.90059080e+01 
704  736.72  3.88068737e+00 3.07825425e+02 7.90994420e+01 
705  737.51  3.87297606e+00 3.07601444e+02 7.91930950e+01 
706  738.29  3.86822397e+00 3.07569522e+02 7.92866290e+01 
707  739.08  3.86175651e+00 3.07388988e+02 7.93801630e+01 
708  739.86  3.85199255e+00 3.06980450e+02 7.94736970e+01 
709  740.65  3.84155575e+00 3.06509350e+02 7.95498000e+01 
710  741.44  3.83410169e+00 3.06125897e+02 7.96221120e+01 
711  742.22  3.82818213e+00 3.06079425e+02 7.96943320e+01 
712  743.01  3.81766335e+00 3.05471184e+02 7.97666440e+01 
713  743.79  3.80558072e+00 3.04757632e+02 7.98389560e+01 
714  744.58  3.79041918e+00 3.03702178e+02 7.99112680e+01 
715  745.37  3.78227271e+00 3.03469583e+02 7.99835800e+01 
716  746.15  3.77451243e+00 3.03190661e+02 8.00558000e+01 
717  746.94  3.76300111e+00 3.02517814e+02 8.01281120e+01 
718  747.72  3.74513359e+00 3.01335747e+02 8.02003320e+01 
719  748.51  3.73069594e+00 3.00395862e+02 8.02726440e+01 
720  749.29  3.72338785e+00 3.00067217e+02 8.03448640e+01 
721  750.08  3.71484422e+00 2.99559690e+02 8.04143890e+01 
722  750.86  3.70081082e+00 2.98723431e+02 8.04591340e+01 
723  751.65  3.68538690e+00 2.97484981e+02 8.05038790e+01 
724  752.43  3.67363175e+00 2.96863893e+02 8.05486240e+01 
725  753.22  3.66625499e+00 2.96394659e+02 8.05933690e+01 
726  754.00  3.65854278e+00 2.95889179e+02 8.06381140e+01 
727  754.79  3.64026148e+00 2.94550121e+02 8.06828590e+01 
728  755.57  3.62396915e+00 2.93377985e+02 8.07276040e+01 
729  756.36  3.61440796e+00 2.92849097e+02 8.07723490e+01 
730  757.14  3.60845623e+00 2.92428089e+02 8.08170370e+01 
731  757.93  3.59686373e+00 2.91741794e+02 8.08617820e+01 
732  758.71  3.56880372e+00 2.89512023e+02 8.09064700e+01 
733  759.49  3.52596704e+00 2.86161077e+02 8.09511580e+01 
734  760.28  3.49249105e+00 2.83569277e+02 8.10087370e+01 
735  761.06  3.49111833e+00 2.83692466e+02 8.10894890e+01 
736  761.85  3.49318766e+00 2.84167352e+02 8.11702410e+01 
737  762.63  3.47552099e+00 2.83074942e+02 8.12509930e+01 
738  763.41  3.45783439e+00 2.81886257e+02 8.13317450e+01 
739  764.20  3.45648768e+00 2.82121534e+02 8.14124970e+01 
740  764.98  3.46549530e+00 2.83089730e+02 8.14932490e+01 
741  765.77  3.46541953e+00 2.83483050e+02 8.15740010e+01 
742  766.55  3.45280786e+00 2.82755257e+02 8.16547530e+01 
743  767.33  3.44411344e+00 2.82242792e+02 8.17354020e+01 
744  768.12  3.44331921e+00 2.82496945e+02 8.18161540e+01 
745  768.90  3.44292692e+00 2.82808529e+02 8.18968030e+01 
746  769.68  3.43164183e+00 2.82082959e+02 8.19775550e+01 
747  770.47  3.41719441e+00 2.81130729e+02 8.20460360e+01 
748  771.25  3.40614529e+00 2.80451724e+02 8.21063270e+01 
749  772.03  3.40076795e+00 2.80191521e+02 8.21666180e+01 
750  772.82  3.39838036e+00 2.80142037e+02 8.22269090e+01 
751  773.60  3.39313597e+00 2.79956660e+02 8.22872000e+01 
752  774.38  3.38010461e+00 2.78992555e+02 8.23474910e+01 
753  775.17  3.36703237e+00 2.78157917e+02 8.24077820e+01 
754  775.95  3.35815191e+00 2.77632798e+02 8.24680730e+01 
755  776.73  3.35228226e+00 2.77324853e+02 8.25283640e+01 
756  777.51  3.34659762e+00 2.76981183e+02 8.25885780e+01 
757  778.30  3.34045238e+00 2.76766072e+02 8.26488690e+01 
758  779.08  3.32670393e+00 2.75803009e+02 8.27090830e+01 
759  779.86  3.31540620e+00 2.75086772e+02 8.27693740e+01 
760  780.64  3.31452815e+00 2.75206489e+02 8.28141320e+01 
761  781.43  3.31833172e+00 2.75645336e+02 8.28555780e+01 
762  782.21  3.31572264e+00 2.75525074e+02 8.28970770e+01 
763  782.99  3.29993949e+00 2.74338436e+02 8.29385230e+01 
764  783.77  3.29059025e+00 2.73740401e+02 8.29799690e+01 
765  784.55  3.28404634e+00 2.73355141e+02 8.30214150e+01 
766  785.34  3.27940196e+00 2.73101349e+02 8.30628080e+01 
767  786.12  3.27702659e+00 2.73049088e+02 8.31042540e+01 
768  786.90  3.27308088e+00 2.72826537e+02 8.31457000e+01 
769  787.68  3.26063480e+00 2.71826861e+02 8.31870930e+01 
770  788.46  3.24626802e+00 2.70825004e+02 8.32285390e+01 
771  789.24  3.24185205e+00 2.70661874e+02 8.32699320e+01 
772  790.03  3.24177202e+00 2.70829878e+02 8.33109880e+01 
773  790.81  3.23763774e+00 2.70457984e+02 8.33406660e+01 
774  791.59  3.22221119e+00 2.69249196e+02 8.33703440e+01 
775  792.37  3.20713119e+00 2.68092516e+02 8.34000220e+01 
776  793.15  3.20391372e+00 2.68024420e+02 8.34297000e+01 
777  793.93  3.20691302e+00 2.68337534e+02 8.34593780e+01 
778  794.71  3.20361553e+00 2.68084158e+02 8.34890560e+01 
779  795.49  3.18841553e+00 2.66925112e+02 8.35187340e+01 
780  796.27  3.16918182e+00 2.65421346e+02 8.35484120e+01 
781  797.05  3.16839885e+00 2.65382545e+02 8.35780520e+01 
782  797.83  3.16906328e+00 2.65694655e+02 8.36077300e+01 
783  798.62  3.16085182e+00 2.65065263e+02 8.36373700e+01 
784  799.40  3.15194957e+00 2.64383352e+02 8.36670480e+01 
785  800.18  3.13409531e+00 2.63027266e+02 8.36942240e+01 
786  800.96  3.11285394e+00 2.61274004e+02 8.37129440e+01 
787  801.74  3.11076046e+00 2.61192813e+02 8.37316640e+01 
788  802.52  3.11741490e+00 2.61806749e+02 8.37503840e+01 
789  803.30  3.11696266e+00 2.61711897e+02 8.37691040e+01 
790  804.08  3.09966484e+00 2.60447186e+02 8.37878240e+01 
791  804.86  3.07159001e+00 2.58111522e+02 8.38065440e+01 
792  805.64  3.05598809e+00 2.56842202e+02 8.38252640e+01 
793  806.41  3.06459641e+00 2.57614682e+02 8.38439600e+01 
794  807.20  3.07862065e+00 2.58912281e+02 8.38626800e+01 
795  807.97  3.06114004e+00 2.57450136e+02 8.38813760e+01 
796  808.75  3.02242013e+00 2.54320316e+02 8.39000960e+01 
797  809.53  2.99682925e+00 2.52206586e+02 8.39187920e+01 
798  810.31  3.00216936e+00 2.52754584e+02 8.39324960e+01 
799  811.09  3.01776341e+00 2.54007032e+02 8.39387280e+01 
800  811.87  3.01582074e+00 2.53890822e+02 8.39449600e+01 
801  812.65  2.99643037e+00 2.52322759e+02 8.39511920e+01 
802  813.43  2.96905881e+00 2.50015424e+02 8.39574240e+01 
803  814.21  2.94070338e+00 2.47565428e+02 8.39636560e+01 
804  814.99  2.93634509e+00 2.47225287e+02 8.39698880e+01 
805  815.76  2.94546616e+00 2.48042251e+02 8.39761120e+01 
806  816.54  2.95076060e+00 2.48457349e+02 8.39823440e+01 
807  817.32  2.93938660e+00 2.47543134e+02 8.39885680e+01 
808  818.10  2.91574037e+00 2.45499458e+02 8.39948000e+01 
809  818.88  2.89655139e+00 2.44022961e+02 8.40010240e+01 
810  819.66  2.88163434e+00 2.42756975e+02 8.40072480e+01 
811  820.43  2.88757362e+00 2.43189715e+02 8.40160760e+01 
812  821.21  2.90605052e+00 2.44907364e+02 8.40269680e+01 
813  821.99  2.89309766e+00 2.43886057e+02 8.40378600e+01 
814  822.77  2.85306609e+00 2.40469266e+02 8.40487520e+01 
815  823.55  2.82400749e+00 2.38067401e+02 8.40596440e+01 
816  824.32  2.81289369e+00 2.37105089e+02 8.40705220e+01 
817  825.10  2.82624725e+00 2.38281913e+02 8.40814140e+01 
818  825.88  2.84337559e+00 2.39743945e+02 8.40922920e+01 
819  826.66  2.83132982e+00 2.38747093e+02 8.41031840e+01 
820  827.43  2.80254194e+00 2.36353549e+02 8.41140620e+01 
821  828.21  2.77231773e+00 2.33723335e+02 8.41249400e+01 
822  828.99  2.76183504e+00 2.32871508e+02 8.41358180e+01 
823  829.76  2.77489954e+00 2.34003926e+02 8.41466960e+01 
824  830.54  2.79064498e+00 2.35371631e+02 8.41532460e+01 
825  831.32  2.78231693e+00 2.34696425e+02 8.41579080e+01 
826  832.10  2.75603342e+00 2.32537414e+02 8.41625700e+01 
827  832.87  2.72135098e+00 2.29627551e+02 8.41672260e+01 
828  833.65  2.70611779e+00 2.28324188e+02 8.41718880e+01 
829  834.42  2.72216539e+00 2.29664695e+02 8.41765440e+01 
830  835.20  2.74940338e+00 2.32007547e+02 8.41812060e+01 
831  835.98  2.75138435e+00 2.32189475e+02 8.41858620e+01 
832  836.75  2.72575495e+00 2.30068896e+02 8.41905180e+01 
833  837.53  2.68281105e+00 2.26484712e+02 8.41951740e+01 
834  838.30  2.65750233e+00 2.24308022e+02 8.41998300e+01 
835  839.08  2.66337682e+00 2.24865359e+02 8.42044860e+01 
836  839.86  2.68395421e+00 2.26582230e+02 8.42091420e+01 
837  840.63  2.68667364e+00 2.26869303e+02 8.42100000e+01 
838  841.41  2.66320884e+00 2.24831987e+02 8.42100000e+01 
839  842.18  2.62377886e+00 2.21580875e+02 8.42100000e+01 
840  842.96  2.59098618e+00 2.18751214e+02 8.42100000e+01 
841  843.74  2.58670241e+00 2.18466980e+02 8.42100000e+01 
842  844.51  2.60681517e+00 2.20064142e+02 8.42100000e+01 
843  845.28  2.62692944e+00 2.21794603e+02 8.42100000e+01 
844  846.06  2.62925681e+00 2.22041487e+02 8.42100000e+01 
845  846.84  2.60228961e+00 2.19751954e+02 8.42100000e+01 
846  847.61  2.56042987e+00 2.16176529e+02 8.42100000e+01 
847  848.38  2.53273160e+00 2.13863912e+02 8.42100000e+01 
848  849.16  2.54375377e+00 2.14855358e+02 8.42100000e+01 
849  849.93  2.56560745e+00 2.16630336e+02 8.42100000e+01 
850  850.71  2.57411090e+00 2.17254180e+02 8.41993650e+01 
851  851.48  2.54874633e+00 2.15132139e+02 8.41877400e+01 
852  852.26  2.50933545e+00 2.11759723e+02 8.41761300e+01 
853  853.03  2.48277412e+00 2.09528192e+02 8.41645200e+01 
854  853.81  2.47888532e+00 2.09190490e+02 8.41529100e+01 
855  854.58  2.49560855e+00 2.10521083e+02 8.41412850e+01 
856  855.35  2.51286451e+00 2.12046434e+02 8.41296900e+01 
857  856.13  2.51391528e+00 2.12040486e+02 8.41180800e+01 
858  856.90  2.49030134e+00 2.10073834e+02 8.41064700e+01 
859  857.68  2.45151217e+00 2.06786820e+02 8.40948600e+01 
860  858.45  2.41842476e+00 2.03922108e+02 8.40832650e+01 
861  859.22  2.40109989e+00 2.02438910e+02 8.40716550e+01 
862  860.00  2.41159459e+00 2.03316822e+02 8.40600600e+01 
863  860.77  2.43528343e+00 2.05288887e+02 8.40515300e+01 
864  861.54  2.44002734e+00 2.05658102e+02 8.40430270e+01 
865  862.32  2.42105470e+00 2.04072236e+02 8.40345240e+01 
866  863.09  2.39006626e+00 2.01383611e+02 8.40260210e+01 
867  863.86  2.35259354e+00 1.98152838e+02 8.40175180e+01 
868  864.63  2.34230009e+00 1.97394485e+02 8.40090150e+01 
869  865.41  2.35243583e+00 1.98215051e+02 8.40005120e+01 
870  866.18  2.37348844e+00 1.99999775e+02 8.39920200e+01 
871  866.95  2.38146731e+00 2.00612918e+02 8.39835170e+01 
872  867.73  2.36198770e+00 1.98921801e+02 8.39750250e+01 
873  868.50  2.32174729e+00 1.95565837e+02 8.39665220e+01 
874  869.27  2.28610975e+00 1.92518701e+02 8.39580300e+01 
875  870.04  2.27537526e+00 1.91563584e+02 8.39486980e+01 
876  870.81  2.29147274e+00 1.92869596e+02 8.39247660e+01 
877  871.59  2.30520452e+00 1.93952916e+02 8.39008340e+01 
878  872.36  2.31073828e+00 1.94426050e+02 8.38769020e+01 
879  873.13  2.29418136e+00 1.92948526e+02 8.38529700e+01 
880  873.90  2.25938033e+00 1.89954170e+02 8.38290690e+01 
881  874.67  2.21956361e+00 1.86597175e+02 8.38051370e+01 
882  875.44  2.20233627e+00 1.85081468e+02 8.37812360e+01 
883  876.22  2.21380367e+00 1.85909095e+02 8.37573040e+01 
884  876.99  2.23104641e+00 1.87278699e+02 8.37334030e+01 
885  877.76  2.24091282e+00 1.88156295e+02 8.37095020e+01 
886  878.53  2.22817603e+00 1.87005847e+02 8.36856010e+01 
887  879.30  2.19330785e+00 1.84014532e+02 8.36617000e+01 
888  880.07  2.15649496e+00 1.80876703e+02 8.36365920e+01 
889  880.84  2.13920711e+00 1.79358101e+02 8.35995840e+01 
890  881.61  2.14546673e+00 1.79820694e+02 8.35625760e+01 
891  882.38  2.15932131e+00 1.80869501e+02 8.35256160e+01 
892  883.15  2.17693997e+00 1.82322807e+02 8.34886080e+01 
893  883.92  2.16856519e+00 1.81500662e+02 8.34516480e+01 
894  884.69  2.13943611e+00 1.79017075e+02 8.34146880e+01 
895  885.46  2.10652821e+00 1.76175123e+02 8.33776800e+01 
896  886.24  2.08021017e+00 1.73858809e+02 8.33407200e+01 
897  887.01  2.07261900e+00 1.73224049e+02 8.33037600e+01 
898  887.77  2.08124364e+00 1.73818996e+02 8.32668000e+01 
899  888.55  2.09854758e+00 1.75301072e+02 8.32298400e+01 
900  889.31  2.10958524e+00 1.76031770e+02 8.31929280e+01 
901  890.08  2.09267620e+00 1.74613462e+02 8.31537840e+01 
902  890.85  2.05869234e+00 1.71731541e+02 8.30968780e+01 
903  891.62  2.02775191e+00 1.68944569e+02 8.30398980e+01 
904  892.39  2.00905688e+00 1.67353733e+02 8.29829920e+01 
905  893.16  2.01567870e+00 1.67740442e+02 8.29260860e+01 
906  893.93  2.03579249e+00 1.69362964e+02 8.28691800e+01 
907  894.70  2.04650482e+00 1.70113872e+02 8.28122740e+01 
908  895.47  2.03455038e+00 1.68954423e+02 8.27553680e+01 
909  896.24  2.00592716e+00 1.66492968e+02 8.26984620e+01 
910  897.01  1.97375195e+00 1.63757540e+02 8.26415560e+01 
911  897.77  1.95580408e+00 1.62089033e+02 8.25846500e+01 
912  898.54  1.96097826e+00 1.62455627e+02 8.25278180e+01 
913  899.31  1.97439422e+00 1.63512665e+02 8.24709860e+01 
914  900.08  1.97935368e+00 1.63750359e+02 8.24146400e+01 
915  900.85  1.97242057e+00 1.63082081e+02 8.23631840e+01 
916  901.62  1.94822741e+00 1.61021416e+02 8.23117280e+01 
917  902.38  1.91879378e+00 1.58477078e+02 8.22602720e+01 
918  903.15  1.89939505e+00 1.56769438e+02 8.22088160e+01 
919  903.92  1.89243098e+00 1.56061160e+02 8.21573600e+01 
920  904.69  1.89550522e+00 1.56307049e+02 8.21059040e+01 
921  905.46  1.90499377e+00 1.56944910e+02 8.20545150e+01 
922  906.22  1.91149977e+00 1.57420693e+02 8.20030590e+01 
923  906.99  1.90167940e+00 1.56449808e+02 8.19516700e+01 
924  907.76  1.87913609e+00 1.54547881e+02 8.19002810e+01 
925  908.52  1.85111931e+00 1.52148624e+02 8.18488250e+01 
926  909.29  1.83019361e+00 1.50336763e+02 8.17974360e+01 
927  910.06  1.82268803e+00 1.49643966e+02 8.17458110e+01 
928  910.83  1.82479744e+00 1.49727242e+02 8.16913540e+01 
929  911.59  1.82999041e+00 1.50036583e+02 8.16368970e+01 
930  912.36  1.82896191e+00 1.49832575e+02 8.15825110e+01 
931  913.13  1.81828369e+00 1.48903946e+02 8.15280540e+01 
932  913.89  1.79889894e+00 1.47223110e+02 8.14736680e+01 
933  914.66  1.77523469e+00 1.45197829e+02 8.14192110e+01 
934  915.43  1.75646901e+00 1.43549560e+02 8.13648250e+01 
935  916.19  1.74712986e+00 1.42703049e+02 8.13104390e+01 
936  916.96  1.74604476e+00 1.42530018e+02 8.12559820e+01 
937  917.72  1.75001318e+00 1.42771907e+02 8.12015960e+01 
938  918.49  1.74946643e+00 1.42640305e+02 8.11472100e+01 
939  919.26  1.74053794e+00 1.41749563e+02 8.10928950e+01 
940  920.02  1.72350800e+00 1.40292848e+02 8.10372280e+01 
941  920.79  1.70386455e+00 1.38531301e+02 8.09361160e+01 
942  921.55  1.68624863e+00 1.36921691e+02 8.08351360e+01 
943  922.32  1.67675734e+00 1.36000179e+02 8.07340240e+01 
944  923.08  1.67387174e+00 1.35568817e+02 8.06330440e+01 
945  923.85  1.67518672e+00 1.35507349e+02 8.05320640e+01 
946  924.61  1.67399940e+00 1.35288595e+02 8.04310840e+01 
947  925.38  1.66557609e+00 1.34510457e+02 8.03301040e+01 
948  926.14  1.65026070e+00 1.32951652e+02 8.02291240e+01 
949  926.91  1.62931811e+00 1.31151381e+02 8.01281440e+01 
950  927.67  1.60842300e+00 1.29298591e+02 8.00271640e+01 
951  928.44  1.59336874e+00 1.27961122e+02 7.99263160e+01 
952  929.20  1.58507749e+00 1.27116088e+02 7.98253360e+01 
953  929.97  1.58084809e+00 1.26628649e+02 7.97244880e+01 
954  930.73  1.57368579e+00 1.25861011e+02 7.96337420e+01 
955  931.50  1.56028597e+00 1.24628465e+02 7.95435900e+01 
956  932.26  1.53882019e+00 1.22745471e+02 7.94534380e+01 
957  933.02  1.51398400e+00 1.20649183e+02 7.93632860e+01 
958  933.79  1.49029943e+00 1.18580260e+02 7.92731340e+01 
959  934.55  1.47392841e+00 1.17117267e+02 7.91829820e+01 
960  935.32  1.46607670e+00 1.16394524e+02 7.90928300e+01 
961  936.08  1.46282435e+00 1.16008073e+02 7.90027960e+01 
962  936.84  1.46124957e+00 1.15748101e+02 7.89126440e+01 
963  937.61  1.45583447e+00 1.15174310e+02 7.88226100e+01 
964  938.37  1.44245200e+00 1.13991958e+02 7.87325760e+01 
965  939.13  1.42432919e+00 1.12434846e+02 7.86424240e+01 
966  939.89  1.40600465e+00 1.10878386e+02 7.85523900e+01 
967  940.66  1.38839059e+00 1.09424324e+02 7.84926240e+01 
968  941.42  1.37955284e+00 1.08637860e+02 7.84376880e+01 
969  942.18  1.37384290e+00 1.08130346e+02 7.83827520e+01 
970  942.95  1.36994644e+00 1.07787533e+02 7.83278880e+01 
971  943.71  1.36326100e+00 1.07141006e+02 7.82729520e+01 
972  944.47  1.35068001e+00 1.06063514e+02 7.82180160e+01 
973  945.23  1.33249009e+00 1.04598824e+02 7.81631520e+01 
974  946.00  1.31403170e+00 1.03082227e+02 7.81082880e+01 
975  946.76  1.30051893e+00 1.01951619e+02 7.80533520e+01 
976  947.52  1.29191592e+00 1.01171070e+02 7.79984880e+01 
977  948.28  1.29052710e+00 1.01011017e+02 7.79436240e+01 
978  949.05  1.29192355e+00 1.01081750e+02 7.78887600e+01 
979  949.81  1.29068698e+00 1.00898700e+02 7.78338960e+01 
980  950.57  1.28176184e+00 1.00111156e+02 7.77870560e+01 
981  951.33  1.26750541e+00 9.89946090e+01 7.77428600e+01 
982  952.09  1.25018121e+00 9.76049318e+01 7.76986640e+01 
983  952.85  1.23481683e+00 9.63443306e+01 7.76545260e+01 
984  953.61  1.22569778e+00 9.55970782e+01 7.76103880e+01 
985  954.38  1.22296357e+00 9.52694342e+01 7.75661920e+01 
986  955.14  1.22246239e+00 9.51698832e+01 7.75220540e+01 
987  955.90  1.21974547e+00 9.49392257e+01 7.74779160e+01 
988  956.66  1.21263502e+00 9.43107334e+01 7.74337780e+01 
989  957.42  1.20021323e+00 9.33402742e+01 7.73896400e+01 
990  958.18  1.18450720e+00 9.20485141e+01 7.73455020e+01 
991  958.94  1.16940435e+00 9.07785715e+01 7.73014220e+01 
992  959.70  1.15967190e+00 9.00546973e+01 7.72572840e+01 
993  960.46  1.15419833e+00 8.95288514e+01 7.72140720e+01 
994  961.22  1.15181548e+00 8.93062543e+01 7.71715120e+01 
995  961.98  1.14925702e+00 8.91095635e+01 7.71289520e+01 
996  962.74  1.14129147e+00 8.84144711e+01 7.70863360e+01 
997  963.50  1.12903583e+00 8.73722528e+01 7.70437760e+01 
998  964.26  1.11373269e+00 8.61831700e+01 7.70012160e+01 
999  965.02  1.09927180e+00 8.50028047e+01 7.69586560e+01 
1000 965.78  1.08907759e+00 8.41882638e+01 7.69160960e+01 
1001 966.54  1.08387874e+00 8.37548821e+01 7.68735920e+01 
1002 967.30  1.08124059e+00 8.34414782e+01 7.68310320e+01 
1003 968.06  1.07775196e+00 8.31727339e+01 7.67884720e+01 
1004 968.82  1.06754853e+00 8.23295632e+01 7.67459680e+01 
1005 969.58  1.05280874e+00 8.11093166e+01 7.67034640e+01 
1006 970.34  1.03987282e+00 8.00212983e+01 7.66486280e+01 
1007 971.10  1.03052135e+00 7.92555325e+01 7.65788000e+01 
1008 971.86  1.02526722e+00 7.88112765e+01 7.65089720e+01 
1009 972.62  1.02258972e+00 7.85384238e+01 7.64391440e+01 
1010 973.38  1.01699579e+00 7.80432668e+01 7.63693160e+01 
1011 974.14  1.00739889e+00 7.72727195e+01 7.62994880e+01 
1012 974.89  9.95197104e-01 7.61897215e+01 7.62296600e+01 
1013 975.65  9.83232551e-01 7.52166911e+01 7.61599240e+01 
1014 976.41  9.73805836e-01 7.44294780e+01 7.60900960e+01 
1015 977.17  9.68718149e-01 7.39400073e+01 7.60203600e+01 
1016 977.93  9.64371677e-01 7.35650443e+01 7.59505320e+01 
1017 978.69  9.57322593e-01 7.29909579e+01 7.58807960e+01 
1018 979.45  9.46723518e-01 7.21222315e+01 7.58110600e+01 
1019 980.20  9.34787996e-01 7.11110046e+01 7.57510680e+01 
1020 980.96  9.26032152e-01 7.04675384e+01 7.57177160e+01 
1021 981.72  9.20440135e-01 7.00006284e+01 7.56843640e+01 
1022 982.48  9.16153247e-01 6.96571091e+01 7.56510120e+01 
1023 983.24  9.07063666e-01 6.88964815e+01 7.56176600e+01 
1024 983.99  8.94158542e-01 6.79164630e+01 7.55843080e+01 
1025 984.75  8.82110712e-01 6.69530417e+01 7.55510000e+01 
1026 985.51  8.76051290e-01 6.64693768e+01 7.55176480e+01 
1027 986.26  8.72262178e-01 6.61693537e+01 7.54843400e+01 
1028 987.02  8.63379902e-01 6.54263425e+01 7.54510320e+01 
1029 987.78  8.49238242e-01 6.43779020e+01 7.54176800e+01 
1030 988.54  8.35893518e-01 6.32845734e+01 7.53843720e+01 
1031 989.29  8.28776711e-01 6.27502957e+01 7.53510640e+01 
1032 990.05  8.23793230e-01 6.23711573e+01 7.53159710e+01 
1033 990.81  8.10947347e-01 6.13163131e+01 7.52561680e+01 
1034 991.56  7.95626545e-01 6.00999105e+01 7.51964440e+01 
1035 992.32  7.85069888e-01 5.92544202e+01 7.51366410e+01 
1036 993.08  7.75338756e-01 5.84771855e+01 7.50768380e+01 
1037 993.83  7.59927082e-01 5.72584577e+01 7.50171140e+01 
1038 994.59  7.43095297e-01 5.59564488e+01 7.49573110e+01 
1039 995.35  7.30310559e-01 5.49439899e+01 7.48975870e+01 
1040 996.10  4.72932499e-02 3.52042673e+00 7.48377840e+01 
1041 996.86  2.71057035e-03 1.91354164e-01 7.47780600e+01 
1042 997.62  1.68466931e-03 1.27650664e-01 7.47183360e+01 
1043 998.37  1.63081931e-03 1.15073770e-01 7.46586120e+01 
