% Radiance calibration [Resp in cts/ms / W/(m^2.sr.um)] for 4STAR VIS spectrometer (1044 channels) derived from 20140716_003_VIS_park.dat on 2015-04-03 17:55:16. 
% Calibration used only data with Lamps_12 and 8 ms (vis), 100 ms (nir). 
% Also requires calibrated radiance from 20140606091700HISS.txt. 
Pix  Wavelength     resp       rate        rad 
0    171.85  NaN 0.00000000e+00 NaN 
1    172.67  NaN 6.99198846e-01 NaN 
2    173.48  NaN 7.23773458e-01 NaN 
3    174.29  NaN 7.24111896e-01 NaN 
4    175.10  NaN 7.54227188e+00 NaN 
5    175.91  NaN 7.93786590e+00 NaN 
6    176.72  NaN 7.98173742e+00 NaN 
7    177.54  NaN 7.95436183e+00 NaN 
8    178.35  NaN 7.90411244e+00 NaN 
9    179.16  NaN 7.76714790e+00 NaN 
10   179.97  NaN 7.76762874e+00 NaN 
11   180.78  NaN 7.76693145e+00 NaN 
12   181.59  NaN 7.64444873e+00 NaN 
13   182.41  NaN 7.66351092e+00 NaN 
14   183.22  NaN 7.63955490e+00 NaN 
15   184.03  NaN 7.53230239e+00 NaN 
16   184.84  NaN 7.52891333e+00 NaN 
17   185.65  NaN 7.41774502e+00 NaN 
18   186.46  NaN 7.39526163e+00 NaN 
19   187.28  NaN 7.32611108e+00 NaN 
20   188.09  NaN 7.25071061e+00 NaN 
21   188.90  NaN 7.23648309e+00 NaN 
22   189.71  NaN 7.19550400e+00 NaN 
23   190.52  NaN 7.10957337e+00 NaN 
24   191.33  NaN 7.14558779e+00 NaN 
25   192.14  NaN 7.04702470e+00 NaN 
26   192.96  NaN 6.96812167e+00 NaN 
27   193.77  NaN 6.94075139e+00 NaN 
28   194.58  NaN 6.81904844e+00 NaN 
29   195.39  NaN 6.79803705e+00 NaN 
30   196.20  NaN 6.73669938e+00 NaN 
31   197.01  NaN 6.65881127e+00 NaN 
32   197.83  NaN 6.61146565e+00 NaN 
33   198.64  NaN 6.58501990e+00 NaN 
34   199.45  NaN 6.52081392e+00 NaN 
35   200.26  NaN 6.42493868e+00 NaN 
36   201.07  NaN 6.43407710e+00 NaN 
37   201.88  NaN 6.35517049e+00 NaN 
38   202.69  NaN 6.32662122e+00 NaN 
39   203.51  NaN 6.33080273e+00 NaN 
40   204.32  NaN 6.27342056e+00 NaN 
41   205.13  NaN 6.23768261e+00 NaN 
42   205.94  NaN 6.18115545e+00 NaN 
43   206.75  NaN 6.17115515e+00 NaN 
44   207.56  NaN 6.12433255e+00 NaN 
45   208.37  NaN 6.08454763e+00 NaN 
46   209.18  NaN 6.09324114e+00 NaN 
47   210.00  NaN 6.04354059e+00 NaN 
48   210.81  NaN 6.04173465e+00 NaN 
49   211.62  NaN 6.01954265e+00 NaN 
50   212.43  NaN 5.94502229e+00 NaN 
51   213.24  NaN 5.91923377e+00 NaN 
52   214.05  NaN 5.92844304e+00 NaN 
53   214.86  NaN 5.90809713e+00 NaN 
54   215.68  NaN 5.87514917e+00 NaN 
55   216.49  NaN 5.81059784e+00 NaN 
56   217.30  NaN 5.80053660e+00 NaN 
57   218.11  NaN 5.76694600e+00 NaN 
58   218.92  NaN 5.77713522e+00 NaN 
59   219.73  NaN 5.72684187e+00 NaN 
60   220.54  NaN 5.64796415e+00 NaN 
61   221.35  NaN 5.66909493e+00 NaN 
62   222.17  NaN 5.68411367e+00 NaN 
63   222.98  NaN 5.66415461e+00 NaN 
64   223.79  NaN 5.57705704e+00 NaN 
65   224.60  NaN 5.59108590e+00 NaN 
66   225.41  NaN 5.58570850e+00 NaN 
67   226.22  NaN 5.56140262e+00 NaN 
68   227.03  NaN 5.53788182e+00 NaN 
69   227.84  NaN 5.52171189e+00 NaN 
70   228.65  NaN 5.51998797e+00 NaN 
71   229.47  NaN 5.52189003e+00 NaN 
72   230.28  NaN 5.46133811e+00 NaN 
73   231.09  NaN 5.45141849e+00 NaN 
74   231.90  NaN 5.43239314e+00 NaN 
75   232.71  NaN 5.38220201e+00 NaN 
76   233.52  NaN 5.38124707e+00 NaN 
77   234.33  NaN 5.38516386e+00 NaN 
78   235.14  NaN 5.34938814e+00 NaN 
79   235.95  NaN 5.27694067e+00 NaN 
80   236.77  NaN 5.33563439e+00 NaN 
81   237.58  NaN 5.32280135e+00 NaN 
82   238.39  NaN 5.27870356e+00 NaN 
83   239.20  NaN 5.25435420e+00 NaN 
84   240.01  NaN 5.23432815e+00 NaN 
85   240.82  NaN 5.24390322e+00 NaN 
86   241.63  NaN 5.15091388e+00 NaN 
87   242.44  NaN 5.22472774e+00 NaN 
88   243.25  NaN 5.20739133e+00 NaN 
89   244.06  NaN 5.18629052e+00 NaN 
90   244.88  NaN 5.19338993e+00 NaN 
91   245.69  NaN 5.08788227e+00 NaN 
92   246.50  NaN 5.14757549e+00 NaN 
93   247.31  NaN 5.09026095e+00 NaN 
94   248.12  NaN 5.09725817e+00 NaN 
95   248.93  NaN 5.07996358e+00 NaN 
96   249.74  NaN 5.06329957e+00 NaN 
97   250.55  NaN 5.06020150e+00 NaN 
98   251.36  NaN 4.99081153e+00 NaN 
99   252.17  NaN 5.04663545e+00 NaN 
100  252.98  NaN 5.02471992e+00 NaN 
101  253.79  NaN 5.01707091e+00 NaN 
102  254.61  NaN 4.95535522e+00 NaN 
103  255.42  NaN 4.95110926e+00 NaN 
104  256.23  NaN 4.95144911e+00 NaN 
105  257.04  NaN 4.91301667e+00 NaN 
106  257.85  NaN 4.99827722e+00 NaN 
107  258.66  NaN 4.95012154e+00 NaN 
108  259.47  NaN 4.95848682e+00 NaN 
109  260.28  NaN 4.97453543e+00 NaN 
110  261.09  NaN 4.88676642e+00 NaN 
111  261.90  NaN 4.87483320e+00 NaN 
112  262.71  NaN 4.92194128e+00 NaN 
113  263.52  NaN 4.91348310e+00 NaN 
114  264.33  NaN 4.92068653e+00 NaN 
115  265.14  NaN 4.86456327e+00 NaN 
116  265.95  NaN 4.86931865e+00 NaN 
117  266.76  NaN 4.83329649e+00 NaN 
118  267.58  NaN 4.83235140e+00 NaN 
119  268.39  NaN 4.84264231e+00 NaN 
120  269.20  NaN 4.83437207e+00 NaN 
121  270.01  NaN 4.84050018e+00 NaN 
122  270.82  NaN 4.87769365e+00 NaN 
123  271.63  NaN 4.89448997e+00 NaN 
124  272.44  NaN 4.85603390e+00 NaN 
125  273.25  NaN 4.84472720e+00 NaN 
126  274.06  NaN 4.82024561e+00 NaN 
127  274.87  NaN 4.80525121e+00 NaN 
128  275.68  NaN 4.81633514e+00 NaN 
129  276.49  NaN 4.82314872e+00 NaN 
130  277.30  NaN 4.80558793e+00 NaN 
131  278.11  NaN 4.83130003e+00 NaN 
132  278.92  NaN 4.84533441e+00 NaN 
133  279.73  NaN 4.74088300e+00 NaN 
134  280.54  NaN 4.79351059e+00 NaN 
135  281.35  NaN 4.72277683e+00 NaN 
136  282.16  NaN 4.76437825e+00 NaN 
137  282.97  NaN 4.76554286e+00 NaN 
138  283.78  NaN 4.77377647e+00 NaN 
139  284.59  NaN 4.75480062e+00 NaN 
140  285.40  NaN 4.75503915e+00 NaN 
141  286.21  NaN 4.72604023e+00 NaN 
142  287.02  NaN 4.71490953e+00 NaN 
143  287.83  NaN 4.70764702e+00 NaN 
144  288.64  NaN 4.68128638e+00 NaN 
145  289.45  NaN 4.69775483e+00 NaN 
146  290.26  NaN 4.71757301e+00 NaN 
147  291.07  NaN 4.72895841e+00 NaN 
148  291.88  NaN 4.68125993e+00 NaN 
149  292.69  NaN 4.69020710e+00 NaN 
150  293.50  NaN 4.66987076e+00 NaN 
151  294.31  NaN 4.70649113e+00 NaN 
152  295.12  NaN 4.67783575e+00 NaN 
153  295.93  NaN 4.67117233e+00 NaN 
154  296.74  NaN 4.66617645e+00 NaN 
155  297.55  NaN 4.60480568e+00 NaN 
156  298.36  NaN 4.68515980e+00 NaN 
157  299.17  NaN 4.69175028e+00 NaN 
158  299.98  NaN 4.58321078e+00 NaN 
159  300.79  3.96594824e-01 4.65456795e+00 1.10860794e+01 
160  301.60  3.90655993e-01 4.70757165e+00 1.13784180e+01 
161  302.41  3.80733414e-01 4.65603860e+00 1.16707498e+01 
162  303.22  3.67175059e-01 4.69599853e+00 1.19630746e+01 
163  304.03  3.59572617e-01 4.65329241e+00 1.22553925e+01 
164  304.84  3.53392801e-01 4.66986018e+00 1.25477033e+01 
165  305.65  3.45438321e-01 4.64407720e+00 1.28400070e+01 
166  306.46  3.38424236e-01 4.63888010e+00 1.31323037e+01 
167  307.27  3.31210645e-01 4.61303784e+00 1.34245932e+01 
168  308.08  3.19869559e-01 4.62687736e+00 1.37168756e+01 
169  308.89  3.15951971e-01 4.65910794e+00 1.40091508e+01 
170  309.70  3.10445850e-01 4.66163189e+00 1.43014188e+01 
171  310.51  3.00289827e-01 4.68551071e+00 1.46959499e+01 
172  311.32  2.89228554e-01 4.61210808e+00 1.51509262e+01 
173  312.13  2.88217214e-01 4.71091269e+00 1.56058910e+01 
174  312.94  2.76096222e-01 4.67871305e+00 1.60608444e+01 
175  313.75  2.69457102e-01 4.66375601e+00 1.65157863e+01 
176  314.56  2.61806229e-01 4.71603327e+00 1.69707166e+01 
177  315.37  2.53139948e-01 4.64901865e+00 1.74256353e+01 
178  316.18  2.49004697e-01 4.69700984e+00 1.78805423e+01 
179  316.98  2.43951850e-01 4.73399302e+00 1.83354376e+01 
180  317.79  2.40959446e-01 4.73188949e+00 1.87903211e+01 
181  318.60  2.30027487e-01 4.68812246e+00 1.92451928e+01 
182  319.41  2.27597884e-01 4.73288404e+00 1.97000526e+01 
183  320.22  2.23826239e-01 4.78241092e+00 2.02113501e+01 
184  321.03  2.18415872e-01 4.78243516e+00 2.08717524e+01 
185  321.84  2.12222634e-01 4.79620181e+00 2.15321372e+01 
186  322.65  2.06698939e-01 4.76291941e+00 2.21925044e+01 
187  323.46  2.01190197e-01 4.83333139e+00 2.28528539e+01 
188  324.27  1.91703330e-01 4.80181331e+00 2.35131858e+01 
189  325.08  1.90316087e-01 4.80077235e+00 2.41734998e+01 
190  325.89  1.89163040e-01 4.90581387e+00 2.48337959e+01 
191  326.70  1.82502136e-01 4.92535688e+00 2.54940741e+01 
192  327.51  1.79721923e-01 4.92780038e+00 2.61543343e+01 
193  328.31  1.74223431e-01 4.92195712e+00 2.68145764e+01 
194  329.12  1.70729803e-01 4.96859257e+00 2.74748002e+01 
195  329.93  1.70802041e-01 4.95574299e+00 2.81350058e+01 
196  330.74  1.65366940e-01 5.01316752e+00 2.89857993e+01 
197  331.55  1.61685264e-01 5.09412416e+00 2.98538889e+01 
198  332.36  1.61381582e-01 5.15693516e+00 3.07219543e+01 
199  333.17  1.60435130e-01 5.32751137e+00 3.15899952e+01 
200  333.98  1.65859571e-01 5.56954216e+00 3.24580116e+01 
201  334.79  1.72698608e-01 6.00417681e+00 3.33260033e+01 
202  335.60  1.88462239e-01 6.68980772e+00 3.41939704e+01 
203  336.40  2.13210076e-01 7.76273180e+00 3.50619126e+01 
204  337.21  2.49258313e-01 9.23723756e+00 3.59298299e+01 
205  338.02  2.96900653e-01 1.11238728e+01 3.67977221e+01 
206  338.83  3.49884254e-01 1.34284136e+01 3.76655892e+01 
207  339.64  4.08060415e-01 1.59527534e+01 3.85334310e+01 
208  340.45  4.65650615e-01 1.85911373e+01 3.95003675e+01 
209  341.26  5.23818703e-01 2.14217789e+01 4.05468928e+01 
210  342.07  5.76329642e-01 2.42409595e+01 4.15933873e+01 
211  342.87  6.29589945e-01 2.71129522e+01 4.26398509e+01 
212  343.68  6.79581488e-01 2.99068100e+01 4.36862834e+01 
213  344.49  7.27722870e-01 3.27989968e+01 4.47326847e+01 
214  345.30  7.71989979e-01 3.56334384e+01 4.57790548e+01 
215  346.11  8.16772687e-01 3.84583778e+01 4.68253934e+01 
216  346.92  8.56943022e-01 4.12195484e+01 4.78717005e+01 
217  347.73  8.95873322e-01 4.40044941e+01 4.89179759e+01 
218  348.53  9.31524717e-01 4.68197589e+01 4.99642195e+01 
219  349.34  9.65544044e-01 4.94412757e+01 5.10104313e+01 
220  350.15  9.97918820e-01 5.22839513e+01 5.21222492e+01 
221  350.96  1.02394615e+00 5.50771250e+01 5.35176516e+01 
222  351.77  1.05070591e+00 5.80213920e+01 5.49130108e+01 
223  352.58  1.07850687e+00 6.10126045e+01 5.63083269e+01 
224  353.39  1.10955518e+00 6.43303505e+01 5.77035996e+01 
225  354.19  1.14792145e+00 6.80739951e+01 5.90988287e+01 
226  355.00  1.18473049e+00 7.19244959e+01 6.04940141e+01 
227  355.81  1.22645998e+00 7.61004480e+01 6.18891557e+01 
228  356.62  1.26845034e+00 8.04417946e+01 6.32842532e+01 
229  357.43  1.31077002e+00 8.50355742e+01 6.46793065e+01 
230  358.24  1.34964955e+00 8.95265325e+01 6.60743154e+01 
231  359.04  1.38988623e+00 9.40525590e+01 6.74692798e+01 
232  359.85  1.42649363e+00 9.85361559e+01 6.88641995e+01 
233  360.66  1.45646044e+00 1.02870575e+02 7.05296540e+01 
234  361.47  1.48178568e+00 1.07343840e+02 7.22558166e+01 
235  362.28  1.50519510e+00 1.11758876e+02 7.39819232e+01 
236  363.08  1.52964690e+00 1.16088803e+02 7.57079737e+01 
237  363.89  1.55580408e+00 1.20742762e+02 7.74339678e+01 
238  364.70  1.58042591e+00 1.25402726e+02 7.91599054e+01 
239  365.51  1.60755791e+00 1.30299415e+02 8.08857863e+01 
240  366.32  1.63629919e+00 1.35287403e+02 8.26116103e+01 
241  367.12  1.66453923e+00 1.40627686e+02 8.43373771e+01 
242  367.93  1.69569568e+00 1.46258412e+02 8.60630866e+01 
243  368.74  1.73102309e+00 1.52208014e+02 8.77887386e+01 
244  369.55  1.76614731e+00 1.58439177e+02 8.95143328e+01 
245  370.36  1.79991215e+00 1.64697877e+02 9.13960406e+01 
246  371.16  1.83008515e+00 1.71294687e+02 9.34761465e+01 
247  371.97  1.86102430e+00 1.77978370e+02 9.55561820e+01 
248  372.78  1.89057711e+00 1.84880257e+02 9.76361469e+01 
249  373.59  1.92215974e+00 1.91931277e+02 9.97160410e+01 
250  374.39  1.95308071e+00 1.99045532e+02 1.01795864e+02 
251  375.20  1.98605105e+00 2.06489115e+02 1.03875616e+02 
252  376.01  2.01605531e+00 2.13868811e+02 1.05955296e+02 
253  376.82  2.04565311e+00 2.21352960e+02 1.08034904e+02 
254  377.63  2.07666187e+00 2.28967330e+02 1.10114440e+02 
255  378.43  2.10897054e+00 2.36769036e+02 1.12193904e+02 
256  379.24  2.13702009e+00 2.44491519e+02 1.14273296e+02 
257  380.05  2.16682327e+00 2.52344140e+02 1.16373614e+02 
258  380.86  2.18729183e+00 2.60145079e+02 1.18808955e+02 
259  381.66  2.21051040e+00 2.68172852e+02 1.21244211e+02 
260  382.47  2.23096072e+00 2.76203816e+02 1.23679381e+02 
261  383.28  2.25598199e+00 2.84586358e+02 1.26114464e+02 
262  384.08  2.27999601e+00 2.93217271e+02 1.28549461e+02 
263  384.89  2.30242447e+00 3.01683559e+02 1.30984370e+02 
264  385.70  2.32685441e+00 3.10619983e+02 1.33419193e+02 
265  386.51  2.35119676e+00 3.19463281e+02 1.35853928e+02 
266  387.31  2.37181993e+00 3.28067990e+02 1.38288575e+02 
267  388.12  2.39627609e+00 3.37293253e+02 1.40723133e+02 
268  388.93  2.41703639e+00 3.46152981e+02 1.43157604e+02 
269  389.74  2.44096955e+00 3.55481836e+02 1.45591986e+02 
270  390.54  2.46294188e+00 3.64928604e+02 1.48203687e+02 
271  391.35  2.48303761e+00 3.74683201e+02 1.50901811e+02 
272  392.16  2.50268087e+00 3.84540658e+02 1.53599836e+02 
273  392.96  2.52825692e+00 3.95036296e+02 1.56297761e+02 
274  393.77  2.55725211e+00 4.06802696e+02 1.58995586e+02 
275  394.58  2.58809749e+00 4.18850376e+02 1.61693312e+02 
276  395.38  2.61573281e+00 4.29890953e+02 1.64390936e+02 
277  396.19  2.63652204e+00 4.40405141e+02 1.67088460e+02 
278  397.00  2.64529587e+00 4.49386263e+02 1.69785883e+02 
279  397.81  2.65259219e+00 4.57749980e+02 1.72483204e+02 
280  398.61  2.66846635e+00 4.67421106e+02 1.75180424e+02 
281  399.42  2.69132749e+00 4.78662006e+02 1.77877541e+02 
282  400.23  2.71476777e+00 4.90223157e+02 1.80660778e+02 
283  401.03  2.73365134e+00 5.01897560e+02 1.83665862e+02 
284  401.84  2.75292830e+00 5.13802186e+02 1.86670832e+02 
285  402.65  2.77357719e+00 5.26020696e+02 1.89675687e+02 
286  403.45  2.79528323e+00 5.38329961e+02 1.92680425e+02 
287  404.26  2.81679949e+00 5.50833007e+02 1.95685049e+02 
288  405.07  2.83903386e+00 5.63707049e+02 1.98689555e+02 
289  405.87  2.86185429e+00 5.77145491e+02 2.01693946e+02 
290  406.68  2.88917844e+00 5.91324096e+02 2.04698219e+02 
291  407.49  2.91452616e+00 6.05247844e+02 2.07702375e+02 
292  408.29  2.93954311e+00 6.19659486e+02 2.10706413e+02 
293  409.10  2.96799202e+00 6.33950193e+02 2.13710333e+02 
294  409.90  2.99216621e+00 6.48229279e+02 2.16714135e+02 
295  410.71  3.01586150e+00 6.63430976e+02 2.19973004e+02 
296  411.52  3.03757947e+00 6.77926336e+02 2.23266039e+02 
297  412.32  3.06286266e+00 6.93505568e+02 2.26558943e+02 
298  413.13  3.08692733e+00 7.09419574e+02 2.29851716e+02 
299  413.94  3.11094369e+00 7.25119170e+02 2.33144357e+02 
300  414.74  3.13664771e+00 7.41273637e+02 2.36436865e+02 
301  415.55  3.16068202e+00 7.57301521e+02 2.39729242e+02 
302  416.35  3.18542512e+00 7.73844558e+02 2.43021485e+02 
303  417.16  3.21027078e+00 7.90018453e+02 2.46313596e+02 
304  417.97  3.23043571e+00 8.06245604e+02 2.49605572e+02 
305  418.77  3.25536659e+00 8.22930754e+02 2.52897415e+02 
306  419.58  3.27822362e+00 8.39393087e+02 2.56189123e+02 
307  420.38  3.30036296e+00 8.56094223e+02 2.59596075e+02 
308  421.19  3.32037528e+00 8.73351357e+02 2.63129294e+02 
309  422.00  3.34219721e+00 8.90630400e+02 2.66662367e+02 
310  422.80  3.36438947e+00 9.08482814e+02 2.70195294e+02 
311  423.61  3.38617528e+00 9.26460401e+02 2.73728074e+02 
312  424.41  3.40687373e+00 9.44288029e+02 2.77260708e+02 
313  425.22  3.43085562e+00 9.62866100e+02 2.80793195e+02 
314  426.03  3.44849200e+00 9.80194760e+02 2.84325533e+02 
315  426.83  3.46733536e+00 9.97670705e+02 2.87857724e+02 
316  427.64  3.48593565e+00 1.01506974e+03 2.91389767e+02 
317  428.44  3.50342438e+00 1.03254573e+03 2.94921660e+02 
318  429.25  3.52185486e+00 1.05053812e+03 2.98453404e+02 
319  430.05  3.54182121e+00 1.06903338e+03 3.01998721e+02 
320  430.86  3.55624725e+00 1.08672822e+03 3.05736381e+02 
321  431.66  3.57170118e+00 1.10475705e+03 3.09473882e+02 
322  432.47  3.58653821e+00 1.12271331e+03 3.13211223e+02 
323  433.28  3.59983439e+00 1.14005320e+03 3.16948403e+02 
324  434.08  3.61253056e+00 1.15802278e+03 3.20685423e+02 
325  434.89  3.62598726e+00 1.17529940e+03 3.24422282e+02 
326  435.69  3.63517413e+00 1.19213236e+03 3.28158980e+02 
327  436.50  3.64421015e+00 1.20862879e+03 3.31895515e+02 
328  437.30  3.65243387e+00 1.22530560e+03 3.35631888e+02 
329  438.11  3.66392952e+00 1.24271699e+03 3.39368098e+02 
330  438.91  3.67316775e+00 1.25934774e+03 3.43104145e+02 
331  439.72  3.68047902e+00 1.27523307e+03 3.46840028e+02 
332  440.52  3.68806982e+00 1.29242367e+03 3.50653642e+02 
333  441.33  3.69556295e+00 1.30890547e+03 3.54509153e+02 
334  442.13  3.70215280e+00 1.32559275e+03 3.58364493e+02 
335  442.94  3.70871673e+00 1.34198499e+03 3.62219662e+02 
336  443.74  3.71466600e+00 1.35852626e+03 3.66074660e+02 
337  444.55  3.72114638e+00 1.37545494e+03 3.69929487e+02 
338  445.35  3.72546013e+00 1.39183168e+03 3.73784141e+02 
339  446.16  3.73183487e+00 1.40838712e+03 3.77638622e+02 
340  446.96  3.73845212e+00 1.42503730e+03 3.81492931e+02 
341  447.77  3.74652596e+00 1.44239951e+03 3.85347066e+02 
342  448.57  3.75486723e+00 1.45980744e+03 3.89201026e+02 
343  449.38  3.76028706e+00 1.47700380e+03 3.93054813e+02 
344  450.18  3.76701244e+00 1.49425300e+03 3.96968628e+02 
345  450.99  3.77189539e+00 1.51142009e+03 4.01089206e+02 
346  451.79  3.77423553e+00 1.52836409e+03 4.05209595e+02 
347  452.60  3.77846325e+00 1.54549105e+03 4.09329796e+02 
348  453.40  3.78413847e+00 1.56358335e+03 4.13449809e+02 
349  454.20  3.79286801e+00 1.58218603e+03 4.17569631e+02 
350  455.01  3.79854303e+00 1.60058356e+03 4.21689264e+02 
351  455.81  3.80517133e+00 1.61911567e+03 4.25808706e+02 
352  456.62  3.81396534e+00 1.63823188e+03 4.29927957e+02 
353  457.42  3.82136977e+00 1.65732710e+03 4.34047017e+02 
354  458.23  3.82840139e+00 1.67636591e+03 4.38165885e+02 
355  459.03  3.83737136e+00 1.69566863e+03 4.42284561e+02 
356  459.83  3.84744601e+00 1.71541028e+03 4.46403043e+02 
357  460.64  3.85450517e+00 1.73541275e+03 4.50621625e+02 
358  461.44  3.86514189e+00 1.75647679e+03 4.54865974e+02 
359  462.25  3.87427786e+00 1.77736299e+03 4.59110122e+02 
360  463.05  3.88583579e+00 1.79862228e+03 4.63354069e+02 
361  463.86  3.89793321e+00 1.82083327e+03 4.67597815e+02 
362  464.66  3.91253045e+00 1.84407302e+03 4.71841359e+02 
363  465.46  3.92433211e+00 1.86636247e+03 4.76084701e+02 
364  466.27  3.93481923e+00 1.88838333e+03 4.80327840e+02 
365  467.07  3.94631724e+00 1.91102985e+03 4.84570776e+02 
366  467.87  3.96005636e+00 1.93398708e+03 4.88813508e+02 
367  468.68  3.97563521e+00 1.95821956e+03 4.93056036e+02 
368  469.48  3.99047851e+00 1.98304866e+03 4.97298359e+02 
369  470.29  4.00543066e+00 2.00768349e+03 5.01585979e+02 
370  471.09  4.02078304e+00 2.03269046e+03 5.05955679e+02 
371  471.89  4.03732734e+00 2.05864966e+03 5.10325166e+02 
372  472.70  4.05328599e+00 2.08442557e+03 5.14694440e+02 
373  473.50  4.06792990e+00 2.10981388e+03 5.19063501e+02 
374  474.30  4.08442772e+00 2.13624344e+03 5.23432347e+02 
375  475.11  4.09774230e+00 2.16200649e+03 5.27800979e+02 
376  475.91  4.11321724e+00 2.18735853e+03 5.32169396e+02 
377  476.71  4.12899929e+00 2.21360834e+03 5.36537597e+02 
378  477.52  4.14589259e+00 2.24073666e+03 5.40905582e+02 
379  478.32  4.15866885e+00 2.26609433e+03 5.45273350e+02 
380  479.12  4.17249182e+00 2.29117502e+03 5.49640901e+02 
381  479.93  4.18724980e+00 2.31768496e+03 5.54008235e+02 
382  480.73  4.19981428e+00 2.34367313e+03 5.58501111e+02 
383  481.53  4.21204023e+00 2.36979119e+03 5.63006154e+02 
384  482.34  4.22724328e+00 2.39687443e+03 5.67510972e+02 
385  483.14  4.24007585e+00 2.42321446e+03 5.72015563e+02 
386  483.94  4.25352710e+00 2.45061606e+03 5.76519926e+02 
387  484.75  4.26686283e+00 2.47755514e+03 5.81024062e+02 
388  485.55  4.27706439e+00 2.50254044e+03 5.85527970e+02 
389  486.35  4.28888822e+00 2.52839886e+03 5.90031649e+02 
390  487.16  4.30030969e+00 2.55477766e+03 5.94535098e+02 
391  487.96  4.30908388e+00 2.57960150e+03 5.99038318e+02 
392  488.76  4.32008240e+00 2.60522632e+03 6.03541307e+02 
393  489.56  4.32769724e+00 2.62927413e+03 6.08044065e+02 
394  490.37  4.33569897e+00 2.65431981e+03 6.12618090e+02 
395  491.17  4.34354212e+00 2.67947982e+03 6.17276910e+02 
396  491.97  4.34882064e+00 2.70317008e+03 6.21935489e+02 
397  492.77  4.35359446e+00 2.72614526e+03 6.26593826e+02 
398  493.58  4.36131446e+00 2.75064699e+03 6.31251922e+02 
399  494.38  4.36608860e+00 2.77425623e+03 6.35909776e+02 
400  495.18  4.37043739e+00 2.79802222e+03 6.40567387e+02 
401  495.98  4.37719593e+00 2.82231381e+03 6.45224754e+02 
402  496.79  4.38105423e+00 2.84503735e+03 6.49881877e+02 
403  497.59  4.38408664e+00 2.86722589e+03 6.54538756e+02 
404  498.39  4.38675280e+00 2.88901099e+03 6.59195390e+02 
405  499.19  4.38688205e+00 2.90990346e+03 6.63851779e+02 
406  500.00  4.38752152e+00 2.93124832e+03 6.68507921e+02 
407  500.80  4.39047231e+00 2.95340114e+03 6.73163816e+02 
408  501.60  4.39153204e+00 2.97422864e+03 6.77819465e+02 
409  502.40  4.39491112e+00 2.99665287e+03 6.82474865e+02 
410  503.20  4.39620545e+00 3.01828034e+03 6.87130017e+02 
411  504.01  4.39687915e+00 3.03958688e+03 6.91784920e+02 
412  504.81  4.40153675e+00 3.06351169e+03 6.96439574e+02 
413  505.61  4.40442038e+00 3.08589217e+03 7.01093978e+02 
414  506.41  4.40691004e+00 3.10778916e+03 7.05748131e+02 
415  507.21  4.40978870e+00 3.13007823e+03 7.10402033e+02 
416  508.02  4.41041343e+00 3.15181981e+03 7.15055683e+02 
417  508.82  4.41077146e+00 3.17270635e+03 7.19709082e+02 
418  509.62  4.41175568e+00 3.19313793e+03 7.24362227e+02 
419  510.42  4.41070152e+00 3.21319172e+03 7.29053456e+02 
420  511.22  4.40928596e+00 3.23357041e+03 7.33779042e+02 
421  512.02  4.40834723e+00 3.25294112e+03 7.38504370e+02 
422  512.83  4.40563346e+00 3.27191748e+03 7.43229439e+02 
423  513.63  4.40511560e+00 3.29190962e+03 7.47954249e+02 
424  514.43  4.40237660e+00 3.31116880e+03 7.52678798e+02 
425  515.23  4.40120585e+00 3.33186791e+03 7.57403087e+02 
426  516.03  4.39902537e+00 3.35027421e+03 7.62127114e+02 
427  516.83  4.39893053e+00 3.37048967e+03 7.66850880e+02 
428  517.63  4.39732392e+00 3.39041696e+03 7.71574383e+02 
429  518.44  4.39522723e+00 3.40959582e+03 7.76297624e+02 
430  519.24  4.39253774e+00 3.42833859e+03 7.81020601e+02 
431  520.04  4.38920023e+00 3.44618531e+03 7.85745284e+02 
432  520.84  4.38643449e+00 3.46555727e+03 7.90509390e+02 
433  521.64  4.38380164e+00 3.48419594e+03 7.95273228e+02 
434  522.44  4.37932105e+00 3.50162102e+03 8.00036798e+02 
435  523.24  4.37636415e+00 3.52012226e+03 8.04800099e+02 
436  524.04  4.37340820e+00 3.53811900e+03 8.09563132e+02 
437  524.84  4.36954517e+00 3.55624424e+03 8.14325894e+02 
438  525.64  4.36789158e+00 3.57553639e+03 8.19088387e+02 
439  526.45  4.36530573e+00 3.59441072e+03 8.23850608e+02 
440  527.25  4.36576194e+00 3.61513955e+03 8.28612558e+02 
441  528.05  4.36579481e+00 3.63618177e+03 8.33374236e+02 
442  528.85  4.36638058e+00 3.65693376e+03 8.38135642e+02 
443  529.65  4.36639492e+00 3.67880706e+03 8.42896774e+02 
444  530.45  4.36759834e+00 3.70066933e+03 8.47647765e+02 
445  531.25  4.37124729e+00 3.72363404e+03 8.52390738e+02 
446  532.05  4.37161875e+00 3.74571163e+03 8.57133438e+02 
447  532.85  4.37219080e+00 3.76634491e+03 8.61875864e+02 
448  533.65  4.37620194e+00 3.79075035e+03 8.66618014e+02 
449  534.45  4.37677938e+00 3.81124728e+03 8.71359890e+02 
450  535.25  4.37531195e+00 3.83244168e+03 8.76101489e+02 
451  536.05  4.37746263e+00 3.85418009e+03 8.80842811e+02 
452  536.85  4.37685440e+00 3.87421574e+03 8.85583857e+02 
453  537.65  4.37769441e+00 3.89542578e+03 8.90324624e+02 
454  538.45  4.37764504e+00 3.91627152e+03 8.95065114e+02 
455  539.25  4.37733634e+00 3.93736346e+03 8.99805324e+02 
456  540.05  4.38031553e+00 3.96092910e+03 9.04536600e+02 
457  540.85  4.38541399e+00 3.98488135e+03 9.09141861e+02 
458  541.65  4.38747581e+00 4.00690288e+03 9.13746850e+02 
459  542.45  4.39163722e+00 4.03175167e+03 9.18351565e+02 
460  543.25  4.39365496e+00 4.05404393e+03 9.22956007e+02 
461  544.05  4.39719695e+00 4.07646055e+03 9.27560175e+02 
462  544.85  4.39956925e+00 4.09906570e+03 9.32164068e+02 
463  545.65  4.39525304e+00 4.11599289e+03 9.36767685e+02 
464  546.45  4.39028582e+00 4.13174741e+03 9.41371027e+02 
465  547.25  4.38311831e+00 4.14455887e+03 9.45974092e+02 
466  548.05  4.37330601e+00 4.15535559e+03 9.50576881e+02 
467  548.85  4.36451066e+00 4.16718418e+03 9.55179392e+02 
468  549.65  4.35921319e+00 4.18249837e+03 9.59781625e+02 
469  550.45  4.35460008e+00 4.19751609e+03 9.64422024e+02 
470  551.25  4.34834395e+00 4.21265516e+03 9.69092440e+02 
471  552.05  4.34777278e+00 4.23136614e+03 9.73762573e+02 
472  552.84  4.34450401e+00 4.24964100e+03 9.78432422e+02 
473  553.64  4.34559544e+00 4.27049527e+03 9.83101985e+02 
474  554.44  4.34765258e+00 4.29306921e+03 9.87771263e+02 
475  555.24  4.34859108e+00 4.31381486e+03 9.92440255e+02 
476  556.04  4.34861388e+00 4.33523193e+03 9.97108960e+02 
477  556.84  4.34783875e+00 4.35486707e+03 1.00177738e+03 
478  557.64  4.34478334e+00 4.37158738e+03 1.00644551e+03 
479  558.44  4.34370898e+00 4.39099606e+03 1.01111335e+03 
480  559.24  4.34446828e+00 4.41186166e+03 1.01578090e+03 
481  560.04  4.34545319e+00 4.43385172e+03 1.02044411e+03 
482  560.83  4.35364751e+00 4.46113721e+03 1.02502002e+03 
483  561.63  4.36069791e+00 4.48815611e+03 1.02959566e+03 
484  562.43  4.36862624e+00 4.51605502e+03 1.03417101e+03 
485  563.23  4.37372899e+00 4.54257718e+03 1.03874607e+03 
486  564.03  4.37741675e+00 4.56686311e+03 1.04332085e+03 
487  564.83  4.38385232e+00 4.59280220e+03 1.04789533e+03 
488  565.63  4.38710326e+00 4.61680066e+03 1.05246954e+03 
489  566.42  4.39459782e+00 4.64381433e+03 1.05704345e+03 
490  567.22  4.40271549e+00 4.67308455e+03 1.06161707e+03 
491  568.02  4.41041516e+00 4.70243240e+03 1.06619041e+03 
492  568.82  4.42306459e+00 4.73524821e+03 1.07076346e+03 
493  569.62  4.43454036e+00 4.76797914e+03 1.07533621e+03 
494  570.42  4.44646168e+00 4.80127510e+03 1.07990203e+03 
495  571.21  4.46009830e+00 4.83664820e+03 1.08446144e+03 
496  572.01  4.47256361e+00 4.87091513e+03 1.08902055e+03 
497  572.81  4.48097148e+00 4.89992500e+03 1.09357937e+03 
498  573.61  4.49025733e+00 4.93123578e+03 1.09813790e+03 
499  574.41  4.49435690e+00 4.95592171e+03 1.10269614e+03 
500  575.20  4.49644156e+00 4.97803898e+03 1.10725408e+03 
501  576.00  4.49483210e+00 4.99738684e+03 1.11181173e+03 
502  576.80  4.49048540e+00 5.01242967e+03 1.11636909e+03 
503  577.60  4.48837784e+00 5.03150682e+03 1.12092615e+03 
504  578.39  4.48670356e+00 5.04944582e+03 1.12548291e+03 
505  579.19  4.48178369e+00 5.06557240e+03 1.13003938e+03 
506  579.99  4.48110461e+00 5.08451146e+03 1.13459555e+03 
507  580.79  4.47854192e+00 5.10128427e+03 1.13894073e+03 
508  581.58  4.47594350e+00 5.11857389e+03 1.14328261e+03 
509  582.38  4.47471373e+00 5.13563078e+03 1.14762420e+03 
510  583.18  4.47383455e+00 5.15304250e+03 1.15196550e+03 
511  583.98  4.47081100e+00 5.16979261e+03 1.15630652e+03 
512  584.77  4.46807562e+00 5.18641052e+03 1.16064725e+03 
513  585.57  4.46364897e+00 5.20113282e+03 1.16498770e+03 
514  586.37  4.45852321e+00 5.21370337e+03 1.16932786e+03 
515  587.16  4.45247400e+00 5.22511847e+03 1.17366773e+03 
516  587.96  4.44516635e+00 5.23711415e+03 1.17800732e+03 
517  588.76  4.43742547e+00 5.24748644e+03 1.18234662e+03 
518  589.55  4.42794943e+00 5.25501266e+03 1.18668563e+03 
519  590.35  4.41814222e+00 5.26265023e+03 1.19095860e+03 
520  591.15  4.40729806e+00 5.26815844e+03 1.19514803e+03 
521  591.95  4.39612647e+00 5.27344816e+03 1.19933718e+03 
522  592.74  4.38615272e+00 5.27973377e+03 1.20352606e+03 
523  593.54  4.37708467e+00 5.28629134e+03 1.20771465e+03 
524  594.33  4.36764378e+00 5.29409561e+03 1.21190295e+03 
525  595.13  4.35929127e+00 5.30217419e+03 1.21609098e+03 
526  595.93  4.35274273e+00 5.31242064e+03 1.22027872e+03 
527  596.72  4.34540384e+00 5.32191466e+03 1.22446618e+03 
528  597.52  4.34233742e+00 5.33609002e+03 1.22865336e+03 
529  598.32  4.33805904e+00 5.35027439e+03 1.23284025e+03 
530  599.11  4.33596332e+00 5.36470200e+03 1.23702686e+03 
531  599.91  4.33615974e+00 5.38309751e+03 1.24121318e+03 
532  600.71  4.33757666e+00 5.40356627e+03 1.24523696e+03 
533  601.50  4.34079873e+00 5.42436841e+03 1.24923961e+03 
534  602.30  4.34503424e+00 5.44731627e+03 1.25324199e+03 
535  603.09  4.34907776e+00 5.46993015e+03 1.25724410e+03 
536  603.89  4.35440541e+00 5.49426245e+03 1.26124592e+03 
537  604.69  4.35957610e+00 5.51788426e+03 1.26524748e+03 
538  605.48  4.36420055e+00 5.54155944e+03 1.26924875e+03 
539  606.28  4.36980666e+00 5.56564649e+03 1.27324975e+03 
540  607.07  4.37350015e+00 5.58893710e+03 1.27725047e+03 
541  607.87  4.37712243e+00 5.61036879e+03 1.28125092e+03 
542  608.66  4.37978151e+00 5.63104036e+03 1.28525108e+03 
543  609.46  4.38202239e+00 5.65285063e+03 1.28925097e+03 
544  610.25  4.38444430e+00 5.67273688e+03 1.29327426e+03 
545  611.05  4.38812074e+00 5.69574709e+03 1.29734757e+03 
546  611.85  4.38841346e+00 5.71373185e+03 1.30142058e+03 
547  612.64  4.38944097e+00 5.73399913e+03 1.30549332e+03 
548  613.44  4.39205354e+00 5.75467920e+03 1.30956576e+03 
549  614.23  4.39368024e+00 5.77445246e+03 1.31363792e+03 
550  615.03  4.39470407e+00 5.79277949e+03 1.31770979e+03 
551  615.82  4.39390997e+00 5.81099650e+03 1.32178137e+03 
552  616.62  4.39564898e+00 5.83176752e+03 1.32585267e+03 
553  617.41  4.39755332e+00 5.85102879e+03 1.32992368e+03 
554  618.21  4.39791165e+00 5.87067235e+03 1.33399439e+03 
555  619.00  4.39784892e+00 5.88843486e+03 1.33806482e+03 
556  619.80  4.39757874e+00 5.90573460e+03 1.34213496e+03 
557  620.59  4.39809129e+00 5.92283001e+03 1.34591479e+03 
558  621.39  4.39965849e+00 5.94091455e+03 1.34959416e+03 
559  622.18  4.39853127e+00 5.95658502e+03 1.35327326e+03 
560  622.97  4.39787679e+00 5.97146989e+03 1.35695210e+03 
561  623.77  4.39674042e+00 5.98633315e+03 1.36063068e+03 
562  624.56  4.39345064e+00 5.99798688e+03 1.36430899e+03 
563  625.36  4.39263553e+00 6.01302081e+03 1.36798704e+03 
564  626.15  4.38520084e+00 6.01888155e+03 1.37166482e+03 
565  626.95  4.38065566e+00 6.02889049e+03 1.37534233e+03 
566  627.74  4.37438345e+00 6.03560261e+03 1.37901958e+03 
567  628.53  4.36855652e+00 6.04390187e+03 1.38269656e+03 
568  629.33  4.36243560e+00 6.05228513e+03 1.38637327e+03 
569  630.12  4.35623373e+00 6.05917648e+03 1.39006793e+03 
570  630.92  4.34860623e+00 6.06489049e+03 1.39386162e+03 
571  631.71  4.34250735e+00 6.07379098e+03 1.39765503e+03 
572  632.50  4.33562566e+00 6.07911891e+03 1.40144816e+03 
573  633.30  4.32768099e+00 6.08686414e+03 1.40524101e+03 
574  634.09  4.32141025e+00 6.09339699e+03 1.40903359e+03 
575  634.89  4.31537089e+00 6.10088082e+03 1.41282588e+03 
576  635.68  4.30742882e+00 6.10725970e+03 1.41661790e+03 
577  636.47  4.30111657e+00 6.11477836e+03 1.42040963e+03 
578  637.27  4.29680162e+00 6.12370856e+03 1.42420109e+03 
579  638.06  4.28975808e+00 6.13043251e+03 1.42799226e+03 
580  638.85  4.28101371e+00 6.13447736e+03 1.43178315e+03 
581  639.65  4.27631683e+00 6.14323510e+03 1.43557376e+03 
582  640.44  4.27107462e+00 6.15106909e+03 1.43911132e+03 
583  641.23  4.26374565e+00 6.15535799e+03 1.44244605e+03 
584  642.03  4.25679841e+00 6.15907123e+03 1.44578053e+03 
585  642.82  4.25061157e+00 6.16371066e+03 1.44911476e+03 
586  643.61  4.23973016e+00 6.16181684e+03 1.45244875e+03 
587  644.41  4.23070971e+00 6.16313038e+03 1.45578248e+03 
588  645.20  4.21742079e+00 6.15832604e+03 1.45911596e+03 
589  645.99  4.20576814e+00 6.15533958e+03 1.46244919e+03 
590  646.78  4.19244295e+00 6.14965566e+03 1.46578217e+03 
591  647.58  4.17782886e+00 6.14202241e+03 1.46911489e+03 
592  648.37  4.16374293e+00 6.13622563e+03 1.47244737e+03 
593  649.16  4.15014786e+00 6.12883696e+03 1.47577959e+03 
594  649.96  4.13566537e+00 6.12156949e+03 1.47911155e+03 
595  650.75  4.12235016e+00 6.11548197e+03 1.48230719e+03 
596  651.54  4.10808908e+00 6.10772145e+03 1.48549442e+03 
597  652.33  4.09244535e+00 6.09714508e+03 1.48868141e+03 
598  653.12  4.08045816e+00 6.09165795e+03 1.49186816e+03 
599  653.92  4.06841617e+00 6.08670710e+03 1.49505466e+03 
600  654.71  4.05552109e+00 6.08150665e+03 1.49824092e+03 
601  655.50  4.04378159e+00 6.07597029e+03 1.50142693e+03 
602  656.29  4.03315183e+00 6.07202968e+03 1.50461270e+03 
603  657.09  4.02229974e+00 6.06945018e+03 1.50779822e+03 
604  657.88  4.01336504e+00 6.06831095e+03 1.51098349e+03 
605  658.67  4.00376943e+00 6.06641941e+03 1.51416852e+03 
606  659.46  3.99554585e+00 6.06657175e+03 1.51735330e+03 
607  660.25  3.98811542e+00 6.06849326e+03 1.52052923e+03 
608  661.04  3.98164933e+00 6.07126356e+03 1.52368660e+03 
609  661.84  3.97624147e+00 6.07559445e+03 1.52684373e+03 
610  662.63  3.97056180e+00 6.07943653e+03 1.53000060e+03 
611  663.42  3.96594645e+00 6.08462637e+03 1.53315723e+03 
612  664.21  3.96393211e+00 6.09353086e+03 1.53631361e+03 
613  665.00  3.95991648e+00 6.10032842e+03 1.53946975e+03 
614  665.79  3.95682256e+00 6.10724975e+03 1.54262563e+03 
615  666.59  3.95251421e+00 6.11441268e+03 1.54578127e+03 
616  667.38  3.94948881e+00 6.12177134e+03 1.54893666e+03 
617  668.17  3.94805159e+00 6.13287794e+03 1.55209180e+03 
618  668.96  3.94811799e+00 6.14511065e+03 1.55524670e+03 
619  669.75  3.94820685e+00 6.15694390e+03 1.55840134e+03 
620  670.54  3.94836864e+00 6.16992694e+03 1.56139572e+03 
621  671.33  3.94776955e+00 6.18116752e+03 1.56431576e+03 
622  672.12  3.94752399e+00 6.19158231e+03 1.56723556e+03 
623  672.91  3.94974884e+00 6.20620348e+03 1.57015512e+03 
624  673.70  3.95055795e+00 6.22047320e+03 1.57307446e+03 
625  674.49  3.95220091e+00 6.23480594e+03 1.57599356e+03 
626  675.29  3.95403820e+00 6.24827639e+03 1.57891243e+03 
627  676.08  3.95554449e+00 6.26367582e+03 1.58183106e+03 
628  676.87  3.95962954e+00 6.28223456e+03 1.58474946e+03 
629  677.66  3.96231177e+00 6.29680202e+03 1.58766763e+03 
630  678.45  3.96307356e+00 6.30911190e+03 1.59058555e+03 
631  679.24  3.96625027e+00 6.32627127e+03 1.59350325e+03 
632  680.03  3.96816699e+00 6.33997438e+03 1.59641296e+03 
633  680.82  3.96908641e+00 6.35403256e+03 1.59910578e+03 
634  681.61  3.96968022e+00 6.36429692e+03 1.60179838e+03 
635  682.40  3.97020837e+00 6.37568560e+03 1.60449077e+03 
636  683.19  3.96894115e+00 6.38471833e+03 1.60718293e+03 
637  683.98  3.96548525e+00 6.39038256e+03 1.60987488e+03 
638  684.77  3.96346516e+00 6.39738997e+03 1.61256660e+03 
639  685.56  3.95928091e+00 6.40194766e+03 1.61525811e+03 
640  686.35  3.95191660e+00 6.40077268e+03 1.61794939e+03 
641  687.14  3.94407519e+00 6.39778884e+03 1.62064046e+03 
642  687.93  3.93870569e+00 6.40035541e+03 1.62333130e+03 
643  688.72  3.93290247e+00 6.40150587e+03 1.62602193e+03 
644  689.50  3.92331137e+00 6.39577148e+03 1.62871233e+03 
645  690.29  3.91378295e+00 6.39084241e+03 1.63134956e+03 
646  691.08  3.90423862e+00 6.38483581e+03 1.63389744e+03 
647  691.87  3.89265018e+00 6.37619699e+03 1.63644511e+03 
648  692.66  3.88112362e+00 6.36774154e+03 1.63899257e+03 
649  693.45  3.86884278e+00 6.35783874e+03 1.64153982e+03 
650  694.24  3.85924344e+00 6.34981052e+03 1.64408686e+03 
651  695.03  3.84531879e+00 6.33718819e+03 1.64663369e+03 
652  695.82  3.83235223e+00 6.32609576e+03 1.64918030e+03 
653  696.61  3.81928606e+00 6.31440373e+03 1.65172670e+03 
654  697.40  3.80627349e+00 6.30272463e+03 1.65427289e+03 
655  698.18  3.79349082e+00 6.29109848e+03 1.65681886e+03 
656  698.97  3.77836985e+00 6.27497612e+03 1.65936462e+03 
657  699.76  3.76531819e+00 6.26183047e+03 1.66191017e+03 
658  700.55  3.75333981e+00 6.25175170e+03 1.66431800e+03 
659  701.34  3.74020803e+00 6.23887418e+03 1.66666600e+03 
660  702.13  3.72573034e+00 6.22295221e+03 1.66901381e+03 
661  702.92  3.71361505e+00 6.21140541e+03 1.67136142e+03 
662  703.70  3.70349968e+00 6.20365479e+03 1.67370883e+03 
663  704.49  3.69456540e+00 6.19639516e+03 1.67605604e+03 
664  705.28  3.67989457e+00 6.18254496e+03 1.67840306e+03 
665  706.07  3.66871297e+00 6.17064036e+03 1.68074987e+03 
666  706.86  3.65795959e+00 6.16137607e+03 1.68309648e+03 
667  707.64  3.65036441e+00 6.15744739e+03 1.68544290e+03 
668  708.43  3.64148110e+00 6.15103192e+03 1.68778911e+03 
669  709.22  3.62954509e+00 6.13928626e+03 1.69013512e+03 
670  710.01  3.62145446e+00 6.13367900e+03 1.69247794e+03 
671  710.79  3.61529317e+00 6.13022214e+03 1.69448801e+03 
672  711.58  3.60690509e+00 6.12365267e+03 1.69649791e+03 
673  712.37  3.59854593e+00 6.11582749e+03 1.69850764e+03 
674  713.16  3.59317240e+00 6.11443128e+03 1.70051720e+03 
675  713.94  3.58819200e+00 6.11379291e+03 1.70252658e+03 
676  714.73  3.58341081e+00 6.11275761e+03 1.70453578e+03 
677  715.52  3.57433544e+00 6.10467190e+03 1.70654482e+03 
678  716.31  3.56715786e+00 6.09987214e+03 1.70855368e+03 
679  717.09  3.56258276e+00 6.09717347e+03 1.71056236e+03 
680  717.88  3.55304047e+00 6.08910593e+03 1.71257087e+03 
681  718.67  3.54403594e+00 6.08066891e+03 1.71457921e+03 
682  719.45  3.53732794e+00 6.07719907e+03 1.71658737e+03 
683  720.24  3.53586470e+00 6.08075850e+03 1.71852615e+03 
684  721.03  3.53758361e+00 6.09072723e+03 1.72030816e+03 
685  721.81  3.53917139e+00 6.09967621e+03 1.72209002e+03 
686  722.60  3.53423068e+00 6.09705964e+03 1.72387171e+03 
687  723.39  3.53012821e+00 6.09569324e+03 1.72565325e+03 
688  724.17  3.52724765e+00 6.09826051e+03 1.72743464e+03 
689  724.96  3.52676500e+00 6.10380785e+03 1.72921587e+03 
690  725.75  3.52411150e+00 6.10437403e+03 1.73099694e+03 
691  726.53  3.52211912e+00 6.10785726e+03 1.73277785e+03 
692  727.32  3.52462949e+00 6.11781832e+03 1.73455861e+03 
693  728.11  3.52671988e+00 6.12863674e+03 1.73633920e+03 
694  728.89  3.52422135e+00 6.13007034e+03 1.73811964e+03 
695  729.68  3.52232853e+00 6.13355104e+03 1.73989992e+03 
696  730.46  3.52384432e+00 6.14110441e+03 1.74164296e+03 
697  731.25  3.52416200e+00 6.14795643e+03 1.74336006e+03 
698  732.04  3.52414776e+00 6.15445068e+03 1.74507700e+03 
699  732.82  3.51877278e+00 6.15199028e+03 1.74679379e+03 
700  733.61  3.51589578e+00 6.15257377e+03 1.74851042e+03 
701  734.39  3.51404903e+00 6.15595235e+03 1.75022691e+03 
702  735.18  3.51352493e+00 6.16145239e+03 1.75194323e+03 
703  735.96  3.50824500e+00 6.15761591e+03 1.75365941e+03 
704  736.75  3.50106322e+00 6.15055117e+03 1.75537543e+03 
705  737.53  3.49667869e+00 6.14864298e+03 1.75709129e+03 
706  738.32  3.49494197e+00 6.15222597e+03 1.75880700e+03 
707  739.10  3.49169814e+00 6.15192141e+03 1.76052256e+03 
708  739.89  3.48397088e+00 6.14421244e+03 1.76223796e+03 
709  740.67  3.47594632e+00 6.13486783e+03 1.76359451e+03 
710  741.46  3.47038231e+00 6.12944490e+03 1.76489201e+03 
711  742.24  3.46670826e+00 6.12692378e+03 1.76618939e+03 
712  743.03  3.45791284e+00 6.11710181e+03 1.76748666e+03 
713  743.81  3.44801497e+00 6.10321992e+03 1.76878380e+03 
714  744.60  3.43469421e+00 6.08408104e+03 1.77008083e+03 
715  745.38  3.42845103e+00 6.07696915e+03 1.77137774e+03 
716  746.17  3.42219956e+00 6.07029483e+03 1.77267453e+03 
717  746.95  3.41233361e+00 6.05694121e+03 1.77397121e+03 
718  747.74  3.39733193e+00 6.03406910e+03 1.77526776e+03 
719  748.52  3.38311792e+00 6.01410658e+03 1.77656419e+03 
720  749.30  3.37606762e+00 6.00568589e+03 1.77786051e+03 
721  750.09  3.36778027e+00 5.99635680e+03 1.77908668e+03 
722  750.87  3.35446189e+00 5.97383077e+03 1.77976412e+03 
723  751.66  3.34016185e+00 5.95007015e+03 1.78044150e+03 
724  752.44  3.32682998e+00 5.92862282e+03 1.78111881e+03 
725  753.22  3.31983489e+00 5.91759954e+03 1.78179607e+03 
726  754.01  3.31284579e+00 5.90824462e+03 1.78247326e+03 
727  754.79  3.29601988e+00 5.88041090e+03 1.78315038e+03 
728  755.58  3.27992647e+00 5.85384679e+03 1.78382745e+03 
729  756.36  3.27026088e+00 5.83892281e+03 1.78450445e+03 
730  757.14  3.26356082e+00 5.82959309e+03 1.78518138e+03 
731  757.93  3.25186910e+00 5.81094205e+03 1.78585826e+03 
732  758.71  3.22730983e+00 5.76896719e+03 1.78653507e+03 
733  759.49  3.18946657e+00 5.70228719e+03 1.78721182e+03 
734  760.28  3.15975708e+00 5.65279483e+03 1.78816730e+03 
735  761.06  3.15976193e+00 5.65670120e+03 1.78963488e+03 
736  761.84  3.16139932e+00 5.66542558e+03 1.79110232e+03 
737  762.63  3.14384792e+00 5.63788098e+03 1.79256962e+03 
738  763.41  3.12678475e+00 5.61121413e+03 1.79403678e+03 
739  764.19  3.12428388e+00 5.61189086e+03 1.79550380e+03 
740  764.97  3.13082620e+00 5.62835879e+03 1.79697068e+03 
741  765.76  3.13014833e+00 5.63143602e+03 1.79843743e+03 
742  766.54  3.11688136e+00 5.61293685e+03 1.79990403e+03 
743  767.32  3.10895436e+00 5.60221113e+03 1.80137050e+03 
744  768.10  3.10828890e+00 5.60549350e+03 1.80283682e+03 
745  768.89  3.10614730e+00 5.60637157e+03 1.80430301e+03 
746  769.67  3.09561096e+00 5.59245160e+03 1.80576906e+03 
747  770.45  3.08277323e+00 5.57284614e+03 1.80702034e+03 
748  771.23  3.07215632e+00 5.55615978e+03 1.80811380e+03 
749  772.02  3.06594381e+00 5.54877533e+03 1.80920715e+03 
750  772.80  3.06167328e+00 5.54545665e+03 1.81030040e+03 
751  773.58  3.05638746e+00 5.53834413e+03 1.81139354e+03 
752  774.36  3.04499304e+00 5.52027359e+03 1.81248658e+03 
753  775.14  3.03244062e+00 5.50132518e+03 1.81357952e+03 
754  775.92  3.02294048e+00 5.48663520e+03 1.81467234e+03 
755  776.71  3.01546985e+00 5.47714389e+03 1.81576507e+03 
756  777.49  3.01032358e+00 5.47007620e+03 1.81685768e+03 
757  778.27  3.00355373e+00 5.46217317e+03 1.81795019e+03 
758  779.05  2.98989740e+00 5.44051236e+03 1.81904260e+03 
759  779.83  2.97971093e+00 5.42551588e+03 1.82013490e+03 
760  780.61  2.97803409e+00 5.42363020e+03 1.82096653e+03 
761  781.39  2.98105005e+00 5.43222733e+03 1.82172661e+03 
762  782.18  2.97985678e+00 5.43152342e+03 1.82248662e+03 
763  782.96  2.96615738e+00 5.40907823e+03 1.82324656e+03 
764  783.74  2.95806397e+00 5.39628449e+03 1.82400642e+03 
765  784.52  2.95227398e+00 5.38827788e+03 1.82476621e+03 
766  785.30  2.94665347e+00 5.38061019e+03 1.82552593e+03 
767  786.08  2.94577264e+00 5.38101151e+03 1.82628556e+03 
768  786.86  2.94371365e+00 5.38067216e+03 1.82704513e+03 
769  787.64  2.93373679e+00 5.36435730e+03 1.82780462e+03 
770  788.42  2.92209400e+00 5.34478857e+03 1.82856403e+03 
771  789.20  2.91779879e+00 5.33898658e+03 1.82932337e+03 
772  789.98  2.91888910e+00 5.34334013e+03 1.83008264e+03 
773  790.76  2.91768055e+00 5.34192179e+03 1.83061310e+03 
774  791.54  2.90479396e+00 5.32000972e+03 1.83113816e+03 
775  792.32  2.89194129e+00 5.29741375e+03 1.83166317e+03 
776  793.10  2.88935902e+00 5.29493453e+03 1.83218813e+03 
777  793.88  2.89422117e+00 5.30498261e+03 1.83271303e+03 
778  794.66  2.89354001e+00 5.30474917e+03 1.83323788e+03 
779  795.44  2.88025568e+00 5.28202679e+03 1.83376268e+03 
780  796.22  2.86349010e+00 5.25423202e+03 1.83428743e+03 
781  797.00  2.86410731e+00 5.25589438e+03 1.83481213e+03 
782  797.78  2.86535188e+00 5.25994315e+03 1.83533677e+03 
783  798.56  2.85780734e+00 5.24775137e+03 1.83586136e+03 
784  799.34  2.85069114e+00 5.23499378e+03 1.83638589e+03 
785  800.12  2.83493879e+00 5.20778178e+03 1.83687634e+03 
786  800.90  2.81675842e+00 5.17484302e+03 1.83717869e+03 
787  801.68  2.81483399e+00 5.17288485e+03 1.83748100e+03 
788  802.46  2.82120459e+00 5.18543705e+03 1.83778329e+03 
789  803.24  2.82104903e+00 5.18602284e+03 1.83808554e+03 
790  804.01  2.80581946e+00 5.15852224e+03 1.83838777e+03 
791  804.79  2.78105917e+00 5.11301096e+03 1.83868996e+03 
792  805.57  2.76533627e+00 5.08530052e+03 1.83899212e+03 
793  806.35  2.77273128e+00 5.10034601e+03 1.83929426e+03 
794  807.13  2.78467750e+00 5.12274245e+03 1.83959636e+03 
795  807.91  2.76985013e+00 5.09685251e+03 1.83989843e+03 
796  808.69  2.73537384e+00 5.03386449e+03 1.84020047e+03 
797  809.47  2.71219794e+00 4.99159215e+03 1.84050248e+03 
798  810.24  2.71536649e+00 4.99852965e+03 1.84072412e+03 
799  811.02  2.72900617e+00 5.02371128e+03 1.84076926e+03 
800  811.80  2.72685394e+00 5.02108250e+03 1.84081439e+03 
801  812.58  2.71126398e+00 4.99175311e+03 1.84085952e+03 
802  813.36  2.68736305e+00 4.94709581e+03 1.84090464e+03 
803  814.13  2.66282553e+00 4.90172812e+03 1.84094976e+03 
804  814.91  2.65810068e+00 4.89316143e+03 1.84099487e+03 
805  815.69  2.66576010e+00 4.90748115e+03 1.84103998e+03 
806  816.47  2.67156330e+00 4.91803153e+03 1.84108508e+03 
807  817.24  2.66172169e+00 4.90097945e+03 1.84113018e+03 
808  818.02  2.64218246e+00 4.86401900e+03 1.84117528e+03 
809  818.80  2.62603720e+00 4.83432444e+03 1.84122037e+03 
810  819.58  2.61241651e+00 4.80972762e+03 1.84126545e+03 
811  820.35  2.61804741e+00 4.82024476e+03 1.84133814e+03 
812  821.13  2.63538497e+00 4.85213726e+03 1.84144384e+03 
813  821.91  2.62435726e+00 4.83247696e+03 1.84154952e+03 
814  822.69  2.58904396e+00 4.76755052e+03 1.84165519e+03 
815  823.46  2.56195749e+00 4.71865381e+03 1.84176086e+03 
816  824.24  2.55126224e+00 4.69920585e+03 1.84186651e+03 
817  825.02  2.56333791e+00 4.72178899e+03 1.84197215e+03 
818  825.79  2.57902135e+00 4.75118595e+03 1.84207778e+03 
819  826.57  2.56841559e+00 4.73141325e+03 1.84218339e+03 
820  827.35  2.54192218e+00 4.68291659e+03 1.84228900e+03 
821  828.12  2.51523104e+00 4.63340900e+03 1.84239460e+03 
822  828.90  2.50426566e+00 4.61304718e+03 1.84250018e+03 
823  829.67  2.51499910e+00 4.63334799e+03 1.84260575e+03 
824  830.45  2.52906011e+00 4.65933498e+03 1.84265947e+03 
825  831.23  2.52227542e+00 4.64712545e+03 1.84267577e+03 
826  832.00  2.49925012e+00 4.60396409e+03 1.84269206e+03 
827  832.78  2.46751625e+00 4.54615615e+03 1.84270836e+03 
828  833.55  2.45281088e+00 4.51908804e+03 1.84272465e+03 
829  834.33  2.46717557e+00 4.54539341e+03 1.84274094e+03 
830  835.11  2.49073887e+00 4.58979043e+03 1.84275723e+03 
831  835.88  2.49319714e+00 4.59298877e+03 1.84277352e+03 
832  836.66  2.47025349e+00 4.55104276e+03 1.84278981e+03 
833  837.43  2.43075208e+00 4.47841178e+03 1.84280609e+03 
834  838.21  2.40734717e+00 4.43489230e+03 1.84282237e+03 
835  838.98  2.41162663e+00 4.44274466e+03 1.84283865e+03 
836  839.76  2.42951642e+00 4.47546864e+03 1.84285493e+03 
837  840.53  2.43209844e+00 4.48099138e+03 1.84287121e+03 
838  841.31  2.41082676e+00 4.44278222e+03 1.84288749e+03 
839  842.08  2.37639179e+00 4.37837296e+03 1.84290376e+03 
840  842.86  2.34765737e+00 4.32504415e+03 1.84292003e+03 
841  843.63  2.34316289e+00 4.31640529e+03 1.84293630e+03 
842  844.41  2.36132193e+00 4.34981331e+03 1.84295257e+03 
843  845.18  2.37867588e+00 4.38227251e+03 1.84296884e+03 
844  845.96  2.38156581e+00 4.38806791e+03 1.84298510e+03 
845  846.73  2.35906182e+00 4.34602264e+03 1.84300137e+03 
846  847.51  2.32237140e+00 4.27825081e+03 1.84301763e+03 
847  848.28  2.29708180e+00 4.23232586e+03 1.84303389e+03 
848  849.05  2.30691247e+00 4.25042987e+03 1.84305015e+03 
849  849.83  2.32679058e+00 4.28657583e+03 1.84306640e+03 
850  850.60  2.33568149e+00 4.30228743e+03 1.84287653e+03 
851  851.38  2.31356486e+00 4.26172993e+03 1.84262810e+03 
852  852.15  2.27931228e+00 4.19648427e+03 1.84237969e+03 
853  852.92  2.25517511e+00 4.15258689e+03 1.84213131e+03 
854  853.70  2.25174196e+00 4.14548498e+03 1.84188296e+03 
855  854.47  2.26674074e+00 4.17325689e+03 1.84163463e+03 
856  855.25  2.28233861e+00 4.20172266e+03 1.84138634e+03 
857  856.02  2.28438595e+00 4.20428232e+03 1.84113806e+03 
858  856.79  2.26352171e+00 4.16615525e+03 1.84088982e+03 
859  857.57  2.22953431e+00 4.10223213e+03 1.84064160e+03 
860  858.34  2.19981805e+00 4.04645795e+03 1.84039342e+03 
861  859.11  2.18301461e+00 4.01514180e+03 1.84014526e+03 
862  859.88  2.19136426e+00 4.02993730e+03 1.83989712e+03 
863  860.66  2.21193381e+00 4.06735494e+03 1.83964310e+03 
864  861.43  2.21634952e+00 4.07474061e+03 1.83938807e+03 
865  862.20  2.20004236e+00 4.04504777e+03 1.83913306e+03 
866  862.98  2.17239441e+00 3.99335911e+03 1.83887808e+03 
867  863.75  2.13828453e+00 3.92978025e+03 1.83862313e+03 
868  864.52  2.12766332e+00 3.90909561e+03 1.83836821e+03 
869  865.29  2.13531165e+00 3.92235624e+03 1.83811332e+03 
870  866.07  2.15226486e+00 3.95344724e+03 1.83785846e+03 
871  866.84  2.15851180e+00 3.96471657e+03 1.83760362e+03 
872  867.61  2.14120683e+00 3.93232255e+03 1.83734882e+03 
873  868.38  2.10510146e+00 3.86570719e+03 1.83709404e+03 
874  869.15  2.07199843e+00 3.80447569e+03 1.83683929e+03 
875  869.93  2.06133813e+00 3.78392605e+03 1.83658457e+03 
876  870.70  2.07406563e+00 3.80623499e+03 1.83609627e+03 
877  871.47  2.08653874e+00 3.82785345e+03 1.83558309e+03 
878  872.24  2.09179698e+00 3.83669527e+03 1.83506996e+03 
879  873.01  2.07753447e+00 3.80952619e+03 1.83455690e+03 
880  873.78  2.04620744e+00 3.75029012e+03 1.83404389e+03 
881  874.55  2.00920605e+00 3.68191921e+03 1.83353094e+03 
882  875.33  1.99303792e+00 3.65117078e+03 1.83301804e+03 
883  876.10  2.00260485e+00 3.66742233e+03 1.83250521e+03 
884  876.87  2.01765620e+00 3.69448315e+03 1.83199243e+03 
885  877.64  2.02646880e+00 3.70980717e+03 1.83147971e+03 
886  878.41  2.01637837e+00 3.68939789e+03 1.83096705e+03 
887  879.18  1.98550448e+00 3.63203983e+03 1.83045445e+03 
888  879.95  1.95301637e+00 3.57185547e+03 1.82994191e+03 
889  880.72  1.93707412e+00 3.54132828e+03 1.82920034e+03 
890  881.49  1.94213103e+00 3.54920204e+03 1.82844365e+03 
891  882.26  1.95487694e+00 3.57077832e+03 1.82768704e+03 
892  883.03  1.97088847e+00 3.59868938e+03 1.82693052e+03 
893  883.80  1.96489881e+00 3.58621160e+03 1.82617408e+03 
894  884.57  1.93964352e+00 3.53845925e+03 1.82541774e+03 
895  885.34  1.91046703e+00 3.48396054e+03 1.82466148e+03 
896  886.11  1.88641162e+00 3.43862009e+03 1.82390531e+03 
897  886.88  1.87898694e+00 3.42374258e+03 1.82314923e+03 
898  887.65  1.88665059e+00 3.43595004e+03 1.82239323e+03 
899  888.42  1.90197112e+00 3.46281034e+03 1.82163732e+03 
900  889.19  1.91128744e+00 3.47906874e+03 1.82088150e+03 
901  889.96  1.89724284e+00 3.45104752e+03 1.82012577e+03 
902  890.73  1.86658607e+00 3.39363713e+03 1.81910841e+03 
903  891.50  1.83784218e+00 3.33957339e+03 1.81807818e+03 
904  892.27  1.81958873e+00 3.30357770e+03 1.81704806e+03 
905  893.04  1.82356049e+00 3.30967413e+03 1.81601806e+03 
906  893.81  1.84097327e+00 3.33892797e+03 1.81498819e+03 
907  894.58  1.84984118e+00 3.35391895e+03 1.81395843e+03 
908  895.35  1.83927286e+00 3.33262457e+03 1.81292880e+03 
909  896.12  1.81290123e+00 3.28253133e+03 1.81189929e+03 
910  896.89  1.78333095e+00 3.22763142e+03 1.81086989e+03 
911  897.65  1.76675130e+00 3.19575580e+03 1.80984062e+03 
912  898.42  1.76988554e+00 3.19912611e+03 1.80881147e+03 
913  899.19  1.78113686e+00 3.21794063e+03 1.80778244e+03 
914  899.96  1.78495159e+00 3.22323783e+03 1.80675353e+03 
915  900.73  1.77957144e+00 3.21112822e+03 1.80561331e+03 
916  901.50  1.75808347e+00 3.17031106e+03 1.80446711e+03 
917  902.26  1.73142020e+00 3.12013307e+03 1.80332104e+03 
918  903.03  1.71364596e+00 3.08623409e+03 1.80217510e+03 
919  903.80  1.70708019e+00 3.07247163e+03 1.80102931e+03 
920  904.57  1.70935483e+00 3.07457910e+03 1.79988365e+03 
921  905.34  1.71747985e+00 3.08704240e+03 1.79873812e+03 
922  906.10  1.72261792e+00 3.09455541e+03 1.79759273e+03 
923  906.87  1.71447189e+00 3.07789173e+03 1.79644748e+03 
924  907.64  1.69434885e+00 3.04021458e+03 1.79530236e+03 
925  908.41  1.67029344e+00 2.99477573e+03 1.79415738e+03 
926  909.17  1.65172664e+00 2.95910739e+03 1.79301254e+03 
927  909.94  1.64468879e+00 2.94559631e+03 1.79186784e+03 
928  910.71  1.64696030e+00 2.94697634e+03 1.79060074e+03 
929  911.48  1.65185129e+00 2.95367943e+03 1.78932361e+03 
930  912.24  1.65184039e+00 2.95160843e+03 1.78804664e+03 
931  913.01  1.64335466e+00 2.93413608e+03 1.78676981e+03 
932  913.78  1.62685473e+00 2.90305795e+03 1.78549315e+03 
933  914.54  1.60625955e+00 2.86431039e+03 1.78421663e+03 
934  915.31  1.59006242e+00 2.83318635e+03 1.78294027e+03 
935  916.08  1.58293089e+00 2.81848834e+03 1.78166406e+03 
936  916.84  1.58248425e+00 2.81593733e+03 1.78038801e+03 
937  917.61  1.58686109e+00 2.82128974e+03 1.77911212e+03 
938  918.37  1.58753179e+00 2.81995936e+03 1.77783637e+03 
939  919.14  1.58061530e+00 2.80598971e+03 1.77656078e+03 
940  919.91  1.56565778e+00 2.77748849e+03 1.77528535e+03 
941  920.67  1.54852716e+00 2.74326578e+03 1.77315651e+03 
942  921.44  1.53251041e+00 2.71236023e+03 1.77090954e+03 
943  922.20  1.52451843e+00 2.69436416e+03 1.76866284e+03 
944  922.97  1.52232202e+00 2.68701409e+03 1.76641641e+03 
945  923.74  1.52320339e+00 2.68548253e+03 1.76417027e+03 
946  924.50  1.52290840e+00 2.68097557e+03 1.76192439e+03 
947  925.27  1.51532246e+00 2.66457627e+03 1.75967879e+03 
948  926.03  1.50212326e+00 2.63731083e+03 1.75743347e+03 
949  926.80  1.48298530e+00 2.60099718e+03 1.75518842e+03 
950  927.56  1.46396489e+00 2.56390942e+03 1.75294364e+03 
951  928.33  1.44989392e+00 2.53608534e+03 1.75069915e+03 
952  929.09  1.44184148e+00 2.51951829e+03 1.74845493e+03 
953  929.86  1.43758544e+00 2.50858853e+03 1.74621098e+03 
954  930.62  1.43062900e+00 2.49372472e+03 1.74415058e+03 
955  931.39  1.41800630e+00 2.46870604e+03 1.74213275e+03 
956  932.15  1.39822859e+00 2.43103751e+03 1.74011518e+03 
957  932.91  1.37510342e+00 2.38869754e+03 1.73809785e+03 
958  933.68  1.35285288e+00 2.34714193e+03 1.73608077e+03 
959  934.44  1.33771015e+00 2.31841343e+03 1.73406395e+03 
960  935.21  1.33044783e+00 2.30294060e+03 1.73204737e+03 
961  935.97  1.32676089e+00 2.29365068e+03 1.73003105e+03 
962  936.74  1.32505358e+00 2.28784463e+03 1.72801497e+03 
963  937.50  1.32035091e+00 2.27689074e+03 1.72599915e+03 
964  938.26  1.30833058e+00 2.25409851e+03 1.72398358e+03 
965  939.03  1.29141106e+00 2.22190798e+03 1.72196826e+03 
966  939.79  1.27389634e+00 2.18991254e+03 1.71995319e+03 
967  940.55  1.25803858e+00 2.16041862e+03 1.71848780e+03 
968  941.32  1.24864204e+00 2.14277182e+03 1.71723051e+03 
969  942.08  1.24280350e+00 2.13121512e+03 1.71597338e+03 
970  942.84  1.23839992e+00 2.12183614e+03 1.71471641e+03 
971  943.61  1.23176911e+00 2.10926997e+03 1.71345960e+03 
972  944.37  1.22015536e+00 2.08744763e+03 1.71220294e+03 
973  945.13  1.20324488e+00 2.05680602e+03 1.71094645e+03 
974  945.90  1.18612025e+00 2.02687944e+03 1.70969011e+03 
975  946.66  1.17371735e+00 2.00424393e+03 1.70843393e+03 
976  947.42  1.16595433e+00 1.98938404e+03 1.70717791e+03 
977  948.18  1.16464394e+00 1.98575277e+03 1.70592205e+03 
978  948.95  1.16624804e+00 1.98639825e+03 1.70466634e+03 
979  949.71  1.16527734e+00 1.98330029e+03 1.70341080e+03 
980  950.47  1.15779989e+00 1.96947242e+03 1.70224713e+03 
981  951.23  1.14505271e+00 1.94682192e+03 1.70114052e+03 
982  951.99  1.12980815e+00 1.91926911e+03 1.70003405e+03 
983  952.76  1.11595166e+00 1.89489159e+03 1.69892772e+03 
984  953.52  1.10803162e+00 1.87969745e+03 1.69782154e+03 
985  954.28  1.10639395e+00 1.87611440e+03 1.69671549e+03 
986  955.04  1.10616002e+00 1.87404425e+03 1.69560959e+03 
987  955.80  1.10334169e+00 1.86851824e+03 1.69450383e+03 
988  956.56  1.09733079e+00 1.85722054e+03 1.69339821e+03 
989  957.33  1.08682799e+00 1.83803307e+03 1.69229273e+03 
990  958.09  1.07332498e+00 1.81390568e+03 1.69118740e+03 
991  958.85  1.05994822e+00 1.79024164e+03 1.69008221e+03 
992  959.61  1.05147043e+00 1.77415524e+03 1.68897716e+03 
993  960.37  1.04663141e+00 1.76492130e+03 1.68790706e+03 
994  961.13  1.04480552e+00 1.76105522e+03 1.68687382e+03 
995  961.89  1.04264212e+00 1.75594048e+03 1.68584070e+03 
996  962.65  1.03537508e+00 1.74323516e+03 1.68480773e+03 
997  963.41  1.02503294e+00 1.72436059e+03 1.68377488e+03 
998  964.17  1.01093262e+00 1.69973662e+03 1.68274217e+03 
999  964.93  9.98212739e-01 1.67738086e+03 1.68170960e+03 
1000 965.69  9.88964990e-01 1.66060687e+03 1.68067715e+03 
1001 966.45  9.83486297e-01 1.65084672e+03 1.67964485e+03 
1002 967.21  9.81107164e-01 1.64581708e+03 1.67861267e+03 
1003 967.97  9.78136288e-01 1.63985601e+03 1.67758063e+03 
1004 968.73  9.69077047e-01 1.62334817e+03 1.67654873e+03 
1005 969.49  9.55426523e-01 1.59975899e+03 1.67551696e+03 
1006 970.25  9.43419366e-01 1.57861081e+03 1.67431883e+03 
1007 971.01  9.34499533e-01 1.56232900e+03 1.67278905e+03 
1008 971.77  9.29510085e-01 1.55246213e+03 1.67125947e+03 
1009 972.53  9.26623058e-01 1.54638870e+03 1.66973009e+03 
1010 973.29  9.21252360e-01 1.53607802e+03 1.66820092e+03 
1011 974.05  9.12343833e-01 1.51972766e+03 1.66667194e+03 
1012 974.81  9.00919190e-01 1.49917778e+03 1.66514317e+03 
1013 975.57  8.89811715e-01 1.47917192e+03 1.66361459e+03 
1014 976.33  8.80870324e-01 1.46298335e+03 1.66208622e+03 
1015 977.09  8.75895371e-01 1.45362375e+03 1.66055805e+03 
1016 977.85  8.72011218e-01 1.44550312e+03 1.65903009e+03 
1017 978.60  8.64899642e-01 1.43260774e+03 1.65750232e+03 
1018 979.36  8.55149899e-01 1.41545014e+03 1.65597476e+03 
1019 980.12  8.44249503e-01 1.39601889e+03 1.65456822e+03 
1020 980.88  8.35498078e-01 1.38121734e+03 1.65380161e+03 
1021 981.64  8.30452389e-01 1.37208083e+03 1.65303510e+03 
1022 982.39  8.26204394e-01 1.36398850e+03 1.65226869e+03 
1023 983.15  8.18183650e-01 1.35014070e+03 1.65150238e+03 
1024 983.91  8.06003500e-01 1.32945640e+03 1.65073618e+03 
1025 984.67  7.95118422e-01 1.31112551e+03 1.64997008e+03 
1026 985.43  7.89523380e-01 1.30101630e+03 1.64920408e+03 
1027 986.18  7.85553510e-01 1.29425021e+03 1.64843818e+03 
1028 986.94  7.77433998e-01 1.28044624e+03 1.64767239e+03 
1029 987.70  7.64924341e-01 1.25879619e+03 1.64690670e+03 
1030 988.46  7.53153898e-01 1.23881387e+03 1.64614111e+03 
1031 989.21  7.46231023e-01 1.22736446e+03 1.64537562e+03 
1032 989.97  7.41736758e-01 1.21876175e+03 1.64461024e+03 
1033 990.73  7.30409499e-01 1.19982689e+03 1.64327350e+03 
1034 991.48  7.16708329e-01 1.17610243e+03 1.64191344e+03 
1035 992.24  7.07034014e-01 1.15943988e+03 1.64055356e+03 
1036 993.00  6.98439104e-01 1.14413425e+03 1.63919387e+03 
1037 993.75  6.84658337e-01 1.12040212e+03 1.63783436e+03 
1038 994.51  6.69411853e-01 1.09476026e+03 1.63647503e+03 
1039 995.27  6.58236942e-01 1.07542962e+03 1.63511589e+03 
1040 996.02  4.29702141e-02 7.01401288e+01 1.63375693e+03 
1041 996.78  2.46694476e-03 4.24289727e+00 1.63239815e+03 
1042 997.54  1.50571408e-03 2.72305497e+00 1.63103957e+03 
1043 998.29  1.46206324e-03 2.69671634e+00 1.62968116e+03 
