% Radiance calibration [Resp in cts/ms / W/(m^2.sr.um)] for 4STAR VIS spectrometer (1044 channels) derived from 20141024_009_VIS_park.dat on 2015-03-16 13:58:45. 
% Calibration used only data with Lamps_9 and 12 ms (vis), 150 ms (nir). 
% Also requires calibrated radiance from 20140606091700HISS.txt. 
Pix  Wavelength     resp       rate        rad 
0    171.85  NaN 0.00000000e+00 NaN 
1    172.67  NaN 4.45031085e-01 NaN 
2    173.48  NaN 4.81874334e-01 NaN 
3    174.29  NaN 4.88131651e-01 NaN 
4    175.10  NaN 5.11073884e+00 NaN 
5    175.91  NaN 5.38735182e+00 NaN 
6    176.72  NaN 5.38095033e+00 NaN 
7    177.54  NaN 5.37383633e+00 NaN 
8    178.35  NaN 5.30777914e+00 NaN 
9    179.16  NaN 5.33604095e+00 NaN 
10   179.97  NaN 5.38078303e+00 NaN 
11   180.78  NaN 5.27268175e+00 NaN 
12   181.59  NaN 5.26811747e+00 NaN 
13   182.41  NaN 5.18608114e+00 NaN 
14   183.22  NaN 5.13475720e+00 NaN 
15   184.03  NaN 5.19468392e+00 NaN 
16   184.84  NaN 5.10715211e+00 NaN 
17   185.65  NaN 5.02659247e+00 NaN 
18   186.46  NaN 4.89897015e+00 NaN 
19   187.28  NaN 4.89321705e+00 NaN 
20   188.09  NaN 4.88009786e+00 NaN 
21   188.90  NaN 4.89189993e+00 NaN 
22   189.71  NaN 4.78105100e+00 NaN 
23   190.52  NaN 4.79520061e+00 NaN 
24   191.33  NaN 4.78815920e+00 NaN 
25   192.14  NaN 4.76190876e+00 NaN 
26   192.96  NaN 4.65890561e+00 NaN 
27   193.77  NaN 4.57654077e+00 NaN 
28   194.58  NaN 4.55686085e+00 NaN 
29   195.39  NaN 4.60482098e+00 NaN 
30   196.20  NaN 4.54563587e+00 NaN 
31   197.01  NaN 4.60177881e+00 NaN 
32   197.83  NaN 4.49009845e+00 NaN 
33   198.64  NaN 4.33241547e+00 NaN 
34   199.45  NaN 4.41592762e+00 NaN 
35   200.26  NaN 4.45240377e+00 NaN 
36   201.07  NaN 4.29780417e+00 NaN 
37   201.88  NaN 4.29326383e+00 NaN 
38   202.69  NaN 4.24488951e+00 NaN 
39   203.51  NaN 4.23731288e+00 NaN 
40   204.32  NaN 4.21487533e+00 NaN 
41   205.13  NaN 4.16925677e+00 NaN 
42   205.94  NaN 4.17085577e+00 NaN 
43   206.75  NaN 4.25226981e+00 NaN 
44   207.56  NaN 4.11012386e+00 NaN 
45   208.37  NaN 4.10323198e+00 NaN 
46   209.18  NaN 4.03858520e+00 NaN 
47   210.00  NaN 4.11259063e+00 NaN 
48   210.81  NaN 4.03313387e+00 NaN 
49   211.62  NaN 4.06793089e+00 NaN 
50   212.43  NaN 4.05246905e+00 NaN 
51   213.24  NaN 4.03595195e+00 NaN 
52   214.05  NaN 4.04821148e+00 NaN 
53   214.86  NaN 3.98997569e+00 NaN 
54   215.68  NaN 3.99846018e+00 NaN 
55   216.49  NaN 3.91886393e+00 NaN 
56   217.30  NaN 3.90312033e+00 NaN 
57   218.11  NaN 3.96666455e+00 NaN 
58   218.92  NaN 3.87741980e+00 NaN 
59   219.73  NaN 3.85066293e+00 NaN 
60   220.54  NaN 3.83421721e+00 NaN 
61   221.35  NaN 3.90291945e+00 NaN 
62   222.17  NaN 3.77821644e+00 NaN 
63   222.98  NaN 3.80750047e+00 NaN 
64   223.79  NaN 3.79089341e+00 NaN 
65   224.60  NaN 3.78677956e+00 NaN 
66   225.41  NaN 3.74017636e+00 NaN 
67   226.22  NaN 3.78506400e+00 NaN 
68   227.03  NaN 3.77967610e+00 NaN 
69   227.84  NaN 3.72151064e+00 NaN 
70   228.65  NaN 3.72744514e+00 NaN 
71   229.47  NaN 3.64907378e+00 NaN 
72   230.28  NaN 3.66232392e+00 NaN 
73   231.09  NaN 3.66951047e+00 NaN 
74   231.90  NaN 3.66161103e+00 NaN 
75   232.71  NaN 3.63229880e+00 NaN 
76   233.52  NaN 3.63981719e+00 NaN 
77   234.33  NaN 3.62394922e+00 NaN 
78   235.14  NaN 3.54569326e+00 NaN 
79   235.95  NaN 3.51559614e+00 NaN 
80   236.77  NaN 3.59242591e+00 NaN 
81   237.58  NaN 3.52341871e+00 NaN 
82   238.39  NaN 3.46253411e+00 NaN 
83   239.20  NaN 3.50156340e+00 NaN 
84   240.01  NaN 3.48063168e+00 NaN 
85   240.82  NaN 3.48065024e+00 NaN 
86   241.63  NaN 3.56450254e+00 NaN 
87   242.44  NaN 3.48002764e+00 NaN 
88   243.25  NaN 3.48985952e+00 NaN 
89   244.06  NaN 3.47396559e+00 NaN 
90   244.88  NaN 3.47410524e+00 NaN 
91   245.69  NaN 3.53766837e+00 NaN 
92   246.50  NaN 3.44930228e+00 NaN 
93   247.31  NaN 3.32730287e+00 NaN 
94   248.12  NaN 3.45801373e+00 NaN 
95   248.93  NaN 3.32400517e+00 NaN 
96   249.74  NaN 3.29578669e+00 NaN 
97   250.55  NaN 3.41175069e+00 NaN 
98   251.36  NaN 3.33631174e+00 NaN 
99   252.17  NaN 3.37848017e+00 NaN 
100  252.98  NaN 3.31550644e+00 NaN 
101  253.79  NaN 3.30668376e+00 NaN 
102  254.61  NaN 3.30768436e+00 NaN 
103  255.42  NaN 3.32037490e+00 NaN 
104  256.23  NaN 3.24554538e+00 NaN 
105  257.04  NaN 3.30451552e+00 NaN 
106  257.85  NaN 3.22965936e+00 NaN 
107  258.66  NaN 3.24810297e+00 NaN 
108  259.47  NaN 3.29165027e+00 NaN 
109  260.28  NaN 3.26250470e+00 NaN 
110  261.09  NaN 3.26798021e+00 NaN 
111  261.90  NaN 3.29315730e+00 NaN 
112  262.71  NaN 3.21205380e+00 NaN 
113  263.52  NaN 3.32196361e+00 NaN 
114  264.33  NaN 3.27128752e+00 NaN 
115  265.14  NaN 3.21226128e+00 NaN 
116  265.95  NaN 3.28243663e+00 NaN 
117  266.76  NaN 3.25164589e+00 NaN 
118  267.58  NaN 3.17557707e+00 NaN 
119  268.39  NaN 3.19412104e+00 NaN 
120  269.20  NaN 3.21020377e+00 NaN 
121  270.01  NaN 3.22522372e+00 NaN 
122  270.82  NaN 3.19044414e+00 NaN 
123  271.63  NaN 3.13351367e+00 NaN 
124  272.44  NaN 3.16965008e+00 NaN 
125  273.25  NaN 3.22633838e+00 NaN 
126  274.06  NaN 3.25830987e+00 NaN 
127  274.87  NaN 3.20880370e+00 NaN 
128  275.68  NaN 3.17306180e+00 NaN 
129  276.49  NaN 3.24435418e+00 NaN 
130  277.30  NaN 3.11330130e+00 NaN 
131  278.11  NaN 3.11985205e+00 NaN 
132  278.92  NaN 3.18041754e+00 NaN 
133  279.73  NaN 3.20135850e+00 NaN 
134  280.54  NaN 3.15383019e+00 NaN 
135  281.35  NaN 3.16758540e+00 NaN 
136  282.16  NaN 3.17718237e+00 NaN 
137  282.97  NaN 3.09578129e+00 NaN 
138  283.78  NaN 3.19008756e+00 NaN 
139  284.59  NaN 3.09756165e+00 NaN 
140  285.40  NaN 3.14467004e+00 NaN 
141  286.21  NaN 3.12553617e+00 NaN 
142  287.02  NaN 3.20380314e+00 NaN 
143  287.83  NaN 3.14514604e+00 NaN 
144  288.64  NaN 3.09439760e+00 NaN 
145  289.45  NaN 3.18690867e+00 NaN 
146  290.26  NaN 3.09315270e+00 NaN 
147  291.07  NaN 3.14081589e+00 NaN 
148  291.88  NaN 3.15165540e+00 NaN 
149  292.69  NaN 3.13757159e+00 NaN 
150  293.50  NaN 3.20732279e+00 NaN 
151  294.31  NaN 3.13061666e+00 NaN 
152  295.12  NaN 3.15722750e+00 NaN 
153  295.93  NaN 3.03862686e+00 NaN 
154  296.74  NaN 3.21886755e+00 NaN 
155  297.55  NaN 3.10836556e+00 NaN 
156  298.36  NaN 3.13631770e+00 NaN 
157  299.17  NaN 3.12109671e+00 NaN 
158  299.98  NaN 3.02290779e+00 NaN 
159  300.79  3.73961888e-01 3.04140424e+00 7.76049329e+00 
160  301.60  3.73059072e-01 3.17199488e+00 7.96537331e+00 
161  302.41  3.69051849e-01 3.07804976e+00 8.17024848e+00 
162  303.22  3.46803765e-01 3.04556909e+00 8.37511878e+00 
163  304.03  3.42778167e-01 3.16371876e+00 8.57998418e+00 
164  304.84  3.31718868e-01 3.13030958e+00 8.78484467e+00 
165  305.65  3.13707253e-01 3.00753936e+00 8.98970021e+00 
166  306.46  3.17458330e-01 3.09314689e+00 9.19455079e+00 
167  307.27  3.06146277e-01 3.14198858e+00 9.39939637e+00 
168  308.08  3.04726680e-01 3.11971200e+00 9.60423695e+00 
169  308.89  3.00254766e-01 3.13101137e+00 9.80907248e+00 
170  309.70  2.82697684e-01 3.07855439e+00 1.00139029e+01 
171  310.51  2.85845472e-01 3.05144424e+00 1.02909790e+01 
172  311.32  2.73677367e-01 3.02210329e+00 1.06107577e+01 
173  312.13  2.68901525e-01 3.15359137e+00 1.09305284e+01 
174  312.94  2.62482212e-01 3.05480194e+00 1.12502910e+01 
175  313.75  2.49072461e-01 3.05456359e+00 1.15700455e+01 
176  314.56  2.54304225e-01 3.12780051e+00 1.18897919e+01 
177  315.37  2.47399513e-01 3.18471223e+00 1.22095301e+01 
178  316.18  2.37455823e-01 3.13842199e+00 1.25292602e+01 
179  316.98  2.29171639e-01 3.09419308e+00 1.28489819e+01 
180  317.79  2.31924859e-01 3.20641475e+00 1.31686955e+01 
181  318.60  2.19283913e-01 3.16070422e+00 1.34884006e+01 
182  319.41  2.12993228e-01 3.07668320e+00 1.38080975e+01 
183  320.22  2.08330039e-01 3.17151808e+00 1.41660117e+01 
184  321.03  2.04780716e-01 3.16257861e+00 1.46248941e+01 
185  321.84  1.98947770e-01 3.14385567e+00 1.50837644e+01 
186  322.65  1.91418519e-01 3.17645535e+00 1.55426225e+01 
187  323.46  1.88772164e-01 3.13841049e+00 1.60014684e+01 
188  324.27  1.80746733e-01 3.14139204e+00 1.64603019e+01 
189  325.08  1.79205702e-01 3.19281664e+00 1.69191230e+01 
190  325.89  1.73096738e-01 3.17644924e+00 1.73779317e+01 
191  326.70  1.69785194e-01 3.16537953e+00 1.78367280e+01 
192  327.51  1.72168342e-01 3.28141862e+00 1.82955117e+01 
193  328.31  1.64127196e-01 3.26317639e+00 1.87542828e+01 
194  329.12  1.65784239e-01 3.30586907e+00 1.92130413e+01 
195  329.93  1.58936571e-01 3.31777618e+00 1.96717871e+01 
196  330.74  1.53743014e-01 3.28860161e+00 2.02662437e+01 
197  331.55  1.53804145e-01 3.36439858e+00 2.08730165e+01 
198  332.36  1.53806217e-01 3.49699306e+00 2.14797723e+01 
199  333.17  1.55461273e-01 3.57530872e+00 2.20865111e+01 
200  333.98  1.57924646e-01 3.66828081e+00 2.26932327e+01 
201  334.79  1.64780721e-01 3.96210658e+00 2.32999371e+01 
202  335.60  1.78524025e-01 4.40777379e+00 2.39066242e+01 
203  336.40  2.03941353e-01 5.11720712e+00 2.45132940e+01 
204  337.21  2.37589941e-01 5.99410594e+00 2.51199463e+01 
205  338.02  2.78329229e-01 7.25279067e+00 2.57265811e+01 
206  338.83  3.25669254e-01 8.63741421e+00 2.63331984e+01 
207  339.64  3.75143078e-01 1.02053088e+01 2.69397980e+01 
208  340.45  4.29673848e-01 1.19750403e+01 2.76132074e+01 
209  341.26  4.80041694e-01 1.36766028e+01 2.83402756e+01 
210  342.07  5.28878531e-01 1.54564614e+01 2.90673224e+01 
211  342.87  5.77783036e-01 1.72446844e+01 2.97943477e+01 
212  343.68  6.24181669e-01 1.90581651e+01 3.05213515e+01 
213  344.49  6.62944037e-01 2.08168137e+01 3.12483335e+01 
214  345.30  7.10912807e-01 2.26172111e+01 3.19752939e+01 
215  346.11  7.49395732e-01 2.44032657e+01 3.27022324e+01 
216  346.92  7.88510605e-01 2.61788482e+01 3.34291490e+01 
217  347.73  8.24403024e-01 2.80135383e+01 3.41560435e+01 
218  348.53  8.52306972e-01 2.96486583e+01 3.48829160e+01 
219  349.34  8.83312525e-01 3.14119650e+01 3.56097664e+01 
220  350.15  9.19712518e-01 3.32900128e+01 3.63832402e+01 
221  350.96  9.37677560e-01 3.50223309e+01 3.73582432e+01 
222  351.77  9.65480970e-01 3.68382304e+01 3.83332161e+01 
223  352.58  9.89041433e-01 3.87642143e+01 3.93081589e+01 
224  353.39  1.02407308e+00 4.10001524e+01 4.02830713e+01 
225  354.19  1.05904663e+00 4.34540630e+01 4.12579533e+01 
226  355.00  1.09162692e+00 4.58104989e+01 4.22328048e+01 
227  355.81  1.13218131e+00 4.86259464e+01 4.32076256e+01 
228  356.62  1.17376588e+00 5.14789056e+01 4.41824156e+01 
229  357.43  1.21106296e+00 5.44395231e+01 4.51571748e+01 
230  358.24  1.25316048e+00 5.74102678e+01 4.61319029e+01 
231  359.04  1.28664878e+00 6.02659876e+01 4.71065999e+01 
232  359.85  1.32863613e+00 6.31464355e+01 4.80812657e+01 
233  360.66  1.35104845e+00 6.61597000e+01 4.92334268e+01 
234  361.47  1.37282575e+00 6.88942648e+01 5.04254164e+01 
235  362.28  1.40226667e+00 7.19190051e+01 5.16173674e+01 
236  363.08  1.42663650e+00 7.47146678e+01 5.28092796e+01 
237  363.89  1.44903362e+00 7.78214843e+01 5.40011529e+01 
238  364.70  1.47550228e+00 8.07647504e+01 5.51929871e+01 
239  365.51  1.50229681e+00 8.38867998e+01 5.63847822e+01 
240  366.32  1.52493161e+00 8.71456996e+01 5.75765380e+01 
241  367.12  1.54905654e+00 9.05543652e+01 5.87682543e+01 
242  367.93  1.58533803e+00 9.41103400e+01 5.99599311e+01 
243  368.74  1.61298402e+00 9.80083494e+01 6.11515681e+01 
244  369.55  1.64558062e+00 1.01843746e+02 6.23431652e+01 
245  370.36  1.67584096e+00 1.05746044e+02 6.36506948e+01 
246  371.16  1.69923879e+00 1.10152754e+02 6.51055572e+01 
247  371.97  1.72902547e+00 1.14182697e+02 6.65603704e+01 
248  372.78  1.76605060e+00 1.18918730e+02 6.80151342e+01 
249  373.59  1.78795666e+00 1.23122888e+02 6.94698485e+01 
250  374.39  1.81662094e+00 1.27830832e+02 7.09245131e+01 
251  375.20  1.84603751e+00 1.32528510e+02 7.23791278e+01 
252  376.01  1.87487049e+00 1.37154237e+02 7.38336924e+01 
253  376.82  1.90205363e+00 1.41878605e+02 7.52882068e+01 
254  377.63  1.92647452e+00 1.46518925e+02 7.67426708e+01 
255  378.43  1.94963627e+00 1.51338712e+02 7.81970842e+01 
256  379.24  1.97737848e+00 1.56324614e+02 7.96514469e+01 
257  380.05  2.00519658e+00 1.61088009e+02 8.11192344e+01 
258  380.86  2.02310171e+00 1.66386785e+02 8.28020102e+01 
259  381.66  2.04797827e+00 1.71543185e+02 8.44847268e+01 
260  382.47  2.06358709e+00 1.76560168e+02 8.61673838e+01 
261  383.28  2.08883171e+00 1.81897184e+02 8.78499812e+01 
262  384.08  2.11352746e+00 1.87677756e+02 8.95325186e+01 
263  384.89  2.13684300e+00 1.93205634e+02 9.12149959e+01 
264  385.70  2.15608539e+00 1.98503752e+02 9.28974130e+01 
265  386.51  2.17760371e+00 2.04350525e+02 9.45797696e+01 
266  387.31  2.20335666e+00 2.10247930e+02 9.62620654e+01 
267  388.12  2.22423790e+00 2.16190830e+02 9.79443004e+01 
268  388.93  2.25327435e+00 2.22622315e+02 9.96264743e+01 
269  389.74  2.27502570e+00 2.28588616e+02 1.01308587e+02 
270  390.54  2.30049177e+00 2.35352312e+02 1.03124101e+02 
271  391.35  2.32474307e+00 2.42006705e+02 1.05004636e+02 
272  392.16  2.34098407e+00 2.48092490e+02 1.06885102e+02 
273  392.96  2.36675080e+00 2.55393680e+02 1.08765499e+02 
274  393.77  2.40398234e+00 2.63469427e+02 1.10645826e+02 
275  394.58  2.43750558e+00 2.71666204e+02 1.12526083e+02 
276  395.38  2.46802301e+00 2.79835158e+02 1.14406270e+02 
277  396.19  2.49005428e+00 2.86611550e+02 1.16286387e+02 
278  397.00  2.50592683e+00 2.93175460e+02 1.18166434e+02 
279  397.81  2.51246465e+00 2.98970628e+02 1.20046409e+02 
280  398.61  2.53123308e+00 3.06337259e+02 1.21926314e+02 
281  399.42  2.55681347e+00 3.13838084e+02 1.23806147e+02 
282  400.23  2.58264453e+00 3.21733227e+02 1.25745497e+02 
283  401.03  2.60573455e+00 3.29876565e+02 1.27838166e+02 
284  401.84  2.63022993e+00 3.38551758e+02 1.29930754e+02 
285  402.65  2.65536531e+00 3.47265550e+02 1.32023262e+02 
286  403.45  2.67524229e+00 3.55753368e+02 1.34115690e+02 
287  404.26  2.70362875e+00 3.65171775e+02 1.36208036e+02 
288  405.07  2.73097177e+00 3.74215318e+02 1.38300302e+02 
289  405.87  2.75527627e+00 3.83530815e+02 1.40392487e+02 
290  406.68  2.78663888e+00 3.93153689e+02 1.42484590e+02 
291  407.49  2.80966938e+00 4.02745577e+02 1.44576612e+02 
292  408.29  2.83673305e+00 4.12413590e+02 1.46668552e+02 
293  409.10  2.86563339e+00 4.22474681e+02 1.48760409e+02 
294  409.90  2.89241332e+00 4.32386081e+02 1.50852184e+02 
295  410.71  2.92164673e+00 4.43292155e+02 1.53109498e+02 
296  411.52  2.94451268e+00 4.53385281e+02 1.55388982e+02 
297  412.32  2.97072008e+00 4.63851062e+02 1.57668374e+02 
298  413.13  2.99160364e+00 4.74758520e+02 1.59947676e+02 
299  413.94  3.02016453e+00 4.85655988e+02 1.62226887e+02 
300  414.74  3.04501963e+00 4.96326537e+02 1.64506006e+02 
301  415.55  3.06013830e+00 5.06069512e+02 1.66785033e+02 
302  416.35  3.08926262e+00 5.17380011e+02 1.69063969e+02 
303  417.16  3.10893996e+00 5.27814357e+02 1.71342812e+02 
304  417.97  3.13230848e+00 5.38749808e+02 1.73621563e+02 
305  418.77  3.14971816e+00 5.49314097e+02 1.75900221e+02 
306  419.58  3.17556885e+00 5.60624928e+02 1.78178786e+02 
307  420.38  3.19919048e+00 5.72046585e+02 1.80549560e+02 
308  421.19  3.21730896e+00 5.82932114e+02 1.83021363e+02 
309  422.00  3.23329266e+00 5.94765945e+02 1.85493063e+02 
310  422.80  3.25143755e+00 6.05402729e+02 1.87964661e+02 
311  423.61  3.27041236e+00 6.16434384e+02 1.90436157e+02 
312  424.41  3.28628908e+00 6.27691961e+02 1.92907551e+02 
313  425.22  3.30232339e+00 6.39108341e+02 1.95378841e+02 
314  426.03  3.31878911e+00 6.50546099e+02 1.97850028e+02 
315  426.83  3.33395594e+00 6.62189666e+02 2.00321111e+02 
316  427.64  3.34755801e+00 6.72796943e+02 2.02792090e+02 
317  428.44  3.36754697e+00 6.84546652e+02 2.05262966e+02 
318  429.25  3.38486116e+00 6.96690941e+02 2.07733736e+02 
319  430.05  3.40091576e+00 7.08655918e+02 2.10212926e+02 
320  430.86  3.41319709e+00 7.19916026e+02 2.12811566e+02 
321  431.66  3.42358853e+00 7.31032693e+02 2.15410095e+02 
322  432.47  3.43374401e+00 7.42227132e+02 2.18008514e+02 
323  433.28  3.44868990e+00 7.53182137e+02 2.20606821e+02 
324  434.08  3.45268831e+00 7.64473445e+02 2.23205016e+02 
325  434.89  3.46370032e+00 7.75365997e+02 2.25803100e+02 
326  435.69  3.47270173e+00 7.86785687e+02 2.28401071e+02 
327  436.50  3.48808684e+00 7.98030469e+02 2.30998929e+02 
328  437.30  3.49779677e+00 8.09632678e+02 2.33596675e+02 
329  438.11  3.50982328e+00 8.21691729e+02 2.36194307e+02 
330  438.91  3.51270986e+00 8.31975637e+02 2.38791826e+02 
331  439.72  3.52524394e+00 8.43534069e+02 2.41389230e+02 
332  440.52  3.53562683e+00 8.54655815e+02 2.44049779e+02 
333  441.33  3.53787712e+00 8.65196069e+02 2.46744369e+02 
334  442.13  3.54720942e+00 8.76768173e+02 2.49438841e+02 
335  442.94  3.55402721e+00 8.87748516e+02 2.52133193e+02 
336  443.74  3.55769199e+00 8.98873754e+02 2.54827425e+02 
337  444.55  3.56798503e+00 9.10964182e+02 2.57521537e+02 
338  445.35  3.57644479e+00 9.22104695e+02 2.60215529e+02 
339  446.16  3.58655856e+00 9.34885983e+02 2.62909400e+02 
340  446.96  3.59745060e+00 9.46737754e+02 2.65603151e+02 
341  447.77  3.60678421e+00 9.59060311e+02 2.68296780e+02 
342  448.57  3.61407538e+00 9.71357215e+02 2.70990287e+02 
343  449.38  3.62337453e+00 9.82752456e+02 2.73683673e+02 
344  450.18  3.63210728e+00 9.94812329e+02 2.76415379e+02 
345  450.99  3.63761551e+00 1.00688762e+03 2.79279104e+02 
346  451.79  3.64407271e+00 1.01893294e+03 2.82142699e+02 
347  452.60  3.64738538e+00 1.03022340e+03 2.85006162e+02 
348  453.40  3.65888491e+00 1.04387744e+03 2.87869494e+02 
349  454.20  3.66673024e+00 1.05622601e+03 2.90732694e+02 
350  455.01  3.67618984e+00 1.06963054e+03 2.93595763e+02 
351  455.81  3.68752598e+00 1.08360359e+03 2.96458698e+02 
352  456.62  3.69867712e+00 1.09688257e+03 2.99321502e+02 
353  457.42  3.71185778e+00 1.11206847e+03 3.02184172e+02 
354  458.23  3.72002880e+00 1.12496061e+03 3.05046709e+02 
355  459.03  3.73494351e+00 1.13906010e+03 3.07909112e+02 
356  459.83  3.74695651e+00 1.15383228e+03 3.10771381e+02 
357  460.64  3.75396749e+00 1.16738586e+03 3.13711450e+02 
358  461.44  3.76529058e+00 1.18127583e+03 3.16671557e+02 
359  462.25  3.77835185e+00 1.19637763e+03 3.19631525e+02 
360  463.05  3.78485619e+00 1.21156020e+03 3.22591353e+02 
361  463.86  3.80158064e+00 1.22748407e+03 3.25551040e+02 
362  464.66  3.82039491e+00 1.24432759e+03 3.28510586e+02 
363  465.46  3.83506991e+00 1.25961576e+03 3.31469992e+02 
364  466.27  3.84726956e+00 1.27626052e+03 3.34429255e+02 
365  467.07  3.86487396e+00 1.29195393e+03 3.37388378e+02 
366  467.87  3.87995758e+00 1.30925965e+03 3.40347358e+02 
367  468.68  3.89569383e+00 1.32541485e+03 3.43306195e+02 
368  469.48  3.90973358e+00 1.34158267e+03 3.46264890e+02 
369  470.29  3.92460636e+00 1.35917184e+03 3.49258069e+02 
370  471.09  3.94162872e+00 1.37657226e+03 3.52313725e+02 
371  471.89  3.95256521e+00 1.39327181e+03 3.55369231e+02 
372  472.70  3.97092826e+00 1.41065095e+03 3.58424589e+02 
373  473.50  3.98667350e+00 1.42874246e+03 3.61479798e+02 
374  474.30  4.00093479e+00 1.44580265e+03 3.64534856e+02 
375  475.11  4.01523887e+00 1.46370995e+03 3.67589765e+02 
376  475.91  4.03394409e+00 1.48121003e+03 3.70644523e+02 
377  476.71  4.04721720e+00 1.49934149e+03 3.73699131e+02 
378  477.52  4.06346579e+00 1.51805457e+03 3.76753587e+02 
379  478.32  4.07487840e+00 1.53479712e+03 3.79807892e+02 
380  479.12  4.08825042e+00 1.55230419e+03 3.82862045e+02 
381  479.93  4.09921825e+00 1.56889022e+03 3.85916045e+02 
382  480.73  4.11269233e+00 1.58616375e+03 3.89051784e+02 
383  481.53  4.12345206e+00 1.60198190e+03 3.92195436e+02 
384  482.34  4.13242104e+00 1.61952853e+03 3.95338929e+02 
385  483.14  4.14476515e+00 1.63785188e+03 3.98482265e+02 
386  483.94  4.15728703e+00 1.65516545e+03 4.01625442e+02 
387  484.75  4.16704790e+00 1.67189331e+03 4.04768460e+02 
388  485.55  4.18045493e+00 1.69024813e+03 4.07911318e+02 
389  486.35  4.18829941e+00 1.70642072e+03 4.11054017e+02 
390  487.16  4.19694668e+00 1.72295708e+03 4.14196556e+02 
391  487.96  4.20542266e+00 1.74045861e+03 4.17338935e+02 
392  488.76  4.21087111e+00 1.75540684e+03 4.20481153e+02 
393  489.56  4.21740150e+00 1.77133497e+03 4.23623209e+02 
394  490.37  4.22149172e+00 1.78661199e+03 4.26817170e+02 
395  491.17  4.22649975e+00 1.80171118e+03 4.30072885e+02 
396  491.97  4.22895432e+00 1.81572570e+03 4.33328433e+02 
397  492.77  4.23237416e+00 1.83184650e+03 4.36583811e+02 
398  493.58  4.23370070e+00 1.84650361e+03 4.39839021e+02 
399  494.38  4.23429145e+00 1.86048988e+03 4.43094061e+02 
400  495.18  4.23816351e+00 1.87628779e+03 4.46348932e+02 
401  495.98  4.24187863e+00 1.89156774e+03 4.49603632e+02 
402  496.79  4.24836488e+00 1.90595653e+03 4.52858162e+02 
403  497.59  4.24665699e+00 1.91949285e+03 4.56112522e+02 
404  498.39  4.24703483e+00 1.93389432e+03 4.59366710e+02 
405  499.19  4.24967339e+00 1.94763089e+03 4.62620726e+02 
406  500.00  4.24918135e+00 1.96186964e+03 4.65874570e+02 
407  500.80  4.24851785e+00 1.97565773e+03 4.69132234e+02 
408  501.60  4.24491695e+00 1.98853287e+03 4.72389744e+02 
409  502.40  4.24693472e+00 2.00298594e+03 4.75647081e+02 
410  503.20  4.24622201e+00 2.01581411e+03 4.78904243e+02 
411  504.01  4.24817433e+00 2.02963598e+03 4.82161232e+02 
412  504.81  4.24585272e+00 2.04401438e+03 4.85418046e+02 
413  505.61  4.25006506e+00 2.05929311e+03 4.88674685e+02 
414  506.41  4.24854287e+00 2.07293633e+03 4.91931149e+02 
415  507.21  4.25175979e+00 2.08737568e+03 4.95187437e+02 
416  508.02  4.25536965e+00 2.10228737e+03 4.98443549e+02 
417  508.82  4.25678340e+00 2.11639468e+03 5.01699485e+02 
418  509.62  4.25538379e+00 2.13054320e+03 5.04955244e+02 
419  510.42  4.25661319e+00 2.14527413e+03 5.08244106e+02 
420  511.22  4.25554991e+00 2.15804803e+03 5.11562839e+02 
421  512.02  4.25353574e+00 2.17082707e+03 5.14881390e+02 
422  512.83  4.25343602e+00 2.18458069e+03 5.18199759e+02 
423  513.63  4.24791651e+00 2.19597271e+03 5.21517946e+02 
424  514.43  4.24538320e+00 2.20905687e+03 5.24835950e+02 
425  515.23  4.24400117e+00 2.22148082e+03 5.28153771e+02 
426  516.03  4.24142473e+00 2.23404863e+03 5.31471408e+02 
427  516.83  4.23731294e+00 2.24655393e+03 5.34788862e+02 
428  517.63  4.23766714e+00 2.25974996e+03 5.38106132e+02 
429  518.44  4.23383740e+00 2.27299027e+03 5.41423217e+02 
430  519.24  4.23437186e+00 2.28661661e+03 5.44740117e+02 
431  520.04  4.23136100e+00 2.29977240e+03 5.48057134e+02 
432  520.84  4.23380722e+00 2.31450158e+03 5.51380072e+02 
433  521.64  4.23407646e+00 2.32875965e+03 5.54702823e+02 
434  522.44  4.23456021e+00 2.34222987e+03 5.58025387e+02 
435  523.24  4.23495439e+00 2.35671241e+03 5.61347764e+02 
436  524.04  4.23133121e+00 2.36904681e+03 5.64669953e+02 
437  524.84  4.23270101e+00 2.38328794e+03 5.67991954e+02 
438  525.64  4.23111782e+00 2.39624864e+03 5.71313766e+02 
439  526.45  4.22554039e+00 2.40818918e+03 5.74635390e+02 
440  527.25  4.22711192e+00 2.42257722e+03 5.77956824e+02 
441  528.05  4.22910332e+00 2.43578001e+03 5.81278068e+02 
442  528.85  4.22803477e+00 2.44857470e+03 5.84599123e+02 
443  529.65  4.22827635e+00 2.46435587e+03 5.87919987e+02 
444  530.45  4.23248835e+00 2.47971242e+03 5.91237968e+02 
445  531.25  4.23588053e+00 2.49480818e+03 5.94553647e+02 
446  532.05  4.23912264e+00 2.51192792e+03 5.97869134e+02 
447  532.85  4.23995918e+00 2.52696080e+03 6.01184430e+02 
448  533.65  4.24701815e+00 2.54514997e+03 6.04499533e+02 
449  534.45  4.25174269e+00 2.56180060e+03 6.07814444e+02 
450  535.25  4.25652827e+00 2.57794300e+03 6.11129162e+02 
451  536.05  4.26216001e+00 2.59428108e+03 6.14443687e+02 
452  536.85  4.26424071e+00 2.61124291e+03 6.17758018e+02 
453  537.65  4.26895239e+00 2.62852397e+03 6.21072154e+02 
454  538.45  4.27245650e+00 2.64396955e+03 6.24386096e+02 
455  539.25  4.27099961e+00 2.65774748e+03 6.27699844e+02 
456  540.05  4.27401196e+00 2.67280079e+03 6.31008089e+02 
457  540.85  4.27704471e+00 2.68839237e+03 6.34239051e+02 
458  541.65  4.27639888e+00 2.70315045e+03 6.37469822e+02 
459  542.45  4.27755877e+00 2.71793665e+03 6.40700402e+02 
460  543.25  4.28031738e+00 2.73183951e+03 6.43930789e+02 
461  544.05  4.28461818e+00 2.74691432e+03 6.47160984e+02 
462  544.85  4.28489302e+00 2.76108649e+03 6.50390987e+02 
463  545.65  4.28053403e+00 2.77374466e+03 6.53620796e+02 
464  546.45  4.27796923e+00 2.78523581e+03 6.56850411e+02 
465  547.25  4.27282178e+00 2.79578410e+03 6.60079833e+02 
466  548.05  4.26408065e+00 2.80428915e+03 6.63309061e+02 
467  548.85  4.26313676e+00 2.81509768e+03 6.66538093e+02 
468  549.65  4.26068483e+00 2.82805194e+03 6.69766931e+02 
469  550.45  4.25903921e+00 2.84049710e+03 6.73011219e+02 
470  551.25  4.25567877e+00 2.85179263e+03 6.76267642e+02 
471  552.05  4.25220630e+00 2.86394759e+03 6.79523867e+02 
472  552.84  4.24957153e+00 2.87653331e+03 6.82779893e+02 
473  553.64  4.25115725e+00 2.88967204e+03 6.86035721e+02 
474  554.44  4.24898955e+00 2.90275474e+03 6.89291349e+02 
475  555.24  4.24514356e+00 2.91415461e+03 6.92546779e+02 
476  556.04  4.24169791e+00 2.92499146e+03 6.95802008e+02 
477  556.84  4.23511539e+00 2.93571590e+03 6.99057037e+02 
478  557.64  4.22876405e+00 2.94407476e+03 7.02311865e+02 
479  558.44  4.22543844e+00 2.95574999e+03 7.05566493e+02 
480  559.24  4.22397486e+00 2.96794111e+03 7.08820919e+02 
481  560.04  4.22212271e+00 2.98145332e+03 7.12073006e+02 
482  560.83  4.23088914e+00 3.00036307e+03 7.15279104e+02 
483  561.63  4.23571627e+00 3.01748680e+03 7.18485003e+02 
484  562.43  4.24843225e+00 3.03995704e+03 7.21690702e+02 
485  563.23  4.26169995e+00 3.06190855e+03 7.24896200e+02 
486  564.03  4.26848289e+00 3.08140059e+03 7.28101498e+02 
487  564.83  4.27821679e+00 3.10247330e+03 7.31306595e+02 
488  565.63  4.28833290e+00 3.12450718e+03 7.34511490e+02 
489  566.42  4.30124259e+00 3.14477542e+03 7.37716184e+02 
490  567.22  4.31492377e+00 3.16875983e+03 7.40920675e+02 
491  568.02  4.32870943e+00 3.19248528e+03 7.44124964e+02 
492  568.82  4.34235578e+00 3.21707581e+03 7.47329049e+02 
493  569.62  4.35499306e+00 3.24053403e+03 7.50532931e+02 
494  570.42  4.36792727e+00 3.26295769e+03 7.53727060e+02 
495  571.21  4.37789539e+00 3.28547324e+03 7.56912179e+02 
496  572.01  4.38787696e+00 3.30594712e+03 7.60097094e+02 
497  572.81  4.39208873e+00 3.32230236e+03 7.63281806e+02 
498  573.61  4.39587442e+00 3.33952624e+03 7.66466313e+02 
499  574.41  4.39722198e+00 3.35383547e+03 7.69650616e+02 
500  575.20  4.39186266e+00 3.36330138e+03 7.72834714e+02 
501  576.00  4.38467538e+00 3.37336327e+03 7.76018607e+02 
502  576.80  4.37763684e+00 3.37941472e+03 7.79202294e+02 
503  577.60  4.36981725e+00 3.38834621e+03 7.82385775e+02 
504  578.39  4.36381826e+00 3.39844334e+03 7.85569050e+02 
505  579.19  4.35750049e+00 3.40609844e+03 7.88752118e+02 
506  579.99  4.35124531e+00 3.41549938e+03 7.91934979e+02 
507  580.79  4.34154980e+00 3.42195457e+03 7.94976121e+02 
508  581.58  4.33594812e+00 3.42955069e+03 7.98015033e+02 
509  582.38  4.32950748e+00 3.43643080e+03 8.01053747e+02 
510  583.18  4.32210496e+00 3.44399529e+03 8.04092261e+02 
511  583.98  4.31028295e+00 3.44904011e+03 8.07130576e+02 
512  584.77  4.30096227e+00 3.45392950e+03 8.10168691e+02 
513  585.57  4.29041100e+00 3.45879951e+03 8.13206606e+02 
514  586.37  4.28008555e+00 3.46366472e+03 8.16244319e+02 
515  587.16  4.27031444e+00 3.46727401e+03 8.19281832e+02 
516  587.96  4.26165446e+00 3.47465923e+03 8.22319144e+02 
517  588.76  4.25294570e+00 3.48001285e+03 8.25356253e+02 
518  589.55  4.24590259e+00 3.48537017e+03 8.28393161e+02 
519  590.35  4.23930461e+00 3.49388027e+03 8.31377480e+02 
520  591.15  4.23575770e+00 3.50198221e+03 8.34295263e+02 
521  591.95  4.23243656e+00 3.51307351e+03 8.37212851e+02 
522  592.74  4.23204995e+00 3.52435461e+03 8.40130243e+02 
523  593.54  4.23348653e+00 3.53798161e+03 8.43047439e+02 
524  594.33  4.23739519e+00 3.55200138e+03 8.45964439e+02 
525  595.13  4.23824284e+00 3.56634157e+03 8.48881242e+02 
526  595.93  4.24099785e+00 3.58261853e+03 8.51797848e+02 
527  596.72  4.24521096e+00 3.59749661e+03 8.54714257e+02 
528  597.52  4.25093909e+00 3.61455064e+03 8.57630468e+02 
529  598.32  4.25602019e+00 3.62959941e+03 8.60546481e+02 
530  599.11  4.25730162e+00 3.64415934e+03 8.63462296e+02 
531  599.91  4.26077286e+00 3.65929669e+03 8.66377911e+02 
532  600.71  4.26332565e+00 3.67382945e+03 8.69202326e+02 
533  601.50  4.26659635e+00 3.68786709e+03 8.72014850e+02 
534  602.30  4.26751401e+00 3.70035736e+03 8.74827181e+02 
535  603.09  4.27042846e+00 3.71366201e+03 8.77639319e+02 
536  603.89  4.26870326e+00 3.72564823e+03 8.80451264e+02 
537  604.69  4.26659531e+00 3.73622128e+03 8.83263015e+02 
538  605.48  4.26659019e+00 3.74780559e+03 8.86074572e+02 
539  606.28  4.26829773e+00 3.76039983e+03 8.88885934e+02 
540  607.07  4.26910774e+00 3.77290170e+03 8.91697102e+02 
541  607.87  4.26878571e+00 3.78634446e+03 8.94508074e+02 
542  608.66  4.27075293e+00 3.79914502e+03 8.97318851e+02 
543  609.46  4.27513075e+00 3.81271729e+03 9.00129433e+02 
544  610.25  4.27468022e+00 3.82679623e+03 9.02955354e+02 
545  611.05  4.27960021e+00 3.84194317e+03 9.05814063e+02 
546  611.85  4.27852459e+00 3.85538177e+03 9.08672572e+02 
547  612.64  4.28282448e+00 3.87004247e+03 9.11530880e+02 
548  613.44  4.28927081e+00 3.88647949e+03 9.14388987e+02 
549  614.23  4.28971142e+00 3.90011538e+03 9.17246893e+02 
550  615.03  4.28837095e+00 3.91317876e+03 9.20104598e+02 
551  615.82  4.29074341e+00 3.92645008e+03 9.22962101e+02 
552  616.62  4.29108803e+00 3.93949509e+03 9.25819401e+02 
553  617.41  4.28963292e+00 3.94786502e+03 9.28676499e+02 
554  618.21  4.28379623e+00 3.95641592e+03 9.31533394e+02 
555  619.00  4.28098340e+00 3.96502197e+03 9.34390086e+02 
556  619.80  4.27377856e+00 3.97154021e+03 9.37246574e+02 
557  620.59  4.26589314e+00 3.97647829e+03 9.39897897e+02 
558  621.39  4.26320684e+00 3.98268610e+03 9.42478223e+02 
559  622.18  4.25951418e+00 3.98925655e+03 9.45058364e+02 
560  622.97  4.25167141e+00 3.99459944e+03 9.47638320e+02 
561  623.77  4.24757144e+00 4.00146909e+03 9.50218090e+02 
562  624.56  4.24312348e+00 4.00600839e+03 9.52797675e+02 
563  625.36  4.24018826e+00 4.01588487e+03 9.55377074e+02 
564  626.15  4.23200548e+00 4.01904530e+03 9.57956286e+02 
565  626.95  4.22913512e+00 4.02622762e+03 9.60535312e+02 
566  627.74  4.22350913e+00 4.03217996e+03 9.63114150e+02 
567  628.53  4.22453196e+00 4.04191282e+03 9.65692801e+02 
568  629.33  4.21753961e+00 4.04682126e+03 9.68271265e+02 
569  630.12  4.21526398e+00 4.05474214e+03 9.70862830e+02 
570  630.92  4.20732238e+00 4.05888672e+03 9.73526669e+02 
571  631.71  4.20192598e+00 4.06572727e+03 9.76190312e+02 
572  632.50  4.19432158e+00 4.06987537e+03 9.78853761e+02 
573  633.30  4.18670136e+00 4.07340982e+03 9.81517014e+02 
574  634.09  4.17755479e+00 4.07490308e+03 9.84180071e+02 
575  634.89  4.16587764e+00 4.07567180e+03 9.86842932e+02 
576  635.68  4.15467748e+00 4.07602549e+03 9.89505597e+02 
577  636.47  4.14403858e+00 4.07466606e+03 9.92168065e+02 
578  637.27  4.13301932e+00 4.07505894e+03 9.94830335e+02 
579  638.06  4.11804624e+00 4.07196055e+03 9.97492409e+02 
580  638.85  4.10312994e+00 4.06861320e+03 1.00015428e+03 
581  639.65  4.09315010e+00 4.06919384e+03 1.00281596e+03 
582  640.44  4.08265476e+00 4.06776866e+03 1.00530041e+03 
583  641.23  4.07008381e+00 4.06468715e+03 1.00764282e+03 
584  642.03  4.05542113e+00 4.06203477e+03 1.00998504e+03 
585  642.82  4.04530096e+00 4.06095116e+03 1.01232710e+03 
586  643.61  4.03300036e+00 4.05760727e+03 1.01466897e+03 
587  644.41  4.02393031e+00 4.05665130e+03 1.01701067e+03 
588  645.20  4.01117777e+00 4.05316936e+03 1.01935220e+03 
589  645.99  4.00215652e+00 4.05364006e+03 1.02169355e+03 
590  646.78  3.99450450e+00 4.05489813e+03 1.02403472e+03 
591  647.58  3.98410466e+00 4.05404437e+03 1.02637571e+03 
592  648.37  3.97550441e+00 4.05561966e+03 1.02871653e+03 
593  649.16  3.97028780e+00 4.05723704e+03 1.03105717e+03 
594  649.96  3.96114545e+00 4.05887169e+03 1.03339763e+03 
595  650.75  3.95673506e+00 4.06213490e+03 1.03563698e+03 
596  651.54  3.95221281e+00 4.06382319e+03 1.03787010e+03 
597  652.33  3.94208751e+00 4.06385927e+03 1.04010305e+03 
598  653.12  3.93720538e+00 4.06814273e+03 1.04233584e+03 
599  653.92  3.93130159e+00 4.07013255e+03 1.04456845e+03 
600  654.71  3.92605753e+00 4.07265908e+03 1.04680089e+03 
601  655.50  3.92117936e+00 4.07634013e+03 1.04903316e+03 
602  656.29  3.91495204e+00 4.08070093e+03 1.05126525e+03 
603  657.09  3.91034674e+00 4.08194844e+03 1.05349718e+03 
604  657.88  3.90519603e+00 4.08789000e+03 1.05572893e+03 
605  658.67  3.90226684e+00 4.09119823e+03 1.05796051e+03 
606  659.46  3.89643238e+00 4.09497512e+03 1.06019191e+03 
607  660.25  3.89532215e+00 4.10126569e+03 1.06241732e+03 
608  661.04  3.89227128e+00 4.10718748e+03 1.06463017e+03 
609  661.84  3.89206005e+00 4.11514655e+03 1.06684285e+03 
610  662.63  3.89104101e+00 4.12525831e+03 1.06905536e+03 
611  663.42  3.89434497e+00 4.13554371e+03 1.07126769e+03 
612  664.21  3.89547177e+00 4.14497595e+03 1.07347985e+03 
613  665.00  3.89523512e+00 4.15578135e+03 1.07569183e+03 
614  665.79  3.89832143e+00 4.16543966e+03 1.07790364e+03 
615  666.59  3.90164165e+00 4.17761228e+03 1.08011528e+03 
616  667.38  3.90107288e+00 4.18638374e+03 1.08232674e+03 
617  668.17  3.90470635e+00 4.19746028e+03 1.08453803e+03 
618  668.96  3.90620612e+00 4.20839493e+03 1.08674915e+03 
619  669.75  3.90884673e+00 4.21872593e+03 1.08896008e+03 
620  670.54  3.91005435e+00 4.22991857e+03 1.09105895e+03 
621  671.33  3.90992140e+00 4.23823335e+03 1.09310582e+03 
622  672.12  3.91100211e+00 4.24666291e+03 1.09515253e+03 
623  672.91  3.91059519e+00 4.25443364e+03 1.09719907e+03 
624  673.70  3.91010038e+00 4.26089788e+03 1.09924546e+03 
625  674.49  3.90629157e+00 4.26681386e+03 1.10129167e+03 
626  675.29  3.90260774e+00 4.26998588e+03 1.10333773e+03 
627  676.08  3.89770081e+00 4.27140015e+03 1.10538362e+03 
628  676.87  3.89192225e+00 4.27559954e+03 1.10742934e+03 
629  677.66  3.88670754e+00 4.27629975e+03 1.10947490e+03 
630  678.45  3.87805569e+00 4.27440755e+03 1.11152030e+03 
631  679.24  3.87350786e+00 4.27809644e+03 1.11356553e+03 
632  680.03  3.86727438e+00 4.27752328e+03 1.11560519e+03 
633  680.82  3.86085620e+00 4.27683936e+03 1.11749364e+03 
634  681.61  3.85152872e+00 4.27513021e+03 1.11938194e+03 
635  682.40  3.84208911e+00 4.27056509e+03 1.12127009e+03 
636  683.19  3.83224262e+00 4.26814508e+03 1.12315808e+03 
637  683.98  3.82366619e+00 4.26374131e+03 1.12504591e+03 
638  684.77  3.81265085e+00 4.26041795e+03 1.12693360e+03 
639  685.56  3.80428884e+00 4.25748782e+03 1.12882113e+03 
640  686.35  3.79342225e+00 4.25044137e+03 1.13070850e+03 
641  687.14  3.78094267e+00 4.24510164e+03 1.13259572e+03 
642  687.93  3.77028595e+00 4.24122713e+03 1.13448279e+03 
643  688.72  3.76143333e+00 4.23669164e+03 1.13636970e+03 
644  689.50  3.75072376e+00 4.23178766e+03 1.13825645e+03 
645  690.29  3.74031097e+00 4.22596029e+03 1.14010687e+03 
646  691.08  3.72570821e+00 4.21963513e+03 1.14189623e+03 
647  691.87  3.71648368e+00 4.21360570e+03 1.14368544e+03 
648  692.66  3.70440221e+00 4.20706725e+03 1.14547450e+03 
649  693.45  3.69095776e+00 4.19877492e+03 1.14726341e+03 
650  694.24  3.68089006e+00 4.19213283e+03 1.14905218e+03 
651  695.03  3.66702075e+00 4.18466680e+03 1.15084079e+03 
652  695.82  3.65653779e+00 4.17902744e+03 1.15262926e+03 
653  696.61  3.64523717e+00 4.17168840e+03 1.15441758e+03 
654  697.40  3.63420808e+00 4.16457569e+03 1.15620575e+03 
655  698.18  3.62186557e+00 4.15765975e+03 1.15799377e+03 
656  698.97  3.60837691e+00 4.15018524e+03 1.15978164e+03 
657  699.76  3.59753325e+00 4.14322368e+03 1.16156935e+03 
658  700.55  3.58953518e+00 4.13805949e+03 1.16326617e+03 
659  701.34  3.57907178e+00 4.13396398e+03 1.16492349e+03 
660  702.13  3.56724853e+00 4.12694884e+03 1.16658067e+03 
661  702.92  3.56043843e+00 4.12280429e+03 1.16823772e+03 
662  703.70  3.55413681e+00 4.12245485e+03 1.16989462e+03 
663  704.49  3.55066193e+00 4.12289161e+03 1.17155138e+03 
664  705.28  3.54230564e+00 4.11966211e+03 1.17320801e+03 
665  706.07  3.53632138e+00 4.11867011e+03 1.17486449e+03 
666  706.86  3.53011535e+00 4.11850248e+03 1.17652083e+03 
667  707.64  3.52809945e+00 4.12145080e+03 1.17817703e+03 
668  708.43  3.52464143e+00 4.12203517e+03 1.17983309e+03 
669  709.22  3.51833802e+00 4.12091992e+03 1.18148900e+03 
670  710.01  3.51722010e+00 4.12442922e+03 1.18314260e+03 
671  710.79  3.51839555e+00 4.13029981e+03 1.18455485e+03 
672  711.58  3.51500682e+00 4.13104682e+03 1.18596698e+03 
673  712.37  3.51226108e+00 4.13221966e+03 1.18737899e+03 
674  713.16  3.51176335e+00 4.13710108e+03 1.18879087e+03 
675  713.94  3.51057095e+00 4.14232435e+03 1.19020264e+03 
676  714.73  3.50968185e+00 4.14629916e+03 1.19161428e+03 
677  715.52  3.50527298e+00 4.14361925e+03 1.19302580e+03 
678  716.31  3.49992984e+00 4.14320403e+03 1.19443720e+03 
679  717.09  3.49457836e+00 4.14293545e+03 1.19584847e+03 
680  717.88  3.48736772e+00 4.13802815e+03 1.19725962e+03 
681  718.67  3.47801814e+00 4.13277663e+03 1.19867065e+03 
682  719.45  3.47206989e+00 4.13055358e+03 1.20008156e+03 
683  720.24  3.47006114e+00 4.13287649e+03 1.20144773e+03 
684  721.03  3.47020011e+00 4.13761882e+03 1.20271284e+03 
685  721.81  3.46845912e+00 4.14020135e+03 1.20397784e+03 
686  722.60  3.46121353e+00 4.13519537e+03 1.20524273e+03 
687  723.39  3.45489000e+00 4.13220391e+03 1.20650750e+03 
688  724.17  3.45149909e+00 4.13160703e+03 1.20777217e+03 
689  724.96  3.44935727e+00 4.13329831e+03 1.20903672e+03 
690  725.75  3.44350651e+00 4.13121488e+03 1.21030116e+03 
691  726.53  3.43854189e+00 4.12869155e+03 1.21156549e+03 
692  727.32  3.43723521e+00 4.13125269e+03 1.21282971e+03 
693  728.11  3.43540219e+00 4.13463811e+03 1.21409382e+03 
694  728.89  3.43032025e+00 4.13244603e+03 1.21535781e+03 
695  729.68  3.42773250e+00 4.13373437e+03 1.21662169e+03 
696  730.46  3.42697987e+00 4.13621580e+03 1.21785487e+03 
697  731.25  3.42229331e+00 4.13787792e+03 1.21906666e+03 
698  732.04  3.42158083e+00 4.13903028e+03 1.22027834e+03 
699  732.82  3.41570865e+00 4.13646620e+03 1.22148991e+03 
700  733.61  3.40998578e+00 4.13222254e+03 1.22270138e+03 
701  734.39  3.40444852e+00 4.13056126e+03 1.22391274e+03 
702  735.18  3.40290774e+00 4.12978879e+03 1.22512399e+03 
703  735.96  3.39214624e+00 4.12340712e+03 1.22633512e+03 
704  736.75  3.38258685e+00 4.11603268e+03 1.22754616e+03 
705  737.53  3.37769983e+00 4.11382802e+03 1.22875708e+03 
706  738.32  3.37169833e+00 4.11163009e+03 1.22996789e+03 
707  739.10  3.36550149e+00 4.10803729e+03 1.23117859e+03 
708  739.89  3.35745213e+00 4.10042322e+03 1.23238918e+03 
709  740.67  3.34379940e+00 4.08870677e+03 1.23334346e+03 
710  741.46  3.33662198e+00 4.08093188e+03 1.23425556e+03 
711  742.24  3.33021898e+00 4.07582735e+03 1.23516757e+03 
712  743.03  3.31679525e+00 4.06631214e+03 1.23607950e+03 
713  743.81  3.30514636e+00 4.05233680e+03 1.23699135e+03 
714  744.60  3.29108511e+00 4.03685417e+03 1.23790311e+03 
715  745.38  3.27957061e+00 4.02725245e+03 1.23881480e+03 
716  746.17  3.27206362e+00 4.01959779e+03 1.23972639e+03 
717  746.95  3.25817745e+00 4.00751360e+03 1.24063791e+03 
718  747.74  3.24277089e+00 3.99032137e+03 1.24154934e+03 
719  748.52  3.22875766e+00 3.97691975e+03 1.24246069e+03 
720  749.30  3.22140743e+00 3.97136888e+03 1.24337195e+03 
721  750.09  3.21367169e+00 3.96416655e+03 1.24423760e+03 
722  750.87  3.20193384e+00 3.95027300e+03 1.24474646e+03 
723  751.66  3.19057176e+00 3.93789160e+03 1.24525528e+03 
724  752.44  3.18095571e+00 3.92805311e+03 1.24576405e+03 
725  753.22  3.17689801e+00 3.92477208e+03 1.24627277e+03 
726  754.01  3.17280838e+00 3.92098627e+03 1.24678145e+03 
727  754.79  3.15934925e+00 3.90564580e+03 1.24729008e+03 
728  755.58  3.14733389e+00 3.89313560e+03 1.24779866e+03 
729  756.36  3.14210943e+00 3.88847266e+03 1.24830719e+03 
730  757.14  3.14122056e+00 3.88725559e+03 1.24881568e+03 
731  757.93  3.13250212e+00 3.87946599e+03 1.24932412e+03 
732  758.71  3.11073408e+00 3.85522378e+03 1.24983251e+03 
733  759.49  3.07680980e+00 3.81395077e+03 1.25034085e+03 
734  760.28  3.05363092e+00 3.78773832e+03 1.25103603e+03 
735  761.06  3.05780303e+00 3.79678826e+03 1.25207445e+03 
736  761.84  3.06238428e+00 3.80427285e+03 1.25311278e+03 
737  762.63  3.04827151e+00 3.79093279e+03 1.25415101e+03 
738  763.41  3.03604792e+00 3.77960913e+03 1.25518914e+03 
739  764.19  3.03929901e+00 3.78529009e+03 1.25622717e+03 
740  764.97  3.04757629e+00 3.79861297e+03 1.25726510e+03 
741  765.76  3.04865970e+00 3.80281247e+03 1.25830294e+03 
742  766.54  3.03681450e+00 3.79207228e+03 1.25934068e+03 
743  767.32  3.03217361e+00 3.78791634e+03 1.26037831e+03 
744  768.10  3.03230824e+00 3.79230576e+03 1.26141585e+03 
745  768.89  3.02941771e+00 3.79269364e+03 1.26245329e+03 
746  769.67  3.02106816e+00 3.78399878e+03 1.26349063e+03 
747  770.45  3.00871000e+00 3.76991993e+03 1.26438314e+03 
748  771.23  2.99755787e+00 3.76117254e+03 1.26516921e+03 
749  772.02  2.99497871e+00 3.75678229e+03 1.26595521e+03 
750  772.80  2.98926674e+00 3.75417091e+03 1.26674113e+03 
751  773.58  2.98494471e+00 3.74922872e+03 1.26752697e+03 
752  774.36  2.97054734e+00 3.73577630e+03 1.26831274e+03 
753  775.14  2.95836422e+00 3.72307490e+03 1.26909843e+03 
754  775.92  2.95059741e+00 3.71421761e+03 1.26988405e+03 
755  776.71  2.94211452e+00 3.70728124e+03 1.27066959e+03 
756  777.49  2.93735235e+00 3.70314868e+03 1.27145505e+03 
757  778.27  2.92984891e+00 3.69607602e+03 1.27224044e+03 
758  779.05  2.91688717e+00 3.68112104e+03 1.27302575e+03 
759  779.83  2.90744619e+00 3.67247524e+03 1.27381099e+03 
760  780.61  2.90668829e+00 3.67411344e+03 1.27440487e+03 
761  781.39  2.91228328e+00 3.68042307e+03 1.27494622e+03 
762  782.18  2.91117737e+00 3.67921533e+03 1.27548752e+03 
763  782.96  2.89676046e+00 3.66387844e+03 1.27602877e+03 
764  783.74  2.88873773e+00 3.65509665e+03 1.27656997e+03 
765  784.52  2.88290611e+00 3.64791505e+03 1.27711112e+03 
766  785.30  2.87848764e+00 3.64520304e+03 1.27765221e+03 
767  786.08  2.87869587e+00 3.64585435e+03 1.27819324e+03 
768  786.86  2.87433229e+00 3.64354566e+03 1.27873423e+03 
769  787.64  2.86352345e+00 3.63158581e+03 1.27927516e+03 
770  788.42  2.85234482e+00 3.61945967e+03 1.27981604e+03 
771  789.20  2.85003249e+00 3.61719447e+03 1.28035686e+03 
772  789.98  2.84951438e+00 3.61897290e+03 1.28089763e+03 
773  790.76  2.84662371e+00 3.61470400e+03 1.28126681e+03 
774  791.54  2.83240334e+00 3.59752959e+03 1.28163193e+03 
775  792.32  2.82049785e+00 3.58266510e+03 1.28199702e+03 
776  793.10  2.81886702e+00 3.58190989e+03 1.28236207e+03 
777  793.88  2.82003655e+00 3.58490313e+03 1.28272709e+03 
778  794.66  2.81543325e+00 3.57987512e+03 1.28309207e+03 
779  795.44  2.80041724e+00 3.56201313e+03 1.28345701e+03 
780  796.22  2.78244112e+00 3.53985848e+03 1.28382191e+03 
781  797.00  2.77874233e+00 3.53889503e+03 1.28418678e+03 
782  797.78  2.77856695e+00 3.54005089e+03 1.28455162e+03 
783  798.56  2.77024315e+00 3.52898242e+03 1.28491641e+03 
784  799.34  2.76046552e+00 3.51708222e+03 1.28528117e+03 
785  800.12  2.74245138e+00 3.49673503e+03 1.28562332e+03 
786  800.90  2.72285145e+00 3.47120430e+03 1.28584073e+03 
787  801.68  2.71953632e+00 3.46784246e+03 1.28605812e+03 
788  802.46  2.72458700e+00 3.47371893e+03 1.28627548e+03 
789  803.24  2.72118656e+00 3.46992908e+03 1.28649283e+03 
790  804.01  2.70300591e+00 3.44727170e+03 1.28671015e+03 
791  804.79  2.67549919e+00 3.41401051e+03 1.28692745e+03 
792  805.57  2.66260159e+00 3.39707015e+03 1.28714472e+03 
793  806.35  2.67024632e+00 3.40714576e+03 1.28736198e+03 
794  807.13  2.68074887e+00 3.42076289e+03 1.28757921e+03 
795  807.91  2.66263783e+00 3.39982956e+03 1.28779642e+03 
796  808.69  2.62838901e+00 3.35628039e+03 1.28801361e+03 
797  809.47  2.60746782e+00 3.32776973e+03 1.28823078e+03 
798  810.24  2.61215006e+00 3.33504523e+03 1.28839582e+03 
799  811.02  2.62644472e+00 3.35222957e+03 1.28844641e+03 
800  811.80  2.62360104e+00 3.34941499e+03 1.28849699e+03 
801  812.58  2.60642533e+00 3.32823868e+03 1.28854756e+03 
802  813.36  2.58148653e+00 3.29699407e+03 1.28859813e+03 
803  814.13  2.55919531e+00 3.26833640e+03 1.28864869e+03 
804  814.91  2.55707124e+00 3.26563232e+03 1.28869925e+03 
805  815.69  2.56525219e+00 3.27819595e+03 1.28874980e+03 
806  816.47  2.57259989e+00 3.28540899e+03 1.28880035e+03 
807  817.24  2.56130747e+00 3.27201360e+03 1.28885089e+03 
808  818.02  2.54199367e+00 3.24723556e+03 1.28890143e+03 
809  818.80  2.52700097e+00 3.22810288e+03 1.28895196e+03 
810  819.58  2.51530489e+00 3.21479952e+03 1.28900249e+03 
811  820.35  2.52247436e+00 3.22389881e+03 1.28904982e+03 
812  821.13  2.53961587e+00 3.24440626e+03 1.28909334e+03 
813  821.91  2.52682044e+00 3.22922354e+03 1.28913686e+03 
814  822.69  2.49385020e+00 3.18695883e+03 1.28918037e+03 
815  823.46  2.46816043e+00 3.15479026e+03 1.28922388e+03 
816  824.24  2.46218919e+00 3.14567978e+03 1.28926739e+03 
817  825.02  2.47663761e+00 3.16330308e+03 1.28931088e+03 
818  825.79  2.49181535e+00 3.18353914e+03 1.28935438e+03 
819  826.57  2.47884439e+00 3.16747528e+03 1.28939787e+03 
820  827.35  2.45249458e+00 3.13404907e+03 1.28944135e+03 
821  828.12  2.42757466e+00 3.10126506e+03 1.28948483e+03 
822  828.90  2.41892890e+00 3.09107572e+03 1.28952831e+03 
823  829.67  2.42972907e+00 3.10682268e+03 1.28957178e+03 
824  830.45  2.44355881e+00 3.12276800e+03 1.28959812e+03 
825  831.23  2.43456816e+00 3.11166334e+03 1.28961209e+03 
826  832.00  2.40932017e+00 3.07967188e+03 1.28962605e+03 
827  832.78  2.38094203e+00 3.04174229e+03 1.28964002e+03 
828  833.55  2.36754317e+00 3.02492869e+03 1.28965399e+03 
829  834.33  2.37930306e+00 3.04240125e+03 1.28966795e+03 
830  835.11  2.40189954e+00 3.07146841e+03 1.28968191e+03 
831  835.88  2.40109970e+00 3.06998213e+03 1.28969587e+03 
832  836.66  2.37614385e+00 3.03810168e+03 1.28970983e+03 
833  837.43  2.33796112e+00 2.98866776e+03 1.28972379e+03 
834  838.21  2.31605728e+00 2.96227630e+03 1.28973775e+03 
835  838.98  2.32199970e+00 2.96828985e+03 1.28975170e+03 
836  839.76  2.34010952e+00 2.99141996e+03 1.28976566e+03 
837  840.53  2.34246261e+00 2.99315910e+03 1.28975826e+03 
838  841.31  2.31996989e+00 2.96465572e+03 1.28974121e+03 
839  842.08  2.28364995e+00 2.91946348e+03 1.28972416e+03 
840  842.86  2.25527342e+00 2.88299830e+03 1.28970711e+03 
841  843.63  2.25279571e+00 2.88005882e+03 1.28969006e+03 
842  844.41  2.27102555e+00 2.90295183e+03 1.28967302e+03 
843  845.18  2.28576520e+00 2.92311238e+03 1.28965598e+03 
844  845.96  2.28827131e+00 2.92377832e+03 1.28963894e+03 
845  846.73  2.26230846e+00 2.89268168e+03 1.28962190e+03 
846  847.51  2.22719705e+00 2.84768858e+03 1.28960487e+03 
847  848.28  2.20589985e+00 2.81966361e+03 1.28958783e+03 
848  849.05  2.21721033e+00 2.83353708e+03 1.28957080e+03 
849  849.83  2.23679053e+00 2.85957366e+03 1.28955377e+03 
850  850.60  2.24378894e+00 2.86792459e+03 1.28939812e+03 
851  851.38  2.22111568e+00 2.83770830e+03 1.28920309e+03 
852  852.15  2.18693155e+00 2.79400797e+03 1.28900808e+03 
853  852.92  2.16696203e+00 2.76744071e+03 1.28881309e+03 
854  853.70  2.16599119e+00 2.76570465e+03 1.28861812e+03 
855  854.47  2.18175642e+00 2.78621986e+03 1.28842317e+03 
856  855.25  2.19690522e+00 2.80403442e+03 1.28822824e+03 
857  856.02  2.19735915e+00 2.80541347e+03 1.28803334e+03 
858  856.79  2.17565681e+00 2.77788070e+03 1.28783846e+03 
859  857.57  2.14112603e+00 2.73464237e+03 1.28764360e+03 
860  858.34  2.11351310e+00 2.69831209e+03 1.28744876e+03 
861  859.11  2.09993282e+00 2.68004889e+03 1.28725394e+03 
862  859.88  2.11186668e+00 2.69343895e+03 1.28705914e+03 
863  860.66  2.13290388e+00 2.72065948e+03 1.28687357e+03 
864  861.43  2.13525354e+00 2.72406437e+03 1.28668964e+03 
865  862.20  2.11855317e+00 2.70053730e+03 1.28650572e+03 
866  862.98  2.08923520e+00 2.66478561e+03 1.28632183e+03 
867  863.75  2.05769476e+00 2.62365335e+03 1.28613796e+03 
868  864.52  2.04963688e+00 2.61300019e+03 1.28595411e+03 
869  865.29  2.05967360e+00 2.62508008e+03 1.28577028e+03 
870  866.07  2.07890156e+00 2.64752397e+03 1.28558646e+03 
871  866.84  2.08446830e+00 2.65483316e+03 1.28540267e+03 
872  867.61  2.06470021e+00 2.63045770e+03 1.28521891e+03 
873  868.38  2.02794891e+00 2.58430820e+03 1.28503516e+03 
874  869.15  1.99704347e+00 2.54424030e+03 1.28485143e+03 
875  869.93  1.98859205e+00 2.53254780e+03 1.28466772e+03 
876  870.70  2.00301512e+00 2.55198420e+03 1.28430970e+03 
877  871.47  2.01590601e+00 2.56654168e+03 1.28393311e+03 
878  872.24  2.02038577e+00 2.56940758e+03 1.28355656e+03 
879  873.01  2.00455405e+00 2.54912145e+03 1.28318005e+03 
880  873.78  1.97225267e+00 2.50789962e+03 1.28280359e+03 
881  874.55  1.93838766e+00 2.46334477e+03 1.28242717e+03 
882  875.33  1.92415064e+00 2.44525484e+03 1.28205079e+03 
883  876.10  1.93600422e+00 2.45938163e+03 1.28167445e+03 
884  876.87  1.95265588e+00 2.47981880e+03 1.28129816e+03 
885  877.64  1.95911610e+00 2.48819298e+03 1.28092191e+03 
886  878.41  1.94633966e+00 2.47158969e+03 1.28054570e+03 
887  879.18  1.91496515e+00 2.43125530e+03 1.28016954e+03 
888  879.95  1.88406990e+00 2.39220650e+03 1.27979342e+03 
889  880.72  1.87028592e+00 2.37178603e+03 1.27925835e+03 
890  881.49  1.87790120e+00 2.38019895e+03 1.27871279e+03 
891  882.26  1.88975432e+00 2.39480574e+03 1.27816729e+03 
892  883.03  1.90487396e+00 2.41279315e+03 1.27762186e+03 
893  883.80  1.89701342e+00 2.40134342e+03 1.27707649e+03 
894  884.57  1.87040257e+00 2.36665076e+03 1.27653118e+03 
895  885.34  1.84170513e+00 2.33016586e+03 1.27598593e+03 
896  886.11  1.81999001e+00 2.30227452e+03 1.27544075e+03 
897  886.88  1.81548455e+00 2.29500154e+03 1.27489563e+03 
898  887.65  1.82587790e+00 2.30650771e+03 1.27435058e+03 
899  888.42  1.84209225e+00 2.32619263e+03 1.27380558e+03 
900  889.19  1.84969836e+00 2.33563772e+03 1.27326065e+03 
901  889.96  1.83370827e+00 2.31407294e+03 1.27271579e+03 
902  890.73  1.80392466e+00 2.27515025e+03 1.27183450e+03 
903  891.50  1.77733950e+00 2.24036044e+03 1.27093660e+03 
904  892.27  1.76219053e+00 2.21802451e+03 1.27003881e+03 
905  893.04  1.76910559e+00 2.22612648e+03 1.26914112e+03 
906  893.81  1.78755636e+00 2.24751676e+03 1.26824354e+03 
907  894.58  1.79510864e+00 2.25580741e+03 1.26734606e+03 
908  895.35  1.78523110e+00 2.24036497e+03 1.26644869e+03 
909  896.12  1.75868953e+00 2.20610926e+03 1.26555142e+03 
910  896.89  1.73093743e+00 2.17006373e+03 1.26465425e+03 
911  897.65  1.71673183e+00 2.15151561e+03 1.26375720e+03 
912  898.42  1.72202980e+00 2.15572993e+03 1.26286024e+03 
913  899.19  1.73392848e+00 2.16849573e+03 1.26196340e+03 
914  899.96  1.73647167e+00 2.17115431e+03 1.26106666e+03 
915  900.73  1.72961162e+00 2.16170900e+03 1.26027636e+03 
916  901.50  1.70855453e+00 2.13261400e+03 1.25949199e+03 
917  902.26  1.68216743e+00 2.10051149e+03 1.25870772e+03 
918  903.03  1.66494561e+00 2.07832759e+03 1.25792354e+03 
919  903.80  1.66159102e+00 2.07042305e+03 1.25713945e+03 
920  904.57  1.66434662e+00 2.07240458e+03 1.25635546e+03 
921  905.34  1.67162695e+00 2.08120487e+03 1.25557156e+03 
922  906.10  1.67708098e+00 2.08587626e+03 1.25478775e+03 
923  906.87  1.66636233e+00 2.07213061e+03 1.25400403e+03 
924  907.64  1.64527542e+00 2.04508275e+03 1.25322041e+03 
925  908.41  1.62093376e+00 2.01331653e+03 1.25243688e+03 
926  909.17  1.60138381e+00 1.98763633e+03 1.25165345e+03 
927  909.94  1.59526435e+00 1.97830709e+03 1.25087011e+03 
928  910.71  1.59706787e+00 1.97910301e+03 1.24997991e+03 
929  911.48  1.60145718e+00 1.98343020e+03 1.24908094e+03 
930  912.24  1.59884846e+00 1.97920545e+03 1.24818207e+03 
931  913.01  1.58893453e+00 1.96475649e+03 1.24728331e+03 
932  913.78  1.57061893e+00 1.94040340e+03 1.24638466e+03 
933  914.54  1.55046923e+00 1.91311557e+03 1.24548612e+03 
934  915.31  1.53195854e+00 1.89111677e+03 1.24458768e+03 
935  916.08  1.52325569e+00 1.87955079e+03 1.24368935e+03 
936  916.84  1.52330707e+00 1.87655520e+03 1.24279114e+03 
937  917.61  1.52595024e+00 1.87915820e+03 1.24189303e+03 
938  918.37  1.52447328e+00 1.87548014e+03 1.24099503e+03 
939  919.14  1.51570582e+00 1.86325464e+03 1.24009714e+03 
940  919.91  1.49933942e+00 1.84201153e+03 1.23919935e+03 
941  920.67  1.48204948e+00 1.81833122e+03 1.23772322e+03 
942  921.44  1.46465341e+00 1.79609936e+03 1.23616703e+03 
943  922.20  1.45670541e+00 1.78384701e+03 1.23461104e+03 
944  922.97  1.45492462e+00 1.77840924e+03 1.23305523e+03 
945  923.74  1.45513211e+00 1.77692247e+03 1.23149962e+03 
946  924.50  1.45184268e+00 1.77243075e+03 1.22994419e+03 
947  925.27  1.44661484e+00 1.76156836e+03 1.22838896e+03 
948  926.03  1.43284043e+00 1.74313281e+03 1.22683391e+03 
949  926.80  1.41510636e+00 1.71881091e+03 1.22527906e+03 
950  927.56  1.39620745e+00 1.69366833e+03 1.22372440e+03 
951  928.33  1.38249669e+00 1.67642101e+03 1.22216993e+03 
952  929.09  1.37689148e+00 1.66647918e+03 1.22061565e+03 
953  929.86  1.37258802e+00 1.65980916e+03 1.21906156e+03 
954  930.62  1.36713549e+00 1.64993687e+03 1.21763315e+03 
955  931.39  1.35475092e+00 1.63356671e+03 1.21623390e+03 
956  932.15  1.33584651e+00 1.60902129e+03 1.21483483e+03 
957  932.91  1.31531686e+00 1.58192699e+03 1.21343592e+03 
958  933.68  1.29474192e+00 1.55582345e+03 1.21203719e+03 
959  934.44  1.28170985e+00 1.53786633e+03 1.21063863e+03 
960  935.21  1.27451597e+00 1.52874324e+03 1.20924025e+03 
961  935.97  1.27275174e+00 1.52442610e+03 1.20784204e+03 
962  936.74  1.27235206e+00 1.52098844e+03 1.20644400e+03 
963  937.50  1.26724097e+00 1.51379069e+03 1.20504614e+03 
964  938.26  1.25440479e+00 1.49778659e+03 1.20364846e+03 
965  939.03  1.23890585e+00 1.47709872e+03 1.20225095e+03 
966  939.79  1.22387709e+00 1.45678486e+03 1.20085361e+03 
967  940.55  1.20939638e+00 1.43854211e+03 1.19984470e+03 
968  941.32  1.20258091e+00 1.42906973e+03 1.19898284e+03 
969  942.08  1.19747181e+00 1.42241501e+03 1.19812109e+03 
970  942.84  1.19327106e+00 1.41601483e+03 1.19725945e+03 
971  943.61  1.18766983e+00 1.40915951e+03 1.19639792e+03 
972  944.37  1.17610286e+00 1.39426168e+03 1.19553650e+03 
973  945.13  1.16121304e+00 1.37486285e+03 1.19467518e+03 
974  945.90  1.14517050e+00 1.35545889e+03 1.19381398e+03 
975  946.66  1.13373335e+00 1.34134196e+03 1.19295288e+03 
976  947.42  1.12732228e+00 1.33242568e+03 1.19209189e+03 
977  948.18  1.12739907e+00 1.33075900e+03 1.19123101e+03 
978  948.95  1.12838299e+00 1.33095714e+03 1.19037024e+03 
979  949.71  1.12678087e+00 1.32932923e+03 1.18950958e+03 
980  950.47  1.11878725e+00 1.31855797e+03 1.18872992e+03 
981  951.23  1.10757156e+00 1.30367042e+03 1.18800057e+03 
982  951.99  1.09223276e+00 1.28582361e+03 1.18727131e+03 
983  952.76  1.07969028e+00 1.27005985e+03 1.18654214e+03 
984  953.52  1.07181285e+00 1.26044614e+03 1.18581306e+03 
985  954.28  1.06971650e+00 1.25778650e+03 1.18508408e+03 
986  955.04  1.07034864e+00 1.25689265e+03 1.18435519e+03 
987  955.80  1.06726005e+00 1.25208600e+03 1.18362639e+03 
988  956.56  1.06118554e+00 1.24443728e+03 1.18289768e+03 
989  957.33  1.04949402e+00 1.23012293e+03 1.18216907e+03 
990  958.09  1.03705789e+00 1.21404998e+03 1.18144056e+03 
991  958.85  1.02314774e+00 1.19793740e+03 1.18071214e+03 
992  959.61  1.01456351e+00 1.18746647e+03 1.17998381e+03 
993  960.37  1.01086103e+00 1.18189456e+03 1.17926557e+03 
994  961.13  1.00838010e+00 1.17942778e+03 1.17855797e+03 
995  961.89  1.00638589e+00 1.17565320e+03 1.17785047e+03 
996  962.65  1.00011469e+00 1.16727080e+03 1.17714305e+03 
997  963.41  9.90126183e-01 1.15415007e+03 1.17643573e+03 
998  964.17  9.76155805e-01 1.13744779e+03 1.17572850e+03 
999  964.93  9.64375490e-01 1.12324007e+03 1.17502136e+03 
1000 965.69  9.54927749e-01 1.11234029e+03 1.17431431e+03 
1001 966.45  9.50737279e-01 1.10666548e+03 1.17360735e+03 
1002 967.21  9.49052326e-01 1.10346776e+03 1.17290049e+03 
1003 967.97  9.46448862e-01 1.09995950e+03 1.17219372e+03 
1004 968.73  9.37352889e-01 1.08900165e+03 1.17148704e+03 
1005 969.49  9.25198106e-01 1.07373053e+03 1.17078045e+03 
1006 970.25  9.14906769e-01 1.06075286e+03 1.16999477e+03 
1007 971.01  9.07143275e-01 1.05058844e+03 1.16905138e+03 
1008 971.77  9.02125021e-01 1.04408179e+03 1.16810811e+03 
1009 972.53  9.00171401e-01 1.04129033e+03 1.16716497e+03 
1010 973.29  8.94920863e-01 1.03418518e+03 1.16622196e+03 
1011 974.05  8.86569861e-01 1.02412683e+03 1.16527906e+03 
1012 974.81  8.76774429e-01 1.01161048e+03 1.16433629e+03 
1013 975.57  8.66227414e-01 9.99407640e+02 1.16339365e+03 
1014 976.33  8.58778874e-01 9.89420923e+02 1.16245113e+03 
1015 977.09  8.54547816e-01 9.84189496e+02 1.16150873e+03 
1016 977.85  8.50304154e-01 9.78825009e+02 1.16056646e+03 
1017 978.60  8.44592551e-01 9.70723882e+02 1.15962431e+03 
1018 979.36  8.35506748e-01 9.60134501e+02 1.15868229e+03 
1019 980.12  8.24805598e-01 9.47101908e+02 1.15780435e+03 
1020 980.88  8.17951272e-01 9.37804081e+02 1.15726522e+03 
1021 981.64  8.13218972e-01 9.32285752e+02 1.15672616e+03 
1022 982.39  8.09112692e-01 9.27673494e+02 1.15618718e+03 
1023 983.15  8.01118281e-01 9.18015183e+02 1.15564826e+03 
1024 983.91  7.89671217e-01 9.04330135e+02 1.15510942e+03 
1025 984.67  7.79147387e-01 8.92109058e+02 1.15457065e+03 
1026 985.43  7.73868777e-01 8.85227326e+02 1.15403195e+03 
1027 986.18  7.71081025e-01 8.81176601e+02 1.15349332e+03 
1028 986.94  7.63369111e-01 8.72199516e+02 1.15295476e+03 
1029 987.70  7.49943595e-01 8.56799442e+02 1.15241628e+03 
1030 988.46  7.38451861e-01 8.43195016e+02 1.15187787e+03 
1031 989.21  7.31379402e-01 8.35586006e+02 1.15133953e+03 
1032 989.97  7.27361894e-01 8.29491997e+02 1.15080127e+03 
1033 990.73  7.16208784e-01 8.16348720e+02 1.14987192e+03 
1034 991.48  7.01672190e-01 7.99475158e+02 1.14892661e+03 
1035 992.24  6.92362666e-01 7.88026259e+02 1.14798143e+03 
1036 993.00  6.83252058e-01 7.76987477e+02 1.14703638e+03 
1037 993.75  6.69209069e-01 7.60348974e+02 1.14609146e+03 
1038 994.51  6.53550457e-01 7.42276454e+02 1.14514666e+03 
1039 995.27  6.42578489e-01 7.29198883e+02 1.14420199e+03 
1040 996.02  4.19270179e-02 4.74791176e+01 1.14325745e+03 
1041 996.78  2.27231625e-03 2.83776674e+00 1.14231304e+03 
1042 997.54  1.40950873e-03 1.76180245e+00 1.14136876e+03 
1043 998.29  1.26687911e-03 1.79708046e+00 1.14042460e+03 
