% C0 (TOA Count Rate, /ms) for 4STAR VIS spectrometer (1044 channels) derived from 20151104starsun.mat and recorded on 2016-04-07 22:41:30.
% Data outside 2.0x the STD of 501 nm Langley residuals were screened out.
Pix Wavelength C0 C0err
0 173.18 -1.00000000e+00 -1.00000000e+00 
1 173.97 2.36928407e+14 7.10785221e+12 
2 174.77 1.19354317e+14 3.58062952e+12 
3 175.56 3.16207339e+14 9.48622016e+12 
4 176.36 2.36007666e+16 7.08022998e+14 
5 177.15 3.47521426e+16 1.04256428e+15 
6 177.94 4.77092118e+16 1.43127635e+15 
7 178.74 7.82539158e+16 2.34761748e+15 
8 179.53 1.36541467e+17 4.09624401e+15 
9 180.33 2.05033511e+17 6.15100533e+15 
10 181.12 3.64281768e+17 1.09284531e+16 
11 181.92 5.20281161e+17 1.56084348e+16 
12 182.71 8.64338509e+17 2.59301553e+16 
13 183.51 1.49826337e+18 4.49479011e+16 
14 184.30 2.36881803e+18 7.10645410e+16 
15 185.10 4.19476359e+18 1.25842908e+17 
16 185.89 6.65055175e+18 1.99516553e+17 
17 186.69 1.21031978e+19 3.63095933e+17 
18 187.49 8.52776719e+18 2.55833016e+17 
19 188.28 4.88158613e+18 1.46447584e+17 
20 189.08 1.04508146e+19 3.13524439e+17 
21 189.88 5.26236685e+18 1.57871006e+17 
22 190.67 1.87454087e+19 5.62362262e+17 
23 191.47 5.94390245e+19 1.78317073e+18 
24 192.27 1.76998274e+20 5.30994822e+18 
25 193.07 5.03905133e+20 1.51171540e+19 
26 193.86 1.35255797e+21 4.05767392e+19 
27 194.66 3.52909243e+21 1.05872773e+20 
28 195.46 8.84495376e+21 2.65348613e+20 
29 196.26 2.29159750e+22 6.87479250e+20 
30 197.05 5.67544082e+22 1.70263225e+21 
31 197.85 1.13626219e+23 3.40878657e+21 
32 198.65 2.97283196e+23 8.91849587e+21 
33 199.45 7.96020271e+23 2.38806081e+22 
34 200.25 2.27968839e+24 6.83906518e+22 
35 201.05 5.87528864e+24 1.76258659e+23 
36 201.85 1.81080966e+25 5.43242897e+23 
37 202.64 5.37544938e+25 1.61263481e+24 
38 203.44 1.51470529e+26 4.54411588e+24 
39 204.24 4.14318866e+26 1.24295660e+25 
40 205.04 7.53558366e+26 2.26067510e+25 
41 205.84 2.49402548e+27 7.48207645e+25 
42 206.64 1.41631753e+28 4.24895259e+26 
43 207.44 8.73594333e+28 2.62078300e+27 
44 208.24 5.72216350e+29 1.71664905e+28 
45 209.04 3.77774359e+30 1.13332308e+29 
46 209.84 3.02561927e+31 9.07685782e+29 
47 210.64 2.78268739e+32 8.34806218e+30 
48 211.44 3.28198117e+33 9.84594351e+31 
49 212.24 2.63170766e+34 7.89512299e+32 
50 213.05 4.40989858e+35 1.32296957e+34 
51 213.85 1.01457821e+37 3.04373464e+35 
52 214.65 3.37937390e+38 1.01381217e+37 
53 215.45 1.71465826e+40 5.14397479e+38 
54 216.25 8.71638732e+41 2.61491620e+40 
55 217.05 3.49797273e+43 1.04939182e+42 
56 217.85 4.58178878e+42 1.37453663e+41 
57 218.65 2.47796157e+41 7.43388470e+39 
58 219.46 1.32458688e+40 3.97376065e+38 
59 220.26 7.03874832e+38 2.11162449e+37 
60 221.06 3.64003545e+37 1.09201064e+36 
61 221.86 1.97829850e+36 5.93489549e+34 
62 222.66 1.03257844e+35 3.09773531e+33 
63 223.47 5.60173617e+33 1.68052085e+32 
64 224.27 2.97854035e+32 8.93562104e+30 
65 225.07 1.59215902e+31 4.77647707e+29 
66 225.87 8.72035730e+29 2.61610719e+28 
67 226.68 4.68487247e+28 1.40546174e+27 
68 227.48 2.58670531e+27 7.76011594e+25 
69 228.28 1.88916789e+26 5.66750366e+24 
70 229.09 2.16639610e+25 6.49918830e+23 
71 229.89 6.33556059e+24 1.90066818e+23 
72 230.69 5.82442586e+24 1.74732776e+23 
73 231.49 2.10952575e+25 6.32857725e+23 
74 232.30 2.23000775e+26 6.69002326e+24 
75 233.10 4.36955208e+27 1.31086562e+26 
76 233.91 1.15279315e+29 3.45837946e+27 
77 234.71 3.39760775e+30 1.01928233e+29 
78 235.51 1.01412380e+32 3.04237140e+30 
79 236.32 3.25635055e+33 9.76905166e+31 
80 237.12 1.11036858e+35 3.33110574e+33 
81 237.92 3.56283563e+36 1.06885069e+35 
82 238.73 1.19983076e+38 3.59949228e+36 
83 239.53 4.13040189e+39 1.23912057e+38 
84 240.34 1.28912185e+41 3.86736554e+39 
85 241.14 3.78270774e+42 1.13481232e+41 
86 241.94 9.75844395e+43 2.92753318e+42 
87 242.75 2.26624216e+45 6.79872649e+43 
88 243.55 4.86853778e+44 1.46056133e+43 
89 244.36 8.39859805e+42 2.51957941e+41 
90 245.16 1.58739474e+41 4.76218421e+39 
91 245.97 5.46734226e+39 1.64020268e+38 
92 246.77 3.69859843e+38 1.10957953e+37 
93 247.58 3.50629477e+37 1.05188843e+36 
94 248.38 4.01951980e+36 1.20585594e+35 
95 249.19 6.37154184e+35 1.91146255e+34 
96 249.99 1.70762273e+35 5.12286819e+33 
97 250.80 9.44775318e+34 2.83432595e+33 
98 251.60 4.93405499e+34 1.48021650e+33 
99 252.41 2.32055922e+34 6.96167767e+32 
100 253.21 1.41595303e+34 4.24785908e+32 
101 254.02 1.01530759e+34 3.04592277e+32 
102 254.83 8.96105893e+33 2.68831768e+32 
103 255.63 1.06399042e+34 3.19197127e+32 
104 256.44 1.88528217e+34 5.65584651e+32 
105 257.24 4.54610095e+34 1.36383028e+33 
106 258.05 9.31076009e+34 2.79322803e+33 
107 258.85 1.43097786e+35 4.29293358e+33 
108 259.66 7.00336043e+35 2.10100813e+34 
109 260.46 4.87769445e+36 1.46330833e+35 
110 261.27 4.84619042e+37 1.45385712e+36 
111 262.08 6.93044800e+38 2.07913440e+37 
112 262.88 1.73726328e+40 5.21178984e+38 
113 263.69 8.22713308e+41 2.46813993e+40 
114 264.50 7.24639700e+43 2.17391910e+42 
115 265.30 5.51620356e+45 1.65486107e+44 
116 266.11 1.12896286e+46 3.38688859e+44 
117 266.91 4.16870931e+44 1.25061279e+43 
118 267.72 1.22159014e+43 3.66477043e+41 
119 268.53 2.83651217e+41 8.50953650e+39 
120 269.33 7.47558529e+39 2.24267559e+38 
121 270.14 2.57978344e+38 7.73935032e+36 
122 270.95 7.61440508e+36 2.28432152e+35 
123 271.75 1.93908464e+35 5.81725391e+33 
124 272.56 4.57231561e+33 1.37169468e+32 
125 273.37 8.55412016e+31 2.56623605e+30 
126 274.17 1.61112756e+30 4.83338267e+28 
127 274.98 3.94243138e+28 1.18272942e+27 
128 275.79 1.12488637e+27 3.37465912e+25 
129 276.59 3.65547232e+25 1.09664169e+24 
130 277.40 1.21468596e+24 3.64405788e+22 
131 278.21 3.93713108e+22 1.18113932e+21 
132 279.01 1.39172927e+21 4.17518782e+19 
133 279.82 5.62459532e+19 1.68737860e+18 
134 280.63 2.05938507e+18 6.17815520e+16 
135 281.44 8.53313634e+16 2.55994090e+15 
136 282.24 4.66884407e+15 1.40065322e+14 
137 283.05 3.38614419e+14 1.01584326e+13 
138 283.86 2.64559461e+13 7.93678383e+11 
139 284.66 2.02090206e+12 6.06270618e+10 
140 285.47 1.96792579e+11 5.90377736e+09 
141 286.28 2.51175564e+10 7.53526692e+08 
142 287.09 3.27154745e+09 9.81464236e+07 
143 287.89 4.69203450e+08 1.40761035e+07 
144 288.70 7.38032837e+07 2.21409851e+06 
145 289.51 1.40971536e+07 4.22914608e+05 
146 290.32 3.22956801e+06 9.68870402e+04 
147 291.12 7.86363075e+05 2.35908922e+04 
148 291.93 2.03331815e+05 6.09995444e+03 
149 292.74 5.99478669e+04 1.79843601e+03 
150 293.55 1.97815780e+04 5.93447339e+02 
151 294.35 7.02147605e+03 2.10644282e+02 
152 295.16 2.88189713e+03 8.64569138e+01 
153 295.97 1.22016452e+03 3.66049356e+01 
154 296.78 5.61817064e+02 1.68545119e+01 
155 297.58 2.75759849e+02 8.27279548e+00 
156 298.39 1.44246729e+02 4.32740186e+00 
157 299.20 8.17451411e+01 2.45235423e+00 
158 300.01 4.98607286e+01 1.49582186e+00 
159 300.81 3.19208728e+01 9.57626184e-01 
160 301.62 2.04932634e+01 6.14797903e-01 
161 302.43 1.40675998e+01 4.22027994e-01 
162 303.24 1.01702648e+01 3.05107945e-01 
163 304.05 7.65076602e+00 2.29522981e-01 
164 304.85 6.10613141e+00 1.83183942e-01 
165 305.66 4.56216847e+00 1.36865054e-01 
166 306.47 3.64609929e+00 1.09382979e-01 
167 307.28 3.10709375e+00 9.32128126e-02 
168 308.08 2.55832225e+00 7.67496674e-02 
169 308.89 2.16990987e+00 6.50972961e-02 
170 309.70 1.91254824e+00 5.73764473e-02 
171 310.51 1.74262416e+00 5.22787247e-02 
172 311.32 1.55286019e+00 4.65858058e-02 
173 312.12 1.39732816e+00 4.19198447e-02 
174 312.93 1.22422479e+00 3.67267438e-02 
175 313.74 1.14317682e+00 3.42953045e-02 
176 314.55 1.05316112e+00 3.15948335e-02 
177 315.36 9.85088508e-01 2.95526552e-02 
178 316.16 9.81197960e-01 2.94359388e-02 
179 316.97 8.90924363e-01 2.67277309e-02 
180 317.78 9.10359727e-01 2.73107918e-02 
181 318.59 8.25176704e-01 2.47553011e-02 
182 319.39 8.20836804e-01 2.46251041e-02 
183 320.20 7.62287161e-01 2.28686148e-02 
184 321.01 7.69396002e-01 2.30818801e-02 
185 321.82 7.51178052e-01 2.25353416e-02 
186 322.63 7.55099438e-01 2.26529831e-02 
187 323.43 7.12848904e-01 2.13854671e-02 
188 324.24 7.03893644e-01 2.11168093e-02 
189 325.05 7.03187636e-01 2.10956291e-02 
190 325.86 7.04352871e-01 2.11305861e-02 
191 326.67 6.92987386e-01 2.07896216e-02 
192 327.48 6.93905590e-01 2.08171677e-02 
193 328.28 6.96933491e-01 2.09080047e-02 
194 329.09 6.87497598e-01 2.06249279e-02 
195 329.90 6.85759814e-01 2.05727944e-02 
196 330.71 7.05011085e-01 2.11503325e-02 
197 331.51 7.16277124e-01 2.14883137e-02 
198 332.32 7.65440459e-01 2.29632138e-02 
199 333.13 7.76344506e-01 2.32903352e-02 
200 333.94 8.84806511e-01 2.65441953e-02 
201 334.75 9.95998014e-01 2.98799404e-02 
202 335.56 1.16691525e+00 3.50074575e-02 
203 336.36 1.43429531e+00 4.30288592e-02 
204 337.17 2.00399367e+00 6.01198101e-02 
205 337.98 2.62863065e+00 7.88589195e-02 
206 338.79 3.72772688e+00 1.11831806e-01 
207 339.59 4.87450267e+00 1.46235080e-01 
208 340.40 6.05746886e+00 1.81724066e-01 
209 341.21 7.32778945e+00 2.19833684e-01 
210 342.02 8.80236486e+00 2.64070946e-01 
211 342.83 1.01513019e+01 3.04539056e-01 
212 343.64 1.07196724e+01 3.21590173e-01 
213 344.44 1.17987229e+01 3.53961687e-01 
214 345.25 1.33375426e+01 4.00126278e-01 
215 346.06 1.51109935e+01 4.53329805e-01 
216 346.87 1.74158058e+01 5.22474173e-01 
217 347.67 1.78855324e+01 5.36565973e-01 
218 348.48 1.92718349e+01 5.78155046e-01 
219 349.29 2.17161970e+01 6.51485910e-01 
220 350.10 2.48085060e+01 7.44255180e-01 
221 350.91 2.69835398e+01 8.09506194e-01 
222 351.71 2.83772936e+01 8.51318808e-01 
223 352.52 2.85870918e+01 8.57612753e-01 
224 353.33 3.30035988e+01 9.90107963e-01 
225 354.14 3.89277192e+01 1.16783158e+00 
226 354.94 4.15251454e+01 1.24575436e+00 
227 355.75 4.00194881e+01 1.20058464e+00 
228 356.56 3.98611861e+01 1.19583558e+00 
229 357.37 3.76248060e+01 1.12874418e+00 
230 358.18 3.71129868e+01 1.11338960e+00 
231 358.98 4.34925705e+01 1.30477711e+00 
232 359.79 5.26998629e+01 1.58099589e+00 
233 360.60 5.44090792e+01 1.63227238e+00 
234 361.41 5.54406250e+01 1.66321875e+00 
235 362.21 5.94729263e+01 1.78418779e+00 
236 363.02 6.40421922e+01 1.92126577e+00 
237 363.83 6.95799093e+01 2.08739728e+00 
238 364.64 7.53542116e+01 2.26062635e+00 
239 365.44 8.37343191e+01 2.51202957e+00 
240 366.25 9.26362884e+01 2.77908865e+00 
241 367.06 9.63837074e+01 2.89151122e+00 
242 367.87 9.45631351e+01 2.83689405e+00 
243 368.67 9.83064832e+01 2.94919449e+00 
244 369.48 1.06910957e+02 3.20732872e+00 
245 370.29 1.04245426e+02 3.12736277e+00 
246 371.10 1.06667856e+02 3.20003568e+00 
247 371.90 1.04297017e+02 3.12891050e+00 
248 372.71 9.99366604e+01 2.99809981e+00 
249 373.52 9.58333199e+01 2.87499960e+00 
250 374.33 9.55469230e+01 2.86640769e+00 
251 375.13 1.03551098e+02 3.10653294e+00 
252 375.94 1.15181060e+02 3.45543181e+00 
253 376.75 1.30164612e+02 3.90493836e+00 
254 377.55 1.42326165e+02 4.26978496e+00 
255 378.36 1.47891683e+02 4.43675050e+00 
256 379.17 1.40216941e+02 4.20650822e+00 
257 379.98 1.37353329e+02 4.12059988e+00 
258 380.78 1.37147706e+02 4.11443118e+00 
259 381.59 1.27146780e+02 3.81440341e+00 
260 382.40 1.05325145e+02 3.15975436e+00 
261 383.21 9.82541068e+01 2.94762320e+00 
262 384.01 1.09714537e+02 3.29143610e+00 
263 384.82 1.26666601e+02 3.79999803e+00 
264 385.63 1.34012403e+02 4.02037209e+00 
265 386.43 1.35399572e+02 4.06198717e+00 
266 387.24 1.38162241e+02 4.14486723e+00 
267 388.05 1.39752325e+02 4.19256976e+00 
268 388.85 1.52075367e+02 4.56226102e+00 
269 389.66 1.67283404e+02 5.01850212e+00 
270 390.47 1.81651965e+02 5.44955896e+00 
271 391.27 1.81862199e+02 5.45586597e+00 
272 392.08 1.61300899e+02 4.83902698e+00 
273 392.89 1.30690833e+02 3.92072498e+00 
274 393.69 1.24560099e+02 3.73680298e+00 
275 394.50 1.53606700e+02 4.60820100e+00 
276 395.31 1.72387888e+02 5.17163665e+00 
277 396.11 1.59024993e+02 4.77074979e+00 
278 396.92 1.52818218e+02 4.58454655e+00 
279 397.73 1.82776746e+02 5.48330238e+00 
280 398.53 2.28712515e+02 6.86137546e+00 
281 399.34 2.57119192e+02 7.71357576e+00 
282 400.15 2.71691224e+02 8.15073671e+00 
283 400.95 2.81898585e+02 8.45695755e+00 
284 401.76 2.90403103e+02 8.71209309e+00 
285 402.57 2.92312543e+02 8.76937628e+00 
286 403.37 2.92008693e+02 8.76026080e+00 
287 404.18 2.90065698e+02 8.70197093e+00 
288 404.98 2.89384337e+02 8.68153010e+00 
289 405.79 2.87759926e+02 8.63279778e+00 
290 406.60 2.89685179e+02 8.69055538e+00 
291 407.40 2.97195257e+02 8.91585770e+00 
292 408.21 3.09014816e+02 9.27044448e+00 
293 409.02 3.13216936e+02 9.39650808e+00 
294 409.82 3.09718557e+02 9.29155672e+00 
295 410.63 3.14026335e+02 9.42079005e+00 
296 411.44 3.28998260e+02 9.86994779e+00 
297 412.24 3.38483957e+02 1.01545187e+01 
298 413.05 3.39756737e+02 1.01927021e+01 
299 413.85 3.40442126e+02 1.02132638e+01 
300 414.66 3.42172080e+02 1.02651624e+01 
301 415.46 3.44467263e+02 1.03340179e+01 
302 416.27 3.45563194e+02 1.03668958e+01 
303 417.08 3.42453171e+02 1.02735951e+01 
304 417.88 3.37494354e+02 1.01248306e+01 
305 418.69 3.36076350e+02 1.00822905e+01 
306 419.49 3.38360498e+02 1.01508149e+01 
307 420.30 3.43759262e+02 1.03127779e+01 
308 421.11 3.48759204e+02 1.04627761e+01 
309 421.91 3.46521559e+02 1.03956468e+01 
310 422.72 3.40783980e+02 1.02235194e+01 
311 423.52 3.41220271e+02 1.02366081e+01 
312 424.33 3.44900101e+02 1.03470030e+01 
313 425.13 3.46615972e+02 1.03984792e+01 
314 425.94 3.46013466e+02 1.03804040e+01 
315 426.74 3.44331083e+02 1.03299325e+01 
316 427.55 3.41839910e+02 1.02551973e+01 
317 428.35 3.35809037e+02 1.00742711e+01 
318 429.16 3.20658122e+02 9.61974367e+00 
319 429.96 3.04133777e+02 9.12401332e+00 
320 430.77 3.10406631e+02 9.31219894e+00 
321 431.58 3.41278254e+02 1.02383476e+01 
322 432.38 3.72491660e+02 1.11747498e+01 
323 433.19 3.85423206e+02 1.15626962e+01 
324 433.99 3.90652925e+02 1.17195878e+01 
325 434.80 4.03679899e+02 1.21103970e+01 
326 435.60 4.22526607e+02 1.26757982e+01 
327 436.41 4.34364782e+02 1.30309435e+01 
328 437.21 4.31404965e+02 1.29421489e+01 
329 438.02 4.23003072e+02 1.26900922e+01 
330 438.82 4.22905305e+02 1.26871592e+01 
331 439.63 4.33378005e+02 1.30013402e+01 
332 440.43 4.49612269e+02 1.34883681e+01 
333 441.24 4.66737216e+02 1.40021165e+01 
334 442.04 4.81773894e+02 1.44532168e+01 
335 442.84 4.91863580e+02 1.47559074e+01 
336 443.65 4.96719256e+02 1.49015777e+01 
337 444.45 4.97610616e+02 1.49283185e+01 
338 445.26 4.95382283e+02 1.48614685e+01 
339 446.06 4.97856370e+02 1.49356911e+01 
340 446.87 5.08491442e+02 1.52547433e+01 
341 447.67 5.22264064e+02 1.56679219e+01 
342 448.48 5.32617753e+02 1.59785326e+01 
343 449.28 5.42295642e+02 1.62688693e+01 
344 450.09 5.53398720e+02 1.66019616e+01 
345 450.89 5.59454259e+02 1.67836278e+01 
346 451.69 5.53572592e+02 1.66071778e+01 
347 452.50 5.42045659e+02 1.62613698e+01 
348 453.30 5.36337943e+02 1.60901383e+01 
349 454.11 5.39281543e+02 1.61784463e+01 
350 454.91 5.47584804e+02 1.64275441e+01 
351 455.72 5.56465241e+02 1.66939572e+01 
352 456.52 5.63849468e+02 1.69154840e+01 
353 457.32 5.66642935e+02 1.69992881e+01 
354 458.13 5.65057933e+02 1.69517380e+01 
355 458.93 5.63843084e+02 1.69152925e+01 
356 459.74 5.67170090e+02 1.70151027e+01 
357 460.54 5.74655222e+02 1.72396567e+01 
358 461.34 5.82808231e+02 1.74842469e+01 
359 462.15 5.88112297e+02 1.76433689e+01 
360 462.95 5.88025261e+02 1.76407578e+01 
361 463.76 5.83841685e+02 1.75152506e+01 
362 464.56 5.79748669e+02 1.73924601e+01 
363 465.36 5.77066609e+02 1.73119983e+01 
364 466.17 5.75789561e+02 1.72736868e+01 
365 466.97 5.76569731e+02 1.72970919e+01 
366 467.77 5.79716163e+02 1.73914849e+01 
367 468.58 5.83021649e+02 1.74906495e+01 
368 469.38 5.83537181e+02 1.75061154e+01 
369 470.18 5.84127464e+02 1.75238239e+01 
370 470.99 5.90192632e+02 1.77057790e+01 
371 471.79 5.99307884e+02 1.79792365e+01 
372 472.59 6.07166776e+02 1.82150033e+01 
373 473.40 6.12614474e+02 1.83784342e+01 
374 474.20 6.16423480e+02 1.84927044e+01 
375 475.00 6.18845076e+02 1.85653523e+01 
376 475.81 6.20492009e+02 1.86147603e+01 
377 476.61 6.24258768e+02 1.87277631e+01 
378 477.41 6.30602456e+02 1.89180737e+01 
379 478.21 6.36602748e+02 1.90980825e+01 
380 479.02 6.40407412e+02 1.92122223e+01 
381 479.82 6.42605860e+02 1.92781758e+01 
382 480.62 6.45187927e+02 1.93556378e+01 
383 481.43 6.46427867e+02 1.93928360e+01 
384 482.23 6.44916890e+02 1.93475067e+01 
385 483.03 6.39688342e+02 1.91906503e+01 
386 483.84 6.28701796e+02 1.88610539e+01 
387 484.64 6.08111079e+02 1.82433324e+01 
388 485.44 5.83230150e+02 1.74969045e+01 
389 486.24 5.69212250e+02 1.70763675e+01 
390 487.05 5.73053671e+02 1.71916101e+01 
391 487.85 5.90160036e+02 1.77048011e+01 
392 488.65 6.09418516e+02 1.82825555e+01 
393 489.45 6.22436389e+02 1.86730917e+01 
394 490.26 6.26848757e+02 1.88054627e+01 
395 491.06 6.24220140e+02 1.87266042e+01 
396 491.86 6.19630780e+02 1.85889234e+01 
397 492.66 6.19428585e+02 1.85828576e+01 
398 493.46 6.25670252e+02 1.87701076e+01 
399 494.27 6.32979685e+02 1.89893906e+01 
400 495.07 6.37043416e+02 1.91113025e+01 
401 495.87 6.38601131e+02 1.91580339e+01 
402 496.67 6.36095331e+02 1.90828599e+01 
403 497.48 6.31135768e+02 1.89340730e+01 
404 498.28 6.25994062e+02 1.87798219e+01 
405 499.08 6.20048115e+02 1.86014435e+01 
406 499.88 6.13472499e+02 1.84041750e+01 
407 500.68 6.07738658e+02 1.82321597e+01 
408 501.48 6.04901069e+02 1.81470321e+01 
409 502.29 6.06689078e+02 1.82006723e+01 
410 503.09 6.10471717e+02 1.83141515e+01 
411 503.89 6.15672592e+02 1.84701778e+01 
412 504.69 6.22243982e+02 1.86673195e+01 
413 505.49 6.27661457e+02 1.88298437e+01 
414 506.29 6.28802199e+02 1.88640660e+01 
415 507.09 6.25743364e+02 1.87723009e+01 
416 507.90 6.22624911e+02 1.86787473e+01 
417 508.70 6.21808730e+02 1.86542619e+01 
418 509.50 6.22913488e+02 1.86874046e+01 
419 510.30 6.24400393e+02 1.87320118e+01 
420 511.10 6.23562404e+02 1.87068721e+01 
421 511.90 6.19540821e+02 1.85862246e+01 
422 512.70 6.12784771e+02 1.83835431e+01 
423 513.51 6.05261137e+02 1.81578341e+01 
424 514.31 5.99256484e+02 1.79776945e+01 
425 515.11 5.90233895e+02 1.77070169e+01 
426 515.91 5.74832976e+02 1.72449893e+01 
427 516.71 5.59049796e+02 1.67714939e+01 
428 517.51 5.50527810e+02 1.65158343e+01 
429 518.31 5.54840738e+02 1.66452221e+01 
430 519.11 5.68721986e+02 1.70616596e+01 
431 519.91 5.82677552e+02 1.74803265e+01 
432 520.71 5.92800465e+02 1.77840139e+01 
433 521.51 5.96856865e+02 1.79057059e+01 
434 522.32 5.98932380e+02 1.79679714e+01 
435 523.12 6.03188280e+02 1.80956484e+01 
436 523.92 6.07774604e+02 1.82332381e+01 
437 524.72 6.07808470e+02 1.82342541e+01 
438 525.52 5.99314366e+02 1.79794310e+01 
439 526.32 5.88602176e+02 1.76580653e+01 
440 527.12 5.86677198e+02 1.76003159e+01 
441 527.92 5.95102950e+02 1.78530885e+01 
442 528.72 6.08873521e+02 1.82662056e+01 
443 529.52 6.20501345e+02 1.86150404e+01 
444 530.32 6.25681350e+02 1.87704405e+01 
445 531.12 6.23659786e+02 1.87097936e+01 
446 531.92 6.17729248e+02 1.85318774e+01 
447 532.72 6.12180462e+02 1.83654139e+01 
448 533.52 6.11492699e+02 1.83447810e+01 
449 534.32 6.16201441e+02 1.84860432e+01 
450 535.12 6.20983408e+02 1.86295022e+01 
451 535.92 6.21520895e+02 1.86456269e+01 
452 536.72 6.19506422e+02 1.85851927e+01 
453 537.52 6.16428748e+02 1.84928625e+01 
454 538.32 6.12315514e+02 1.83694654e+01 
455 539.12 6.06709382e+02 1.82012815e+01 
456 539.92 6.01621254e+02 1.80486376e+01 
457 540.72 6.00011534e+02 1.80003460e+01 
458 541.52 6.02314986e+02 1.80694496e+01 
459 542.32 6.07290128e+02 1.82187038e+01 
460 543.12 6.12153983e+02 1.83646195e+01 
461 543.92 6.15668893e+02 1.84700668e+01 
462 544.72 6.17815369e+02 1.85344611e+01 
463 545.52 6.17511317e+02 1.85253395e+01 
464 546.31 6.14602393e+02 1.84380718e+01 
465 547.12 6.11201554e+02 1.83360466e+01 
466 547.91 6.09256789e+02 1.82777037e+01 
467 548.71 6.08883408e+02 1.82665022e+01 
468 549.51 6.09079853e+02 1.82723956e+01 
469 550.31 6.08587900e+02 1.82576370e+01 
470 551.11 6.07812098e+02 1.82343629e+01 
471 551.91 6.07402757e+02 1.82220827e+01 
472 552.71 6.07595887e+02 1.82278766e+01 
473 553.51 6.09659073e+02 1.82897722e+01 
474 554.31 6.11059138e+02 1.83317741e+01 
475 555.10 6.09688549e+02 1.82906565e+01 
476 555.90 6.06219430e+02 1.81865829e+01 
477 556.70 6.01361286e+02 1.80408386e+01 
478 557.50 5.94348851e+02 1.78304655e+01 
479 558.30 5.88439730e+02 1.76531919e+01 
480 559.10 5.87177548e+02 1.76153264e+01 
481 559.90 5.87622479e+02 1.76286744e+01 
482 560.70 5.90401488e+02 1.77120446e+01 
483 561.50 5.95814174e+02 1.78744252e+01 
484 562.29 5.99491383e+02 1.79847415e+01 
485 563.09 6.01267073e+02 1.80380122e+01 
486 563.89 6.02600562e+02 1.80780169e+01 
487 564.69 6.02447778e+02 1.80734333e+01 
488 565.49 6.01434087e+02 1.80430226e+01 
489 566.29 6.01412356e+02 1.80423707e+01 
490 567.08 6.04716952e+02 1.81415086e+01 
491 567.88 6.07942762e+02 1.82382829e+01 
492 568.68 6.08824448e+02 1.82647334e+01 
493 569.48 6.08363453e+02 1.82509036e+01 
494 570.27 6.07493866e+02 1.82248160e+01 
495 571.07 6.10962653e+02 1.83288796e+01 
496 571.87 6.19286800e+02 1.85786040e+01 
497 572.67 6.27629794e+02 1.88288938e+01 
498 573.47 6.32218013e+02 1.89665404e+01 
499 574.26 6.30259983e+02 1.89077995e+01 
500 575.06 6.25914075e+02 1.87774223e+01 
501 575.86 6.22492944e+02 1.86747883e+01 
502 576.66 6.18975278e+02 1.85692583e+01 
503 577.46 6.15479073e+02 1.84643722e+01 
504 578.25 6.12469788e+02 1.83740936e+01 
505 579.05 6.10626348e+02 1.83187904e+01 
506 579.85 6.10752488e+02 1.83225746e+01 
507 580.64 6.12058315e+02 1.83617495e+01 
508 581.44 6.13205245e+02 1.83961573e+01 
509 582.24 6.13547061e+02 1.84064118e+01 
510 583.04 6.12759515e+02 1.83827854e+01 
511 583.83 6.09207609e+02 1.82762283e+01 
512 584.63 6.03445339e+02 1.81033602e+01 
513 585.43 5.97838861e+02 1.79351658e+01 
514 586.23 5.93373735e+02 1.78012120e+01 
515 587.02 5.86213194e+02 1.75863958e+01 
516 587.82 5.72851708e+02 1.71855512e+01 
517 588.62 5.57991090e+02 1.67397327e+01 
518 589.41 5.50408994e+02 1.65122698e+01 
519 590.21 5.52607170e+02 1.65782151e+01 
520 591.01 5.60767399e+02 1.68230220e+01 
521 591.80 5.67859475e+02 1.70357843e+01 
522 592.60 5.70493575e+02 1.71148072e+01 
523 593.40 5.70423042e+02 1.71126913e+01 
524 594.19 5.70304055e+02 1.71091217e+01 
525 594.99 5.71507641e+02 1.71452292e+01 
526 595.79 5.74246595e+02 1.72273978e+01 
527 596.58 5.76559208e+02 1.72967762e+01 
528 597.38 5.77619319e+02 1.73285796e+01 
529 598.18 5.77543926e+02 1.73263178e+01 
530 598.97 5.76994673e+02 1.73098402e+01 
531 599.77 5.76082474e+02 1.72824742e+01 
532 600.56 5.74413092e+02 1.72323928e+01 
533 601.36 5.72895062e+02 1.71868519e+01 
534 602.16 5.73925455e+02 1.72177637e+01 
535 602.95 5.76971326e+02 1.73091398e+01 
536 603.75 5.80264352e+02 1.74079305e+01 
537 604.54 5.81543642e+02 1.74463092e+01 
538 605.34 5.80748535e+02 1.74224560e+01 
539 606.14 5.79232172e+02 1.73769652e+01 
540 606.93 5.77154942e+02 1.73146483e+01 
541 607.73 5.74507136e+02 1.72352141e+01 
542 608.52 5.71399079e+02 1.71419724e+01 
543 609.32 5.68478424e+02 1.70543527e+01 
544 610.12 5.66894711e+02 1.70068413e+01 
545 610.91 5.66307513e+02 1.69892254e+01 
546 611.71 5.64717652e+02 1.69415296e+01 
547 612.50 5.62421507e+02 1.68726452e+01 
548 613.30 5.59820508e+02 1.67946152e+01 
549 614.09 5.57587298e+02 1.67276189e+01 
550 614.89 5.54351352e+02 1.66305406e+01 
551 615.68 5.50576510e+02 1.65172953e+01 
552 616.48 5.49009879e+02 1.64702964e+01 
553 617.27 5.50603705e+02 1.65181111e+01 
554 618.07 5.54556945e+02 1.66367083e+01 
555 618.86 5.58342320e+02 1.67502696e+01 
556 619.66 5.60205182e+02 1.68061555e+01 
557 620.45 5.59830861e+02 1.67949258e+01 
558 621.25 5.57701024e+02 1.67310307e+01 
559 622.04 5.53893609e+02 1.66168083e+01 
560 622.84 5.49671534e+02 1.64901460e+01 
561 623.63 5.45759018e+02 1.63727705e+01 
562 624.43 5.42353781e+02 1.62706134e+01 
563 625.22 5.41245613e+02 1.62373684e+01 
564 626.02 5.40011084e+02 1.62003325e+01 
565 626.81 5.37190605e+02 1.61157181e+01 
566 627.61 5.32916822e+02 1.59875047e+01 
567 628.40 5.29363466e+02 1.58809040e+01 
568 629.19 5.27781500e+02 1.58334450e+01 
569 629.99 5.27535425e+02 1.58260627e+01 
570 630.78 5.26963657e+02 1.58089097e+01 
571 631.58 5.27484128e+02 1.58245238e+01 
572 632.37 5.28166657e+02 1.58449997e+01 
573 633.17 5.28337773e+02 1.58501332e+01 
574 633.96 5.27559067e+02 1.58267720e+01 
575 634.76 5.25421244e+02 1.57626373e+01 
576 635.55 5.23301536e+02 1.56990461e+01 
577 636.34 5.22231177e+02 1.56669353e+01 
578 637.14 5.22282907e+02 1.56684872e+01 
579 637.93 5.21514448e+02 1.56454334e+01 
580 638.73 5.17976111e+02 1.55392833e+01 
581 639.52 5.13051148e+02 1.53915345e+01 
582 640.31 5.08281163e+02 1.52484349e+01 
583 641.11 5.05453878e+02 1.51636163e+01 
584 641.90 5.04754532e+02 1.51426360e+01 
585 642.69 5.04798446e+02 1.51439534e+01 
586 643.49 5.03843504e+02 1.51153051e+01 
587 644.28 5.01672374e+02 1.50501712e+01 
588 645.07 4.97838567e+02 1.49351570e+01 
589 645.87 4.93252583e+02 1.47975775e+01 
590 646.66 4.88384968e+02 1.46515490e+01 
591 647.45 4.83768048e+02 1.45130414e+01 
592 648.25 4.78772963e+02 1.43631889e+01 
593 649.04 4.75022154e+02 1.42506646e+01 
594 649.83 4.74673480e+02 1.42402044e+01 
595 650.63 4.76308708e+02 1.42892612e+01 
596 651.42 4.77337863e+02 1.43201359e+01 
597 652.21 4.77133693e+02 1.43140108e+01 
598 653.00 4.76543753e+02 1.42963126e+01 
599 653.80 4.71800042e+02 1.41540013e+01 
600 654.59 4.58045016e+02 1.37413505e+01 
601 655.38 4.37640957e+02 1.31292287e+01 
602 656.17 4.24658387e+02 1.27397516e+01 
603 656.97 4.29801024e+02 1.28940307e+01 
604 657.76 4.46884843e+02 1.34065453e+01 
605 658.55 4.61089725e+02 1.38326917e+01 
606 659.34 4.67681328e+02 1.40304399e+01 
607 660.14 4.71249196e+02 1.41374759e+01 
608 660.93 4.74566531e+02 1.42369959e+01 
609 661.72 4.76791248e+02 1.43037374e+01 
610 662.51 4.76658029e+02 1.42997409e+01 
611 663.31 4.75444680e+02 1.42633404e+01 
612 664.10 4.75462947e+02 1.42638884e+01 
613 664.89 4.76411879e+02 1.42923564e+01 
614 665.68 4.76564634e+02 1.42969390e+01 
615 666.48 4.75500314e+02 1.42650094e+01 
616 667.27 4.74555861e+02 1.42366758e+01 
617 668.06 4.74661933e+02 1.42398580e+01 
618 668.85 4.74522505e+02 1.42356751e+01 
619 669.64 4.72948920e+02 1.41884676e+01 
620 670.43 4.69890487e+02 1.40967146e+01 
621 671.22 4.66682729e+02 1.40004819e+01 
622 672.02 4.65081899e+02 1.39524570e+01 
623 672.81 4.65277029e+02 1.39583109e+01 
624 673.60 4.65220484e+02 1.39566145e+01 
625 674.39 4.63975828e+02 1.39192748e+01 
626 675.18 4.62742697e+02 1.38822809e+01 
627 675.97 4.62168121e+02 1.38650436e+01 
628 676.76 4.61842349e+02 1.38552705e+01 
629 677.56 4.61031271e+02 1.38309381e+01 
630 678.35 4.59632294e+02 1.37889688e+01 
631 679.14 4.58282607e+02 1.37484782e+01 
632 679.93 4.56815300e+02 1.37044590e+01 
633 680.72 4.55715684e+02 1.36714705e+01 
634 681.51 4.54729320e+02 1.36418796e+01 
635 682.30 4.53281246e+02 1.35984374e+01 
636 683.09 4.50178177e+02 1.35053453e+01 
637 683.88 4.46029363e+02 1.33808809e+01 
638 684.67 4.40173874e+02 1.32052162e+01 
639 685.46 4.22237738e+02 1.26671322e+01 
640 686.26 3.82879927e+02 1.14863978e+01 
641 687.05 3.45181172e+02 1.03554352e+01 
642 687.84 3.39792107e+02 1.01937632e+01 
643 688.63 3.53603705e+02 1.06081112e+01 
644 689.42 3.64095977e+02 1.09228793e+01 
645 690.21 3.72725695e+02 1.11817708e+01 
646 691.00 3.81816360e+02 1.14544908e+01 
647 691.79 3.87896254e+02 1.16368876e+01 
648 692.58 3.88604599e+02 1.16581380e+01 
649 693.37 3.85453048e+02 1.15635914e+01 
650 694.16 3.83021449e+02 1.14906435e+01 
651 694.95 3.84728291e+02 1.15418487e+01 
652 695.74 3.90708400e+02 1.17212520e+01 
653 696.53 3.97232524e+02 1.19169757e+01 
654 697.32 3.99237623e+02 1.19771287e+01 
655 698.11 3.95439205e+02 1.18631762e+01 
656 698.90 3.89905475e+02 1.16971642e+01 
657 699.68 3.85703307e+02 1.15710992e+01 
658 700.47 3.82743798e+02 1.14823139e+01 
659 701.26 3.80642196e+02 1.14192659e+01 
660 702.05 3.79582613e+02 1.13874784e+01 
661 702.84 3.81065880e+02 1.14319764e+01 
662 703.63 3.84684774e+02 1.15405432e+01 
663 704.42 3.87828442e+02 1.16348533e+01 
664 705.21 3.88477146e+02 1.16543144e+01 
665 706.00 3.88672855e+02 1.16601856e+01 
666 706.79 3.89611548e+02 1.16883464e+01 
667 707.58 3.90037691e+02 1.17011307e+01 
668 708.37 3.88811041e+02 1.16643312e+01 
669 709.15 3.87793203e+02 1.16337961e+01 
670 709.94 3.87826410e+02 1.16347923e+01 
671 710.73 3.86789204e+02 1.16036761e+01 
672 711.52 3.84121345e+02 1.15236403e+01 
673 712.31 3.81663359e+02 1.14499008e+01 
674 713.10 3.80280702e+02 1.14084211e+01 
675 713.88 3.78231813e+02 1.13469544e+01 
676 714.67 3.73925348e+02 1.12177604e+01 
677 715.46 3.64441383e+02 1.09332415e+01 
678 716.25 3.43441048e+02 1.03032314e+01 
679 717.04 3.15459332e+02 9.46377996e+00 
680 717.83 2.94110932e+02 8.82332797e+00 
681 718.61 2.82797297e+02 8.48391892e+00 
682 719.40 2.81252527e+02 8.43757582e+00 
683 720.19 2.92307950e+02 8.76923850e+00 
684 720.98 3.15493458e+02 9.46480374e+00 
685 721.76 3.33672110e+02 1.00101633e+01 
686 722.55 3.29923882e+02 9.89771646e+00 
687 723.34 3.14009810e+02 9.42029429e+00 
688 724.13 3.03694617e+02 9.11083851e+00 
689 724.91 3.01441586e+02 9.04324757e+00 
690 725.70 3.03169860e+02 9.09509580e+00 
691 726.49 3.05425742e+02 9.16277225e+00 
692 727.28 3.04241904e+02 9.12725711e+00 
693 728.06 3.03414658e+02 9.10243975e+00 
694 728.85 3.03976920e+02 9.11930759e+00 
695 729.64 3.06005132e+02 9.18015396e+00 
696 730.42 3.09472829e+02 9.28418488e+00 
697 731.21 3.13359695e+02 9.40079084e+00 
698 732.00 3.21611697e+02 9.64835092e+00 
699 732.78 3.31023388e+02 9.93070165e+00 
700 733.57 3.38171132e+02 1.01451340e+01 
701 734.36 3.40884664e+02 1.02265399e+01 
702 735.15 3.39280779e+02 1.01784234e+01 
703 735.93 3.37221619e+02 1.01166486e+01 
704 736.72 3.37345673e+02 1.01203702e+01 
705 737.51 3.38691103e+02 1.01607331e+01 
706 738.29 3.36920038e+02 1.01076011e+01 
707 739.08 3.35036271e+02 1.00510881e+01 
708 739.86 3.35751770e+02 1.00725531e+01 
709 740.65 3.35422433e+02 1.00626730e+01 
710 741.44 3.34711614e+02 1.00413484e+01 
711 742.22 3.36544544e+02 1.00963363e+01 
712 743.01 3.38887076e+02 1.01666123e+01 
713 743.79 3.38432139e+02 1.01529642e+01 
714 744.58 3.36477631e+02 1.00943289e+01 
715 745.37 3.36423673e+02 1.00927102e+01 
716 746.15 3.36595077e+02 1.00978523e+01 
717 746.94 3.36179754e+02 1.00853926e+01 
718 747.72 3.34605229e+02 1.00381569e+01 
719 748.51 3.31711365e+02 9.95134095e+00 
720 749.29 3.29076683e+02 9.87230050e+00 
721 750.08 3.27241078e+02 9.81723235e+00 
722 750.86 3.25350392e+02 9.76051176e+00 
723 751.65 3.23937982e+02 9.71813947e+00 
724 752.43 3.23076229e+02 9.69228688e+00 
725 753.22 3.23026821e+02 9.69080462e+00 
726 754.00 3.23068260e+02 9.69204781e+00 
727 754.79 3.20785231e+02 9.62355692e+00 
728 755.57 3.17904483e+02 9.53713450e+00 
729 756.36 3.15781643e+02 9.47344930e+00 
730 757.14 3.13358582e+02 9.40075746e+00 
731 757.93 3.03090604e+02 9.09271813e+00 
732 758.71 2.57942618e+02 7.73827854e+00 
733 759.49 1.63797465e+02 4.91392395e+00 
734 760.28 8.20287258e+01 2.46086177e+00 
735 761.06 7.66242542e+01 2.29872763e+00 
736 761.85 1.06511572e+02 3.19534715e+00 
737 762.63 1.15208884e+02 3.45626653e+00 
738 763.41 1.20846963e+02 3.62540890e+00 
739 764.20 1.42004922e+02 4.26014766e+00 
740 764.98 1.71273055e+02 5.13819164e+00 
741 765.77 2.02013260e+02 6.06039779e+00 
742 766.55 2.31268201e+02 6.93804602e+00 
743 767.33 2.56180141e+02 7.68540422e+00 
744 768.12 2.73028060e+02 8.19084180e+00 
745 768.90 2.82255312e+02 8.46765936e+00 
746 769.68 2.87205954e+02 8.61617863e+00 
747 770.47 2.89958587e+02 8.69875762e+00 
748 771.25 2.90690940e+02 8.72072820e+00 
749 772.03 2.91433855e+02 8.74301566e+00 
750 772.82 2.92888680e+02 8.78666039e+00 
751 773.60 2.92781163e+02 8.78343489e+00 
752 774.38 2.90589471e+02 8.71768414e+00 
753 775.17 2.89567399e+02 8.68702196e+00 
754 775.95 2.89970956e+02 8.69912867e+00 
755 776.73 2.88999152e+02 8.66997456e+00 
756 777.51 2.87066459e+02 8.61199376e+00 
757 778.30 2.85902455e+02 8.57707366e+00 
758 779.08 2.84300501e+02 8.52901503e+00 
759 779.86 2.82570996e+02 8.47712987e+00 
760 780.64 2.82100839e+02 8.46302518e+00 
761 781.43 2.83006281e+02 8.49018843e+00 
762 782.21 2.82580813e+02 8.47742438e+00 
763 782.99 2.79445945e+02 8.38337834e+00 
764 783.77 2.77453554e+02 8.32360663e+00 
765 784.55 2.76942072e+02 8.30826216e+00 
766 785.34 2.76499928e+02 8.29499783e+00 
767 786.12 2.75414849e+02 8.26244548e+00 
768 786.90 2.73211940e+02 8.19635821e+00 
769 787.68 2.70051948e+02 8.10155843e+00 
770 788.46 2.66462410e+02 7.99387231e+00 
771 789.24 2.63452961e+02 7.90358883e+00 
772 790.03 2.61677914e+02 7.85033742e+00 
773 790.81 2.60199053e+02 7.80597158e+00 
774 791.59 2.57529181e+02 7.72587544e+00 
775 792.37 2.55221636e+02 7.65664909e+00 
776 793.15 2.54685021e+02 7.64055064e+00 
777 793.93 2.55345896e+02 7.66037687e+00 
778 794.71 2.55727626e+02 7.67182877e+00 
779 795.49 2.54154348e+02 7.62463043e+00 
780 796.27 2.52859963e+02 7.58579888e+00 
781 797.05 2.54655400e+02 7.63966200e+00 
782 797.83 2.56466521e+02 7.69399563e+00 
783 798.62 2.55244216e+02 7.65732648e+00 
784 799.40 2.52033266e+02 7.56099799e+00 
785 800.18 2.48449552e+02 7.45348657e+00 
786 800.96 2.46489029e+02 7.39467086e+00 
787 801.74 2.46522646e+02 7.39567938e+00 
788 802.52 2.46532994e+02 7.39598981e+00 
789 803.30 2.45475851e+02 7.36427552e+00 
790 804.08 2.43276671e+02 7.29830013e+00 
791 804.86 2.41459644e+02 7.24378933e+00 
792 805.64 2.41606923e+02 7.24820768e+00 
793 806.41 2.43000266e+02 7.29000797e+00 
794 807.20 2.43138406e+02 7.29415219e+00 
795 807.97 2.39943243e+02 7.19829728e+00 
796 808.75 2.34682123e+02 7.04046368e+00 
797 809.53 2.30536041e+02 6.91608124e+00 
798 810.31 2.28651344e+02 6.85954033e+00 
799 811.09 2.26659814e+02 6.79979441e+00 
800 811.87 2.21263618e+02 6.63790855e+00 
801 812.65 2.11935396e+02 6.35806189e+00 
802 813.43 2.00933041e+02 6.02799124e+00 
803 814.21 1.90836770e+02 5.72510311e+00 
804 814.99 1.83806732e+02 5.51420197e+00 
805 815.76 1.79331611e+02 5.37994832e+00 
806 816.54 1.77454481e+02 5.32363442e+00 
807 817.32 1.77216294e+02 5.31648882e+00 
808 818.10 1.78347712e+02 5.35043137e+00 
809 818.88 1.80982902e+02 5.42948705e+00 
810 819.66 1.85809617e+02 5.57428850e+00 
811 820.43 1.91612960e+02 5.74838881e+00 
812 821.21 1.91899180e+02 5.75697541e+00 
813 821.99 1.82180184e+02 5.46540552e+00 
814 822.77 1.72694390e+02 5.18083169e+00 
815 823.55 1.74088382e+02 5.22265147e+00 
816 824.32 1.83804242e+02 5.51412727e+00 
817 825.10 1.93229417e+02 5.79688251e+00 
818 825.88 1.97009584e+02 5.91028752e+00 
819 826.66 1.94589474e+02 5.83768421e+00 
820 827.43 1.89292793e+02 5.67878379e+00 
821 828.21 1.84552187e+02 5.53656561e+00 
822 828.99 1.83293212e+02 5.49879635e+00 
823 829.76 1.85265960e+02 5.55797881e+00 
824 830.54 1.87707939e+02 5.63123818e+00 
825 831.32 1.88018845e+02 5.64056536e+00 
826 832.10 1.86773652e+02 5.60320957e+00 
827 832.87 1.85427694e+02 5.56283083e+00 
828 833.65 1.86489480e+02 5.59468440e+00 
829 834.42 1.90380495e+02 5.71141484e+00 
830 835.20 1.95057389e+02 5.85172167e+00 
831 835.98 1.97349211e+02 5.92047634e+00 
832 836.75 1.97196786e+02 5.91590358e+00 
833 837.53 1.95658176e+02 5.86974527e+00 
834 838.30 1.94998470e+02 5.84995411e+00 
835 839.08 1.96078413e+02 5.88235239e+00 
836 839.86 1.97942637e+02 5.93827910e+00 
837 840.63 1.98229840e+02 5.94689521e+00 
838 841.41 1.96411235e+02 5.89233705e+00 
839 842.18 1.93416718e+02 5.80250153e+00 
840 842.96 1.90859407e+02 5.72578220e+00 
841 843.74 1.90397342e+02 5.71192026e+00 
842 844.51 1.91890935e+02 5.75672806e+00 
843 845.28 1.93533251e+02 5.80599752e+00 
844 846.06 1.93890323e+02 5.81670968e+00 
845 846.84 1.91694910e+02 5.75084730e+00 
846 847.61 1.87652476e+02 5.62957427e+00 
847 848.38 1.83709733e+02 5.51129198e+00 
848 849.16 1.82195365e+02 5.46586095e+00 
849 849.93 1.82226262e+02 5.46678787e+00 
850 850.71 1.82726982e+02 5.48180945e+00 
851 851.48 1.81215930e+02 5.43647789e+00 
852 852.26 1.77094176e+02 5.31282528e+00 
853 853.03 1.71889969e+02 5.15669906e+00 
854 853.81 1.68206323e+02 5.04618968e+00 
855 854.58 1.68371779e+02 5.05115336e+00 
856 855.35 1.72131121e+02 5.16393364e+00 
857 856.13 1.76878748e+02 5.30636245e+00 
858 856.90 1.78969939e+02 5.36909816e+00 
859 857.68 1.78027782e+02 5.34083345e+00 
860 858.45 1.76053142e+02 5.28159425e+00 
861 859.22 1.74588558e+02 5.23765674e+00 
862 860.00 1.74935749e+02 5.24807248e+00 
863 860.77 1.76375159e+02 5.29125478e+00 
864 861.54 1.76671378e+02 5.30014135e+00 
865 862.32 1.75172617e+02 5.25517850e+00 
866 863.09 1.72102888e+02 5.16308664e+00 
867 863.86 1.67338631e+02 5.02015893e+00 
868 864.63 1.63462744e+02 4.90388232e+00 
869 865.41 1.60932930e+02 4.82798789e+00 
870 866.18 1.60057030e+02 4.80171089e+00 
871 866.95 1.60384079e+02 4.81152236e+00 
872 867.73 1.61110632e+02 4.83331897e+00 
873 868.50 1.61214607e+02 4.83643820e+00 
874 869.27 1.60820874e+02 4.82462621e+00 
875 870.04 1.60977580e+02 4.82932740e+00 
876 870.81 1.62246826e+02 4.86740479e+00 
877 871.59 1.63019741e+02 4.89059223e+00 
878 872.36 1.63054319e+02 4.89162956e+00 
879 873.13 1.61539975e+02 4.84619924e+00 
880 873.90 1.58771155e+02 4.76313466e+00 
881 874.67 1.55687595e+02 4.67062784e+00 
882 875.44 1.54224279e+02 4.62672836e+00 
883 876.22 1.54861579e+02 4.64584738e+00 
884 876.99 1.55885025e+02 4.67655074e+00 
885 877.76 1.56343830e+02 4.69031489e+00 
886 878.53 1.55209744e+02 4.65629231e+00 
887 879.30 1.52553569e+02 4.57660707e+00 
888 880.07 1.49705931e+02 4.49117793e+00 
889 880.84 1.48260796e+02 4.44782387e+00 
890 881.61 1.48670475e+02 4.46011426e+00 
891 882.38 1.49837496e+02 4.49512488e+00 
892 883.15 1.51140701e+02 4.53422104e+00 
893 883.92 1.50566584e+02 4.51699751e+00 
894 884.69 1.48323326e+02 4.44969979e+00 
895 885.46 1.45664173e+02 4.36992518e+00 
896 886.24 1.43415222e+02 4.30245666e+00 
897 887.01 1.42561387e+02 4.27684160e+00 
898 887.77 1.43023776e+02 4.29071329e+00 
899 888.55 1.44152067e+02 4.32456202e+00 
900 889.31 1.44702320e+02 4.34106959e+00 
901 890.08 1.43019739e+02 4.29059218e+00 
902 890.85 1.39531298e+02 4.18593893e+00 
903 891.62 1.35477270e+02 4.06431810e+00 
904 892.39 1.31277961e+02 3.93833883e+00 
905 893.16 1.28032887e+02 3.84098661e+00 
906 893.93 1.25197491e+02 3.75592474e+00 
907 894.70 1.21552811e+02 3.64658433e+00 
908 895.47 1.16409459e+02 3.49228378e+00 
909 896.24 1.10457991e+02 3.31373974e+00 
910 897.01 1.04735956e+02 3.14207867e+00 
911 897.77 1.00509871e+02 3.01529614e+00 
912 898.54 9.83512812e+01 2.95053844e+00 
913 899.31 9.77143053e+01 2.93142916e+00 
914 900.08 9.79848111e+01 2.93954433e+00 
915 900.85 9.90057277e+01 2.97017183e+00 
916 901.62 1.00078343e+02 3.00235028e+00 
917 902.38 1.01236619e+02 3.03709858e+00 
918 903.15 1.02560510e+02 3.07681531e+00 
919 903.92 1.03740462e+02 3.11221385e+00 
920 904.69 1.04287998e+02 3.12863995e+00 
921 905.46 1.03752781e+02 3.11258344e+00 
922 906.22 1.01856531e+02 3.05569594e+00 
923 906.99 9.85162824e+01 2.95548847e+00 
924 907.76 9.46811113e+01 2.84043334e+00 
925 908.52 9.11728247e+01 2.73518474e+00 
926 909.29 8.86932962e+01 2.66079888e+00 
927 910.06 8.75689059e+01 2.62706718e+00 
928 910.83 8.73056727e+01 2.61917018e+00 
929 911.59 8.73750136e+01 2.62125041e+00 
930 912.36 8.71151861e+01 2.61345558e+00 
931 913.13 8.62275074e+01 2.58682522e+00 
932 913.89 8.50069521e+01 2.55020856e+00 
933 914.66 8.38652235e+01 2.51595670e+00 
934 915.43 8.33777283e+01 2.50133185e+00 
935 916.19 8.38148222e+01 2.51444467e+00 
936 916.96 8.49324143e+01 2.54797243e+00 
937 917.72 8.64203425e+01 2.59261028e+00 
938 918.49 8.79073190e+01 2.63721957e+00 
939 919.26 8.90899775e+01 2.67269932e+00 
940 920.02 8.96792958e+01 2.69037887e+00 
941 920.79 8.95706857e+01 2.68712057e+00 
942 921.55 8.88976967e+01 2.66693090e+00 
943 922.32 8.79768221e+01 2.63930466e+00 
944 923.08 8.68624653e+01 2.60587396e+00 
945 923.85 8.55320668e+01 2.56596200e+00 
946 924.61 8.37136658e+01 2.51140997e+00 
947 925.38 8.11032716e+01 2.43309815e+00 
948 926.14 7.74910627e+01 2.32473188e+00 
949 926.91 7.28018768e+01 2.18405630e+00 
950 927.67 6.72231413e+01 2.01669424e+00 
951 928.44 6.10802450e+01 1.83240735e+00 
952 929.20 5.48367010e+01 1.64510103e+00 
953 929.97 4.88514273e+01 1.46554282e+00 
954 930.73 4.31990217e+01 1.29597065e+00 
955 931.50 3.79299291e+01 1.13789787e+00 
956 932.26 3.30302419e+01 9.90907256e-01 
957 933.02 2.88653387e+01 8.65960160e-01 
958 933.79 2.59263962e+01 7.77791887e-01 
959 934.55 2.44439797e+01 7.33319391e-01 
960 935.32 2.43609709e+01 7.30829128e-01 
961 936.08 2.52982384e+01 7.58947153e-01 
962 936.84 2.68491910e+01 8.05475730e-01 
963 937.61 2.86764424e+01 8.60293273e-01 
964 938.37 3.06112816e+01 9.18338449e-01 
965 939.13 3.23571117e+01 9.70713352e-01 
966 939.89 3.38551692e+01 1.01565508e+00 
967 940.66 3.47853714e+01 1.04356114e+00 
968 941.42 3.52882163e+01 1.05864649e+00 
969 942.18 3.50427612e+01 1.05128284e+00 
970 942.95 3.43874409e+01 1.03162323e+00 
971 943.71 3.34444144e+01 1.00333243e+00 
972 944.47 3.26311605e+01 9.78934815e-01 
973 945.23 3.18273418e+01 9.54820255e-01 
974 946.00 3.13855403e+01 9.41566209e-01 
975 946.76 3.12210760e+01 9.36632279e-01 
976 947.52 3.13238145e+01 9.39714436e-01 
977 948.28 3.17592356e+01 9.52777067e-01 
978 949.05 3.22488164e+01 9.67464491e-01 
979 949.81 3.26043325e+01 9.78129974e-01 
980 950.57 3.27859284e+01 9.83577852e-01 
981 951.33 3.28020322e+01 9.84060965e-01 
982 952.09 3.27114125e+01 9.81342374e-01 
983 952.85 3.26220706e+01 9.78662118e-01 
984 953.61 3.27666305e+01 9.82998914e-01 
985 954.38 3.31189954e+01 9.93569862e-01 
986 955.14 3.35287818e+01 1.00586345e+00 
987 955.90 3.39588340e+01 1.01876502e+00 
988 956.66 3.44322894e+01 1.03296868e+00 
989 957.42 3.47798909e+01 1.04339673e+00 
990 958.18 3.51218274e+01 1.05365482e+00 
991 958.94 3.54545414e+01 1.06363624e+00 
992 959.70 3.60172351e+01 1.08051705e+00 
993 960.46 3.67090267e+01 1.10127080e+00 
994 961.22 3.75461661e+01 1.12638498e+00 
995 961.98 3.85186733e+01 1.15556020e+00 
996 962.74 3.94635773e+01 1.18390732e+00 
997 963.50 4.04497710e+01 1.21349313e+00 
998 964.26 4.13865108e+01 1.24159532e+00 
999 965.02 4.23303720e+01 1.26991116e+00 
1000 965.78 4.33759046e+01 1.30127714e+00 
1001 966.54 4.46018081e+01 1.33805424e+00 
1002 967.30 4.59447538e+01 1.37834261e+00 
1003 968.06 4.71837019e+01 1.41551106e+00 
1004 968.82 4.80549751e+01 1.44164925e+00 
1005 969.58 4.85442301e+01 1.45632690e+00 
1006 970.34 4.88366832e+01 1.46510050e+00 
1007 971.10 4.89525220e+01 1.46857566e+00 
1008 971.86 4.89320486e+01 1.46796146e+00 
1009 972.62 4.88078073e+01 1.46423422e+00 
1010 973.38 4.84436947e+01 1.45331084e+00 
1011 974.14 4.78523540e+01 1.43557062e+00 
1012 974.89 4.71889190e+01 1.41566757e+00 
1013 975.65 4.66087672e+01 1.39826302e+00 
1014 976.41 4.62813569e+01 1.38844071e+00 
1015 977.17 4.63256437e+01 1.38976931e+00 
1016 977.93 4.65663374e+01 1.39699012e+00 
1017 978.69 4.68003788e+01 1.40401136e+00 
1018 979.45 4.69373820e+01 1.40812146e+00 
1019 980.20 4.70138853e+01 1.41041656e+00 
1020 980.96 4.72150258e+01 1.41645077e+00 
1021 981.72 4.75649496e+01 1.42694849e+00 
1022 982.48 4.79207730e+01 1.43762319e+00 
1023 983.24 4.80916105e+01 1.44274831e+00 
1024 983.99 4.79663400e+01 1.43899020e+00 
1025 984.75 4.78544508e+01 1.43563353e+00 
1026 985.51 4.79571958e+01 1.43871587e+00 
1027 986.26 4.81387172e+01 1.44416152e+00 
1028 987.02 4.80201430e+01 1.44060429e+00 
1029 987.78 4.75626833e+01 1.42688050e+00 
1030 988.54 4.70695987e+01 1.41208796e+00 
1031 989.29 4.68259061e+01 1.40477718e+00 
1032 990.05 4.66893417e+01 1.40068025e+00 
1033 990.81 4.61117455e+01 1.38335236e+00 
1034 991.56 4.53131237e+01 1.35939371e+00 
1035 992.32 4.47218034e+01 1.34165410e+00 
1036 993.08 4.41929042e+01 1.32578713e+00 
1037 993.83 4.33550555e+01 1.30065167e+00 
1038 994.59 4.23765072e+01 1.27129522e+00 
1039 995.35 4.16137773e+01 1.24841332e+00 
1040 996.10 2.66930559e+00 8.00791677e-02 
1041 996.86 1.28443197e-01 3.85329590e-03 
1042 997.62 6.95210072e-02 2.08563022e-03 
1043 998.37 6.31270328e-02 1.89381099e-03 
