% C0 (TOA Count Rate, /ms) for 4STAR VIS spectrometer (1044 channels) derived from 20151104starsun.mat and recorded on 2016-04-07 23:40:52.
% Modified Langley processed for 0.8823-0.9945 micron region
Pix Wavelength C0 C0err
0 173.18 -1.00000000e+00 -1.00000000e+00 
1 173.97 2.36928407e+14 -1.00000000e+00 
2 174.77 1.19354317e+14 -1.00000000e+00 
3 175.56 3.16207339e+14 -1.00000000e+00 
4 176.36 2.36007666e+16 -1.00000000e+00 
5 177.15 3.47521426e+16 -1.00000000e+00 
6 177.94 4.77092118e+16 -1.00000000e+00 
7 178.74 7.82539158e+16 -1.00000000e+00 
8 179.53 1.36541467e+17 -1.00000000e+00 
9 180.33 2.05033511e+17 -1.00000000e+00 
10 181.12 3.64281768e+17 -1.00000000e+00 
11 181.92 5.20281161e+17 -1.00000000e+00 
12 182.71 8.64338509e+17 -1.00000000e+00 
13 183.51 1.49826337e+18 -1.00000000e+00 
14 184.30 2.36881803e+18 -1.00000000e+00 
15 185.10 4.19476359e+18 -1.00000000e+00 
16 185.89 6.65055175e+18 -1.00000000e+00 
17 186.69 1.21031978e+19 -1.00000000e+00 
18 187.49 8.52776719e+18 -1.00000000e+00 
19 188.28 4.88158613e+18 -1.00000000e+00 
20 189.08 1.04508146e+19 -1.00000000e+00 
21 189.88 5.26236685e+18 -1.00000000e+00 
22 190.67 1.87454087e+19 -1.00000000e+00 
23 191.47 5.94390245e+19 -1.00000000e+00 
24 192.27 1.76998274e+20 -1.00000000e+00 
25 193.07 5.03905133e+20 -1.00000000e+00 
26 193.86 1.35255797e+21 -1.00000000e+00 
27 194.66 3.52909243e+21 -1.00000000e+00 
28 195.46 8.84495376e+21 -1.00000000e+00 
29 196.26 2.29159750e+22 -1.00000000e+00 
30 197.05 5.67544082e+22 -1.00000000e+00 
31 197.85 1.13626219e+23 -1.00000000e+00 
32 198.65 2.97283196e+23 -1.00000000e+00 
33 199.45 7.96020271e+23 -1.00000000e+00 
34 200.25 2.27968839e+24 -1.00000000e+00 
35 201.05 5.87528864e+24 -1.00000000e+00 
36 201.85 1.81080966e+25 -1.00000000e+00 
37 202.64 5.37544938e+25 -1.00000000e+00 
38 203.44 1.51470529e+26 -1.00000000e+00 
39 204.24 4.14318866e+26 -1.00000000e+00 
40 205.04 7.53558366e+26 -1.00000000e+00 
41 205.84 2.49402548e+27 -1.00000000e+00 
42 206.64 1.41631753e+28 -1.00000000e+00 
43 207.44 8.73594333e+28 -1.00000000e+00 
44 208.24 5.72216350e+29 -1.00000000e+00 
45 209.04 3.77774359e+30 -1.00000000e+00 
46 209.84 3.02561927e+31 -1.00000000e+00 
47 210.64 2.78268739e+32 -1.00000000e+00 
48 211.44 3.28198117e+33 -1.00000000e+00 
49 212.24 2.63170766e+34 -1.00000000e+00 
50 213.05 4.40989858e+35 -1.00000000e+00 
51 213.85 1.01457821e+37 -1.00000000e+00 
52 214.65 3.37937390e+38 -1.00000000e+00 
53 215.45 1.71465826e+40 -1.00000000e+00 
54 216.25 8.71638732e+41 -1.00000000e+00 
55 217.05 3.49797273e+43 -1.00000000e+00 
56 217.85 4.58178878e+42 -1.00000000e+00 
57 218.65 2.47796157e+41 -1.00000000e+00 
58 219.46 1.32458688e+40 -1.00000000e+00 
59 220.26 7.03874832e+38 -1.00000000e+00 
60 221.06 3.64003545e+37 -1.00000000e+00 
61 221.86 1.97829850e+36 -1.00000000e+00 
62 222.66 1.03257844e+35 -1.00000000e+00 
63 223.47 5.60173617e+33 -1.00000000e+00 
64 224.27 2.97854035e+32 -1.00000000e+00 
65 225.07 1.59215902e+31 -1.00000000e+00 
66 225.87 8.72035730e+29 -1.00000000e+00 
67 226.68 4.68487247e+28 -1.00000000e+00 
68 227.48 2.58670531e+27 -1.00000000e+00 
69 228.28 1.88916789e+26 -1.00000000e+00 
70 229.09 2.16639610e+25 -1.00000000e+00 
71 229.89 6.33556059e+24 -1.00000000e+00 
72 230.69 5.82442586e+24 -1.00000000e+00 
73 231.49 2.10952575e+25 -1.00000000e+00 
74 232.30 2.23000775e+26 -1.00000000e+00 
75 233.10 4.36955208e+27 -1.00000000e+00 
76 233.91 1.15279315e+29 -1.00000000e+00 
77 234.71 3.39760775e+30 -1.00000000e+00 
78 235.51 1.01412380e+32 -1.00000000e+00 
79 236.32 3.25635055e+33 -1.00000000e+00 
80 237.12 1.11036858e+35 -1.00000000e+00 
81 237.92 3.56283563e+36 -1.00000000e+00 
82 238.73 1.19983076e+38 -1.00000000e+00 
83 239.53 4.13040189e+39 -1.00000000e+00 
84 240.34 1.28912185e+41 -1.00000000e+00 
85 241.14 3.78270774e+42 -1.00000000e+00 
86 241.94 9.75844395e+43 -1.00000000e+00 
87 242.75 2.26624216e+45 -1.00000000e+00 
88 243.55 4.86853778e+44 -1.00000000e+00 
89 244.36 8.39859805e+42 -1.00000000e+00 
90 245.16 1.58739474e+41 -1.00000000e+00 
91 245.97 5.46734226e+39 -1.00000000e+00 
92 246.77 3.69859843e+38 -1.00000000e+00 
93 247.58 3.50629477e+37 -1.00000000e+00 
94 248.38 4.01951980e+36 -1.00000000e+00 
95 249.19 6.37154184e+35 -1.00000000e+00 
96 249.99 1.70762273e+35 -1.00000000e+00 
97 250.80 9.44775318e+34 -1.00000000e+00 
98 251.60 4.93405499e+34 -1.00000000e+00 
99 252.41 2.32055922e+34 -1.00000000e+00 
100 253.21 1.41595303e+34 -1.00000000e+00 
101 254.02 1.01530759e+34 -1.00000000e+00 
102 254.83 8.96105893e+33 -1.00000000e+00 
103 255.63 1.06399042e+34 -1.00000000e+00 
104 256.44 1.88528217e+34 -1.00000000e+00 
105 257.24 4.54610095e+34 -1.00000000e+00 
106 258.05 9.31076009e+34 -1.00000000e+00 
107 258.85 1.43097786e+35 -1.00000000e+00 
108 259.66 7.00336043e+35 -1.00000000e+00 
109 260.46 4.87769445e+36 -1.00000000e+00 
110 261.27 4.84619042e+37 -1.00000000e+00 
111 262.08 6.93044800e+38 -1.00000000e+00 
112 262.88 1.73726328e+40 -1.00000000e+00 
113 263.69 8.22713308e+41 -1.00000000e+00 
114 264.50 7.24639700e+43 -1.00000000e+00 
115 265.30 5.51620356e+45 -1.00000000e+00 
116 266.11 1.12896286e+46 -1.00000000e+00 
117 266.91 4.16870931e+44 -1.00000000e+00 
118 267.72 1.22159014e+43 -1.00000000e+00 
119 268.53 2.83651217e+41 -1.00000000e+00 
120 269.33 7.47558529e+39 -1.00000000e+00 
121 270.14 2.57978344e+38 -1.00000000e+00 
122 270.95 7.61440508e+36 -1.00000000e+00 
123 271.75 1.93908464e+35 -1.00000000e+00 
124 272.56 4.57231561e+33 -1.00000000e+00 
125 273.37 8.55412016e+31 -1.00000000e+00 
126 274.17 1.61112756e+30 -1.00000000e+00 
127 274.98 3.94243138e+28 -1.00000000e+00 
128 275.79 1.12488637e+27 -1.00000000e+00 
129 276.59 3.65547232e+25 -1.00000000e+00 
130 277.40 1.21468596e+24 -1.00000000e+00 
131 278.21 3.93713108e+22 -1.00000000e+00 
132 279.01 1.39172927e+21 -1.00000000e+00 
133 279.82 5.62459532e+19 -1.00000000e+00 
134 280.63 2.05938507e+18 -1.00000000e+00 
135 281.44 8.53313634e+16 -1.00000000e+00 
136 282.24 4.66884407e+15 -1.00000000e+00 
137 283.05 3.38614419e+14 -1.00000000e+00 
138 283.86 2.64559461e+13 -1.00000000e+00 
139 284.66 2.02090206e+12 -1.00000000e+00 
140 285.47 1.96792579e+11 -1.00000000e+00 
141 286.28 2.51175564e+10 -1.00000000e+00 
142 287.09 3.27154745e+09 -1.00000000e+00 
143 287.89 4.69203450e+08 -1.00000000e+00 
144 288.70 7.38032837e+07 -1.00000000e+00 
145 289.51 1.40971536e+07 -1.00000000e+00 
146 290.32 3.22956801e+06 -1.00000000e+00 
147 291.12 7.86363075e+05 -1.00000000e+00 
148 291.93 2.03331815e+05 -1.00000000e+00 
149 292.74 5.99478669e+04 -1.00000000e+00 
150 293.55 1.97815780e+04 -1.00000000e+00 
151 294.35 7.02147605e+03 -1.00000000e+00 
152 295.16 2.88189713e+03 -1.00000000e+00 
153 295.97 1.22016452e+03 -1.00000000e+00 
154 296.78 5.61817064e+02 -1.00000000e+00 
155 297.58 2.75759849e+02 -1.00000000e+00 
156 298.39 1.44246729e+02 -1.00000000e+00 
157 299.20 8.17451411e+01 -1.00000000e+00 
158 300.01 4.98607286e+01 -1.00000000e+00 
159 300.81 3.19208728e+01 -1.00000000e+00 
160 301.62 2.04932634e+01 -1.00000000e+00 
161 302.43 1.40675998e+01 -1.00000000e+00 
162 303.24 1.01702648e+01 -1.00000000e+00 
163 304.05 7.65076602e+00 -1.00000000e+00 
164 304.85 6.10613141e+00 -1.00000000e+00 
165 305.66 4.56216847e+00 -1.00000000e+00 
166 306.47 3.64609929e+00 -1.00000000e+00 
167 307.28 3.10709375e+00 -1.00000000e+00 
168 308.08 2.55832225e+00 -1.00000000e+00 
169 308.89 2.16990987e+00 -1.00000000e+00 
170 309.70 1.91254824e+00 -1.00000000e+00 
171 310.51 1.74262416e+00 -1.00000000e+00 
172 311.32 1.55286019e+00 -1.00000000e+00 
173 312.12 1.39732816e+00 -1.00000000e+00 
174 312.93 1.22422479e+00 -1.00000000e+00 
175 313.74 1.14317682e+00 -1.00000000e+00 
176 314.55 1.05316112e+00 -1.00000000e+00 
177 315.36 9.85088508e-01 -1.00000000e+00 
178 316.16 9.81197960e-01 -1.00000000e+00 
179 316.97 8.90924363e-01 -1.00000000e+00 
180 317.78 9.10359727e-01 -1.00000000e+00 
181 318.59 8.25176704e-01 -1.00000000e+00 
182 319.39 8.20836804e-01 -1.00000000e+00 
183 320.20 7.62287161e-01 -1.00000000e+00 
184 321.01 7.69396002e-01 -1.00000000e+00 
185 321.82 7.51178052e-01 -1.00000000e+00 
186 322.63 7.55099438e-01 -1.00000000e+00 
187 323.43 7.12848904e-01 -1.00000000e+00 
188 324.24 7.03893644e-01 -1.00000000e+00 
189 325.05 7.03187636e-01 -1.00000000e+00 
190 325.86 7.04352871e-01 -1.00000000e+00 
191 326.67 6.92987386e-01 -1.00000000e+00 
192 327.48 6.93905590e-01 -1.00000000e+00 
193 328.28 6.96933491e-01 -1.00000000e+00 
194 329.09 6.87497598e-01 -1.00000000e+00 
195 329.90 6.85759814e-01 -1.00000000e+00 
196 330.71 7.05011085e-01 -1.00000000e+00 
197 331.51 7.16277124e-01 -1.00000000e+00 
198 332.32 7.65440459e-01 -1.00000000e+00 
199 333.13 7.76344506e-01 -1.00000000e+00 
200 333.94 8.84806511e-01 -1.00000000e+00 
201 334.75 9.95998014e-01 -1.00000000e+00 
202 335.56 1.16691525e+00 -1.00000000e+00 
203 336.36 1.43429531e+00 -1.00000000e+00 
204 337.17 2.00399367e+00 -1.00000000e+00 
205 337.98 2.62863065e+00 -1.00000000e+00 
206 338.79 3.72772688e+00 -1.00000000e+00 
207 339.59 4.87450267e+00 -1.00000000e+00 
208 340.40 6.05746886e+00 -1.00000000e+00 
209 341.21 7.32778945e+00 -1.00000000e+00 
210 342.02 8.80236486e+00 -1.00000000e+00 
211 342.83 1.01513019e+01 -1.00000000e+00 
212 343.64 1.07196724e+01 -1.00000000e+00 
213 344.44 1.17987229e+01 -1.00000000e+00 
214 345.25 1.33375426e+01 -1.00000000e+00 
215 346.06 1.51109935e+01 -1.00000000e+00 
216 346.87 1.74158058e+01 -1.00000000e+00 
217 347.67 1.78855324e+01 -1.00000000e+00 
218 348.48 1.92718349e+01 -1.00000000e+00 
219 349.29 2.17161970e+01 -1.00000000e+00 
220 350.10 2.48085060e+01 -1.00000000e+00 
221 350.91 2.69835398e+01 -1.00000000e+00 
222 351.71 2.83772936e+01 -1.00000000e+00 
223 352.52 2.85870918e+01 -1.00000000e+00 
224 353.33 3.30035988e+01 -1.00000000e+00 
225 354.14 3.89277192e+01 -1.00000000e+00 
226 354.94 4.15251454e+01 -1.00000000e+00 
227 355.75 4.00194881e+01 -1.00000000e+00 
228 356.56 3.98611861e+01 -1.00000000e+00 
229 357.37 3.76248060e+01 -1.00000000e+00 
230 358.18 3.71129868e+01 -1.00000000e+00 
231 358.98 4.34925705e+01 -1.00000000e+00 
232 359.79 5.26998629e+01 -1.00000000e+00 
233 360.60 5.44090792e+01 -1.00000000e+00 
234 361.41 5.54406250e+01 -1.00000000e+00 
235 362.21 5.94729263e+01 -1.00000000e+00 
236 363.02 6.40421922e+01 -1.00000000e+00 
237 363.83 6.95799093e+01 -1.00000000e+00 
238 364.64 7.53542116e+01 -1.00000000e+00 
239 365.44 8.37343191e+01 -1.00000000e+00 
240 366.25 9.26362884e+01 -1.00000000e+00 
241 367.06 9.63837074e+01 -1.00000000e+00 
242 367.87 9.45631351e+01 -1.00000000e+00 
243 368.67 9.83064832e+01 -1.00000000e+00 
244 369.48 1.06910957e+02 -1.00000000e+00 
245 370.29 1.04245426e+02 -1.00000000e+00 
246 371.10 1.06667856e+02 -1.00000000e+00 
247 371.90 1.04297017e+02 -1.00000000e+00 
248 372.71 9.99366604e+01 -1.00000000e+00 
249 373.52 9.58333199e+01 -1.00000000e+00 
250 374.33 9.55469230e+01 -1.00000000e+00 
251 375.13 1.03551098e+02 -1.00000000e+00 
252 375.94 1.15181060e+02 -1.00000000e+00 
253 376.75 1.30164612e+02 -1.00000000e+00 
254 377.55 1.42326165e+02 -1.00000000e+00 
255 378.36 1.47891683e+02 -1.00000000e+00 
256 379.17 1.40216941e+02 -1.00000000e+00 
257 379.98 1.37353329e+02 -1.00000000e+00 
258 380.78 1.37147706e+02 -1.00000000e+00 
259 381.59 1.27146780e+02 -1.00000000e+00 
260 382.40 1.05325145e+02 -1.00000000e+00 
261 383.21 9.82541068e+01 -1.00000000e+00 
262 384.01 1.09714537e+02 -1.00000000e+00 
263 384.82 1.26666601e+02 -1.00000000e+00 
264 385.63 1.34012403e+02 -1.00000000e+00 
265 386.43 1.35399572e+02 -1.00000000e+00 
266 387.24 1.38162241e+02 -1.00000000e+00 
267 388.05 1.39752325e+02 -1.00000000e+00 
268 388.85 1.52075367e+02 -1.00000000e+00 
269 389.66 1.67283404e+02 -1.00000000e+00 
270 390.47 1.81651965e+02 -1.00000000e+00 
271 391.27 1.81862199e+02 -1.00000000e+00 
272 392.08 1.61300899e+02 -1.00000000e+00 
273 392.89 1.30690833e+02 -1.00000000e+00 
274 393.69 1.24560099e+02 -1.00000000e+00 
275 394.50 1.53606700e+02 -1.00000000e+00 
276 395.31 1.72387888e+02 -1.00000000e+00 
277 396.11 1.59024993e+02 -1.00000000e+00 
278 396.92 1.52818218e+02 -1.00000000e+00 
279 397.73 1.82776746e+02 -1.00000000e+00 
280 398.53 2.28712515e+02 -1.00000000e+00 
281 399.34 2.57119192e+02 -1.00000000e+00 
282 400.15 2.71691224e+02 -1.00000000e+00 
283 400.95 2.81898585e+02 -1.00000000e+00 
284 401.76 2.90403103e+02 -1.00000000e+00 
285 402.57 2.92312543e+02 -1.00000000e+00 
286 403.37 2.92008693e+02 -1.00000000e+00 
287 404.18 2.90065698e+02 -1.00000000e+00 
288 404.98 2.89384337e+02 -1.00000000e+00 
289 405.79 2.87759926e+02 -1.00000000e+00 
290 406.60 2.89685179e+02 -1.00000000e+00 
291 407.40 2.97195257e+02 -1.00000000e+00 
292 408.21 3.09014816e+02 -1.00000000e+00 
293 409.02 3.13216936e+02 -1.00000000e+00 
294 409.82 3.09718557e+02 -1.00000000e+00 
295 410.63 3.14026335e+02 -1.00000000e+00 
296 411.44 3.28998260e+02 -1.00000000e+00 
297 412.24 3.38483957e+02 -1.00000000e+00 
298 413.05 3.39756737e+02 -1.00000000e+00 
299 413.85 3.40442126e+02 -1.00000000e+00 
300 414.66 3.42172080e+02 -1.00000000e+00 
301 415.46 3.44467263e+02 -1.00000000e+00 
302 416.27 3.45563194e+02 -1.00000000e+00 
303 417.08 3.42453171e+02 -1.00000000e+00 
304 417.88 3.37494354e+02 -1.00000000e+00 
305 418.69 3.36076350e+02 -1.00000000e+00 
306 419.49 3.38360498e+02 -1.00000000e+00 
307 420.30 3.43759262e+02 -1.00000000e+00 
308 421.11 3.48759204e+02 -1.00000000e+00 
309 421.91 3.46521559e+02 -1.00000000e+00 
310 422.72 3.40783980e+02 -1.00000000e+00 
311 423.52 3.41220271e+02 -1.00000000e+00 
312 424.33 3.44900101e+02 -1.00000000e+00 
313 425.13 3.46615972e+02 -1.00000000e+00 
314 425.94 3.46013466e+02 -1.00000000e+00 
315 426.74 3.44331083e+02 -1.00000000e+00 
316 427.55 3.41839910e+02 -1.00000000e+00 
317 428.35 3.35809037e+02 -1.00000000e+00 
318 429.16 3.20658122e+02 -1.00000000e+00 
319 429.96 3.04133777e+02 -1.00000000e+00 
320 430.77 3.10406631e+02 -1.00000000e+00 
321 431.58 3.41278254e+02 -1.00000000e+00 
322 432.38 3.72491660e+02 -1.00000000e+00 
323 433.19 3.85423206e+02 -1.00000000e+00 
324 433.99 3.90652925e+02 -1.00000000e+00 
325 434.80 4.03679899e+02 -1.00000000e+00 
326 435.60 4.22526607e+02 -1.00000000e+00 
327 436.41 4.34364782e+02 -1.00000000e+00 
328 437.21 4.31404965e+02 -1.00000000e+00 
329 438.02 4.23003072e+02 -1.00000000e+00 
330 438.82 4.22905305e+02 -1.00000000e+00 
331 439.63 4.33378005e+02 -1.00000000e+00 
332 440.43 4.49612269e+02 -1.00000000e+00 
333 441.24 4.66737216e+02 -1.00000000e+00 
334 442.04 4.81773894e+02 -1.00000000e+00 
335 442.84 4.91863580e+02 -1.00000000e+00 
336 443.65 4.96719256e+02 -1.00000000e+00 
337 444.45 4.97610616e+02 -1.00000000e+00 
338 445.26 4.95382283e+02 -1.00000000e+00 
339 446.06 4.97856370e+02 -1.00000000e+00 
340 446.87 5.08491442e+02 -1.00000000e+00 
341 447.67 5.22264064e+02 -1.00000000e+00 
342 448.48 5.32617753e+02 -1.00000000e+00 
343 449.28 5.42295642e+02 -1.00000000e+00 
344 450.09 5.53398720e+02 -1.00000000e+00 
345 450.89 5.59454259e+02 -1.00000000e+00 
346 451.69 5.53572592e+02 -1.00000000e+00 
347 452.50 5.42045659e+02 -1.00000000e+00 
348 453.30 5.36337943e+02 -1.00000000e+00 
349 454.11 5.39281543e+02 -1.00000000e+00 
350 454.91 5.47584804e+02 -1.00000000e+00 
351 455.72 5.56465241e+02 -1.00000000e+00 
352 456.52 5.63849468e+02 -1.00000000e+00 
353 457.32 5.66642935e+02 -1.00000000e+00 
354 458.13 5.65057933e+02 -1.00000000e+00 
355 458.93 5.63843084e+02 -1.00000000e+00 
356 459.74 5.67170090e+02 -1.00000000e+00 
357 460.54 5.74655222e+02 -1.00000000e+00 
358 461.34 5.82808231e+02 -1.00000000e+00 
359 462.15 5.88112297e+02 -1.00000000e+00 
360 462.95 5.88025261e+02 -1.00000000e+00 
361 463.76 5.83841685e+02 -1.00000000e+00 
362 464.56 5.79748669e+02 -1.00000000e+00 
363 465.36 5.77066609e+02 -1.00000000e+00 
364 466.17 5.75789561e+02 -1.00000000e+00 
365 466.97 5.76569731e+02 -1.00000000e+00 
366 467.77 5.79716163e+02 -1.00000000e+00 
367 468.58 5.83021649e+02 -1.00000000e+00 
368 469.38 5.83537181e+02 -1.00000000e+00 
369 470.18 5.84127464e+02 -1.00000000e+00 
370 470.99 5.90192632e+02 -1.00000000e+00 
371 471.79 5.99307884e+02 -1.00000000e+00 
372 472.59 6.07166776e+02 -1.00000000e+00 
373 473.40 6.12614474e+02 -1.00000000e+00 
374 474.20 6.16423480e+02 -1.00000000e+00 
375 475.00 6.18845076e+02 -1.00000000e+00 
376 475.81 6.20492009e+02 -1.00000000e+00 
377 476.61 6.24258768e+02 -1.00000000e+00 
378 477.41 6.30602456e+02 -1.00000000e+00 
379 478.21 6.36602748e+02 -1.00000000e+00 
380 479.02 6.40407412e+02 -1.00000000e+00 
381 479.82 6.42605860e+02 -1.00000000e+00 
382 480.62 6.45187927e+02 -1.00000000e+00 
383 481.43 6.46427867e+02 -1.00000000e+00 
384 482.23 6.44916890e+02 -1.00000000e+00 
385 483.03 6.39688342e+02 -1.00000000e+00 
386 483.84 6.28701796e+02 -1.00000000e+00 
387 484.64 6.08111079e+02 -1.00000000e+00 
388 485.44 5.83230150e+02 -1.00000000e+00 
389 486.24 5.69212250e+02 -1.00000000e+00 
390 487.05 5.73053671e+02 -1.00000000e+00 
391 487.85 5.90160036e+02 -1.00000000e+00 
392 488.65 6.09418516e+02 -1.00000000e+00 
393 489.45 6.22436389e+02 -1.00000000e+00 
394 490.26 6.26848757e+02 -1.00000000e+00 
395 491.06 6.24220140e+02 -1.00000000e+00 
396 491.86 6.19630780e+02 -1.00000000e+00 
397 492.66 6.19428585e+02 -1.00000000e+00 
398 493.46 6.25670252e+02 -1.00000000e+00 
399 494.27 6.32979685e+02 -1.00000000e+00 
400 495.07 6.37043416e+02 -1.00000000e+00 
401 495.87 6.38601131e+02 -1.00000000e+00 
402 496.67 6.36095331e+02 -1.00000000e+00 
403 497.48 6.31135768e+02 -1.00000000e+00 
404 498.28 6.25994062e+02 -1.00000000e+00 
405 499.08 6.20048115e+02 -1.00000000e+00 
406 499.88 6.13472499e+02 -1.00000000e+00 
407 500.68 6.07738658e+02 -1.00000000e+00 
408 501.48 6.04901069e+02 -1.00000000e+00 
409 502.29 6.06689078e+02 -1.00000000e+00 
410 503.09 6.10471717e+02 -1.00000000e+00 
411 503.89 6.15672592e+02 -1.00000000e+00 
412 504.69 6.22243982e+02 -1.00000000e+00 
413 505.49 6.27661457e+02 -1.00000000e+00 
414 506.29 6.28802199e+02 -1.00000000e+00 
415 507.09 6.25743364e+02 -1.00000000e+00 
416 507.90 6.22624911e+02 -1.00000000e+00 
417 508.70 6.21808730e+02 -1.00000000e+00 
418 509.50 6.22913488e+02 -1.00000000e+00 
419 510.30 6.24400393e+02 -1.00000000e+00 
420 511.10 6.23562404e+02 -1.00000000e+00 
421 511.90 6.19540821e+02 -1.00000000e+00 
422 512.70 6.12784771e+02 -1.00000000e+00 
423 513.51 6.05261137e+02 -1.00000000e+00 
424 514.31 5.99256484e+02 -1.00000000e+00 
425 515.11 5.90233895e+02 -1.00000000e+00 
426 515.91 5.74832976e+02 -1.00000000e+00 
427 516.71 5.59049796e+02 -1.00000000e+00 
428 517.51 5.50527810e+02 -1.00000000e+00 
429 518.31 5.54840738e+02 -1.00000000e+00 
430 519.11 5.68721986e+02 -1.00000000e+00 
431 519.91 5.82677552e+02 -1.00000000e+00 
432 520.71 5.92800465e+02 -1.00000000e+00 
433 521.51 5.96856865e+02 -1.00000000e+00 
434 522.32 5.98932380e+02 -1.00000000e+00 
435 523.12 6.03188280e+02 -1.00000000e+00 
436 523.92 6.07774604e+02 -1.00000000e+00 
437 524.72 6.07808470e+02 -1.00000000e+00 
438 525.52 5.99314366e+02 -1.00000000e+00 
439 526.32 5.88602176e+02 -1.00000000e+00 
440 527.12 5.86677198e+02 -1.00000000e+00 
441 527.92 5.95102950e+02 -1.00000000e+00 
442 528.72 6.08873521e+02 -1.00000000e+00 
443 529.52 6.20501345e+02 -1.00000000e+00 
444 530.32 6.25681350e+02 -1.00000000e+00 
445 531.12 6.23659786e+02 -1.00000000e+00 
446 531.92 6.17729248e+02 -1.00000000e+00 
447 532.72 6.12180462e+02 -1.00000000e+00 
448 533.52 6.11492699e+02 -1.00000000e+00 
449 534.32 6.16201441e+02 -1.00000000e+00 
450 535.12 6.20983408e+02 -1.00000000e+00 
451 535.92 6.21520895e+02 -1.00000000e+00 
452 536.72 6.19506422e+02 -1.00000000e+00 
453 537.52 6.16428748e+02 -1.00000000e+00 
454 538.32 6.12315514e+02 -1.00000000e+00 
455 539.12 6.06709382e+02 -1.00000000e+00 
456 539.92 6.01621254e+02 -1.00000000e+00 
457 540.72 6.00011534e+02 -1.00000000e+00 
458 541.52 6.02314986e+02 -1.00000000e+00 
459 542.32 6.07290128e+02 -1.00000000e+00 
460 543.12 6.12153983e+02 -1.00000000e+00 
461 543.92 6.15668893e+02 -1.00000000e+00 
462 544.72 6.17815369e+02 -1.00000000e+00 
463 545.52 6.17511317e+02 -1.00000000e+00 
464 546.31 6.14602393e+02 -1.00000000e+00 
465 547.12 6.11201554e+02 -1.00000000e+00 
466 547.91 6.09256789e+02 -1.00000000e+00 
467 548.71 6.08883408e+02 -1.00000000e+00 
468 549.51 6.09079853e+02 -1.00000000e+00 
469 550.31 6.08587900e+02 -1.00000000e+00 
470 551.11 6.07812098e+02 -1.00000000e+00 
471 551.91 6.07402757e+02 -1.00000000e+00 
472 552.71 6.07595887e+02 -1.00000000e+00 
473 553.51 6.09659073e+02 -1.00000000e+00 
474 554.31 6.11059138e+02 -1.00000000e+00 
475 555.10 6.09688549e+02 -1.00000000e+00 
476 555.90 6.06219430e+02 -1.00000000e+00 
477 556.70 6.01361286e+02 -1.00000000e+00 
478 557.50 5.94348851e+02 -1.00000000e+00 
479 558.30 5.88439730e+02 -1.00000000e+00 
480 559.10 5.87177548e+02 -1.00000000e+00 
481 559.90 5.87622479e+02 -1.00000000e+00 
482 560.70 5.90401488e+02 -1.00000000e+00 
483 561.50 5.95814174e+02 -1.00000000e+00 
484 562.29 5.99491383e+02 -1.00000000e+00 
485 563.09 6.01267073e+02 -1.00000000e+00 
486 563.89 6.02600562e+02 -1.00000000e+00 
487 564.69 6.02447778e+02 -1.00000000e+00 
488 565.49 6.01434087e+02 -1.00000000e+00 
489 566.29 6.01412356e+02 -1.00000000e+00 
490 567.08 6.04716952e+02 -1.00000000e+00 
491 567.88 6.07942762e+02 -1.00000000e+00 
492 568.68 6.08824448e+02 -1.00000000e+00 
493 569.48 6.08363453e+02 -1.00000000e+00 
494 570.27 6.07493866e+02 -1.00000000e+00 
495 571.07 6.10962653e+02 -1.00000000e+00 
496 571.87 6.19286800e+02 -1.00000000e+00 
497 572.67 6.27629794e+02 -1.00000000e+00 
498 573.47 6.32218013e+02 -1.00000000e+00 
499 574.26 6.30259983e+02 -1.00000000e+00 
500 575.06 6.25914075e+02 -1.00000000e+00 
501 575.86 6.22492944e+02 -1.00000000e+00 
502 576.66 6.18975278e+02 -1.00000000e+00 
503 577.46 6.15479073e+02 -1.00000000e+00 
504 578.25 6.12469788e+02 -1.00000000e+00 
505 579.05 6.10626348e+02 -1.00000000e+00 
506 579.85 6.10752488e+02 -1.00000000e+00 
507 580.64 6.12058315e+02 -1.00000000e+00 
508 581.44 6.13205245e+02 -1.00000000e+00 
509 582.24 6.13547061e+02 -1.00000000e+00 
510 583.04 6.12759515e+02 -1.00000000e+00 
511 583.83 6.09207609e+02 -1.00000000e+00 
512 584.63 6.03445339e+02 -1.00000000e+00 
513 585.43 5.97838861e+02 -1.00000000e+00 
514 586.23 5.93373735e+02 -1.00000000e+00 
515 587.02 5.86213194e+02 -1.00000000e+00 
516 587.82 5.72851708e+02 -1.00000000e+00 
517 588.62 5.57991090e+02 -1.00000000e+00 
518 589.41 5.50408994e+02 -1.00000000e+00 
519 590.21 5.52607170e+02 -1.00000000e+00 
520 591.01 5.60767399e+02 -1.00000000e+00 
521 591.80 5.67859475e+02 -1.00000000e+00 
522 592.60 5.70493575e+02 -1.00000000e+00 
523 593.40 5.70423042e+02 -1.00000000e+00 
524 594.19 5.70304055e+02 -1.00000000e+00 
525 594.99 5.71507641e+02 -1.00000000e+00 
526 595.79 5.74246595e+02 -1.00000000e+00 
527 596.58 5.76559208e+02 -1.00000000e+00 
528 597.38 5.77619319e+02 -1.00000000e+00 
529 598.18 5.77543926e+02 -1.00000000e+00 
530 598.97 5.76994673e+02 -1.00000000e+00 
531 599.77 5.76082474e+02 -1.00000000e+00 
532 600.56 5.74413092e+02 -1.00000000e+00 
533 601.36 5.72895062e+02 -1.00000000e+00 
534 602.16 5.73925455e+02 -1.00000000e+00 
535 602.95 5.76971326e+02 -1.00000000e+00 
536 603.75 5.80264352e+02 -1.00000000e+00 
537 604.54 5.81543642e+02 -1.00000000e+00 
538 605.34 5.80748535e+02 -1.00000000e+00 
539 606.14 5.79232172e+02 -1.00000000e+00 
540 606.93 5.77154942e+02 -1.00000000e+00 
541 607.73 5.74507136e+02 -1.00000000e+00 
542 608.52 5.71399079e+02 -1.00000000e+00 
543 609.32 5.68478424e+02 -1.00000000e+00 
544 610.12 5.66894711e+02 -1.00000000e+00 
545 610.91 5.66307513e+02 -1.00000000e+00 
546 611.71 5.64717652e+02 -1.00000000e+00 
547 612.50 5.62421507e+02 -1.00000000e+00 
548 613.30 5.59820508e+02 -1.00000000e+00 
549 614.09 5.57587298e+02 -1.00000000e+00 
550 614.89 5.54351352e+02 -1.00000000e+00 
551 615.68 5.50576510e+02 -1.00000000e+00 
552 616.48 5.49009879e+02 -1.00000000e+00 
553 617.27 5.50603705e+02 -1.00000000e+00 
554 618.07 5.54556945e+02 -1.00000000e+00 
555 618.86 5.58342320e+02 -1.00000000e+00 
556 619.66 5.60205182e+02 -1.00000000e+00 
557 620.45 5.59830861e+02 -1.00000000e+00 
558 621.25 5.57701024e+02 -1.00000000e+00 
559 622.04 5.53893609e+02 -1.00000000e+00 
560 622.84 5.49671534e+02 -1.00000000e+00 
561 623.63 5.45759018e+02 -1.00000000e+00 
562 624.43 5.42353781e+02 -1.00000000e+00 
563 625.22 5.41245613e+02 -1.00000000e+00 
564 626.02 5.40011084e+02 -1.00000000e+00 
565 626.81 5.37190605e+02 -1.00000000e+00 
566 627.61 5.32916822e+02 -1.00000000e+00 
567 628.40 5.29363466e+02 -1.00000000e+00 
568 629.19 5.27781500e+02 -1.00000000e+00 
569 629.99 5.27535425e+02 -1.00000000e+00 
570 630.78 5.26963657e+02 -1.00000000e+00 
571 631.58 5.27484128e+02 -1.00000000e+00 
572 632.37 5.28166657e+02 -1.00000000e+00 
573 633.17 5.28337773e+02 -1.00000000e+00 
574 633.96 5.27559067e+02 -1.00000000e+00 
575 634.76 5.25421244e+02 -1.00000000e+00 
576 635.55 5.23301536e+02 -1.00000000e+00 
577 636.34 5.22231177e+02 -1.00000000e+00 
578 637.14 5.22282907e+02 -1.00000000e+00 
579 637.93 5.21514448e+02 -1.00000000e+00 
580 638.73 5.17976111e+02 -1.00000000e+00 
581 639.52 5.13051148e+02 -1.00000000e+00 
582 640.31 5.08281163e+02 -1.00000000e+00 
583 641.11 5.05453878e+02 -1.00000000e+00 
584 641.90 5.04754532e+02 -1.00000000e+00 
585 642.69 5.04798446e+02 -1.00000000e+00 
586 643.49 5.03843504e+02 -1.00000000e+00 
587 644.28 5.01672374e+02 -1.00000000e+00 
588 645.07 4.97838567e+02 -1.00000000e+00 
589 645.87 4.93252583e+02 -1.00000000e+00 
590 646.66 4.88384968e+02 -1.00000000e+00 
591 647.45 4.83768048e+02 -1.00000000e+00 
592 648.25 4.78772963e+02 -1.00000000e+00 
593 649.04 4.75022154e+02 -1.00000000e+00 
594 649.83 4.74673480e+02 -1.00000000e+00 
595 650.63 4.76308708e+02 -1.00000000e+00 
596 651.42 4.77337863e+02 -1.00000000e+00 
597 652.21 4.77133693e+02 -1.00000000e+00 
598 653.00 4.76543753e+02 -1.00000000e+00 
599 653.80 4.71800042e+02 -1.00000000e+00 
600 654.59 4.58045016e+02 -1.00000000e+00 
601 655.38 4.37640957e+02 -1.00000000e+00 
602 656.17 4.24658387e+02 -1.00000000e+00 
603 656.97 4.29801024e+02 -1.00000000e+00 
604 657.76 4.46884843e+02 -1.00000000e+00 
605 658.55 4.61089725e+02 -1.00000000e+00 
606 659.34 4.67681328e+02 -1.00000000e+00 
607 660.14 4.71249196e+02 -1.00000000e+00 
608 660.93 4.74566531e+02 -1.00000000e+00 
609 661.72 4.76791248e+02 -1.00000000e+00 
610 662.51 4.76658029e+02 -1.00000000e+00 
611 663.31 4.75444680e+02 -1.00000000e+00 
612 664.10 4.75462947e+02 -1.00000000e+00 
613 664.89 4.76411879e+02 -1.00000000e+00 
614 665.68 4.76564634e+02 -1.00000000e+00 
615 666.48 4.75500314e+02 -1.00000000e+00 
616 667.27 4.74555861e+02 -1.00000000e+00 
617 668.06 4.74661933e+02 -1.00000000e+00 
618 668.85 4.74522505e+02 -1.00000000e+00 
619 669.64 4.72948920e+02 -1.00000000e+00 
620 670.43 4.69890487e+02 -1.00000000e+00 
621 671.22 4.66682729e+02 -1.00000000e+00 
622 672.02 4.65081899e+02 -1.00000000e+00 
623 672.81 4.65277029e+02 -1.00000000e+00 
624 673.60 4.65220484e+02 -1.00000000e+00 
625 674.39 4.63975828e+02 -1.00000000e+00 
626 675.18 4.62742697e+02 -1.00000000e+00 
627 675.97 4.62168121e+02 -1.00000000e+00 
628 676.76 4.61842349e+02 -1.00000000e+00 
629 677.56 4.61031271e+02 -1.00000000e+00 
630 678.35 4.59632294e+02 -1.00000000e+00 
631 679.14 4.58282607e+02 -1.00000000e+00 
632 679.93 4.56815300e+02 -1.00000000e+00 
633 680.72 4.55715684e+02 -1.00000000e+00 
634 681.51 4.54729320e+02 -1.00000000e+00 
635 682.30 4.53281246e+02 -1.00000000e+00 
636 683.09 4.50178177e+02 -1.00000000e+00 
637 683.88 4.46029363e+02 -1.00000000e+00 
638 684.67 4.40173874e+02 -1.00000000e+00 
639 685.46 4.22237738e+02 -1.00000000e+00 
640 686.26 3.82879927e+02 -1.00000000e+00 
641 687.05 3.45181172e+02 -1.00000000e+00 
642 687.84 3.39792107e+02 -1.00000000e+00 
643 688.63 3.53603705e+02 -1.00000000e+00 
644 689.42 3.64095977e+02 -1.00000000e+00 
645 690.21 3.72725695e+02 -1.00000000e+00 
646 691.00 3.81816360e+02 -1.00000000e+00 
647 691.79 3.87896254e+02 -1.00000000e+00 
648 692.58 3.88604599e+02 -1.00000000e+00 
649 693.37 3.85453048e+02 -1.00000000e+00 
650 694.16 3.83021449e+02 -1.00000000e+00 
651 694.95 3.84728291e+02 -1.00000000e+00 
652 695.74 3.90708400e+02 -1.00000000e+00 
653 696.53 3.97232524e+02 -1.00000000e+00 
654 697.32 3.99237623e+02 -1.00000000e+00 
655 698.11 3.95439205e+02 -1.00000000e+00 
656 698.90 3.89905475e+02 -1.00000000e+00 
657 699.68 3.85703307e+02 -1.00000000e+00 
658 700.47 3.82743798e+02 -1.00000000e+00 
659 701.26 3.80642196e+02 -1.00000000e+00 
660 702.05 3.79582613e+02 -1.00000000e+00 
661 702.84 3.81065880e+02 -1.00000000e+00 
662 703.63 3.84684774e+02 -1.00000000e+00 
663 704.42 3.87828442e+02 -1.00000000e+00 
664 705.21 3.88477146e+02 -1.00000000e+00 
665 706.00 3.88672855e+02 -1.00000000e+00 
666 706.79 3.89611548e+02 -1.00000000e+00 
667 707.58 3.90037691e+02 -1.00000000e+00 
668 708.37 3.88811041e+02 -1.00000000e+00 
669 709.15 3.87793203e+02 -1.00000000e+00 
670 709.94 3.87826410e+02 -1.00000000e+00 
671 710.73 3.86789204e+02 -1.00000000e+00 
672 711.52 3.84121345e+02 -1.00000000e+00 
673 712.31 3.81663359e+02 -1.00000000e+00 
674 713.10 3.80280702e+02 -1.00000000e+00 
675 713.88 3.78231813e+02 -1.00000000e+00 
676 714.67 3.73925348e+02 -1.00000000e+00 
677 715.46 3.64441383e+02 -1.00000000e+00 
678 716.25 3.43441048e+02 -1.00000000e+00 
679 717.04 3.15459332e+02 -1.00000000e+00 
680 717.83 2.94110932e+02 -1.00000000e+00 
681 718.61 2.82797297e+02 -1.00000000e+00 
682 719.40 2.81252527e+02 -1.00000000e+00 
683 720.19 2.92307950e+02 -1.00000000e+00 
684 720.98 3.15493458e+02 -1.00000000e+00 
685 721.76 3.33672110e+02 -1.00000000e+00 
686 722.55 3.29923882e+02 -1.00000000e+00 
687 723.34 3.14009810e+02 -1.00000000e+00 
688 724.13 3.03694617e+02 -1.00000000e+00 
689 724.91 3.01441586e+02 -1.00000000e+00 
690 725.70 3.03169860e+02 -1.00000000e+00 
691 726.49 3.05425742e+02 -1.00000000e+00 
692 727.28 3.04241904e+02 -1.00000000e+00 
693 728.06 3.03414658e+02 -1.00000000e+00 
694 728.85 3.03976920e+02 -1.00000000e+00 
695 729.64 3.06005132e+02 -1.00000000e+00 
696 730.42 3.09472829e+02 -1.00000000e+00 
697 731.21 3.13359695e+02 -1.00000000e+00 
698 732.00 3.21611697e+02 -1.00000000e+00 
699 732.78 3.31023388e+02 -1.00000000e+00 
700 733.57 3.38171132e+02 -1.00000000e+00 
701 734.36 3.40884664e+02 -1.00000000e+00 
702 735.15 3.39280779e+02 -1.00000000e+00 
703 735.93 3.37221619e+02 -1.00000000e+00 
704 736.72 3.37345673e+02 -1.00000000e+00 
705 737.51 3.38691103e+02 -1.00000000e+00 
706 738.29 3.36920038e+02 -1.00000000e+00 
707 739.08 3.35036271e+02 -1.00000000e+00 
708 739.86 3.35751770e+02 -1.00000000e+00 
709 740.65 3.35422433e+02 -1.00000000e+00 
710 741.44 3.34711614e+02 -1.00000000e+00 
711 742.22 3.36544544e+02 -1.00000000e+00 
712 743.01 3.38887076e+02 -1.00000000e+00 
713 743.79 3.38432139e+02 -1.00000000e+00 
714 744.58 3.36477631e+02 -1.00000000e+00 
715 745.37 3.36423673e+02 -1.00000000e+00 
716 746.15 3.36595077e+02 -1.00000000e+00 
717 746.94 3.36179754e+02 -1.00000000e+00 
718 747.72 3.34605229e+02 -1.00000000e+00 
719 748.51 3.31711365e+02 -1.00000000e+00 
720 749.29 3.29076683e+02 -1.00000000e+00 
721 750.08 3.27241078e+02 -1.00000000e+00 
722 750.86 3.25350392e+02 -1.00000000e+00 
723 751.65 3.23937982e+02 -1.00000000e+00 
724 752.43 3.23076229e+02 -1.00000000e+00 
725 753.22 3.23026821e+02 -1.00000000e+00 
726 754.00 3.23068260e+02 -1.00000000e+00 
727 754.79 3.20785231e+02 -1.00000000e+00 
728 755.57 3.17904483e+02 -1.00000000e+00 
729 756.36 3.15781643e+02 -1.00000000e+00 
730 757.14 3.13358582e+02 -1.00000000e+00 
731 757.93 3.03090604e+02 -1.00000000e+00 
732 758.71 2.57942618e+02 -1.00000000e+00 
733 759.49 1.63797465e+02 -1.00000000e+00 
734 760.28 8.20287258e+01 -1.00000000e+00 
735 761.06 7.66242542e+01 -1.00000000e+00 
736 761.85 1.06511572e+02 -1.00000000e+00 
737 762.63 1.15208884e+02 -1.00000000e+00 
738 763.41 1.20846963e+02 -1.00000000e+00 
739 764.20 1.42004922e+02 -1.00000000e+00 
740 764.98 1.71273055e+02 -1.00000000e+00 
741 765.77 2.02013260e+02 -1.00000000e+00 
742 766.55 2.31268201e+02 -1.00000000e+00 
743 767.33 2.56180141e+02 -1.00000000e+00 
744 768.12 2.73028060e+02 -1.00000000e+00 
745 768.90 2.82255312e+02 -1.00000000e+00 
746 769.68 2.87205954e+02 -1.00000000e+00 
747 770.47 2.89958587e+02 -1.00000000e+00 
748 771.25 2.90690940e+02 -1.00000000e+00 
749 772.03 2.91433855e+02 -1.00000000e+00 
750 772.82 2.92888680e+02 -1.00000000e+00 
751 773.60 2.92781163e+02 -1.00000000e+00 
752 774.38 2.90589471e+02 -1.00000000e+00 
753 775.17 2.89567399e+02 -1.00000000e+00 
754 775.95 2.89970956e+02 -1.00000000e+00 
755 776.73 2.88999152e+02 -1.00000000e+00 
756 777.51 2.87066459e+02 -1.00000000e+00 
757 778.30 2.85902455e+02 -1.00000000e+00 
758 779.08 2.84300501e+02 -1.00000000e+00 
759 779.86 2.82570996e+02 -1.00000000e+00 
760 780.64 2.82100839e+02 -1.00000000e+00 
761 781.43 2.83006281e+02 -1.00000000e+00 
762 782.21 2.82580813e+02 -1.00000000e+00 
763 782.99 2.79445945e+02 -1.00000000e+00 
764 783.77 2.77453554e+02 -1.00000000e+00 
765 784.55 2.76942072e+02 -1.00000000e+00 
766 785.34 2.76499928e+02 -1.00000000e+00 
767 786.12 2.75414849e+02 -1.00000000e+00 
768 786.90 2.73211940e+02 -1.00000000e+00 
769 787.68 2.70051948e+02 -1.00000000e+00 
770 788.46 2.66462410e+02 -1.00000000e+00 
771 789.24 2.63452961e+02 -1.00000000e+00 
772 790.03 2.61677914e+02 -1.00000000e+00 
773 790.81 2.60199053e+02 -1.00000000e+00 
774 791.59 2.57529181e+02 -1.00000000e+00 
775 792.37 2.55221636e+02 -1.00000000e+00 
776 793.15 2.54685021e+02 -1.00000000e+00 
777 793.93 2.55345896e+02 -1.00000000e+00 
778 794.71 2.55727626e+02 -1.00000000e+00 
779 795.49 2.54154348e+02 -1.00000000e+00 
780 796.27 2.52859963e+02 -1.00000000e+00 
781 797.05 2.54655400e+02 -1.00000000e+00 
782 797.83 2.56466521e+02 -1.00000000e+00 
783 798.62 2.55244216e+02 -1.00000000e+00 
784 799.40 2.52033266e+02 -1.00000000e+00 
785 800.18 2.48449552e+02 -1.00000000e+00 
786 800.96 2.46489029e+02 -1.00000000e+00 
787 801.74 2.46522646e+02 -1.00000000e+00 
788 802.52 2.46532994e+02 -1.00000000e+00 
789 803.30 2.45475851e+02 -1.00000000e+00 
790 804.08 2.43276671e+02 -1.00000000e+00 
791 804.86 2.41459644e+02 -1.00000000e+00 
792 805.64 2.41606923e+02 -1.00000000e+00 
793 806.41 2.43000266e+02 -1.00000000e+00 
794 807.20 2.43138406e+02 -1.00000000e+00 
795 807.97 2.39943243e+02 -1.00000000e+00 
796 808.75 2.34682123e+02 -1.00000000e+00 
797 809.53 2.30536041e+02 -1.00000000e+00 
798 810.31 2.28651344e+02 -1.00000000e+00 
799 811.09 2.26659814e+02 -1.00000000e+00 
800 811.87 2.21263618e+02 -1.00000000e+00 
801 812.65 2.11935396e+02 -1.00000000e+00 
802 813.43 2.00933041e+02 -1.00000000e+00 
803 814.21 1.90836770e+02 -1.00000000e+00 
804 814.99 1.83806732e+02 -1.00000000e+00 
805 815.76 1.79331611e+02 -1.00000000e+00 
806 816.54 1.77454481e+02 -1.00000000e+00 
807 817.32 1.77216294e+02 -1.00000000e+00 
808 818.10 1.78347712e+02 -1.00000000e+00 
809 818.88 1.80982902e+02 -1.00000000e+00 
810 819.66 1.85809617e+02 -1.00000000e+00 
811 820.43 1.91612960e+02 -1.00000000e+00 
812 821.21 1.91899180e+02 -1.00000000e+00 
813 821.99 1.82180184e+02 -1.00000000e+00 
814 822.77 1.72694390e+02 -1.00000000e+00 
815 823.55 1.74088382e+02 -1.00000000e+00 
816 824.32 1.83804242e+02 -1.00000000e+00 
817 825.10 1.93229417e+02 -1.00000000e+00 
818 825.88 1.97009584e+02 -1.00000000e+00 
819 826.66 1.94589474e+02 -1.00000000e+00 
820 827.43 1.89292793e+02 -1.00000000e+00 
821 828.21 1.84552187e+02 -1.00000000e+00 
822 828.99 1.83293212e+02 -1.00000000e+00 
823 829.76 1.85265960e+02 -1.00000000e+00 
824 830.54 1.87707939e+02 -1.00000000e+00 
825 831.32 1.88018845e+02 -1.00000000e+00 
826 832.10 1.86773652e+02 -1.00000000e+00 
827 832.87 1.85427694e+02 -1.00000000e+00 
828 833.65 1.86489480e+02 -1.00000000e+00 
829 834.42 1.90380495e+02 -1.00000000e+00 
830 835.20 1.95057389e+02 -1.00000000e+00 
831 835.98 1.97349211e+02 -1.00000000e+00 
832 836.75 1.97196786e+02 -1.00000000e+00 
833 837.53 1.95658176e+02 -1.00000000e+00 
834 838.30 1.94998470e+02 -1.00000000e+00 
835 839.08 1.96078413e+02 -1.00000000e+00 
836 839.86 1.97942637e+02 -1.00000000e+00 
837 840.63 1.98229840e+02 -1.00000000e+00 
838 841.41 1.96411235e+02 -1.00000000e+00 
839 842.18 1.93416718e+02 -1.00000000e+00 
840 842.96 1.90859407e+02 -1.00000000e+00 
841 843.74 1.90397342e+02 -1.00000000e+00 
842 844.51 1.91890935e+02 -1.00000000e+00 
843 845.28 1.93533251e+02 -1.00000000e+00 
844 846.06 1.93890323e+02 -1.00000000e+00 
845 846.84 1.91694910e+02 -1.00000000e+00 
846 847.61 1.87652476e+02 -1.00000000e+00 
847 848.38 1.83709733e+02 -1.00000000e+00 
848 849.16 1.82195365e+02 -1.00000000e+00 
849 849.93 1.82226262e+02 -1.00000000e+00 
850 850.71 1.82726982e+02 -1.00000000e+00 
851 851.48 1.81215930e+02 -1.00000000e+00 
852 852.26 1.77094176e+02 -1.00000000e+00 
853 853.03 1.71889969e+02 -1.00000000e+00 
854 853.81 1.68206323e+02 -1.00000000e+00 
855 854.58 1.68371779e+02 -1.00000000e+00 
856 855.35 1.72131121e+02 -1.00000000e+00 
857 856.13 1.76878748e+02 -1.00000000e+00 
858 856.90 1.78969939e+02 -1.00000000e+00 
859 857.68 1.78027782e+02 -1.00000000e+00 
860 858.45 1.76053142e+02 -1.00000000e+00 
861 859.22 1.74588558e+02 -1.00000000e+00 
862 860.00 1.74935749e+02 -1.00000000e+00 
863 860.77 1.76375159e+02 -1.00000000e+00 
864 861.54 1.76671378e+02 -1.00000000e+00 
865 862.32 1.75172617e+02 -1.00000000e+00 
866 863.09 1.72102888e+02 -1.00000000e+00 
867 863.86 1.67338631e+02 -1.00000000e+00 
868 864.63 1.63462744e+02 -1.00000000e+00 
869 865.41 1.60932930e+02 -1.00000000e+00 
870 866.18 1.60057030e+02 -1.00000000e+00 
871 866.95 1.60384079e+02 -1.00000000e+00 
872 867.73 1.61110632e+02 -1.00000000e+00 
873 868.50 1.61214607e+02 -1.00000000e+00 
874 869.27 1.60820874e+02 -1.00000000e+00 
875 870.04 1.60977580e+02 -1.00000000e+00 
876 870.81 1.62246826e+02 -1.00000000e+00 
877 871.59 1.63019741e+02 -1.00000000e+00 
878 872.36 1.63054319e+02 -1.00000000e+00 
879 873.13 1.61539975e+02 -1.00000000e+00 
880 873.90 1.58771155e+02 -1.00000000e+00 
881 874.67 1.55687595e+02 -1.00000000e+00 
882 875.44 1.54224279e+02 -1.00000000e+00 
883 876.22 1.54861579e+02 -1.00000000e+00 
884 876.99 1.55885025e+02 -1.00000000e+00 
885 877.76 1.56343830e+02 -1.00000000e+00 
886 878.53 1.55209744e+02 -1.00000000e+00 
887 879.30 1.52553569e+02 -1.00000000e+00 
888 880.07 1.49705931e+02 -1.00000000e+00 
889 880.84 1.48260796e+02 -1.00000000e+00 
890 881.61 1.48670475e+02 -1.00000000e+00 
891 882.38 1.52500246e+02 -1.00000000e+00 
892 883.15 1.53855964e+02 -1.00000000e+00 
893 883.92 1.53301558e+02 -1.00000000e+00 
894 884.69 1.51054108e+02 -1.00000000e+00 
895 885.46 1.48412856e+02 -1.00000000e+00 
896 886.24 1.46215270e+02 -1.00000000e+00 
897 887.01 1.45414181e+02 -1.00000000e+00 
898 887.77 1.45945573e+02 -1.00000000e+00 
899 888.55 1.47109849e+02 -1.00000000e+00 
900 889.31 1.47791320e+02 -1.00000000e+00 
901 890.08 1.46390860e+02 -1.00000000e+00 
902 890.85 1.43489794e+02 -1.00000000e+00 
903 891.62 1.40636899e+02 -1.00000000e+00 
904 892.39 1.39692399e+02 -1.00000000e+00 
905 893.16 1.37800264e+02 -1.00000000e+00 
906 893.93 1.38371536e+02 -1.00000000e+00 
907 894.70 1.38532972e+02 -1.00000000e+00 
908 895.47 1.36974627e+02 -1.00000000e+00 
909 896.24 1.34287862e+02 -1.00000000e+00 
910 897.01 1.31746576e+02 -1.00000000e+00 
911 897.77 1.30354550e+02 -1.00000000e+00 
912 898.54 1.30294125e+02 -1.00000000e+00 
913 899.31 1.30520811e+02 -1.00000000e+00 
914 900.08 1.29948118e+02 -1.00000000e+00 
915 900.85 1.28922448e+02 -1.00000000e+00 
916 901.62 1.27297009e+02 -1.00000000e+00 
917 902.38 1.25613446e+02 -1.00000000e+00 
918 903.15 1.24262137e+02 -1.00000000e+00 
919 903.92 1.23411992e+02 -1.00000000e+00 
920 904.69 1.22932598e+02 -1.00000000e+00 
921 905.46 1.22931469e+02 -1.00000000e+00 
922 906.22 1.22848388e+02 -1.00000000e+00 
923 906.99 1.21825569e+02 -1.00000000e+00 
924 907.76 1.19908113e+02 -1.00000000e+00 
925 908.52 1.17716611e+02 -1.00000000e+00 
926 909.29 1.15835132e+02 -1.00000000e+00 
927 910.06 1.15047985e+02 -1.00000000e+00 
928 910.83 1.15104048e+02 -1.00000000e+00 
929 911.59 1.15404395e+02 -1.00000000e+00 
930 912.36 1.15455900e+02 -1.00000000e+00 
931 913.13 1.14717237e+02 -1.00000000e+00 
932 913.89 1.13578628e+02 -1.00000000e+00 
933 914.66 1.12011121e+02 -1.00000000e+00 
934 915.43 1.10737594e+02 -1.00000000e+00 
935 916.19 1.10116650e+02 -1.00000000e+00 
936 916.96 1.10091351e+02 -1.00000000e+00 
937 917.72 1.10399695e+02 -1.00000000e+00 
938 918.49 1.10442671e+02 -1.00000000e+00 
939 919.26 1.09693888e+02 -1.00000000e+00 
940 920.02 1.08236232e+02 -1.00000000e+00 
941 920.79 1.06350276e+02 -1.00000000e+00 
942 921.55 1.04466166e+02 -1.00000000e+00 
943 922.32 1.02934891e+02 -1.00000000e+00 
944 923.08 1.01690956e+02 -1.00000000e+00 
945 923.85 1.00828435e+02 -1.00000000e+00 
946 924.61 9.98632665e+01 -1.00000000e+00 
947 925.38 9.85060397e+01 -1.00000000e+00 
948 926.14 9.67948380e+01 -1.00000000e+00 
949 926.91 9.46881115e+01 -1.00000000e+00 
950 927.67 9.25050386e+01 -1.00000000e+00 
951 928.44 9.04276221e+01 -1.00000000e+00 
952 929.20 8.90192095e+01 -1.00000000e+00 
953 929.97 8.80713279e+01 -1.00000000e+00 
954 930.73 8.70902201e+01 -1.00000000e+00 
955 931.50 8.54913652e+01 -1.00000000e+00 
956 932.26 8.41948874e+01 -1.00000000e+00 
957 933.02 7.94987458e+01 -1.00000000e+00 
958 933.79 1.03706964e+02 -1.00000000e+00 
959 934.55 9.83300128e+01 -1.00000000e+00 
960 935.32 9.44560111e+01 -1.00000000e+00 
961 936.08 9.30119801e+01 -1.00000000e+00 
962 936.84 9.29174341e+01 -1.00000000e+00 
963 937.61 6.95186366e+01 -1.00000000e+00 
964 938.37 6.84229998e+01 -1.00000000e+00 
965 939.13 6.75220564e+01 -1.00000000e+00 
966 939.89 6.70649134e+01 -1.00000000e+00 
967 940.66 6.66610022e+01 -1.00000000e+00 
968 941.42 6.67186906e+01 -1.00000000e+00 
969 942.18 6.67454394e+01 -1.00000000e+00 
970 942.95 6.65504754e+01 -1.00000000e+00 
971 943.71 6.60047150e+01 -1.00000000e+00 
972 944.47 6.54793173e+01 -1.00000000e+00 
973 945.23 6.46984900e+01 -1.00000000e+00 
974 946.00 6.42572374e+01 -1.00000000e+00 
975 946.76 6.42794699e+01 -1.00000000e+00 
976 947.52 6.45414470e+01 -1.00000000e+00 
977 948.28 6.52029145e+01 -1.00000000e+00 
978 949.05 6.56847004e+01 -1.00000000e+00 
979 949.81 6.57935412e+01 -1.00000000e+00 
980 950.57 6.54808950e+01 -1.00000000e+00 
981 951.33 6.48401006e+01 -1.00000000e+00 
982 952.09 6.37918448e+01 -1.00000000e+00 
983 952.85 6.27749828e+01 -1.00000000e+00 
984 953.61 6.20089703e+01 -1.00000000e+00 
985 954.38 6.19362021e+01 -1.00000000e+00 
986 955.14 6.18879553e+01 -1.00000000e+00 
987 955.90 6.19848045e+01 -1.00000000e+00 
988 956.66 6.11212362e+01 -1.00000000e+00 
989 957.42 6.14844969e+01 -1.00000000e+00 
990 958.18 6.15700701e+01 -1.00000000e+00 
991 958.94 6.11065782e+01 -1.00000000e+00 
992 959.70 6.14641754e+01 -1.00000000e+00 
993 960.46 6.22237054e+01 -1.00000000e+00 
994 961.22 6.28102496e+01 -1.00000000e+00 
995 961.98 6.29713316e+01 -1.00000000e+00 
996 962.74 6.29195948e+01 -1.00000000e+00 
997 963.50 6.27508905e+01 -1.00000000e+00 
998 964.26 6.31589918e+01 -1.00000000e+00 
999 965.02 6.19158951e+01 -1.00000000e+00 
1000 965.78 6.17855025e+01 -1.00000000e+00 
1001 966.54 6.32385519e+01 -1.00000000e+00 
1002 967.30 6.23129766e+01 -1.00000000e+00 
1003 968.06 6.27271675e+01 -1.00000000e+00 
1004 968.82 6.27943495e+01 -1.00000000e+00 
1005 969.58 6.40535334e+01 -1.00000000e+00 
1006 970.34 6.25468224e+01 -1.00000000e+00 
1007 971.10 6.24445942e+01 -1.00000000e+00 
1008 971.86 6.32372740e+01 -1.00000000e+00 
1009 972.62 6.22035531e+01 -1.00000000e+00 
1010 973.38 6.17850748e+01 -1.00000000e+00 
1011 974.14 6.08975927e+01 -1.00000000e+00 
1012 974.89 6.04965150e+01 -1.00000000e+00 
1013 975.65 5.87911388e+01 -1.00000000e+00 
1014 976.41 5.75662901e+01 -1.00000000e+00 
1015 977.17 5.74610075e+01 -1.00000000e+00 
1016 977.93 5.62794686e+01 -1.00000000e+00 
1017 978.69 5.54762311e+01 -1.00000000e+00 
1018 979.45 5.46736603e+01 -1.00000000e+00 
1019 980.20 5.47229851e+01 -1.00000000e+00 
1020 980.96 5.34964698e+01 -1.00000000e+00 
1021 981.72 5.32413134e+01 -1.00000000e+00 
1022 982.48 5.35078140e+01 -1.00000000e+00 
1023 983.24 5.27487083e+01 -1.00000000e+00 
1024 983.99 5.21309076e+01 -1.00000000e+00 
1025 984.75 5.15597762e+01 -1.00000000e+00 
1026 985.51 5.13962080e+01 -1.00000000e+00 
1027 986.26 5.11576516e+01 -1.00000000e+00 
1028 987.02 5.06944355e+01 -1.00000000e+00 
1029 987.78 4.99198951e+01 -1.00000000e+00 
1030 988.54 4.91287585e+01 -1.00000000e+00 
1031 989.29 4.86272854e+01 -1.00000000e+00 
1032 990.05 4.82863942e+01 -1.00000000e+00 
1033 990.81 4.74889202e+01 -1.00000000e+00 
1034 991.56 4.65518314e+01 -1.00000000e+00 
1035 992.32 4.58174078e+01 -1.00000000e+00 
1036 993.08 4.50888570e+01 -1.00000000e+00 
1037 993.83 4.41228563e+01 -1.00000000e+00 
1038 994.59 4.23765072e+01 -1.00000000e+00 
1039 995.35 4.16137773e+01 -1.00000000e+00 
1040 996.10 2.66930559e+00 -1.00000000e+00 
1041 996.86 1.28443197e-01 -1.00000000e+00 
1042 997.62 6.95210072e-02 -1.00000000e+00 
1043 998.37 6.31270328e-02 -1.00000000e+00 
