% C0 (TOA Count Rate, /ms) for 4STAR VIS spectrometer (1044 channels) derived from 20150916starsun.mat and recorded on 2015-09-24 09:32:37.
% Tentative C0, to be replaced once Langley plot is made; see 20150916ground.ppt
Pix Wavelength C0 C0err
0 173.18 0.00000000e+000 0.00000000e+000 
1 173.97 -1.00000000e+000 -1.00000000e+000 
2 174.77 -1.00000000e+000 -1.00000000e+000 
3 175.56 -1.00000000e+000 -1.00000000e+000 
4 176.36 -1.00000000e+000 -1.00000000e+000 
5 177.15 -1.00000000e+000 -1.00000000e+000 
6 177.94 -1.00000000e+000 -1.00000000e+000 
7 178.74 -1.00000000e+000 -1.00000000e+000 
8 179.53 -1.00000000e+000 -1.00000000e+000 
9 180.33 -1.00000000e+000 -1.00000000e+000 
10 181.12 -1.00000000e+000 -1.00000000e+000 
11 181.92 -1.00000000e+000 -1.00000000e+000 
12 182.71 -1.00000000e+000 -1.00000000e+000 
13 183.51 -1.00000000e+000 -1.00000000e+000 
14 184.30 -1.00000000e+000 -1.00000000e+000 
15 185.10 -1.00000000e+000 -1.00000000e+000 
16 185.89 -1.00000000e+000 -1.00000000e+000 
17 186.69 -1.00000000e+000 -1.00000000e+000 
18 187.49 -1.00000000e+000 -1.00000000e+000 
19 188.28 -1.00000000e+000 -1.00000000e+000 
20 189.08 -1.00000000e+000 -1.00000000e+000 
21 189.88 -1.00000000e+000 -1.00000000e+000 
22 190.67 -1.00000000e+000 -1.00000000e+000 
23 191.47 -1.00000000e+000 -1.00000000e+000 
24 192.27 -1.00000000e+000 -1.00000000e+000 
25 193.07 -1.00000000e+000 -1.00000000e+000 
26 193.86 -1.00000000e+000 -1.00000000e+000 
27 194.66 -1.00000000e+000 -1.00000000e+000 
28 195.46 -1.00000000e+000 -1.00000000e+000 
29 196.26 -1.00000000e+000 -1.00000000e+000 
30 197.05 -1.00000000e+000 -1.00000000e+000 
31 197.85 -1.00000000e+000 -1.00000000e+000 
32 198.65 -1.00000000e+000 -1.00000000e+000 
33 199.45 -1.00000000e+000 -1.00000000e+000 
34 200.25 -1.00000000e+000 -1.00000000e+000 
35 201.05 -1.00000000e+000 -1.00000000e+000 
36 201.85 -1.00000000e+000 -1.00000000e+000 
37 202.64 -1.00000000e+000 -1.00000000e+000 
38 203.44 -1.00000000e+000 -1.00000000e+000 
39 204.24 -1.00000000e+000 -1.00000000e+000 
40 205.04 -1.00000000e+000 -1.00000000e+000 
41 205.84 -1.00000000e+000 -1.00000000e+000 
42 206.64 -1.00000000e+000 -1.00000000e+000 
43 207.44 -1.00000000e+000 -1.00000000e+000 
44 208.24 -1.00000000e+000 -1.00000000e+000 
45 209.04 -1.00000000e+000 -1.00000000e+000 
46 209.84 -1.00000000e+000 -1.00000000e+000 
47 210.64 -1.00000000e+000 -1.00000000e+000 
48 211.44 -1.00000000e+000 -1.00000000e+000 
49 212.24 -1.00000000e+000 -1.00000000e+000 
50 213.05 -1.00000000e+000 -1.00000000e+000 
51 213.85 2.96599444e+303 2.96599444e+302 
52 214.65 5.51301056e+295 5.51301056e+294 
53 215.45 7.95314844e+287 7.95314844e+286 
54 216.25 1.07893411e+280 1.07893411e+279 
55 217.05 2.09517849e+272 2.09517849e+271 
56 217.85 3.27572633e+264 3.27572633e+263 
57 218.65 6.56737102e+256 6.56737102e+255 
58 219.46 1.18310510e+249 1.18310510e+248 
59 220.26 2.36791320e+241 2.36791320e+240 
60 221.06 4.05536020e+233 4.05536020e+232 
61 221.86 9.16270828e+225 9.16270828e+224 
62 222.66 1.46913247e+218 1.46913247e+217 
63 223.47 4.59213201e+210 4.59213201e+209 
64 224.27 1.07741979e+203 1.07741979e+202 
65 225.07 6.00224121e+195 6.00224121e+194 
66 225.87 4.71521666e+188 4.71521666e+187 
67 226.68 1.23656951e+182 1.23656951e+181 
68 227.48 1.27128423e+176 1.27128423e+175 
69 228.28 1.07073770e+171 1.07073770e+170 
70 229.09 2.45053642e+167 2.45053642e+166 
71 229.89 2.16906403e+165 2.16906403e+164 
72 230.69 1.50369092e+165 1.50369092e+164 
73 231.49 7.44944910e+166 7.44944910e+165 
74 232.30 3.78087201e+170 3.78087201e+169 
75 233.10 6.43857512e+175 6.43857512e+174 
76 233.91 2.54728743e+182 2.54728743e+181 
77 234.71 7.62025167e+189 7.62025167e+188 
78 235.51 8.59398507e+197 8.59398507e+196 
79 236.32 2.61177758e+206 2.61177758e+205 
80 237.12 1.52773516e+215 1.52773516e+214 
81 237.92 6.57165703e+223 6.57165703e+222 
82 238.73 2.39141777e+232 2.39141777e+231 
83 239.53 1.10689204e+241 1.10689204e+240 
84 240.34 4.25877134e+249 4.25877134e+248 
85 241.14 9.44398911e+257 9.44398911e+256 
86 241.94 1.29893814e+266 1.29893814e+265 
87 242.75 7.89778273e+273 7.89778273e+272 
88 243.55 3.71196030e+281 3.71196030e+280 
89 244.36 6.28328369e+288 6.28328369e+287 
90 245.16 5.54852647e+295 5.54852647e+294 
91 245.97 1.46661751e+302 1.46661751e+301 
92 246.77 -1.00000000e+000 -1.00000000e+000 
93 247.58 -1.00000000e+000 -1.00000000e+000 
94 248.38 -1.00000000e+000 -1.00000000e+000 
95 249.19 -1.00000000e+000 -1.00000000e+000 
96 249.99 -1.00000000e+000 -1.00000000e+000 
97 250.80 -1.00000000e+000 -1.00000000e+000 
98 251.60 -1.00000000e+000 -1.00000000e+000 
99 252.41 -1.00000000e+000 -1.00000000e+000 
100 253.21 -1.00000000e+000 -1.00000000e+000 
101 254.02 -1.00000000e+000 -1.00000000e+000 
102 254.83 -1.00000000e+000 -1.00000000e+000 
103 255.63 -1.00000000e+000 -1.00000000e+000 
104 256.44 -1.00000000e+000 -1.00000000e+000 
105 257.24 -1.00000000e+000 -1.00000000e+000 
106 258.05 -1.00000000e+000 -1.00000000e+000 
107 258.85 -1.00000000e+000 -1.00000000e+000 
108 259.66 -1.00000000e+000 -1.00000000e+000 
109 260.46 -1.00000000e+000 -1.00000000e+000 
110 261.27 -1.00000000e+000 -1.00000000e+000 
111 262.08 -1.00000000e+000 -1.00000000e+000 
112 262.88 1.73380018e+304 1.73380018e+303 
113 263.69 3.84984421e+297 3.84984421e+296 
114 264.50 5.20480586e+290 5.20480586e+289 
115 265.30 2.11027257e+283 2.11027257e+282 
116 266.11 2.23117931e+275 2.23117931e+274 
117 266.91 8.52593138e+266 8.52593138e+265 
118 267.72 5.35624565e+257 5.35624565e+256 
119 268.53 3.64118647e+248 3.64118647e+247 
120 269.33 2.02405288e+239 2.02405288e+238 
121 270.14 1.84943061e+230 1.84943061e+229 
122 270.95 1.09283422e+221 1.09283422e+220 
123 271.75 5.03383116e+211 5.03383116e+210 
124 272.56 8.76349370e+201 8.76349370e+200 
125 273.37 1.27346788e+192 1.27346788e+191 
126 274.17 1.70267742e+182 1.70267742e+181 
127 274.98 3.86056076e+172 3.86056076e+171 
128 275.79 1.88255841e+163 1.88255841e+162 
129 276.59 2.45639474e+154 2.45639474e+153 
130 277.40 4.65424609e+145 4.65424609e+144 
131 278.21 7.55010021e+136 7.55010021e+135 
132 279.01 2.54210050e+128 2.54210050e+127 
133 279.82 9.25143235e+119 9.25143235e+118 
134 280.63 4.47535943e+111 4.47535943e+110 
135 281.44 4.56826959e+103 4.56826959e+102 
136 282.24 1.29483711e+096 1.29483711e+095 
137 283.05 1.61109481e+089 1.61109481e+088 
138 283.86 3.28327090e+082 3.28327090e+081 
139 284.66 1.92548288e+076 1.92548288e+075 
140 285.47 1.85309380e+070 1.85309380e+069 
141 286.28 6.11816823e+064 6.11816823e+063 
142 287.09 4.58528564e+059 4.58528564e+058 
143 287.89 4.55220642e+054 4.55220642e+053 
144 288.70 9.72477346e+049 9.72477346e+048 
145 289.51 5.53201386e+045 5.53201386e+044 
146 290.32 7.17539830e+041 7.17539830e+040 
147 291.12 1.57695914e+038 1.57695914e+037 
148 291.93 7.21858280e+034 7.21858280e+033 
149 292.74 5.20086246e+031 5.20086246e+030 
150 293.55 7.07896434e+028 7.07896434e+027 
151 294.35 1.66001499e+026 1.66001499e+025 
152 295.16 7.21728331e+023 7.21728331e+022 
153 295.97 4.38754602e+021 4.38754602e+020 
154 296.78 5.07335853e+019 5.07335853e+018 
155 297.58 7.37447722e+017 7.37447722e+016 
156 298.39 1.48096686e+016 1.48096686e+015 
157 299.20 4.96787245e+014 4.96787245e+013 
158 300.01 2.60744479e+013 2.60744479e+012 
159 300.81 1.80263385e+012 1.80263385e+011 
160 301.62 1.38993685e+011 1.38993685e+010 
161 302.43 1.91398921e+010 1.91398921e+009 
162 303.24 2.22851367e+009 2.22851367e+008 
163 304.05 3.99866709e+008 3.99866709e+007 
164 304.85 8.75475555e+007 8.75475555e+006 
165 305.66 2.29312715e+007 2.29312715e+006 
166 306.47 5.03680150e+006 5.03680150e+005 
167 307.28 1.93346796e+006 1.93346796e+005 
168 308.08 5.70186386e+005 5.70186386e+004 
169 308.89 2.46847727e+005 2.46847727e+004 
170 309.70 1.02941044e+005 1.02941044e+004 
171 310.51 4.99880447e+004 4.99880447e+003 
172 311.32 2.32943328e+004 2.32943328e+003 
173 312.12 1.20392080e+004 1.20392080e+003 
174 312.93 6.82145631e+003 6.82145631e+002 
175 313.74 3.46434010e+003 3.46434010e+002 
176 314.55 2.48480990e+003 2.48480990e+002 
177 315.36 1.55458114e+003 1.55458114e+002 
178 316.16 1.03353639e+003 1.03353639e+002 
179 316.97 8.06204813e+002 8.06204813e+001 
180 317.78 5.60293555e+002 5.60293555e+001 
181 318.59 4.14282014e+002 4.14282014e+001 
182 319.39 2.85326263e+002 2.85326263e+001 
183 320.20 2.65037078e+002 2.65037078e+001 
184 321.01 1.83272472e+002 1.83272472e+001 
185 321.82 1.56649615e+002 1.56649615e+001 
186 322.63 1.31881800e+002 1.31881800e+001 
187 323.43 1.01577039e+002 1.01577039e+001 
188 324.24 8.98814733e+001 8.98814733e+000 
189 325.05 7.69602189e+001 7.69602189e+000 
190 325.86 6.41321595e+001 6.41321595e+000 
191 326.67 5.03551830e+001 5.03551830e+000 
192 327.48 4.94669505e+001 4.94669505e+000 
193 328.28 4.29627142e+001 4.29627142e+000 
194 329.09 3.86387643e+001 3.86387643e+000 
195 329.90 3.37602477e+001 3.37602477e+000 
196 330.71 3.31187294e+001 3.31187294e+000 
197 331.51 3.04209333e+001 3.04209333e+000 
198 332.32 2.57362475e+001 2.57362475e+000 
199 333.13 2.63943033e+001 2.63943033e+000 
200 333.94 2.41914551e+001 2.41914551e+000 
201 334.75 2.40901179e+001 2.40901179e+000 
202 335.56 2.24985850e+001 2.24985850e+000 
203 336.36 2.32911837e+001 2.32911837e+000 
204 337.17 2.49583216e+001 2.49583216e+000 
205 337.98 2.82494214e+001 2.82494214e+000 
206 338.79 3.09087740e+001 3.09087740e+000 
207 339.59 3.47458785e+001 3.47458785e+000 
208 340.40 3.90216712e+001 3.90216712e+000 
209 341.21 4.14025511e+001 4.14025511e+000 
210 342.02 4.58891434e+001 4.58891434e+000 
211 342.83 4.92369398e+001 4.92369398e+000 
212 343.64 4.93952897e+001 4.93952897e+000 
213 344.44 5.01542128e+001 5.01542128e+000 
214 345.25 5.46369229e+001 5.46369229e+000 
215 346.06 5.78536693e+001 5.78536693e+000 
216 346.87 6.02292711e+001 6.02292711e+000 
217 347.67 6.20430013e+001 6.20430013e+000 
218 348.48 6.32542507e+001 6.32542507e+000 
219 349.29 6.62678026e+001 6.62678026e+000 
220 350.10 7.19418608e+001 7.19418608e+000 
221 350.91 7.52828112e+001 7.52828112e+000 
222 351.71 7.52276709e+001 7.52276709e+000 
223 352.52 7.64940902e+001 7.64940902e+000 
224 353.33 8.25771515e+001 8.25771515e+000 
225 354.14 8.98402891e+001 8.98402891e+000 
226 354.94 9.31167379e+001 9.31167379e+000 
227 355.75 9.10859805e+001 9.10859805e+000 
228 356.56 8.58083763e+001 8.58083763e+000 
229 357.37 8.06354040e+001 8.06354040e+000 
230 358.18 7.99233465e+001 7.99233465e+000 
231 358.98 8.92496251e+001 8.92496251e+000 
232 359.79 1.01964032e+002 1.01964032e+001 
233 360.60 1.02940765e+002 1.02940765e+001 
234 361.41 1.01297568e+002 1.01297568e+001 
235 362.21 1.07011308e+002 1.07011308e+001 
236 363.02 1.12814302e+002 1.12814302e+001 
237 363.83 1.16563382e+002 1.16563382e+001 
238 364.64 1.21976170e+002 1.21976170e+001 
239 365.44 1.33147852e+002 1.33147852e+001 
240 366.25 1.42198758e+002 1.42198758e+001 
241 367.06 1.43246575e+002 1.43246575e+001 
242 367.87 1.41173594e+002 1.41173594e+001 
243 368.67 1.43762185e+002 1.43762185e+001 
244 369.48 1.50260397e+002 1.50260397e+001 
245 370.29 1.51748879e+002 1.51748879e+001 
246 371.10 1.50489854e+002 1.50489854e+001 
247 371.90 1.46873900e+002 1.46873900e+001 
248 372.71 1.39060314e+002 1.39060314e+001 
249 373.52 1.31946447e+002 1.31946447e+001 
250 374.33 1.31873099e+002 1.31873099e+001 
251 375.13 1.41693679e+002 1.41693679e+001 
252 375.94 1.54684617e+002 1.54684617e+001 
253 376.75 1.68637257e+002 1.68637257e+001 
254 377.55 1.85168157e+002 1.85168157e+001 
255 378.36 1.89432275e+002 1.89432275e+001 
256 379.17 1.79531925e+002 1.79531925e+001 
257 379.98 1.76328711e+002 1.76328711e+001 
258 380.78 1.76698019e+002 1.76698019e+001 
259 381.59 1.61029232e+002 1.61029232e+001 
260 382.40 1.37354974e+002 1.37354974e+001 
261 383.21 1.27372063e+002 1.27372063e+001 
262 384.01 1.39355398e+002 1.39355398e+001 
263 384.82 1.57958449e+002 1.57958449e+001 
264 385.63 1.65363390e+002 1.65363390e+001 
265 386.43 1.67048753e+002 1.67048753e+001 
266 387.24 1.68725338e+002 1.68725338e+001 
267 388.05 1.71755219e+002 1.71755219e+001 
268 388.85 1.83142536e+002 1.83142536e+001 
269 389.66 2.00923410e+002 2.00923410e+001 
270 390.47 2.15031054e+002 2.15031054e+001 
271 391.27 2.16652524e+002 2.16652524e+001 
272 392.08 1.93200411e+002 1.93200411e+001 
273 392.89 1.56579638e+002 1.56579638e+001 
274 393.69 1.50143516e+002 1.50143516e+001 
275 394.50 1.82018663e+002 1.82018663e+001 
276 395.31 2.03804826e+002 2.03804826e+001 
277 396.11 1.88686597e+002 1.88686597e+001 
278 396.92 1.78846300e+002 1.78846300e+001 
279 397.73 2.14159770e+002 2.14159770e+001 
280 398.53 2.65155377e+002 2.65155377e+001 
281 399.34 2.96271540e+002 2.96271540e+001 
282 400.15 3.11349182e+002 3.11349182e+001 
283 400.95 3.22321248e+002 3.22321248e+001 
284 401.76 3.31156656e+002 3.31156656e+001 
285 402.57 3.33394584e+002 3.33394584e+001 
286 403.37 3.31030130e+002 3.31030130e+001 
287 404.18 3.28995343e+002 3.28995343e+001 
288 404.98 3.27048110e+002 3.27048110e+001 
289 405.79 3.25070315e+002 3.25070315e+001 
290 406.60 3.25880248e+002 3.25880248e+001 
291 407.40 3.33963326e+002 3.33963326e+001 
292 408.21 3.46621176e+002 3.46621176e+001 
293 409.02 3.51091246e+002 3.51091246e+001 
294 409.82 3.46110418e+002 3.46110418e+001 
295 410.63 3.50907076e+002 3.50907076e+001 
296 411.44 3.67862648e+002 3.67862648e+001 
297 412.24 3.78431882e+002 3.78431882e+001 
298 413.05 3.80129366e+002 3.80129366e+001 
299 413.85 3.81613095e+002 3.81613095e+001 
300 414.66 3.84353703e+002 3.84353703e+001 
301 415.46 3.88226066e+002 3.88226066e+001 
302 416.27 3.91082039e+002 3.91082039e+001 
303 417.08 3.88093746e+002 3.88093746e+001 
304 417.88 3.83533491e+002 3.83533491e+001 
305 418.69 3.83407829e+002 3.83407829e+001 
306 419.49 3.86855631e+002 3.86855631e+001 
307 420.30 3.94445916e+002 3.94445916e+001 
308 421.11 4.01448565e+002 4.01448565e+001 
309 421.91 3.99388465e+002 3.99388465e+001 
310 422.72 3.93340712e+002 3.93340712e+001 
311 423.52 3.94145762e+002 3.94145762e+001 
312 424.33 3.98881047e+002 3.98881047e+001 
313 425.13 4.00870590e+002 4.00870590e+001 
314 425.94 3.99810040e+002 3.99810040e+001 
315 426.74 3.96955806e+002 3.96955806e+001 
316 427.55 3.93206937e+002 3.93206937e+001 
317 428.35 3.85431240e+002 3.85431240e+001 
318 429.16 3.66505382e+002 3.66505382e+001 
319 429.96 3.45416322e+002 3.45416322e+001 
320 430.77 3.50046183e+002 3.50046183e+001 
321 431.58 3.84438250e+002 3.84438250e+001 
322 432.38 4.18035135e+002 4.18035135e+001 
323 433.19 4.29741673e+002 4.29741673e+001 
324 433.99 4.32636524e+002 4.32636524e+001 
325 434.80 4.44361975e+002 4.44361975e+001 
326 435.60 4.63687922e+002 4.63687922e+001 
327 436.41 4.75149709e+002 4.75149709e+001 
328 437.21 4.70027553e+002 4.70027553e+001 
329 438.02 4.58070179e+002 4.58070179e+001 
330 438.82 4.55505491e+002 4.55505491e+001 
331 439.63 4.65141305e+002 4.65141305e+001 
332 440.43 4.80822189e+002 4.80822189e+001 
333 441.24 4.97479461e+002 4.97479461e+001 
334 442.04 5.11929610e+002 5.11929610e+001 
335 442.84 5.20321037e+002 5.20321037e+001 
336 443.65 5.23847762e+002 5.23847762e+001 
337 444.45 5.23344104e+002 5.23344104e+001 
338 445.26 5.19678868e+002 5.19678868e+001 
339 446.06 5.21233444e+002 5.21233444e+001 
340 446.87 5.32074702e+002 5.32074702e+001 
341 447.67 5.45823234e+002 5.45823234e+001 
342 448.48 5.55581945e+002 5.55581945e+001 
343 449.28 5.65173830e+002 5.65173830e+001 
344 450.09 5.76564090e+002 5.76564090e+001 
345 450.89 5.82311118e+002 5.82311118e+001 
346 451.69 5.75128911e+002 5.75128911e+001 
347 452.50 5.61637768e+002 5.61637768e+001 
348 453.30 5.54870814e+002 5.54870814e+001 
349 454.11 5.57523906e+002 5.57523906e+001 
350 454.91 5.65334166e+002 5.65334166e+001 
351 455.72 5.73879445e+002 5.73879445e+001 
352 456.52 5.80916588e+002 5.80916588e+001 
353 457.32 5.82836112e+002 5.82836112e+001 
354 458.13 5.79918799e+002 5.79918799e+001 
355 458.93 5.77593882e+002 5.77593882e+001 
356 459.74 5.80352851e+002 5.80352851e+001 
357 460.54 5.87543472e+002 5.87543472e+001 
358 461.34 5.95634755e+002 5.95634755e+001 
359 462.15 6.00470814e+002 6.00470814e+001 
360 462.95 5.99512878e+002 5.99512878e+001 
361 463.76 5.94513742e+002 5.94513742e+001 
362 464.56 5.89970354e+002 5.89970354e+001 
363 465.36 5.87230831e+002 5.87230831e+001 
364 466.17 5.85509045e+002 5.85509045e+001 
365 466.97 5.85468824e+002 5.85468824e+001 
366 467.77 5.88190518e+002 5.88190518e+001 
367 468.58 5.91533240e+002 5.91533240e+001 
368 469.38 5.91722603e+002 5.91722603e+001 
369 470.18 5.91679333e+002 5.91679333e+001 
370 470.99 5.97441614e+002 5.97441614e+001 
371 471.79 6.06844345e+002 6.06844345e+001 
372 472.59 6.14313536e+002 6.14313536e+001 
373 473.40 6.18908011e+002 6.18908011e+001 
374 474.20 6.22547603e+002 6.22547603e+001 
375 475.00 6.24951406e+002 6.24951406e+001 
376 475.81 6.26294980e+002 6.26294980e+001 
377 476.61 6.29923013e+002 6.29923013e+001 
378 477.41 6.36939188e+002 6.36939188e+001 
379 478.21 6.43659428e+002 6.43659428e+001 
380 479.02 6.48055580e+002 6.48055580e+001 
381 479.82 6.50896841e+002 6.50896841e+001 
382 480.62 6.54104385e+002 6.54104385e+001 
383 481.43 6.55957939e+002 6.55957939e+001 
384 482.23 6.55013789e+002 6.55013789e+001 
385 483.03 6.50085627e+002 6.50085627e+001 
386 483.84 6.39354961e+002 6.39354961e+001 
387 484.64 6.18626206e+002 6.18626206e+001 
388 485.44 5.92807495e+002 5.92807495e+001 
389 486.24 5.78164025e+002 5.78164025e+001 
390 487.05 5.82974266e+002 5.82974266e+001 
391 487.85 6.01172401e+002 6.01172401e+001 
392 488.65 6.20821987e+002 6.20821987e+001 
393 489.45 6.34510419e+002 6.34510419e+001 
394 490.26 6.39930822e+002 6.39930822e+001 
395 491.06 6.37672922e+002 6.37672922e+001 
396 491.86 6.33043918e+002 6.33043918e+001 
397 492.66 6.33411270e+002 6.33411270e+001 
398 493.46 6.40510952e+002 6.40510952e+001 
399 494.27 6.48691328e+002 6.48691328e+001 
400 495.07 6.53436421e+002 6.53436421e+001 
401 495.87 6.55576802e+002 6.55576802e+001 
402 496.67 6.53659212e+002 6.53659212e+001 
403 497.48 6.49052777e+002 6.49052777e+001 
404 498.28 6.43831622e+002 6.43831622e+001 
405 499.08 6.37884865e+002 6.37884865e+001 
406 499.88 6.31014355e+002 6.31014355e+001 
407 500.68 6.24114284e+002 6.24114284e+001 
408 501.48 6.19242987e+002 6.19242987e+001 
409 502.29 6.18453019e+002 6.18453019e+001 
410 503.09 6.19423747e+002 6.19423747e+001 
411 503.89 6.22699673e+002 6.22699673e+001 
412 504.69 6.29542212e+002 6.29542212e+001 
413 505.49 6.36933021e+002 6.36933021e+001 
414 506.29 6.39680818e+002 6.39680818e+001 
415 507.09 6.37122381e+002 6.37122381e+001 
416 507.90 6.34516841e+002 6.34516841e+001 
417 508.70 6.35102132e+002 6.35102132e+001 
418 509.50 6.37678376e+002 6.37678376e+001 
419 510.30 6.40460708e+002 6.40460708e+001 
420 511.10 6.41032483e+002 6.41032483e+001 
421 511.90 6.38147271e+002 6.38147271e+001 
422 512.70 6.31700196e+002 6.31700196e+001 
423 513.51 6.24308257e+002 6.24308257e+001 
424 514.31 6.18683096e+002 6.18683096e+001 
425 515.11 6.10108724e+002 6.10108724e+001 
426 515.91 5.94161366e+002 5.94161366e+001 
427 516.71 5.76959317e+002 5.76959317e+001 
428 517.51 5.67519462e+002 5.67519462e+001 
429 518.31 5.71971122e+002 5.71971122e+001 
430 519.11 5.86390795e+002 5.86390795e+001 
431 519.91 6.00887735e+002 6.00887735e+001 
432 520.71 6.11332301e+002 6.11332301e+001 
433 521.51 6.15255930e+002 6.15255930e+001 
434 522.32 6.16721112e+002 6.16721112e+001 
435 523.12 6.20232328e+002 6.20232328e+001 
436 523.92 6.24444036e+002 6.24444036e+001 
437 524.72 6.24142867e+002 6.24142867e+001 
438 525.52 6.14780128e+002 6.14780128e+001 
439 526.32 6.02832045e+002 6.02832045e+001 
440 527.12 6.00324638e+002 6.00324638e+001 
441 527.92 6.09478357e+002 6.09478357e+001 
442 528.72 6.23867237e+002 6.23867237e+001 
443 529.52 6.35197592e+002 6.35197592e+001 
444 530.32 6.39823740e+002 6.39823740e+001 
445 531.12 6.37294030e+002 6.37294030e+001 
446 531.92 6.30489091e+002 6.30489091e+001 
447 532.72 6.24034370e+002 6.24034370e+001 
448 533.52 6.23306088e+002 6.23306088e+001 
449 534.32 6.28580362e+002 6.28580362e+001 
450 535.12 6.33911145e+002 6.33911145e+001 
451 535.92 6.34533837e+002 6.34533837e+001 
452 536.72 6.31970233e+002 6.31970233e+001 
453 537.52 6.28473043e+002 6.28473043e+001 
454 538.32 6.23864738e+002 6.23864738e+001 
455 539.12 6.17042530e+002 6.17042530e+001 
456 539.92 6.09835940e+002 6.09835940e+001 
457 540.72 6.06271487e+002 6.06271487e+001 
458 541.52 6.07433757e+002 6.07433757e+001 
459 542.32 6.11875449e+002 6.11875449e+001 
460 543.12 6.16451802e+002 6.16451802e+001 
461 543.92 6.19811465e+002 6.19811465e+001 
462 544.72 6.21694625e+002 6.21694625e+001 
463 545.52 6.21215234e+002 6.21215234e+001 
464 546.31 6.18618192e+002 6.18618192e+001 
465 547.12 6.15872581e+002 6.15872581e+001 
466 547.91 6.14891369e+002 6.14891369e+001 
467 548.71 6.15674505e+002 6.15674505e+001 
468 549.51 6.16948396e+002 6.16948396e+001 
469 550.31 6.17186606e+002 6.17186606e+001 
470 551.11 6.16851179e+002 6.16851179e+001 
471 551.91 6.16517691e+002 6.16517691e+001 
472 552.71 6.16591165e+002 6.16591165e+001 
473 553.51 6.18635063e+002 6.18635063e+001 
474 554.31 6.20266850e+002 6.20266850e+001 
475 555.10 6.19070705e+002 6.19070705e+001 
476 555.90 6.15605840e+002 6.15605840e+001 
477 556.70 6.10687075e+002 6.10687075e+001 
478 557.50 6.03789135e+002 6.03789135e+001 
479 558.30 5.97931253e+002 5.97931253e+001 
480 559.10 5.96602758e+002 5.96602758e+001 
481 559.90 5.97207094e+002 5.97207094e+001 
482 560.70 6.00329164e+002 6.00329164e+001 
483 561.50 6.05797521e+002 6.05797521e+001 
484 562.29 6.09267860e+002 6.09267860e+001 
485 563.09 6.10762222e+002 6.10762222e+001 
486 563.89 6.11667082e+002 6.11667082e+001 
487 564.69 6.10738174e+002 6.10738174e+001 
488 565.49 6.08697492e+002 6.08697492e+001 
489 566.29 6.07261807e+002 6.07261807e+001 
490 567.08 6.08572483e+002 6.08572483e+001 
491 567.88 6.08290013e+002 6.08290013e+001 
492 568.68 6.04678455e+002 6.04678455e+001 
493 569.48 6.01475008e+002 6.01475008e+001 
494 570.27 6.00058990e+002 6.00058990e+001 
495 571.07 6.03356750e+002 6.03356750e+001 
496 571.87 6.11563708e+002 6.11563708e+001 
497 572.67 6.19868615e+002 6.19868615e+001 
498 573.47 6.24558552e+002 6.24558552e+001 
499 574.26 6.23294550e+002 6.23294550e+001 
500 575.06 6.20145510e+002 6.20145510e+001 
501 575.86 6.18404886e+002 6.18404886e+001 
502 576.66 6.16940336e+002 6.16940336e+001 
503 577.46 6.15317033e+002 6.15317033e+001 
504 578.25 6.14201318e+002 6.14201318e+001 
505 579.05 6.14812373e+002 6.14812373e+001 
506 579.85 6.17833845e+002 6.17833845e+001 
507 580.64 6.21700199e+002 6.21700199e+001 
508 581.44 6.25024760e+002 6.25024760e+001 
509 582.24 6.27021554e+002 6.27021554e+001 
510 583.04 6.27337243e+002 6.27337243e+001 
511 583.83 6.24391780e+002 6.24391780e+001 
512 584.63 6.18324419e+002 6.18324419e+001 
513 585.43 6.11012329e+002 6.11012329e+001 
514 586.23 6.02697387e+002 6.02697387e+001 
515 587.02 5.88710100e+002 5.88710100e+001 
516 587.82 5.65333310e+002 5.65333310e+001 
517 588.62 5.39328906e+002 5.39328906e+001 
518 589.41 5.23844969e+002 5.23844969e+001 
519 590.21 5.23539572e+002 5.23539572e+001 
520 591.01 5.32458818e+002 5.32458818e+001 
521 591.80 5.41478068e+002 5.41478068e+001 
522 592.60 5.45578530e+002 5.45578530e+001 
523 593.40 5.45305242e+002 5.45305242e+001 
524 594.19 5.44221114e+002 5.44221114e+001 
525 594.99 5.45186425e+002 5.45186425e+001 
526 595.79 5.49484942e+002 5.49484942e+001 
527 596.58 5.54690669e+002 5.54690669e+001 
528 597.38 5.58494537e+002 5.58494537e+001 
529 598.18 5.61113147e+002 5.61113147e+001 
530 598.97 5.64026621e+002 5.64026621e+001 
531 599.77 5.66762581e+002 5.66762581e+001 
532 600.56 5.68341038e+002 5.68341038e+001 
533 601.36 5.69518304e+002 5.69518304e+001 
534 602.16 5.72795141e+002 5.72795141e+001 
535 602.95 5.77852958e+002 5.77852958e+001 
536 603.75 5.82729253e+002 5.82729253e+001 
537 604.54 5.85170055e+002 5.85170055e+001 
538 605.34 5.85178490e+002 5.85178490e+001 
539 606.14 5.84390406e+002 5.84390406e+001 
540 606.93 5.82985192e+002 5.82985192e+001 
541 607.73 5.80762037e+002 5.80762037e+001 
542 608.52 5.77925919e+002 5.77925919e+001 
543 609.32 5.75252557e+002 5.75252557e+001 
544 610.12 5.73793584e+002 5.73793584e+001 
545 610.91 5.73245032e+002 5.73245032e+001 
546 611.71 5.71720065e+002 5.71720065e+001 
547 612.50 5.69504004e+002 5.69504004e+001 
548 613.30 5.67193794e+002 5.67193794e+001 
549 614.09 5.65552108e+002 5.65552108e+001 
550 614.89 5.63063383e+002 5.63063383e+001 
551 615.68 5.59681652e+002 5.59681652e+001 
552 616.48 5.58356500e+002 5.58356500e+001 
553 617.27 5.60728407e+002 5.60728407e+001 
554 618.07 5.65693451e+002 5.65693451e+001 
555 618.86 5.70094753e+002 5.70094753e+001 
556 619.66 5.72456524e+002 5.72456524e+001 
557 620.45 5.72465836e+002 5.72465836e+001 
558 621.25 5.70336297e+002 5.70336297e+001 
559 622.04 5.66286841e+002 5.66286841e+001 
560 622.84 5.61775685e+002 5.61775685e+001 
561 623.63 5.57383983e+002 5.57383983e+001 
562 624.43 5.53145785e+002 5.53145785e+001 
563 625.22 5.50570609e+002 5.50570609e+001 
564 626.02 5.46793283e+002 5.46793283e+001 
565 626.81 5.39922963e+002 5.39922963e+001 
566 627.61 5.31020053e+002 5.31020053e+001 
567 628.40 5.25095626e+002 5.25095626e+001 
568 629.19 5.24499946e+002 5.24499946e+001 
569 629.99 5.26881234e+002 5.26881234e+001 
570 630.78 5.28466670e+002 5.28466670e+001 
571 631.58 5.30559065e+002 5.30559065e+001 
572 632.37 5.33181513e+002 5.33181513e+001 
573 633.17 5.35819301e+002 5.35819301e+001 
574 633.96 5.37405744e+002 5.37405744e+001 
575 634.76 5.37271198e+002 5.37271198e+001 
576 635.55 5.36802969e+002 5.36802969e+001 
577 636.34 5.37245873e+002 5.37245873e+001 
578 637.14 5.38894086e+002 5.38894086e+001 
579 637.93 5.39504287e+002 5.39504287e+001 
580 638.73 5.36847640e+002 5.36847640e+001 
581 639.52 5.32408414e+002 5.32408414e+001 
582 640.31 5.27959730e+002 5.27959730e+001 
583 641.11 5.25244380e+002 5.25244380e+001 
584 641.90 5.24467015e+002 5.24467015e+001 
585 642.69 5.24050809e+002 5.24050809e+001 
586 643.49 5.21918959e+002 5.21918959e+001 
587 644.28 5.17318320e+002 5.17318320e+001 
588 645.07 5.08777227e+002 5.08777227e+001 
589 645.87 4.97197315e+002 4.97197315e+001 
590 646.66 4.84536483e+002 4.84536483e+001 
591 647.45 4.74066367e+002 4.74066367e+001 
592 648.25 4.67830584e+002 4.67830584e+001 
593 649.04 4.67182005e+002 4.67182005e+001 
594 649.83 4.70976256e+002 4.70976256e+001 
595 650.63 4.74184356e+002 4.74184356e+001 
596 651.42 4.74381236e+002 4.74381236e+001 
597 652.21 4.74460578e+002 4.74460578e+001 
598 653.00 4.75900317e+002 4.75900317e+001 
599 653.80 4.72112772e+002 4.72112772e+001 
600 654.59 4.57139287e+002 4.57139287e+001 
601 655.38 4.34788163e+002 4.34788163e+001 
602 656.17 4.20714469e+002 4.20714469e+001 
603 656.97 4.27051495e+002 4.27051495e+001 
604 657.76 4.46287320e+002 4.46287320e+001 
605 658.55 4.61870003e+002 4.61870003e+001 
606 659.34 4.69402032e+002 4.69402032e+001 
607 660.14 4.73903094e+002 4.73903094e+001 
608 660.93 4.77808380e+002 4.77808380e+001 
609 661.72 4.80054107e+002 4.80054107e+001 
610 662.51 4.79364392e+002 4.79364392e+001 
611 663.31 4.77232907e+002 4.77232907e+001 
612 664.10 4.76632716e+002 4.76632716e+001 
613 664.89 4.77213398e+002 4.77213398e+001 
614 665.68 4.77017108e+002 4.77017108e+001 
615 666.48 4.75720413e+002 4.75720413e+001 
616 667.27 4.74798156e+002 4.74798156e+001 
617 668.06 4.75134934e+002 4.75134934e+001 
618 668.85 4.75447612e+002 4.75447612e+001 
619 669.64 4.74432826e+002 4.74432826e+001 
620 670.43 4.72010311e+002 4.72010311e+001 
621 671.22 4.69515070e+002 4.69515070e+001 
622 672.02 4.68661530e+002 4.68661530e+001 
623 672.81 4.69607712e+002 4.69607712e+001 
624 673.60 4.70176362e+002 4.70176362e+001 
625 674.39 4.69551818e+002 4.69551818e+001 
626 675.18 4.69041890e+002 4.69041890e+001 
627 675.97 4.69235269e+002 4.69235269e+001 
628 676.76 4.69623669e+002 4.69623669e+001 
629 677.56 4.69510928e+002 4.69510928e+001 
630 678.35 4.68843170e+002 4.68843170e+001 
631 679.14 4.68106736e+002 4.68106736e+001 
632 679.93 4.67000802e+002 4.67000802e+001 
633 680.72 4.66062703e+002 4.66062703e+001 
634 681.51 4.65374547e+002 4.65374547e+001 
635 682.30 4.64326123e+002 4.64326123e+001 
636 683.09 4.61578715e+002 4.61578715e+001 
637 683.88 4.57665452e+002 4.57665452e+001 
638 684.67 4.52178000e+002 4.52178000e+001 
639 685.46 4.33477453e+002 4.33477453e+001 
640 686.26 3.88469411e+002 3.88469411e+001 
641 687.05 3.40168660e+002 3.40168660e+001 
642 687.84 3.26834044e+002 3.26834044e+001 
643 688.63 3.39025746e+002 3.39025746e+001 
644 689.42 3.50518387e+002 3.50518387e+001 
645 690.21 3.62124680e+002 3.62124680e+001 
646 691.00 3.74209989e+002 3.74209989e+001 
647 691.79 3.79748794e+002 3.79748794e+001 
648 692.58 3.76028658e+002 3.76028658e+001 
649 693.37 3.67974499e+002 3.67974499e+001 
650 694.16 3.64287820e+002 3.64287820e+001 
651 694.95 3.68831901e+002 3.68831901e+001 
652 695.74 3.80537016e+002 3.80537016e+001 
653 696.53 3.93943623e+002 3.93943623e+001 
654 697.32 3.99142652e+002 3.99142652e+001 
655 698.11 3.91493822e+002 3.91493822e+001 
656 698.90 3.78607683e+002 3.78607683e+001 
657 699.68 3.68877979e+002 3.68877979e+001 
658 700.47 3.63324053e+002 3.63324053e+001 
659 701.26 3.60709054e+002 3.60709054e+001 
660 702.05 3.61648941e+002 3.61648941e+001 
661 702.84 3.67450877e+002 3.67450877e+001 
662 703.63 3.74531736e+002 3.74531736e+001 
663 704.42 3.77457889e+002 3.77457889e+001 
664 705.21 3.76314761e+002 3.76314761e+001 
665 706.00 3.76042582e+002 3.76042582e+001 
666 706.79 3.77985337e+002 3.77985337e+001 
667 707.58 3.79828579e+002 3.79828579e+001 
668 708.37 3.80015074e+002 3.80015074e+001 
669 709.15 3.79540025e+002 3.79540025e+001 
670 709.94 3.79462205e+002 3.79462205e+001 
671 710.73 3.79266084e+002 3.79266084e+001 
672 711.52 3.78093543e+002 3.78093543e+001 
673 712.31 3.75696297e+002 3.75696297e+001 
674 713.10 3.72746005e+002 3.72746005e+001 
675 713.88 3.68153683e+002 3.68153683e+001 
676 714.67 3.59698299e+002 3.59698299e+001 
677 715.46 3.43389262e+002 3.43389262e+001 
678 716.25 3.10539779e+002 3.10539779e+001 
679 717.04 2.68638486e+002 2.68638486e+001 
680 717.83 2.39339297e+002 2.39339297e+001 
681 718.61 2.24327934e+002 2.24327934e+001 
682 719.40 2.19367159e+002 2.19367159e+001 
683 720.19 2.32930226e+002 2.32930226e+001 
684 720.98 2.66526562e+002 2.66526562e+001 
685 721.76 2.93647734e+002 2.93647734e+001 
686 722.55 2.89713041e+002 2.89713041e+001 
687 723.34 2.66636810e+002 2.66636810e+001 
688 724.13 2.50546351e+002 2.50546351e+001 
689 724.91 2.47008661e+002 2.47008661e+001 
690 725.70 2.48524858e+002 2.48524858e+001 
691 726.49 2.51053936e+002 2.51053936e+001 
692 727.28 2.51030066e+002 2.51030066e+001 
693 728.06 2.52605665e+002 2.52605665e+001 
694 728.85 2.54565483e+002 2.54565483e+001 
695 729.64 2.55555674e+002 2.55555674e+001 
696 730.42 2.59429608e+002 2.59429608e+001 
697 731.21 2.67885193e+002 2.67885193e+001 
698 732.00 2.86398217e+002 2.86398217e+001 
699 732.78 3.05974950e+002 3.05974950e+001 
700 733.57 3.19774323e+002 3.19774323e+001 
701 734.36 3.25382954e+002 3.25382954e+001 
702 735.15 3.23027113e+002 3.23027113e+001 
703 735.93 3.20107907e+002 3.20107907e+001 
704 736.72 3.22234816e+002 3.22234816e+001 
705 737.51 3.27791438e+002 3.27791438e+001 
706 738.29 3.29514898e+002 3.29514898e+001 
707 739.08 3.30731048e+002 3.30731048e+001 
708 739.86 3.35415052e+002 3.35415052e+001 
709 740.65 3.38493745e+002 3.38493745e+001 
710 741.44 3.39909720e+002 3.39909720e+001 
711 742.22 3.43581192e+002 3.43581192e+001 
712 743.01 3.48068930e+002 3.48068930e+001 
713 743.79 3.49267356e+002 3.49267356e+001 
714 744.58 3.48164154e+002 3.48164154e+001 
715 745.37 3.48659131e+002 3.48659131e+001 
716 746.15 3.49159772e+002 3.49159772e+001 
717 746.94 3.48931820e+002 3.48931820e+001 
718 747.72 3.47342602e+002 3.47342602e+001 
719 748.51 3.44518531e+002 3.44518531e+001 
720 749.29 3.41854972e+002 3.41854972e+001 
721 750.08 3.39653621e+002 3.39653621e+001 
722 750.86 3.37450919e+002 3.37450919e+001 
723 751.65 3.35935903e+002 3.35935903e+001 
724 752.43 3.35015155e+002 3.35015155e+001 
725 753.22 3.34754161e+002 3.34754161e+001 
726 754.00 3.34443901e+002 3.34443901e+001 
727 754.79 3.31867391e+002 3.31867391e+001 
728 755.57 3.28835005e+002 3.28835005e+001 
729 756.36 3.26512575e+002 3.26512575e+001 
730 757.14 3.23625044e+002 3.23625044e+001 
731 757.93 3.12517310e+002 3.12517310e+001 
732 758.71 2.66046606e+002 2.66046606e+001 
733 759.49 1.70562726e+002 1.70562726e+001 
734 760.28 8.71407572e+001 8.71407572e+000 
735 761.06 7.50131844e+001 7.50131844e+000 
736 761.85 9.44343529e+001 9.44343529e+000 
737 762.63 9.67648017e+001 9.67648017e+000 
738 763.41 9.65548502e+001 9.65548502e+000 
739 764.20 1.15956729e+002 1.15956729e+001 
740 764.98 1.48010082e+002 1.48010082e+001 
741 765.77 1.83866574e+002 1.83866574e+001 
742 766.55 2.18829251e+002 2.18829251e+001 
743 767.33 2.48768793e+002 2.48768793e+001 
744 768.12 2.69415596e+002 2.69415596e+001 
745 768.90 2.81334726e+002 2.81334726e+001 
746 769.68 2.88199000e+002 2.88199000e+001 
747 770.47 2.92184659e+002 2.92184659e+001 
748 771.25 2.93477864e+002 2.93477864e+001 
749 772.03 2.94253117e+002 2.94253117e+001 
750 772.82 2.95769790e+002 2.95769790e+001 
751 773.60 2.95644557e+002 2.95644557e+001 
752 774.38 2.93304723e+002 2.93304723e+001 
753 775.17 2.92269918e+002 2.92269918e+001 
754 775.95 2.92854810e+002 2.92854810e+001 
755 776.73 2.92074807e+002 2.92074807e+001 
756 777.51 2.90227230e+002 2.90227230e+001 
757 778.30 2.89064066e+002 2.89064066e+001 
758 779.08 2.87469688e+002 2.87469688e+001 
759 779.86 2.85725091e+002 2.85725091e+001 
760 780.64 2.85275306e+002 2.85275306e+001 
761 781.43 2.86277873e+002 2.86277873e+001 
762 782.21 2.85875445e+002 2.85875445e+001 
763 782.99 2.82494824e+002 2.82494824e+001 
764 783.77 2.80000585e+002 2.80000585e+001 
765 784.55 2.78760114e+002 2.78760114e+001 
766 785.34 2.77190593e+002 2.77190593e+001 
767 786.12 2.74157798e+002 2.74157798e+001 
768 786.90 2.69694935e+002 2.69694935e+001 
769 787.68 2.64518468e+002 2.64518468e+001 
770 788.46 2.58503740e+002 2.58503740e+001 
771 789.24 2.53428475e+002 2.53428475e+001 
772 790.03 2.51460092e+002 2.51460092e+001 
773 790.81 2.51155000e+002 2.51155000e+001 
774 791.59 2.49808227e+002 2.49808227e+001 
775 792.37 2.48948241e+002 2.48948241e+001 
776 793.15 2.50759549e+002 2.50759549e+001 
777 793.93 2.53107292e+002 2.53107292e+001 
778 794.71 2.52219040e+002 2.52219040e+001 
779 795.49 2.46741706e+002 2.46741706e+001 
780 796.27 2.42578205e+002 2.42578205e+001 
781 797.05 2.44686270e+002 2.44686270e+001 
782 797.83 2.47967920e+002 2.47967920e+001 
783 798.62 2.47122504e+002 2.47122504e+001 
784 799.40 2.43273546e+002 2.43273546e+001 
785 800.18 2.38644099e+002 2.38644099e+001 
786 800.96 2.35434529e+002 2.35434529e+001 
787 801.74 2.34188745e+002 2.34188745e+001 
788 802.52 2.33692905e+002 2.33692905e+001 
789 803.30 2.33534904e+002 2.33534904e+001 
790 804.08 2.33590904e+002 2.33590904e+001 
791 804.86 2.34456608e+002 2.34456608e+001 
792 805.64 2.36564038e+002 2.36564038e+001 
793 806.41 2.38557882e+002 2.38557882e+001 
794 807.20 2.38408595e+002 2.38408595e+001 
795 807.97 2.34177156e+002 2.34177156e+001 
796 808.75 2.27015777e+002 2.27015777e+001 
797 809.53 2.20514855e+002 2.20514855e+001 
798 810.31 2.15968541e+002 2.15968541e+001 
799 811.09 2.11064531e+002 2.11064531e+001 
800 811.87 2.02703601e+002 2.02703601e+001 
801 812.65 1.90336972e+002 1.90336972e+001 
802 813.43 1.76028798e+002 1.76028798e+001 
803 814.21 1.62788750e+002 1.62788750e+001 
804 814.99 1.53281510e+002 1.53281510e+001 
805 815.76 1.47334924e+002 1.47334924e+001 
806 816.54 1.45047360e+002 1.45047360e+001 
807 817.32 1.45020150e+002 1.45020150e+001 
808 818.10 1.46925749e+002 1.46925749e+001 
809 818.88 1.51561208e+002 1.51561208e+001 
810 819.66 1.60090801e+002 1.60090801e+001 
811 820.43 1.69280045e+002 1.69280045e+001 
812 821.21 1.70182804e+002 1.70182804e+001 
813 821.99 1.58336614e+002 1.58336614e+001 
814 822.77 1.46446054e+002 1.46446054e+001 
815 823.55 1.48509177e+002 1.48509177e+001 
816 824.32 1.61236816e+002 1.61236816e+001 
817 825.10 1.72793204e+002 1.72793204e+001 
818 825.88 1.76711584e+002 1.76711584e+001 
819 826.66 1.73069254e+002 1.73069254e+001 
820 827.43 1.66368582e+002 1.66368582e+001 
821 828.21 1.61186526e+002 1.61186526e+001 
822 828.99 1.60911299e+002 1.60911299e+001 
823 829.76 1.64251974e+002 1.64251974e+001 
824 830.54 1.67617774e+002 1.67617774e+001 
825 831.32 1.68689019e+002 1.68689019e+001 
826 832.10 1.68427562e+002 1.68427562e+001 
827 832.87 1.68510384e+002 1.68510384e+001 
828 833.65 1.71231200e+002 1.71231200e+001 
829 834.42 1.76901151e+002 1.76901151e+001 
830 835.20 1.83168183e+002 1.83168183e+001 
831 835.98 1.86712908e+002 1.86712908e+001 
832 836.75 1.87599226e+002 1.87599226e+001 
833 837.53 1.87024934e+002 1.87024934e+001 
834 838.30 1.87400484e+002 1.87400484e+001 
835 839.08 1.89743982e+002 1.89743982e+001 
836 839.86 1.92740097e+002 1.92740097e+001 
837 840.63 1.94066703e+002 1.94066703e+001 
838 841.41 1.93260292e+002 1.93260292e+001 
839 842.18 1.91300862e+002 1.91300862e+001 
840 842.96 1.89648776e+002 1.89648776e+001 
841 843.74 1.89996389e+002 1.89996389e+001 
842 844.51 1.92437040e+002 1.92437040e+001 
843 845.28 1.95194718e+002 1.95194718e+001 
844 846.06 1.96400370e+002 1.96400370e+001 
845 846.84 1.94533454e+002 1.94533454e+001 
846 847.61 1.90390626e+002 1.90390626e+001 
847 848.38 1.86152281e+002 1.86152281e+001 
848 849.16 1.84259515e+002 1.84259515e+001 
849 849.93 1.83921037e+002 1.83921037e+001 
850 850.71 1.84178994e+002 1.84178994e+001 
851 851.48 1.82538123e+002 1.82538123e+001 
852 852.26 1.78454418e+002 1.78454418e+001 
853 853.03 1.73486267e+002 1.73486267e+001 
854 853.81 1.70000622e+002 1.70000622e+001 
855 854.58 1.70381852e+002 1.70381852e+001 
856 855.35 1.74480371e+002 1.74480371e+001 
857 856.13 1.79597043e+002 1.79597043e+001 
858 856.90 1.82017069e+002 1.82017069e+001 
859 857.68 1.81290765e+002 1.81290765e+001 
860 858.45 1.79442900e+002 1.79442900e+001 
861 859.22 1.78063140e+002 1.78063140e+001 
862 860.00 1.78582885e+002 1.78582885e+001 
863 860.77 1.80206658e+002 1.80206658e+001 
864 861.54 1.80673909e+002 1.80673909e+001 
865 862.32 1.79268921e+002 1.79268921e+001 
866 863.09 1.76231212e+002 1.76231212e+001 
867 863.86 1.71415008e+002 1.71415008e+001 
868 864.63 1.67430658e+002 1.67430658e+001 
869 865.41 1.64759215e+002 1.64759215e+001 
870 866.18 1.63823882e+002 1.63823882e+001 
871 866.95 1.64219575e+002 1.64219575e+001 
872 867.73 1.65046641e+002 1.65046641e+001 
873 868.50 1.65248748e+002 1.65248748e+001 
874 869.27 1.64861799e+002 1.64861799e+001 
875 870.04 1.64978431e+002 1.64978431e+001 
876 870.81 1.66244951e+002 1.66244951e+001 
877 871.59 1.67041815e+002 1.67041815e+001 
878 872.36 1.67112038e+002 1.67112038e+001 
879 873.13 1.65610574e+002 1.65610574e+001 
880 873.90 1.62754778e+002 1.62754778e+001 
881 874.67 1.59486072e+002 1.59486072e+001 
882 875.44 1.57834015e+002 1.57834015e+001 
883 876.22 1.58293656e+002 1.58293656e+001 
884 876.99 1.59192729e+002 1.59192729e+001 
885 877.76 1.59533695e+002 1.59533695e+001 
886 878.53 1.58271703e+002 1.58271703e+001 
887 879.30 1.55381950e+002 1.55381950e+001 
888 880.07 1.52246752e+002 1.52246752e+001 
889 880.84 1.50464987e+002 1.50464987e+001 
890 881.61 1.50578615e+002 1.50578615e+001 
891 882.38 1.51490268e+002 1.51490268e+001 
892 883.15 1.52629617e+002 1.52629617e+001 
893 883.92 1.51906266e+002 1.51906266e+001 
894 884.69 1.49456202e+002 1.49456202e+001 
895 885.46 1.46501560e+002 1.46501560e+001 
896 886.24 1.43896653e+002 1.43896653e+001 
897 887.01 1.42668682e+002 1.42668682e+001 
898 887.77 1.42860389e+002 1.42860389e+001 
899 888.55 1.43665798e+002 1.43665798e+001 
900 889.31 1.43779453e+002 1.43779453e+001 
901 890.08 1.41434753e+002 1.41434753e+001 
902 890.85 1.36908922e+002 1.36908922e+001 
903 891.62 1.31420653e+002 1.31420653e+001 
904 892.39 1.25458332e+002 1.25458332e+001 
905 893.16 1.20160506e+002 1.20160506e+001 
906 893.93 1.15157177e+002 1.15157177e+001 
907 894.70 1.09432412e+002 1.09432412e+001 
908 895.47 1.02537904e+002 1.02537904e+001 
909 896.24 9.51615700e+001 9.51615700e+000 
910 897.01 8.82994765e+001 8.82994765e+000 
911 897.77 8.31759571e+001 8.31759571e+000 
912 898.54 8.02121724e+001 8.02121724e+000 
913 899.31 7.88921655e+001 7.88921655e+000 
914 900.08 7.87841908e+001 7.87841908e+000 
915 900.85 7.97464760e+001 7.97464760e+000 
916 901.62 8.12463326e+001 8.12463326e+000 
917 902.38 8.32052490e+001 8.32052490e+000 
918 903.15 8.54196636e+001 8.54196636e+000 
919 903.92 8.73753987e+001 8.73753987e+000 
920 904.69 8.82904309e+001 8.82904309e+000 
921 905.46 8.75763489e+001 8.75763489e+000 
922 906.22 8.50661518e+001 8.50661518e+000 
923 906.99 8.10264056e+001 8.10264056e+000 
924 907.76 7.65840650e+001 7.65840650e+000 
925 908.52 7.27804791e+001 7.27804791e+000 
926 909.29 7.02401436e+001 7.02401436e+000 
927 910.06 6.91125770e+001 6.91125770e+000 
928 910.83 6.88079654e+001 6.88079654e+000 
929 911.59 6.87285221e+001 6.87285221e+000 
930 912.36 6.82129855e+001 6.82129855e+000 
931 913.13 6.70205236e+001 6.70205236e+000 
932 913.89 6.55413006e+001 6.55413006e+000 
933 914.66 6.43395152e+001 6.43395152e+000 
934 915.43 6.40368455e+001 6.40368455e+000 
935 916.19 6.48814881e+001 6.48814881e+000 
936 916.96 6.66262321e+001 6.66262321e+000 
937 917.72 6.89122154e+001 6.89122154e+000 
938 918.49 7.12630950e+001 7.12630950e+000 
939 919.26 7.33889495e+001 7.33889495e+000 
940 920.02 7.48453378e+001 7.48453378e+000 
941 920.79 7.53585847e+001 7.53585847e+000 
942 921.55 7.49475968e+001 7.49475968e+000 
943 922.32 7.38881370e+001 7.38881370e+000 
944 923.08 7.23393535e+001 7.23393535e+000 
945 923.85 7.04164699e+001 7.04164699e+000 
946 924.61 6.79858255e+001 6.79858255e+000 
947 925.38 6.48943952e+001 6.48943952e+000 
948 926.14 6.10028456e+001 6.10028456e+000 
949 926.91 5.62096335e+001 5.62096335e+000 
950 927.67 5.06675343e+001 5.06675343e+000 
951 928.44 4.46522239e+001 4.46522239e+000 
952 929.20 3.85658968e+001 3.85658968e+000 
953 929.97 3.28402388e+001 3.28402388e+000 
954 930.73 2.76394535e+001 2.76394535e+000 
955 931.50 2.30905814e+001 2.30905814e+000 
956 932.26 1.92375356e+001 1.92375356e+000 
957 933.02 1.61555130e+001 1.61555130e+000 
958 933.79 1.40062580e+001 1.40062580e+000 
959 934.55 1.28639857e+001 1.28639857e+000 
960 935.32 1.25595221e+001 1.25595221e+000 
961 936.08 1.28873242e+001 1.28873242e+000 
962 936.84 1.36010611e+001 1.36010611e+000 
963 937.61 1.45162176e+001 1.45162176e+000 
964 938.37 1.55175767e+001 1.55175767e+000 
965 939.13 1.64430475e+001 1.64430475e+000 
966 939.89 1.71702848e+001 1.71702848e+000 
967 940.66 1.75427474e+001 1.75427474e+000 
968 941.42 1.75619761e+001 1.75619761e+000 
969 942.18 1.72411155e+001 1.72411155e+000 
970 942.95 1.67290744e+001 1.67290744e+000 
971 943.71 1.61876843e+001 1.61876843e+000 
972 944.47 1.57532348e+001 1.57532348e+000 
973 945.23 1.55021605e+001 1.55021605e+000 
974 946.00 1.54035197e+001 1.54035197e+000 
975 946.76 1.54749349e+001 1.54749349e+000 
976 947.52 1.57260058e+001 1.57260058e+000 
977 948.28 1.61067202e+001 1.61067202e+000 
978 949.05 1.65136609e+001 1.65136609e+000 
979 949.81 1.68718410e+001 1.68718410e+000 
980 950.57 1.71408226e+001 1.71408226e+000 
981 951.33 1.73206537e+001 1.73206537e+000 
982 952.09 1.74754986e+001 1.74754986e+000 
983 952.85 1.76532158e+001 1.76532158e+000 
984 953.61 1.79538032e+001 1.79538032e+000 
985 954.38 1.84434515e+001 1.84434515e+000 
986 955.14 1.89890458e+001 1.89890458e+000 
987 955.90 1.95585311e+001 1.95585311e+000 
988 956.66 2.02084273e+001 2.02084273e+000 
989 957.42 2.08326103e+001 2.08326103e+000 
990 958.18 2.14005154e+001 2.14005154e+000 
991 958.94 2.19737174e+001 2.19737174e+000 
992 959.70 2.26332257e+001 2.26332257e+000 
993 960.46 2.33988178e+001 2.33988178e+000 
994 961.22 2.43562421e+001 2.43562421e+000 
995 961.98 2.54881288e+001 2.54881288e+000 
996 962.74 2.66788280e+001 2.66788280e+000 
997 963.50 2.79665964e+001 2.79665964e+000 
998 964.26 2.92823365e+001 2.92823365e+000 
999 965.02 3.06337633e+001 3.06337633e+000 
1000 965.78 3.20643097e+001 3.20643097e+000 
1001 966.54 3.36215452e+001 3.36215452e+000 
1002 967.30 3.52326789e+001 3.52326789e+000 
1003 968.06 3.67095139e+001 3.67095139e+000 
1004 968.82 3.78119416e+001 3.78119416e+000 
1005 969.58 3.85628322e+001 3.85628322e+000 
1006 970.34 3.90409302e+001 3.90409302e+000 
1007 971.10 3.92615539e+001 3.92615539e+000 
1008 971.86 3.92781686e+001 3.92781686e+000 
1009 972.62 3.91334008e+001 3.91334008e+000 
1010 973.38 3.87828624e+001 3.87828624e+000 
1011 974.14 3.82736463e+001 3.82736463e+000 
1012 974.89 3.77483727e+001 3.77483727e+000 
1013 975.65 3.74000456e+001 3.74000456e+000 
1014 976.41 3.73545758e+001 3.73545758e+000 
1015 977.17 3.77009544e+001 3.77009544e+000 
1016 977.93 3.82880227e+001 3.82880227e+000 
1017 978.69 3.89411137e+001 3.89411137e+000 
1018 979.45 3.95456849e+001 3.95456849e+000 
1019 980.20 4.01317432e+001 4.01317432e+000 
1020 980.96 4.08256355e+001 4.08256355e+000 
1021 981.72 4.16159171e+001 4.16159171e+000 
1022 982.48 4.24269876e+001 4.24269876e+000 
1023 983.24 4.30337431e+001 4.30337431e+000 
1024 983.99 4.33988700e+001 4.33988700e+000 
1025 984.75 4.37463381e+001 4.37463381e+000 
1026 985.51 4.42411286e+001 4.42411286e+000 
1027 986.26 4.47483137e+001 4.47483137e+000 
1028 987.02 4.49701467e+001 4.49701467e+000 
1029 987.78 4.48485231e+001 4.48485231e+000 
1030 988.54 4.46676127e+001 4.46676127e+000 
1031 989.29 4.46859139e+001 4.46859139e+000 
1032 990.05 4.47733532e+001 4.47733532e+000 
1033 990.81 4.44140841e+001 4.44140841e+000 
1034 991.56 4.38127870e+001 4.38127870e+000 
1035 992.32 4.34035222e+001 4.34035222e+000 
1036 993.08 4.30294650e+001 4.30294650e+000 
1037 993.83 4.23301353e+001 4.23301353e+000 
1038 994.59 4.14948815e+001 4.14948815e+000 
1039 995.35 4.08583322e+001 4.08583322e+000 
1040 996.10 2.60866691e+000 2.60866691e-001 
1041 996.86 1.25226885e-001 1.25226885e-002 
1042 997.62 6.18553710e-002 6.18553710e-003 
1043 998.37 4.96638981e-002 4.96638981e-003 
