% C0 (TOA Count Rate, /ms) for 4STAR VIS spectrometer (1044 channels) derived from 20160112starsun.mat and recorded on 2016-01-13 12:58:12.
% Modified Langley processed for 0.8823-0.9945 micron region
Pix Wavelength C0 C0err
0 173.18 -1.00000000e+00 -1.00000000e+00 
1 173.97 2.86465242e+02 -1.00000000e+00 
2 174.77 4.26829891e+02 -1.00000000e+00 
3 175.56 4.91638164e+02 -1.00000000e+00 
4 176.36 7.07919050e+04 -1.00000000e+00 
5 177.15 8.49212117e+04 -1.00000000e+00 
6 177.94 9.88588622e+04 -1.00000000e+00 
7 178.74 1.08609857e+05 -1.00000000e+00 
8 179.53 1.25398220e+05 -1.00000000e+00 
9 180.33 1.43379638e+05 -1.00000000e+00 
10 181.12 1.67986972e+05 -1.00000000e+00 
11 181.92 1.92713978e+05 -1.00000000e+00 
12 182.71 2.24382927e+05 -1.00000000e+00 
13 183.51 2.58233154e+05 -1.00000000e+00 
14 184.30 3.05828523e+05 -1.00000000e+00 
15 185.10 3.54130345e+05 -1.00000000e+00 
16 185.89 4.24131143e+05 -1.00000000e+00 
17 186.69 5.00405358e+05 -1.00000000e+00 
18 187.49 5.94833938e+05 -1.00000000e+00 
19 188.28 7.16020674e+05 -1.00000000e+00 
20 189.08 8.62049298e+05 -1.00000000e+00 
21 189.88 1.05413186e+06 -1.00000000e+00 
22 190.67 1.28736124e+06 -1.00000000e+00 
23 191.47 1.56547536e+06 -1.00000000e+00 
24 192.27 1.95842349e+06 -1.00000000e+00 
25 193.07 2.45210839e+06 -1.00000000e+00 
26 193.86 3.06189942e+06 -1.00000000e+00 
27 194.66 3.92083139e+06 -1.00000000e+00 
28 195.46 4.95702120e+06 -1.00000000e+00 
29 196.26 6.42214575e+06 -1.00000000e+00 
30 197.05 7.91288433e+06 -1.00000000e+00 
31 197.85 1.06057311e+07 -1.00000000e+00 
32 198.65 1.42201401e+07 -1.00000000e+00 
33 199.45 1.95252023e+07 -1.00000000e+00 
34 200.25 2.66333389e+07 -1.00000000e+00 
35 201.05 3.51754777e+07 -1.00000000e+00 
36 201.85 4.97486920e+07 -1.00000000e+00 
37 202.64 6.99010029e+07 -1.00000000e+00 
38 203.44 9.88989713e+07 -1.00000000e+00 
39 204.24 1.09419888e+08 -1.00000000e+00 
40 205.04 1.62622141e+08 -1.00000000e+00 
41 205.84 2.12813321e+08 -1.00000000e+00 
42 206.64 2.35349698e+08 -1.00000000e+00 
43 207.44 2.73499704e+08 -1.00000000e+00 
44 208.24 2.77234266e+08 -1.00000000e+00 
45 209.04 2.96782620e+08 -1.00000000e+00 
46 209.84 4.72805764e+08 -1.00000000e+00 
47 210.64 3.30253409e+08 -1.00000000e+00 
48 211.44 2.01272114e+08 -1.00000000e+00 
49 212.24 1.24954753e+08 -1.00000000e+00 
50 213.05 7.69154727e+07 -1.00000000e+00 
51 213.85 4.74677702e+07 -1.00000000e+00 
52 214.65 2.88781505e+07 -1.00000000e+00 
53 215.45 1.80364619e+07 -1.00000000e+00 
54 216.25 1.10973210e+07 -1.00000000e+00 
55 217.05 6.84164535e+06 -1.00000000e+00 
56 217.85 4.21577450e+06 -1.00000000e+00 
57 218.65 2.60446209e+06 -1.00000000e+00 
58 219.46 1.60696081e+06 -1.00000000e+00 
59 220.26 9.72544823e+05 -1.00000000e+00 
60 221.06 6.05617381e+05 -1.00000000e+00 
61 221.86 3.74183365e+05 -1.00000000e+00 
62 222.66 2.33249819e+05 -1.00000000e+00 
63 223.47 1.42546871e+05 -1.00000000e+00 
64 224.27 8.79271027e+04 -1.00000000e+00 
65 225.07 5.43088832e+04 -1.00000000e+00 
66 225.87 3.34095047e+04 -1.00000000e+00 
67 226.68 2.08753353e+04 -1.00000000e+00 
68 227.48 1.31393500e+04 -1.00000000e+00 
69 228.28 8.46144497e+03 -1.00000000e+00 
70 229.09 5.84998582e+03 -1.00000000e+00 
71 229.89 4.75602895e+03 -1.00000000e+00 
72 230.69 4.72015182e+03 -1.00000000e+00 
73 231.49 5.85586875e+03 -1.00000000e+00 
74 232.30 8.54764163e+03 -1.00000000e+00 
75 233.10 1.39260426e+04 -1.00000000e+00 
76 233.91 2.39779380e+04 -1.00000000e+00 
77 234.71 4.20009315e+04 -1.00000000e+00 
78 235.51 7.49102754e+04 -1.00000000e+00 
79 236.32 1.29989720e+05 -1.00000000e+00 
80 237.12 2.32140618e+05 -1.00000000e+00 
81 237.92 4.15018863e+05 -1.00000000e+00 
82 238.73 7.46523074e+05 -1.00000000e+00 
83 239.53 1.34131392e+06 -1.00000000e+00 
84 240.34 2.39663399e+06 -1.00000000e+00 
85 241.14 4.13001554e+06 -1.00000000e+00 
86 241.94 7.03766851e+06 -1.00000000e+00 
87 242.75 1.18824399e+07 -1.00000000e+00 
88 243.55 1.96856891e+07 -1.00000000e+00 
89 244.36 3.15411293e+07 -1.00000000e+00 
90 245.16 5.03512052e+07 -1.00000000e+00 
91 245.97 7.83474392e+07 -1.00000000e+00 
92 246.77 1.12973387e+08 -1.00000000e+00 
93 247.58 1.66994206e+08 -1.00000000e+00 
94 248.38 2.37330732e+08 -1.00000000e+00 
95 249.19 3.29962754e+08 -1.00000000e+00 
96 249.99 4.23926722e+08 -1.00000000e+00 
97 250.80 5.18297888e+08 -1.00000000e+00 
98 251.60 6.16537527e+08 -1.00000000e+00 
99 252.41 7.32969511e+08 -1.00000000e+00 
100 253.21 8.02102485e+08 -1.00000000e+00 
101 254.02 7.31971778e+08 -1.00000000e+00 
102 254.83 6.71642995e+08 -1.00000000e+00 
103 255.63 7.02505657e+08 -1.00000000e+00 
104 256.44 8.23121938e+08 -1.00000000e+00 
105 257.24 7.13678268e+08 -1.00000000e+00 
106 258.05 6.39415766e+08 -1.00000000e+00 
107 258.85 5.40266261e+08 -1.00000000e+00 
108 259.66 4.14795748e+08 -1.00000000e+00 
109 260.46 3.04533408e+08 -1.00000000e+00 
110 261.27 2.21809758e+08 -1.00000000e+00 
111 262.08 1.50169037e+08 -1.00000000e+00 
112 262.88 1.00171154e+08 -1.00000000e+00 
113 263.69 6.53163000e+07 -1.00000000e+00 
114 264.50 4.23883654e+07 -1.00000000e+00 
115 265.30 2.70346781e+07 -1.00000000e+00 
116 266.11 1.63354262e+07 -1.00000000e+00 
117 266.91 9.29322167e+06 -1.00000000e+00 
118 267.72 5.26909295e+06 -1.00000000e+00 
119 268.53 2.83021552e+06 -1.00000000e+00 
120 269.33 1.54889062e+06 -1.00000000e+00 
121 270.14 8.98142221e+05 -1.00000000e+00 
122 270.95 4.97025947e+05 -1.00000000e+00 
123 271.75 2.72886853e+05 -1.00000000e+00 
124 272.56 1.48906552e+05 -1.00000000e+00 
125 273.37 7.66387758e+04 -1.00000000e+00 
126 274.17 4.04857012e+04 -1.00000000e+00 
127 274.98 2.16252654e+04 -1.00000000e+00 
128 275.79 1.21475706e+04 -1.00000000e+00 
129 276.59 6.88707660e+03 -1.00000000e+00 
130 277.40 3.99847001e+03 -1.00000000e+00 
131 278.21 2.27083921e+03 -1.00000000e+00 
132 279.01 1.32364397e+03 -1.00000000e+00 
133 279.82 7.62321915e+02 -1.00000000e+00 
134 280.63 4.53240756e+02 -1.00000000e+00 
135 281.44 2.65431672e+02 -1.00000000e+00 
136 282.24 1.63428212e+02 -1.00000000e+00 
137 283.05 1.05338668e+02 -1.00000000e+00 
138 283.86 7.02032238e+01 -1.00000000e+00 
139 284.66 4.65163500e+01 -1.00000000e+00 
140 285.47 3.17436135e+01 -1.00000000e+00 
141 286.28 2.25732016e+01 -1.00000000e+00 
142 287.09 1.60611316e+01 -1.00000000e+00 
143 287.89 1.19820039e+01 -1.00000000e+00 
144 288.70 8.59243344e+00 -1.00000000e+00 
145 289.51 6.71952867e+00 -1.00000000e+00 
146 290.32 5.20461803e+00 -1.00000000e+00 
147 291.12 4.19722514e+00 -1.00000000e+00 
148 291.93 3.30112251e+00 -1.00000000e+00 
149 292.74 2.75129295e+00 -1.00000000e+00 
150 293.55 2.32055993e+00 -1.00000000e+00 
151 294.35 1.95405624e+00 -1.00000000e+00 
152 295.16 1.68417713e+00 -1.00000000e+00 
153 295.97 1.49417288e+00 -1.00000000e+00 
154 296.78 1.30112334e+00 -1.00000000e+00 
155 297.58 1.15903000e+00 -1.00000000e+00 
156 298.39 1.03807301e+00 -1.00000000e+00 
157 299.20 9.57070037e-01 -1.00000000e+00 
158 300.01 8.74787517e-01 -1.00000000e+00 
159 300.81 8.18942779e-01 -1.00000000e+00 
160 301.62 7.61847733e-01 -1.00000000e+00 
161 302.43 7.23158346e-01 -1.00000000e+00 
162 303.24 6.88567458e-01 -1.00000000e+00 
163 304.05 6.61185437e-01 -1.00000000e+00 
164 304.85 6.28485575e-01 -1.00000000e+00 
165 305.66 6.19703261e-01 -1.00000000e+00 
166 306.47 5.96115213e-01 -1.00000000e+00 
167 307.28 5.70204726e-01 -1.00000000e+00 
168 308.08 5.69028228e-01 -1.00000000e+00 
169 308.89 5.50796837e-01 -1.00000000e+00 
170 309.70 5.45074707e-01 -1.00000000e+00 
171 310.51 5.43883817e-01 -1.00000000e+00 
172 311.32 5.37404438e-01 -1.00000000e+00 
173 312.12 5.28589043e-01 -1.00000000e+00 
174 312.93 5.27295781e-01 -1.00000000e+00 
175 313.74 5.17462563e-01 -1.00000000e+00 
176 314.55 5.27353918e-01 -1.00000000e+00 
177 315.36 5.19395196e-01 -1.00000000e+00 
178 316.16 5.29858791e-01 -1.00000000e+00 
179 316.97 5.29628362e-01 -1.00000000e+00 
180 317.78 5.37930310e-01 -1.00000000e+00 
181 318.59 5.42477844e-01 -1.00000000e+00 
182 319.39 5.50096422e-01 -1.00000000e+00 
183 320.20 5.56317236e-01 -1.00000000e+00 
184 321.01 5.60705752e-01 -1.00000000e+00 
185 321.82 5.76548488e-01 -1.00000000e+00 
186 322.63 5.90761267e-01 -1.00000000e+00 
187 323.43 6.04591460e-01 -1.00000000e+00 
188 324.24 6.22709202e-01 -1.00000000e+00 
189 325.05 6.35166528e-01 -1.00000000e+00 
190 325.86 6.61979745e-01 -1.00000000e+00 
191 326.67 6.75404648e-01 -1.00000000e+00 
192 327.48 6.92534375e-01 -1.00000000e+00 
193 328.28 7.18082064e-01 -1.00000000e+00 
194 329.09 7.41931757e-01 -1.00000000e+00 
195 329.90 7.76719454e-01 -1.00000000e+00 
196 330.71 8.09517522e-01 -1.00000000e+00 
197 331.51 8.66181497e-01 -1.00000000e+00 
198 332.32 9.44432247e-01 -1.00000000e+00 
199 333.13 1.11604395e+00 -1.00000000e+00 
200 333.94 1.39780586e+00 -1.00000000e+00 
201 334.75 1.90173213e+00 -1.00000000e+00 
202 335.56 2.67062397e+00 -1.00000000e+00 
203 336.36 3.80339995e+00 -1.00000000e+00 
204 337.17 5.65210388e+00 -1.00000000e+00 
205 337.98 8.45276475e+00 -1.00000000e+00 
206 338.79 1.18596035e+01 -1.00000000e+00 
207 339.59 1.58821294e+01 -1.00000000e+00 
208 340.40 1.95735372e+01 -1.00000000e+00 
209 341.21 2.28312243e+01 -1.00000000e+00 
210 342.02 2.64885092e+01 -1.00000000e+00 
211 342.83 2.99904625e+01 -1.00000000e+00 
212 343.64 3.11332873e+01 -1.00000000e+00 
213 344.44 3.23383588e+01 -1.00000000e+00 
214 345.25 3.61830393e+01 -1.00000000e+00 
215 346.06 4.00589364e+01 -1.00000000e+00 
216 346.87 4.25468864e+01 -1.00000000e+00 
217 347.67 4.43451560e+01 -1.00000000e+00 
218 348.48 4.61085983e+01 -1.00000000e+00 
219 349.29 4.89371545e+01 -1.00000000e+00 
220 350.10 5.38280537e+01 -1.00000000e+00 
221 350.91 5.75464795e+01 -1.00000000e+00 
222 351.71 5.79477642e+01 -1.00000000e+00 
223 352.52 5.89313440e+01 -1.00000000e+00 
224 353.33 6.42045694e+01 -1.00000000e+00 
225 354.14 7.11733267e+01 -1.00000000e+00 
226 354.94 7.45598133e+01 -1.00000000e+00 
227 355.75 7.36656615e+01 -1.00000000e+00 
228 356.56 6.96008859e+01 -1.00000000e+00 
229 357.37 6.54291164e+01 -1.00000000e+00 
230 358.18 6.44132751e+01 -1.00000000e+00 
231 358.98 7.18381671e+01 -1.00000000e+00 
232 359.79 8.34508195e+01 -1.00000000e+00 
233 360.60 8.57474722e+01 -1.00000000e+00 
234 361.41 8.43572171e+01 -1.00000000e+00 
235 362.21 8.86798225e+01 -1.00000000e+00 
236 363.02 9.42091789e+01 -1.00000000e+00 
237 363.83 9.76116846e+01 -1.00000000e+00 
238 364.64 1.02260313e+02 -1.00000000e+00 
239 365.44 1.11361673e+02 -1.00000000e+00 
240 366.25 1.19860720e+02 -1.00000000e+00 
241 367.06 1.21397608e+02 -1.00000000e+00 
242 367.87 1.19619312e+02 -1.00000000e+00 
243 368.67 1.21116752e+02 -1.00000000e+00 
244 369.48 1.26442343e+02 -1.00000000e+00 
245 370.29 1.28193911e+02 -1.00000000e+00 
246 371.10 1.26894806e+02 -1.00000000e+00 
247 371.90 1.23926389e+02 -1.00000000e+00 
248 372.71 1.17362182e+02 -1.00000000e+00 
249 373.52 1.10798202e+02 -1.00000000e+00 
250 374.33 1.09851715e+02 -1.00000000e+00 
251 375.13 1.17190060e+02 -1.00000000e+00 
252 375.94 1.27900018e+02 -1.00000000e+00 
253 376.75 1.39315574e+02 -1.00000000e+00 
254 377.55 1.52472186e+02 -1.00000000e+00 
255 378.36 1.57147620e+02 -1.00000000e+00 
256 379.17 1.49842511e+02 -1.00000000e+00 
257 379.98 1.45917732e+02 -1.00000000e+00 
258 380.78 1.45880862e+02 -1.00000000e+00 
259 381.59 1.34284105e+02 -1.00000000e+00 
260 382.40 1.14755147e+02 -1.00000000e+00 
261 383.21 1.04761536e+02 -1.00000000e+00 
262 384.01 1.12511914e+02 -1.00000000e+00 
263 384.82 1.27522912e+02 -1.00000000e+00 
264 385.63 1.34751539e+02 -1.00000000e+00 
265 386.43 1.36204841e+02 -1.00000000e+00 
266 387.24 1.37316209e+02 -1.00000000e+00 
267 388.05 1.39572888e+02 -1.00000000e+00 
268 388.85 1.47693307e+02 -1.00000000e+00 
269 389.66 1.61481767e+02 -1.00000000e+00 
270 390.47 1.73192673e+02 -1.00000000e+00 
271 391.27 1.75112176e+02 -1.00000000e+00 
272 392.08 1.58101561e+02 -1.00000000e+00 
273 392.89 1.29456396e+02 -1.00000000e+00 
274 393.69 1.20832472e+02 -1.00000000e+00 
275 394.50 1.42724617e+02 -1.00000000e+00 
276 395.31 1.61460262e+02 -1.00000000e+00 
277 396.11 1.52985274e+02 -1.00000000e+00 
278 396.92 1.44391487e+02 -1.00000000e+00 
279 397.73 1.68086669e+02 -1.00000000e+00 
280 398.53 2.08126493e+02 -1.00000000e+00 
281 399.34 2.35122659e+02 -1.00000000e+00 
282 400.15 2.48466306e+02 -1.00000000e+00 
283 400.95 2.57493313e+02 -1.00000000e+00 
284 401.76 2.64757168e+02 -1.00000000e+00 
285 402.57 2.67392971e+02 -1.00000000e+00 
286 403.37 2.66127300e+02 -1.00000000e+00 
287 404.18 2.64826616e+02 -1.00000000e+00 
288 404.98 2.63579884e+02 -1.00000000e+00 
289 405.79 2.62258326e+02 -1.00000000e+00 
290 406.60 2.62860121e+02 -1.00000000e+00 
291 407.40 2.68880988e+02 -1.00000000e+00 
292 408.21 2.78793805e+02 -1.00000000e+00 
293 409.02 2.83343562e+02 -1.00000000e+00 
294 409.82 2.80649456e+02 -1.00000000e+00 
295 410.63 2.83138207e+02 -1.00000000e+00 
296 411.44 2.94633973e+02 -1.00000000e+00 
297 412.24 3.03443410e+02 -1.00000000e+00 
298 413.05 3.04979791e+02 -1.00000000e+00 
299 413.85 3.04962088e+02 -1.00000000e+00 
300 414.66 3.05802571e+02 -1.00000000e+00 
301 415.46 3.07290134e+02 -1.00000000e+00 
302 416.27 3.07959654e+02 -1.00000000e+00 
303 417.08 3.04847302e+02 -1.00000000e+00 
304 417.88 3.00022139e+02 -1.00000000e+00 
305 418.69 2.97938118e+02 -1.00000000e+00 
306 419.49 2.99130347e+02 -1.00000000e+00 
307 420.30 3.03330470e+02 -1.00000000e+00 
308 421.11 3.07302144e+02 -1.00000000e+00 
309 421.91 3.05951989e+02 -1.00000000e+00 
310 422.72 3.01417022e+02 -1.00000000e+00 
311 423.52 3.00918918e+02 -1.00000000e+00 
312 424.33 3.04218912e+02 -1.00000000e+00 
313 425.13 3.06448723e+02 -1.00000000e+00 
314 425.94 3.06333884e+02 -1.00000000e+00 
315 426.74 3.05322829e+02 -1.00000000e+00 
316 427.55 3.03937806e+02 -1.00000000e+00 
317 428.35 2.99345357e+02 -1.00000000e+00 
318 429.16 2.87337527e+02 -1.00000000e+00 
319 429.96 2.73972577e+02 -1.00000000e+00 
320 430.77 2.78163254e+02 -1.00000000e+00 
321 431.58 3.04122094e+02 -1.00000000e+00 
322 432.38 3.33042635e+02 -1.00000000e+00 
323 433.19 3.47254602e+02 -1.00000000e+00 
324 433.99 3.53404168e+02 -1.00000000e+00 
325 434.80 3.64971380e+02 -1.00000000e+00 
326 435.60 3.82342707e+02 -1.00000000e+00 
327 436.41 3.94636735e+02 -1.00000000e+00 
328 437.21 3.94320509e+02 -1.00000000e+00 
329 438.02 3.88069334e+02 -1.00000000e+00 
330 438.82 3.87818066e+02 -1.00000000e+00 
331 439.63 3.97083944e+02 -1.00000000e+00 
332 440.43 4.12468111e+02 -1.00000000e+00 
333 441.24 4.28584148e+02 -1.00000000e+00 
334 442.04 4.43071987e+02 -1.00000000e+00 
335 442.84 4.53194513e+02 -1.00000000e+00 
336 443.65 4.58705889e+02 -1.00000000e+00 
337 444.45 4.60288657e+02 -1.00000000e+00 
338 445.26 4.59386224e+02 -1.00000000e+00 
339 446.06 4.62001461e+02 -1.00000000e+00 
340 446.87 4.71213541e+02 -1.00000000e+00 
341 447.67 4.83998610e+02 -1.00000000e+00 
342 448.48 4.94395583e+02 -1.00000000e+00 
343 449.28 5.03706216e+02 -1.00000000e+00 
344 450.09 5.13835183e+02 -1.00000000e+00 
345 450.89 5.20042890e+02 -1.00000000e+00 
346 451.69 5.16187767e+02 -1.00000000e+00 
347 452.50 5.06499858e+02 -1.00000000e+00 
348 453.30 5.01009176e+02 -1.00000000e+00 
349 454.11 5.03055041e+02 -1.00000000e+00 
350 454.91 5.10771040e+02 -1.00000000e+00 
351 455.72 5.19406811e+02 -1.00000000e+00 
352 456.52 5.26372275e+02 -1.00000000e+00 
353 457.32 5.29499823e+02 -1.00000000e+00 
354 458.13 5.28418149e+02 -1.00000000e+00 
355 458.93 5.27262172e+02 -1.00000000e+00 
356 459.74 5.30110191e+02 -1.00000000e+00 
357 460.54 5.36894423e+02 -1.00000000e+00 
358 461.34 5.44708521e+02 -1.00000000e+00 
359 462.15 5.50194535e+02 -1.00000000e+00 
360 462.95 5.50799784e+02 -1.00000000e+00 
361 463.76 5.47616904e+02 -1.00000000e+00 
362 464.56 5.43905153e+02 -1.00000000e+00 
363 465.36 5.40966396e+02 -1.00000000e+00 
364 466.17 5.39431343e+02 -1.00000000e+00 
365 466.97 5.39948417e+02 -1.00000000e+00 
366 467.77 5.42480950e+02 -1.00000000e+00 
367 468.58 5.45700813e+02 -1.00000000e+00 
368 469.38 5.46938962e+02 -1.00000000e+00 
369 470.18 5.47891460e+02 -1.00000000e+00 
370 470.99 5.53038427e+02 -1.00000000e+00 
371 471.79 5.61089970e+02 -1.00000000e+00 
372 472.59 5.68649244e+02 -1.00000000e+00 
373 473.40 5.73968411e+02 -1.00000000e+00 
374 474.20 5.77167182e+02 -1.00000000e+00 
375 475.00 5.79230184e+02 -1.00000000e+00 
376 475.81 5.80910134e+02 -1.00000000e+00 
377 476.61 5.83965724e+02 -1.00000000e+00 
378 477.41 5.89468925e+02 -1.00000000e+00 
379 478.21 5.95377722e+02 -1.00000000e+00 
380 479.02 5.99645460e+02 -1.00000000e+00 
381 479.82 6.02114099e+02 -1.00000000e+00 
382 480.62 6.04679142e+02 -1.00000000e+00 
383 481.43 6.06016032e+02 -1.00000000e+00 
384 482.23 6.04969902e+02 -1.00000000e+00 
385 483.03 6.00530737e+02 -1.00000000e+00 
386 483.84 5.90602333e+02 -1.00000000e+00 
387 484.64 5.71973450e+02 -1.00000000e+00 
388 485.44 5.49354499e+02 -1.00000000e+00 
389 486.24 5.35517965e+02 -1.00000000e+00 
390 487.05 5.36870680e+02 -1.00000000e+00 
391 487.85 5.51331675e+02 -1.00000000e+00 
392 488.65 5.69724255e+02 -1.00000000e+00 
393 489.45 5.82581396e+02 -1.00000000e+00 
394 490.26 5.87266506e+02 -1.00000000e+00 
395 491.06 5.85712249e+02 -1.00000000e+00 
396 491.86 5.81810532e+02 -1.00000000e+00 
397 492.66 5.81017998e+02 -1.00000000e+00 
398 493.46 5.86024167e+02 -1.00000000e+00 
399 494.27 5.92675145e+02 -1.00000000e+00 
400 495.07 5.96773700e+02 -1.00000000e+00 
401 495.87 5.98685103e+02 -1.00000000e+00 
402 496.67 5.96712983e+02 -1.00000000e+00 
403 497.48 5.92396578e+02 -1.00000000e+00 
404 498.28 5.87753316e+02 -1.00000000e+00 
405 499.08 5.82112783e+02 -1.00000000e+00 
406 499.88 5.75981473e+02 -1.00000000e+00 
407 500.68 5.70810494e+02 -1.00000000e+00 
408 501.48 5.68055635e+02 -1.00000000e+00 
409 502.29 5.69491952e+02 -1.00000000e+00 
410 503.09 5.73302145e+02 -1.00000000e+00 
411 503.89 5.78527939e+02 -1.00000000e+00 
412 504.69 5.84521994e+02 -1.00000000e+00 
413 505.49 5.89246623e+02 -1.00000000e+00 
414 506.29 5.90706075e+02 -1.00000000e+00 
415 507.09 5.88502910e+02 -1.00000000e+00 
416 507.90 5.85412032e+02 -1.00000000e+00 
417 508.70 5.83990514e+02 -1.00000000e+00 
418 509.50 5.84489782e+02 -1.00000000e+00 
419 510.30 5.85742171e+02 -1.00000000e+00 
420 511.10 5.84958372e+02 -1.00000000e+00 
421 511.90 5.81473972e+02 -1.00000000e+00 
422 512.70 5.75595732e+02 -1.00000000e+00 
423 513.51 5.68860403e+02 -1.00000000e+00 
424 514.31 5.63136054e+02 -1.00000000e+00 
425 515.11 5.54813336e+02 -1.00000000e+00 
426 515.91 5.41094498e+02 -1.00000000e+00 
427 516.71 5.26751492e+02 -1.00000000e+00 
428 517.51 5.17933550e+02 -1.00000000e+00 
429 518.31 5.20238161e+02 -1.00000000e+00 
430 519.11 5.32147501e+02 -1.00000000e+00 
431 519.91 5.45118010e+02 -1.00000000e+00 
432 520.71 5.54997898e+02 -1.00000000e+00 
433 521.51 5.59408723e+02 -1.00000000e+00 
434 522.32 5.61661886e+02 -1.00000000e+00 
435 523.12 5.65472150e+02 -1.00000000e+00 
436 523.92 5.69377367e+02 -1.00000000e+00 
437 524.72 5.69554566e+02 -1.00000000e+00 
438 525.52 5.62674912e+02 -1.00000000e+00 
439 526.32 5.53363844e+02 -1.00000000e+00 
440 527.12 5.50861561e+02 -1.00000000e+00 
441 527.92 5.57376768e+02 -1.00000000e+00 
442 528.72 5.69453131e+02 -1.00000000e+00 
443 529.52 5.80638578e+02 -1.00000000e+00 
444 530.32 5.85854226e+02 -1.00000000e+00 
445 531.12 5.84212078e+02 -1.00000000e+00 
446 531.92 5.79135464e+02 -1.00000000e+00 
447 532.72 5.74244714e+02 -1.00000000e+00 
448 533.52 5.73306088e+02 -1.00000000e+00 
449 534.32 5.77297113e+02 -1.00000000e+00 
450 535.12 5.82012425e+02 -1.00000000e+00 
451 535.92 5.83286897e+02 -1.00000000e+00 
452 536.72 5.82099369e+02 -1.00000000e+00 
453 537.52 5.79555352e+02 -1.00000000e+00 
454 538.32 5.75770656e+02 -1.00000000e+00 
455 539.12 5.70971743e+02 -1.00000000e+00 
456 539.92 5.66371675e+02 -1.00000000e+00 
457 540.72 5.64268994e+02 -1.00000000e+00 
458 541.52 5.65595955e+02 -1.00000000e+00 
459 542.32 5.69837127e+02 -1.00000000e+00 
460 543.12 5.74266773e+02 -1.00000000e+00 
461 543.92 5.77467499e+02 -1.00000000e+00 
462 544.72 5.79544692e+02 -1.00000000e+00 
463 545.52 5.79626489e+02 -1.00000000e+00 
464 546.31 5.77402316e+02 -1.00000000e+00 
465 547.12 5.74517841e+02 -1.00000000e+00 
466 547.91 5.72877530e+02 -1.00000000e+00 
467 548.71 5.72541938e+02 -1.00000000e+00 
468 549.51 5.72840350e+02 -1.00000000e+00 
469 550.31 5.72519106e+02 -1.00000000e+00 
470 551.11 5.71641819e+02 -1.00000000e+00 
471 551.91 5.70939706e+02 -1.00000000e+00 
472 552.71 5.70626255e+02 -1.00000000e+00 
473 553.51 5.71776077e+02 -1.00000000e+00 
474 554.31 5.72637979e+02 -1.00000000e+00 
475 555.10 5.71109910e+02 -1.00000000e+00 
476 555.90 5.67958195e+02 -1.00000000e+00 
477 556.70 5.63660322e+02 -1.00000000e+00 
478 557.50 5.57460025e+02 -1.00000000e+00 
479 558.30 5.52023075e+02 -1.00000000e+00 
480 559.10 5.50899645e+02 -1.00000000e+00 
481 559.90 5.51390579e+02 -1.00000000e+00 
482 560.70 5.53675562e+02 -1.00000000e+00 
483 561.50 5.58845335e+02 -1.00000000e+00 
484 562.29 5.62797111e+02 -1.00000000e+00 
485 563.09 5.64379670e+02 -1.00000000e+00 
486 563.89 5.65558680e+02 -1.00000000e+00 
487 564.69 5.65607019e+02 -1.00000000e+00 
488 565.49 5.64677018e+02 -1.00000000e+00 
489 566.29 5.64257684e+02 -1.00000000e+00 
490 567.08 5.66856037e+02 -1.00000000e+00 
491 567.88 5.70067427e+02 -1.00000000e+00 
492 568.68 5.71220820e+02 -1.00000000e+00 
493 569.48 5.70600991e+02 -1.00000000e+00 
494 570.27 5.69266810e+02 -1.00000000e+00 
495 571.07 5.71759252e+02 -1.00000000e+00 
496 571.87 5.78978685e+02 -1.00000000e+00 
497 572.67 5.86867942e+02 -1.00000000e+00 
498 573.47 5.92086040e+02 -1.00000000e+00 
499 574.26 5.91073944e+02 -1.00000000e+00 
500 575.06 5.87213443e+02 -1.00000000e+00 
501 575.86 5.83723629e+02 -1.00000000e+00 
502 576.66 5.79843655e+02 -1.00000000e+00 
503 577.46 5.76164475e+02 -1.00000000e+00 
504 578.25 5.72972959e+02 -1.00000000e+00 
505 579.05 5.70633979e+02 -1.00000000e+00 
506 579.85 5.70148067e+02 -1.00000000e+00 
507 580.64 5.70996773e+02 -1.00000000e+00 
508 581.44 5.72033089e+02 -1.00000000e+00 
509 582.24 5.72498953e+02 -1.00000000e+00 
510 583.04 5.72061404e+02 -1.00000000e+00 
511 583.83 5.69351489e+02 -1.00000000e+00 
512 584.63 5.64718484e+02 -1.00000000e+00 
513 585.43 5.60390355e+02 -1.00000000e+00 
514 586.23 5.57599580e+02 -1.00000000e+00 
515 587.02 5.54015670e+02 -1.00000000e+00 
516 587.82 5.46678724e+02 -1.00000000e+00 
517 588.62 5.37715611e+02 -1.00000000e+00 
518 589.41 5.32850691e+02 -1.00000000e+00 
519 590.21 5.34614521e+02 -1.00000000e+00 
520 591.01 5.41550029e+02 -1.00000000e+00 
521 591.80 5.47893957e+02 -1.00000000e+00 
522 592.60 5.50199473e+02 -1.00000000e+00 
523 593.40 5.50061801e+02 -1.00000000e+00 
524 594.19 5.49221832e+02 -1.00000000e+00 
525 594.99 5.48713877e+02 -1.00000000e+00 
526 595.79 5.48894114e+02 -1.00000000e+00 
527 596.58 5.48554654e+02 -1.00000000e+00 
528 597.38 5.47690333e+02 -1.00000000e+00 
529 598.18 5.45959610e+02 -1.00000000e+00 
530 598.97 5.43845771e+02 -1.00000000e+00 
531 599.77 5.41949727e+02 -1.00000000e+00 
532 600.56 5.40020881e+02 -1.00000000e+00 
533 601.36 5.38440044e+02 -1.00000000e+00 
534 602.16 5.39184526e+02 -1.00000000e+00 
535 602.95 5.41816328e+02 -1.00000000e+00 
536 603.75 5.44956128e+02 -1.00000000e+00 
537 604.54 5.46463900e+02 -1.00000000e+00 
538 605.34 5.45905553e+02 -1.00000000e+00 
539 606.14 5.44332598e+02 -1.00000000e+00 
540 606.93 5.41995427e+02 -1.00000000e+00 
541 607.73 5.39047330e+02 -1.00000000e+00 
542 608.52 5.35779787e+02 -1.00000000e+00 
543 609.32 5.32709472e+02 -1.00000000e+00 
544 610.12 5.30745396e+02 -1.00000000e+00 
545 610.91 5.29767480e+02 -1.00000000e+00 
546 611.71 5.28124681e+02 -1.00000000e+00 
547 612.50 5.26039210e+02 -1.00000000e+00 
548 613.30 5.23717493e+02 -1.00000000e+00 
549 614.09 5.21633941e+02 -1.00000000e+00 
550 614.89 5.18882843e+02 -1.00000000e+00 
551 615.68 5.15899047e+02 -1.00000000e+00 
552 616.48 5.14769327e+02 -1.00000000e+00 
553 617.27 5.16110295e+02 -1.00000000e+00 
554 618.07 5.19814070e+02 -1.00000000e+00 
555 618.86 5.23795351e+02 -1.00000000e+00 
556 619.66 5.25885770e+02 -1.00000000e+00 
557 620.45 5.25559617e+02 -1.00000000e+00 
558 621.25 5.23543060e+02 -1.00000000e+00 
559 622.04 5.19878444e+02 -1.00000000e+00 
560 622.84 5.15580263e+02 -1.00000000e+00 
561 623.63 5.11483469e+02 -1.00000000e+00 
562 624.43 5.07821077e+02 -1.00000000e+00 
563 625.22 5.06525339e+02 -1.00000000e+00 
564 626.02 5.06696277e+02 -1.00000000e+00 
565 626.81 5.07900741e+02 -1.00000000e+00 
566 627.61 5.08071349e+02 -1.00000000e+00 
567 628.40 5.06619234e+02 -1.00000000e+00 
568 629.19 5.04132506e+02 -1.00000000e+00 
569 629.99 5.01517719e+02 -1.00000000e+00 
570 630.78 4.98770093e+02 -1.00000000e+00 
571 631.58 4.97301955e+02 -1.00000000e+00 
572 632.37 4.96385356e+02 -1.00000000e+00 
573 633.17 4.95756095e+02 -1.00000000e+00 
574 633.96 4.95046459e+02 -1.00000000e+00 
575 634.76 4.93401126e+02 -1.00000000e+00 
576 635.55 4.91669704e+02 -1.00000000e+00 
577 636.34 4.90643525e+02 -1.00000000e+00 
578 637.14 4.90364936e+02 -1.00000000e+00 
579 637.93 4.89476736e+02 -1.00000000e+00 
580 638.73 4.86379815e+02 -1.00000000e+00 
581 639.52 4.81937881e+02 -1.00000000e+00 
582 640.31 4.77422190e+02 -1.00000000e+00 
583 641.11 4.74340530e+02 -1.00000000e+00 
584 641.90 4.73259332e+02 -1.00000000e+00 
585 642.69 4.72975496e+02 -1.00000000e+00 
586 643.49 4.71995867e+02 -1.00000000e+00 
587 644.28 4.70458433e+02 -1.00000000e+00 
588 645.07 4.68337732e+02 -1.00000000e+00 
589 645.87 4.67042840e+02 -1.00000000e+00 
590 646.66 4.66400867e+02 -1.00000000e+00 
591 647.45 4.65615466e+02 -1.00000000e+00 
592 648.25 4.62699893e+02 -1.00000000e+00 
593 649.04 4.58209250e+02 -1.00000000e+00 
594 649.83 4.55566054e+02 -1.00000000e+00 
595 650.63 4.56329764e+02 -1.00000000e+00 
596 651.42 4.58302871e+02 -1.00000000e+00 
597 652.21 4.58411715e+02 -1.00000000e+00 
598 653.00 4.56623119e+02 -1.00000000e+00 
599 653.80 4.51592094e+02 -1.00000000e+00 
600 654.59 4.39469987e+02 -1.00000000e+00 
601 655.38 4.20769421e+02 -1.00000000e+00 
602 656.17 4.07019630e+02 -1.00000000e+00 
603 656.97 4.08483137e+02 -1.00000000e+00 
604 657.76 4.22216345e+02 -1.00000000e+00 
605 658.55 4.35390794e+02 -1.00000000e+00 
606 659.34 4.41428398e+02 -1.00000000e+00 
607 660.14 4.43933031e+02 -1.00000000e+00 
608 660.93 4.46182232e+02 -1.00000000e+00 
609 661.72 4.47827362e+02 -1.00000000e+00 
610 662.51 4.47752315e+02 -1.00000000e+00 
611 663.31 4.46723378e+02 -1.00000000e+00 
612 664.10 4.46606682e+02 -1.00000000e+00 
613 664.89 4.47271274e+02 -1.00000000e+00 
614 665.68 4.47609314e+02 -1.00000000e+00 
615 666.48 4.46945391e+02 -1.00000000e+00 
616 667.27 4.46151018e+02 -1.00000000e+00 
617 668.06 4.46202433e+02 -1.00000000e+00 
618 668.85 4.46162087e+02 -1.00000000e+00 
619 669.64 4.45076468e+02 -1.00000000e+00 
620 670.43 4.42512870e+02 -1.00000000e+00 
621 671.22 4.39548934e+02 -1.00000000e+00 
622 672.02 4.37710568e+02 -1.00000000e+00 
623 672.81 4.37660406e+02 -1.00000000e+00 
624 673.60 4.37869654e+02 -1.00000000e+00 
625 674.39 4.37085740e+02 -1.00000000e+00 
626 675.18 4.35884842e+02 -1.00000000e+00 
627 675.97 4.34968509e+02 -1.00000000e+00 
628 676.76 4.34302863e+02 -1.00000000e+00 
629 677.56 4.33227148e+02 -1.00000000e+00 
630 678.35 4.31755323e+02 -1.00000000e+00 
631 679.14 4.30275608e+02 -1.00000000e+00 
632 679.93 4.28718103e+02 -1.00000000e+00 
633 680.72 4.27569991e+02 -1.00000000e+00 
634 681.51 4.26617620e+02 -1.00000000e+00 
635 682.30 4.25238450e+02 -1.00000000e+00 
636 683.09 4.22417895e+02 -1.00000000e+00 
637 683.88 4.18624338e+02 -1.00000000e+00 
638 684.67 4.14435749e+02 -1.00000000e+00 
639 685.46 4.06292144e+02 -1.00000000e+00 
640 686.26 3.90113065e+02 -1.00000000e+00 
641 687.05 3.73809716e+02 -1.00000000e+00 
642 687.84 3.69307842e+02 -1.00000000e+00 
643 688.63 3.74054560e+02 -1.00000000e+00 
644 689.42 3.78448770e+02 -1.00000000e+00 
645 690.21 3.81288214e+02 -1.00000000e+00 
646 691.00 3.84206195e+02 -1.00000000e+00 
647 691.79 3.87260898e+02 -1.00000000e+00 
648 692.58 3.90273829e+02 -1.00000000e+00 
649 693.37 3.92541806e+02 -1.00000000e+00 
650 694.16 3.93390976e+02 -1.00000000e+00 
651 694.95 3.92802274e+02 -1.00000000e+00 
652 695.74 3.91948616e+02 -1.00000000e+00 
653 696.53 3.90150409e+02 -1.00000000e+00 
654 697.32 3.87175861e+02 -1.00000000e+00 
655 698.11 3.84868918e+02 -1.00000000e+00 
656 698.90 3.83816135e+02 -1.00000000e+00 
657 699.68 3.82102231e+02 -1.00000000e+00 
658 700.47 3.79029851e+02 -1.00000000e+00 
659 701.26 3.76224775e+02 -1.00000000e+00 
660 702.05 3.74476066e+02 -1.00000000e+00 
661 702.84 3.74099085e+02 -1.00000000e+00 
662 703.63 3.74841423e+02 -1.00000000e+00 
663 704.42 3.75921262e+02 -1.00000000e+00 
664 705.21 3.75416730e+02 -1.00000000e+00 
665 706.00 3.73864124e+02 -1.00000000e+00 
666 706.79 3.72547245e+02 -1.00000000e+00 
667 707.58 3.71736590e+02 -1.00000000e+00 
668 708.37 3.70160781e+02 -1.00000000e+00 
669 709.15 3.68652262e+02 -1.00000000e+00 
670 709.94 3.68204992e+02 -1.00000000e+00 
671 710.73 3.67170471e+02 -1.00000000e+00 
672 711.52 3.64945623e+02 -1.00000000e+00 
673 712.31 3.62953009e+02 -1.00000000e+00 
674 713.10 3.62213086e+02 -1.00000000e+00 
675 713.88 3.61855580e+02 -1.00000000e+00 
676 714.67 3.60781092e+02 -1.00000000e+00 
677 715.46 3.59000253e+02 -1.00000000e+00 
678 716.25 3.57313015e+02 -1.00000000e+00 
679 717.04 3.55563022e+02 -1.00000000e+00 
680 717.83 3.51760823e+02 -1.00000000e+00 
681 718.61 3.46850058e+02 -1.00000000e+00 
682 719.40 3.44708670e+02 -1.00000000e+00 
683 720.19 3.45245455e+02 -1.00000000e+00 
684 720.98 3.46861207e+02 -1.00000000e+00 
685 721.76 3.48557982e+02 -1.00000000e+00 
686 722.55 3.48728970e+02 -1.00000000e+00 
687 723.34 3.48357868e+02 -1.00000000e+00 
688 724.13 3.48192160e+02 -1.00000000e+00 
689 724.91 3.48204482e+02 -1.00000000e+00 
690 725.70 3.47688556e+02 -1.00000000e+00 
691 726.49 3.46647482e+02 -1.00000000e+00 
692 727.28 3.44737110e+02 -1.00000000e+00 
693 728.06 3.41469158e+02 -1.00000000e+00 
694 728.85 3.38534572e+02 -1.00000000e+00 
695 729.64 3.39012939e+02 -1.00000000e+00 
696 730.42 3.40370562e+02 -1.00000000e+00 
697 731.21 3.40154840e+02 -1.00000000e+00 
698 732.00 3.39519195e+02 -1.00000000e+00 
699 732.78 3.38554949e+02 -1.00000000e+00 
700 733.57 3.38395209e+02 -1.00000000e+00 
701 734.36 3.37542422e+02 -1.00000000e+00 
702 735.15 3.35124677e+02 -1.00000000e+00 
703 735.93 3.32708861e+02 -1.00000000e+00 
704 736.72 3.31256221e+02 -1.00000000e+00 
705 737.51 3.29641536e+02 -1.00000000e+00 
706 738.29 3.26163460e+02 -1.00000000e+00 
707 739.08 3.22896853e+02 -1.00000000e+00 
708 739.86 3.21309845e+02 -1.00000000e+00 
709 740.65 3.18856680e+02 -1.00000000e+00 
710 741.44 3.16693641e+02 -1.00000000e+00 
711 742.22 3.17205781e+02 -1.00000000e+00 
712 743.01 3.18818507e+02 -1.00000000e+00 
713 743.79 3.18519505e+02 -1.00000000e+00 
714 744.58 3.16666343e+02 -1.00000000e+00 
715 745.37 3.16236254e+02 -1.00000000e+00 
716 746.15 3.15961931e+02 -1.00000000e+00 
717 746.94 3.15357823e+02 -1.00000000e+00 
718 747.72 3.13981375e+02 -1.00000000e+00 
719 748.51 3.11410622e+02 -1.00000000e+00 
720 749.29 3.08789230e+02 -1.00000000e+00 
721 750.08 3.06999169e+02 -1.00000000e+00 
722 750.86 3.05549308e+02 -1.00000000e+00 
723 751.65 3.04421289e+02 -1.00000000e+00 
724 752.43 3.03633409e+02 -1.00000000e+00 
725 753.22 3.03582372e+02 -1.00000000e+00 
726 754.00 3.03922334e+02 -1.00000000e+00 
727 754.79 3.02287654e+02 -1.00000000e+00 
728 755.57 2.99842613e+02 -1.00000000e+00 
729 756.36 2.98050205e+02 -1.00000000e+00 
730 757.14 2.96483987e+02 -1.00000000e+00 
731 757.93 2.91383432e+02 -1.00000000e+00 
732 758.71 2.69309304e+02 -1.00000000e+00 
733 759.49 2.15501524e+02 -1.00000000e+00 
734 760.28 1.62978804e+02 -1.00000000e+00 
735 761.06 1.61520522e+02 -1.00000000e+00 
736 761.85 1.86546554e+02 -1.00000000e+00 
737 762.63 1.98227201e+02 -1.00000000e+00 
738 763.41 2.01686745e+02 -1.00000000e+00 
739 764.20 2.11520127e+02 -1.00000000e+00 
740 764.98 2.25574949e+02 -1.00000000e+00 
741 765.77 2.38542877e+02 -1.00000000e+00 
742 766.55 2.50816225e+02 -1.00000000e+00 
743 767.33 2.62673602e+02 -1.00000000e+00 
744 768.12 2.70794914e+02 -1.00000000e+00 
745 768.90 2.74487970e+02 -1.00000000e+00 
746 769.68 2.75831376e+02 -1.00000000e+00 
747 770.47 2.76158050e+02 -1.00000000e+00 
748 771.25 2.75200124e+02 -1.00000000e+00 
749 772.03 2.74694775e+02 -1.00000000e+00 
750 772.82 2.75563935e+02 -1.00000000e+00 
751 773.60 2.75541729e+02 -1.00000000e+00 
752 774.38 2.73396038e+02 -1.00000000e+00 
753 775.17 2.72340053e+02 -1.00000000e+00 
754 775.95 2.72942967e+02 -1.00000000e+00 
755 776.73 2.72239488e+02 -1.00000000e+00 
756 777.51 2.70409365e+02 -1.00000000e+00 
757 778.30 2.69395152e+02 -1.00000000e+00 
758 779.08 2.68285473e+02 -1.00000000e+00 
759 779.86 2.66796202e+02 -1.00000000e+00 
760 780.64 2.66156022e+02 -1.00000000e+00 
761 781.43 2.66889331e+02 -1.00000000e+00 
762 782.21 2.66739652e+02 -1.00000000e+00 
763 782.99 2.63993536e+02 -1.00000000e+00 
764 783.77 2.62131052e+02 -1.00000000e+00 
765 784.55 2.61620086e+02 -1.00000000e+00 
766 785.34 2.61486564e+02 -1.00000000e+00 
767 786.12 2.61624691e+02 -1.00000000e+00 
768 786.90 2.60909332e+02 -1.00000000e+00 
769 787.68 2.58999217e+02 -1.00000000e+00 
770 788.46 2.57230999e+02 -1.00000000e+00 
771 789.24 2.56222282e+02 -1.00000000e+00 
772 790.03 2.55339300e+02 -1.00000000e+00 
773 790.81 2.53445877e+02 -1.00000000e+00 
774 791.59 2.50155942e+02 -1.00000000e+00 
775 792.37 2.46666265e+02 -1.00000000e+00 
776 793.15 2.43858640e+02 -1.00000000e+00 
777 793.93 2.42603794e+02 -1.00000000e+00 
778 794.71 2.43445851e+02 -1.00000000e+00 
779 795.49 2.44608547e+02 -1.00000000e+00 
780 796.27 2.44741999e+02 -1.00000000e+00 
781 797.05 2.45148915e+02 -1.00000000e+00 
782 797.83 2.45172917e+02 -1.00000000e+00 
783 798.62 2.43708240e+02 -1.00000000e+00 
784 799.40 2.41579942e+02 -1.00000000e+00 
785 800.18 2.39589223e+02 -1.00000000e+00 
786 800.96 2.38525017e+02 -1.00000000e+00 
787 801.74 2.38566053e+02 -1.00000000e+00 
788 802.52 2.38442747e+02 -1.00000000e+00 
789 803.30 2.37506900e+02 -1.00000000e+00 
790 804.08 2.34987116e+02 -1.00000000e+00 
791 804.86 2.31876277e+02 -1.00000000e+00 
792 805.64 2.30633778e+02 -1.00000000e+00 
793 806.41 2.31480044e+02 -1.00000000e+00 
794 807.20 2.31985927e+02 -1.00000000e+00 
795 807.97 2.29752285e+02 -1.00000000e+00 
796 808.75 2.25685711e+02 -1.00000000e+00 
797 809.53 2.22976825e+02 -1.00000000e+00 
798 810.31 2.23472254e+02 -1.00000000e+00 
799 811.09 2.25272725e+02 -1.00000000e+00 
800 811.87 2.25592835e+02 -1.00000000e+00 
801 812.65 2.24006422e+02 -1.00000000e+00 
802 813.43 2.21380743e+02 -1.00000000e+00 
803 814.21 2.18424851e+02 -1.00000000e+00 
804 814.99 2.16779115e+02 -1.00000000e+00 
805 815.76 2.16011389e+02 -1.00000000e+00 
806 816.54 2.15196540e+02 -1.00000000e+00 
807 817.32 2.13082798e+02 -1.00000000e+00 
808 818.10 2.09705223e+02 -1.00000000e+00 
809 818.88 2.06805261e+02 -1.00000000e+00 
810 819.66 2.05285093e+02 -1.00000000e+00 
811 820.43 2.05985736e+02 -1.00000000e+00 
812 821.21 2.07658001e+02 -1.00000000e+00 
813 821.99 2.06846989e+02 -1.00000000e+00 
814 822.77 2.04301033e+02 -1.00000000e+00 
815 823.55 2.02923101e+02 -1.00000000e+00 
816 824.32 2.02890042e+02 -1.00000000e+00 
817 825.10 2.04416979e+02 -1.00000000e+00 
818 825.88 2.06188876e+02 -1.00000000e+00 
819 826.66 2.05770776e+02 -1.00000000e+00 
820 827.43 2.03733564e+02 -1.00000000e+00 
821 828.21 2.01157527e+02 -1.00000000e+00 
822 828.99 1.99618135e+02 -1.00000000e+00 
823 829.76 1.99899473e+02 -1.00000000e+00 
824 830.54 2.00782132e+02 -1.00000000e+00 
825 831.32 1.99896205e+02 -1.00000000e+00 
826 832.10 1.97254786e+02 -1.00000000e+00 
827 832.87 1.93606767e+02 -1.00000000e+00 
828 833.65 1.91699722e+02 -1.00000000e+00 
829 834.42 1.92975580e+02 -1.00000000e+00 
830 835.20 1.95891082e+02 -1.00000000e+00 
831 835.98 1.97064245e+02 -1.00000000e+00 
832 836.75 1.95666938e+02 -1.00000000e+00 
833 837.53 1.92318305e+02 -1.00000000e+00 
834 838.30 1.89803779e+02 -1.00000000e+00 
835 839.08 1.89536889e+02 -1.00000000e+00 
836 839.86 1.90710185e+02 -1.00000000e+00 
837 840.63 1.90767311e+02 -1.00000000e+00 
838 841.41 1.88656782e+02 -1.00000000e+00 
839 842.18 1.85062707e+02 -1.00000000e+00 
840 842.96 1.81671462e+02 -1.00000000e+00 
841 843.74 1.80356552e+02 -1.00000000e+00 
842 844.51 1.81282766e+02 -1.00000000e+00 
843 845.28 1.82644986e+02 -1.00000000e+00 
844 846.06 1.82998790e+02 -1.00000000e+00 
845 846.84 1.80981468e+02 -1.00000000e+00 
846 847.61 1.77113159e+02 -1.00000000e+00 
847 848.38 1.73253741e+02 -1.00000000e+00 
848 849.16 1.71415944e+02 -1.00000000e+00 
849 849.93 1.71139945e+02 -1.00000000e+00 
850 850.71 1.71916977e+02 -1.00000000e+00 
851 851.48 1.71158942e+02 -1.00000000e+00 
852 852.26 1.67669752e+02 -1.00000000e+00 
853 853.03 1.62617930e+02 -1.00000000e+00 
854 853.81 1.58418871e+02 -1.00000000e+00 
855 854.58 1.58103035e+02 -1.00000000e+00 
856 855.35 1.61944348e+02 -1.00000000e+00 
857 856.13 1.66929148e+02 -1.00000000e+00 
858 856.90 1.69269204e+02 -1.00000000e+00 
859 857.68 1.68418125e+02 -1.00000000e+00 
860 858.45 1.66328539e+02 -1.00000000e+00 
861 859.22 1.64683554e+02 -1.00000000e+00 
862 860.00 1.64932827e+02 -1.00000000e+00 
863 860.77 1.66468053e+02 -1.00000000e+00 
864 861.54 1.66970255e+02 -1.00000000e+00 
865 862.32 1.65778960e+02 -1.00000000e+00 
866 863.09 1.63181498e+02 -1.00000000e+00 
867 863.86 1.58854376e+02 -1.00000000e+00 
868 864.63 1.55043522e+02 -1.00000000e+00 
869 865.41 1.52182427e+02 -1.00000000e+00 
870 866.18 1.50924136e+02 -1.00000000e+00 
871 866.95 1.51168575e+02 -1.00000000e+00 
872 867.73 1.51990276e+02 -1.00000000e+00 
873 868.50 1.52112732e+02 -1.00000000e+00 
874 869.27 1.51577779e+02 -1.00000000e+00 
875 870.04 1.51514880e+02 -1.00000000e+00 
876 870.81 1.52600715e+02 -1.00000000e+00 
877 871.59 1.53352939e+02 -1.00000000e+00 
878 872.36 1.53530945e+02 -1.00000000e+00 
879 873.13 1.52238021e+02 -1.00000000e+00 
880 873.90 1.49587719e+02 -1.00000000e+00 
881 874.67 1.46462915e+02 -1.00000000e+00 
882 875.44 1.44811986e+02 -1.00000000e+00 
883 876.22 1.45281028e+02 -1.00000000e+00 
884 876.99 1.46295234e+02 -1.00000000e+00 
885 877.76 1.46957821e+02 -1.00000000e+00 
886 878.53 1.46149804e+02 -1.00000000e+00 
887 879.30 1.43665388e+02 -1.00000000e+00 
888 880.07 1.40867554e+02 -1.00000000e+00 
889 880.84 1.39380523e+02 -1.00000000e+00 
890 881.61 1.39778152e+02 -1.00000000e+00 
891 882.38 1.46041682e+02 -1.00000000e+00 
892 883.15 1.47811119e+02 -1.00000000e+00 
893 883.92 1.47721605e+02 -1.00000000e+00 
894 884.69 1.45754405e+02 -1.00000000e+00 
895 885.46 1.43263084e+02 -1.00000000e+00 
896 886.24 1.41131918e+02 -1.00000000e+00 
897 887.01 1.40578833e+02 -1.00000000e+00 
898 887.77 1.41252305e+02 -1.00000000e+00 
899 888.55 1.42807479e+02 -1.00000000e+00 
900 889.31 1.44244265e+02 -1.00000000e+00 
901 890.08 1.43545106e+02 -1.00000000e+00 
902 890.85 1.41153386e+02 -1.00000000e+00 
903 891.62 1.38741576e+02 -1.00000000e+00 
904 892.39 1.37153896e+02 -1.00000000e+00 
905 893.16 1.37839816e+02 -1.00000000e+00 
906 893.93 1.39609400e+02 -1.00000000e+00 
907 894.70 1.41009303e+02 -1.00000000e+00 
908 895.47 1.41092018e+02 -1.00000000e+00 
909 896.24 1.39725352e+02 -1.00000000e+00 
910 897.01 1.37868482e+02 -1.00000000e+00 
911 897.77 1.36570433e+02 -1.00000000e+00 
912 898.54 1.36424145e+02 -1.00000000e+00 
913 899.31 1.36679028e+02 -1.00000000e+00 
914 900.08 1.36018618e+02 -1.00000000e+00 
915 900.85 1.34547069e+02 -1.00000000e+00 
916 901.62 1.31845955e+02 -1.00000000e+00 
917 902.38 1.28872599e+02 -1.00000000e+00 
918 903.15 1.26797599e+02 -1.00000000e+00 
919 903.92 1.25791833e+02 -1.00000000e+00 
920 904.69 1.25580719e+02 -1.00000000e+00 
921 905.46 1.25563446e+02 -1.00000000e+00 
922 906.22 1.25738308e+02 -1.00000000e+00 
923 906.99 1.24962355e+02 -1.00000000e+00 
924 907.76 1.23316221e+02 -1.00000000e+00 
925 908.52 1.21262887e+02 -1.00000000e+00 
926 909.29 1.19734531e+02 -1.00000000e+00 
927 910.06 1.19109944e+02 -1.00000000e+00 
928 910.83 1.19222584e+02 -1.00000000e+00 
929 911.59 1.19744136e+02 -1.00000000e+00 
930 912.36 1.19930998e+02 -1.00000000e+00 
931 913.13 1.19425499e+02 -1.00000000e+00 
932 913.89 1.18222992e+02 -1.00000000e+00 
933 914.66 1.16556082e+02 -1.00000000e+00 
934 915.43 1.15097209e+02 -1.00000000e+00 
935 916.19 1.14151736e+02 -1.00000000e+00 
936 916.96 1.13712276e+02 -1.00000000e+00 
937 917.72 1.13634884e+02 -1.00000000e+00 
938 918.49 1.13236535e+02 -1.00000000e+00 
939 919.26 1.12169056e+02 -1.00000000e+00 
940 920.02 1.10425053e+02 -1.00000000e+00 
941 920.79 1.08409508e+02 -1.00000000e+00 
942 921.55 1.06493072e+02 -1.00000000e+00 
943 922.32 1.05191474e+02 -1.00000000e+00 
944 923.08 1.04564352e+02 -1.00000000e+00 
945 923.85 1.04426606e+02 -1.00000000e+00 
946 924.61 1.04376052e+02 -1.00000000e+00 
947 925.38 1.04092916e+02 -1.00000000e+00 
948 926.14 1.03453757e+02 -1.00000000e+00 
949 926.91 1.03276761e+02 -1.00000000e+00 
950 927.67 1.01525247e+02 -1.00000000e+00 
951 928.44 1.01012679e+02 -1.00000000e+00 
952 929.20 1.01058131e+02 -1.00000000e+00 
953 929.97 1.01406553e+02 -1.00000000e+00 
954 930.73 1.01568193e+02 -1.00000000e+00 
955 931.50 1.01190896e+02 -1.00000000e+00 
956 932.26 1.00131171e+02 -1.00000000e+00 
957 933.02 9.85425335e+01 -1.00000000e+00 
958 933.79 9.68313764e+01 -1.00000000e+00 
959 934.55 9.52979982e+01 -1.00000000e+00 
960 935.32 9.42710554e+01 -1.00000000e+00 
961 936.08 9.34711643e+01 -1.00000000e+00 
962 936.84 9.27919220e+01 -1.00000000e+00 
963 937.61 9.17728140e+01 -1.00000000e+00 
964 938.37 9.01477783e+01 -1.00000000e+00 
965 939.13 8.81255370e+01 -1.00000000e+00 
966 939.89 8.61561679e+01 -1.00000000e+00 
967 940.66 8.43828493e+01 -1.00000000e+00 
968 941.42 8.34024791e+01 -1.00000000e+00 
969 942.18 8.29050264e+01 -1.00000000e+00 
970 942.95 8.27913783e+01 -1.00000000e+00 
971 943.71 8.27216807e+01 -1.00000000e+00 
972 944.47 8.23863849e+01 -1.00000000e+00 
973 945.23 8.17222222e+01 -1.00000000e+00 
974 946.00 8.09883659e+01 -1.00000000e+00 
975 946.76 8.04431208e+01 -1.00000000e+00 
976 947.52 8.01393869e+01 -1.00000000e+00 
977 948.28 8.01298293e+01 -1.00000000e+00 
978 949.05 8.01727479e+01 -1.00000000e+00 
979 949.81 8.00161785e+01 -1.00000000e+00 
980 950.57 7.94485420e+01 -1.00000000e+00 
981 951.33 7.84625046e+01 -1.00000000e+00 
982 952.09 7.72258074e+01 -1.00000000e+00 
983 952.85 7.60792698e+01 -1.00000000e+00 
984 953.61 7.53525243e+01 -1.00000000e+00 
985 954.38 7.51616084e+01 -1.00000000e+00 
986 955.14 7.50861881e+01 -1.00000000e+00 
987 955.90 7.50866392e+01 -1.00000000e+00 
988 956.66 7.48312656e+01 -1.00000000e+00 
989 957.42 7.43789589e+01 -1.00000000e+00 
990 958.18 7.36812075e+01 -1.00000000e+00 
991 958.94 7.29641314e+01 -1.00000000e+00 
992 959.70 7.24399386e+01 -1.00000000e+00 
993 960.46 7.21096732e+01 -1.00000000e+00 
994 961.22 7.18767475e+01 -1.00000000e+00 
995 961.98 7.15854221e+01 -1.00000000e+00 
996 962.74 7.10028367e+01 -1.00000000e+00 
997 963.50 7.00640602e+01 -1.00000000e+00 
998 964.26 6.89378846e+01 -1.00000000e+00 
999 965.02 6.78304109e+01 -1.00000000e+00 
1000 965.78 6.78490516e+01 -1.00000000e+00 
1001 966.54 6.73488911e+01 -1.00000000e+00 
1002 967.30 6.68592631e+01 -1.00000000e+00 
1003 968.06 6.64815917e+01 -1.00000000e+00 
1004 968.82 6.56638150e+01 -1.00000000e+00 
1005 969.58 6.47040226e+01 -1.00000000e+00 
1006 970.34 6.36230134e+01 -1.00000000e+00 
1007 971.10 6.28250984e+01 -1.00000000e+00 
1008 971.86 6.23294485e+01 -1.00000000e+00 
1009 972.62 6.19589776e+01 -1.00000000e+00 
1010 973.38 6.14459019e+01 -1.00000000e+00 
1011 974.14 6.06855483e+01 -1.00000000e+00 
1012 974.89 5.98517043e+01 -1.00000000e+00 
1013 975.65 5.88348396e+01 -1.00000000e+00 
1014 976.41 5.80583110e+01 -1.00000000e+00 
1015 977.17 5.75544528e+01 -1.00000000e+00 
1016 977.93 5.70950984e+01 -1.00000000e+00 
1017 978.69 5.65858124e+01 -1.00000000e+00 
1018 979.45 5.58687164e+01 -1.00000000e+00 
1019 980.20 5.51406411e+01 -1.00000000e+00 
1020 980.96 5.44343961e+01 -1.00000000e+00 
1021 981.72 5.40379598e+01 -1.00000000e+00 
1022 982.48 5.37603980e+01 -1.00000000e+00 
1023 983.24 5.31949398e+01 -1.00000000e+00 
1024 983.99 5.23475435e+01 -1.00000000e+00 
1025 984.75 5.15319509e+01 -1.00000000e+00 
1026 985.51 5.10567998e+01 -1.00000000e+00 
1027 986.26 5.07650954e+01 -1.00000000e+00 
1028 987.02 5.02350309e+01 -1.00000000e+00 
1029 987.78 4.93712941e+01 -1.00000000e+00 
1030 988.54 4.85310512e+01 -1.00000000e+00 
1031 989.29 4.80231364e+01 -1.00000000e+00 
1032 990.05 4.77239674e+01 -1.00000000e+00 
1033 990.81 4.69919623e+01 -1.00000000e+00 
1034 991.56 4.60759944e+01 -1.00000000e+00 
1035 992.32 4.54532299e+01 -1.00000000e+00 
1036 993.08 4.48293759e+01 -1.00000000e+00 
1037 993.83 4.38739336e+01 -1.00000000e+00 
1038 994.59 4.09661612e+01 -1.00000000e+00 
1039 995.35 4.02254409e+01 -1.00000000e+00 
1040 996.10 2.58603800e+00 -1.00000000e+00 
1041 996.86 1.36440863e-01 -1.00000000e+00 
1042 997.62 7.70655615e-02 -1.00000000e+00 
1043 998.37 6.97111982e-02 -1.00000000e+00 
