% C0 (TOA Count Rate, /ms) for 4STAR VIS spectrometer (1044 channels) derived from (SEE Original files for sources) and recorded on 2017-06-13 22:33:30.
% Langley at MLO and airborne Data outside 2.0x the STD of 501 nm Langley residuals were screened out. 
% Including high Altitude rate spectra, matched to splined stratospheric AOD measured at MLO.
% Averages of c0 from multiple days including: , infl-ig-ht, infl-ig-ht, high- a-lt, high- a-lt, high- a-lt. See the list of files below
% 20160908_VIS_C0_refined_Langley_airborne_ORACLES_v1.dat
% 20160918_VIS_C0_refined_Langley_airborne_ORACLES_v1.dat
% 20160908_VIS_C0_refined_high_alt_low_m.dat
% 20160912_VIS_C0_refined_high_alt_low_m.dat
% 20160918_VIS_C0_refined_high_alt_low_m.dat
Pix Wavelength C0 C0err
0 173.18 -4.00000000e-01 5.47722558e-01 
1 173.98 -1.00000000e+00 0.00000000e+00 
2 174.77 -1.00000000e+00 0.00000000e+00 
3 175.56 -1.00000000e+00 0.00000000e+00 
4 176.36 -1.00000000e+00 0.00000000e+00 
5 177.15 -1.00000000e+00 0.00000000e+00 
6 177.94 -1.00000000e+00 0.00000000e+00 
7 178.74 -1.00000000e+00 0.00000000e+00 
8 179.53 -1.00000000e+00 0.00000000e+00 
9 180.33 -1.00000000e+00 0.00000000e+00 
10 181.12 -1.00000000e+00 0.00000000e+00 
11 181.92 -1.00000000e+00 0.00000000e+00 
12 182.71 -1.00000000e+00 0.00000000e+00 
13 183.51 -1.00000000e+00 0.00000000e+00 
14 184.30 -1.00000000e+00 0.00000000e+00 
15 185.10 -1.00000000e+00 0.00000000e+00 
16 185.89 -1.00000000e+00 0.00000000e+00 
17 186.69 -1.00000000e+00 0.00000000e+00 
18 187.49 -1.00000000e+00 0.00000000e+00 
19 188.28 -1.00000000e+00 0.00000000e+00 
20 189.08 -1.00000000e+00 0.00000000e+00 
21 189.88 -1.00000000e+00 0.00000000e+00 
22 190.67 -1.00000000e+00 0.00000000e+00 
23 191.47 -1.00000000e+00 0.00000000e+00 
24 192.27 -1.00000000e+00 0.00000000e+00 
25 193.07 -1.00000000e+00 0.00000000e+00 
26 193.86 -1.00000000e+00 0.00000000e+00 
27 194.66 -1.00000000e+00 0.00000000e+00 
28 195.46 -1.00000000e+00 0.00000000e+00 
29 196.26 -1.00000000e+00 0.00000000e+00 
30 197.05 -1.00000000e+00 0.00000000e+00 
31 197.85 -1.00000000e+00 0.00000000e+00 
32 198.65 -1.00000000e+00 0.00000000e+00 
33 199.45 -1.00000000e+00 0.00000000e+00 
34 200.25 -1.00000000e+00 0.00000000e+00 
35 201.05 -1.00000000e+00 0.00000000e+00 
36 201.85 -1.00000000e+00 0.00000000e+00 
37 202.65 -1.00000000e+00 0.00000000e+00 
38 203.44 -1.00000000e+00 0.00000000e+00 
39 204.24 -1.00000000e+00 0.00000000e+00 
40 205.04 -1.00000000e+00 0.00000000e+00 
41 205.84 -1.00000000e+00 0.00000000e+00 
42 206.64 -1.00000000e+00 0.00000000e+00 
43 207.44 -1.00000000e+00 0.00000000e+00 
44 208.24 -1.00000000e+00 0.00000000e+00 
45 209.04 -8.00000000e-01 4.47213595e-01 
46 209.84 -7.11098057e-01 6.46004383e-01 
47 210.64 -6.89498091e-01 6.94303376e-01 
48 211.44 -6.58887863e-01 7.62749926e-01 
49 212.24 4.66353326e+34 1.04279774e+35 
50 213.04 3.35324953e+34 5.92834823e+34 
51 213.85 2.28754588e+34 3.97942787e+34 
52 214.65 2.86244502e+33 4.92528360e+33 
53 215.45 3.52548930e+32 5.99536686e+32 
54 216.25 4.34160386e+31 7.28062065e+31 
55 217.05 5.41595766e+30 8.98378238e+30 
56 217.85 6.73876815e+29 1.10168456e+30 
57 218.65 8.33951286e+28 1.33743431e+29 
58 219.46 1.04379345e+28 1.65496748e+28 
59 220.26 1.31884513e+27 2.05317065e+27 
60 221.06 1.61839186e+26 2.48330617e+26 
61 221.86 2.03645426e+25 3.06796455e+25 
62 222.66 2.54622346e+24 3.77037480e+24 
63 223.47 3.21611609e+23 4.68510673e+23 
64 224.27 4.04548673e+22 5.73852008e+22 
65 225.07 5.19959019e+21 7.29456691e+21 
66 225.87 6.53138187e+20 8.95310041e+20 
67 226.68 8.34371146e+19 1.12129881e+20 
68 227.48 1.12373269e+19 1.47479768e+19 
69 228.28 1.74509991e+18 2.24817520e+18 
70 229.08 3.78916631e+17 4.78196402e+17 
71 229.89 1.52218137e+17 1.88928480e+17 
72 230.69 1.48388268e+17 1.86465508e+17 
73 231.49 3.64380160e+17 4.64479145e+17 
74 232.30 1.86336215e+18 2.41273487e+18 
75 233.10 1.51305658e+19 2.00774612e+19 
76 233.90 1.49840066e+20 2.04511412e+20 
77 234.71 1.61266680e+21 2.26099182e+21 
78 235.51 1.82402327e+22 2.63458324e+22 
79 236.32 2.04304197e+23 2.99641333e+23 
80 237.12 2.37885821e+24 3.58005570e+24 
81 237.92 2.81744953e+25 4.34570406e+25 
82 238.73 3.36458662e+26 5.29196363e+26 
83 239.53 4.02977014e+27 6.48776848e+27 
84 240.34 4.65487738e+28 7.64676485e+28 
85 241.14 5.07550026e+29 8.49291450e+29 
86 241.94 5.08297880e+30 8.66710541e+30 
87 242.75 4.63568773e+31 7.97289303e+31 
88 243.55 4.00205931e+32 7.01005680e+32 
89 244.36 3.06636245e+33 5.41869174e+33 
90 245.16 2.21362444e+34 3.95741501e+34 
91 245.97 2.26359839e+34 4.07212775e+34 
92 246.77 1.17415279e+35 2.13030193e+35 
93 247.58 8.85151848e+34 1.97925970e+35 
94 248.38 -6.19072270e-01 8.51780298e-01 
95 249.19 -5.82029080e-01 9.34611390e-01 
96 249.99 -5.89974404e-01 9.16845105e-01 
97 250.80 -7.88477804e-01 4.72978010e-01 
98 251.60 -7.22788936e-01 6.19862784e-01 
99 252.41 -7.38201511e-01 5.85399218e-01 
100 253.21 2.03072566e+00 6.77690860e+00 
101 254.02 4.50756042e+01 1.03028183e+02 
102 254.82 1.82126526e+01 4.29607972e+01 
103 255.63 2.61411376e+02 5.86769675e+02 
104 256.44 2.92018052e+00 8.76579013e+00 
105 257.24 -6.42367721e-01 7.99690088e-01 
106 258.05 -7.10883468e-01 6.46484218e-01 
107 258.85 -7.77426688e-01 4.97689055e-01 
108 259.66 -7.34877509e-01 5.92831913e-01 
109 260.46 -6.87627709e-01 6.98485677e-01 
110 261.27 -7.08168173e-01 6.52555804e-01 
111 262.08 5.17829486e+34 1.15790193e+35 
112 262.88 5.57637262e+34 1.00490303e+35 
113 263.69 5.74293466e+34 1.04360042e+35 
114 264.49 9.08471541e+33 1.62412866e+34 
115 265.30 1.26949252e+33 2.26435665e+33 
116 266.11 1.39349530e+32 2.44408829e+32 
117 266.91 1.30508440e+31 2.25954321e+31 
118 267.72 1.08279945e+30 1.85553809e+30 
119 268.53 7.73041527e+28 1.29994634e+29 
120 269.33 5.77419485e+27 9.45885277e+27 
121 270.14 5.28531908e+26 8.52104736e+26 
122 270.95 4.42498553e+25 7.01485154e+25 
123 271.75 3.37903221e+24 5.24400505e+24 
124 272.56 2.36369357e+23 3.58206744e+23 
125 273.37 1.45985621e+22 2.16899370e+22 
126 274.17 8.85833474e+20 1.27179928e+21 
127 274.98 6.45239356e+19 9.09682900e+19 
128 275.79 5.18923364e+18 7.10989030e+18 
129 276.59 4.64565292e+17 6.21475829e+17 
130 277.40 4.24201803e+16 5.51058688e+16 
131 278.21 3.83243041e+15 4.85647431e+15 
132 279.01 3.70203116e+14 4.56979199e+14 
133 279.82 3.81096894e+13 4.55769606e+13 
134 280.63 3.84420287e+12 4.49620121e+12 
135 281.43 4.11642488e+11 4.70436498e+11 
136 282.24 5.33935465e+10 5.93918479e+10 
137 283.05 8.30488126e+09 9.03847025e+09 
138 283.86 1.40416942e+09 1.50333800e+09 
139 284.66 2.39971152e+08 2.52663668e+08 
140 285.47 4.62786250e+07 4.75629535e+07 
141 286.28 1.08548900e+07 1.09968583e+07 
142 287.09 2.67884737e+06 2.68317274e+06 
143 287.89 6.70187015e+05 6.58119202e+05 
144 288.70 1.86846693e+05 1.82470570e+05 
145 289.51 6.02430536e+04 5.84415243e+04 
146 290.32 2.13490666e+04 2.04369878e+04 
147 291.12 7.97539744e+03 7.58991726e+03 
148 291.93 3.11013927e+03 2.93852795e+03 
149 292.74 1.33166024e+03 1.24879775e+03 
150 293.55 6.18733617e+02 5.79432076e+02 
151 294.35 3.06305257e+02 2.84343164e+02 
152 295.16 1.60758107e+02 1.48760036e+02 
153 295.97 8.84413764e+01 8.14459052e+01 
154 296.78 5.14754096e+01 4.71730229e+01 
155 297.58 3.12521035e+01 2.83960102e+01 
156 298.39 1.99573932e+01 1.79167428e+01 
157 299.20 1.36365479e+01 1.21419808e+01 
158 300.01 9.60899157e+00 8.40908483e+00 
159 300.81 7.07400529e+00 6.04969312e+00 
160 301.62 5.40628786e+00 4.53686458e+00 
161 302.43 4.20262957e+00 3.40767748e+00 
162 303.24 3.37653496e+00 2.66528000e+00 
163 304.04 2.85073163e+00 2.17121106e+00 
164 304.85 2.38126564e+00 1.72656224e+00 
165 305.66 2.04902218e+00 1.45896209e+00 
166 306.47 1.79187701e+00 1.18463345e+00 
167 307.28 1.59157293e+00 1.03110553e+00 
168 308.08 1.45745203e+00 9.00307239e-01 
169 308.89 1.33986507e+00 7.72944739e-01 
170 309.70 1.23308045e+00 6.80597710e-01 
171 310.51 1.16403838e+00 5.85094988e-01 
172 311.32 1.08268566e+00 5.54081486e-01 
173 312.12 1.03171932e+00 4.64860364e-01 
174 312.93 9.86742145e-01 4.16427122e-01 
175 313.74 9.62807880e-01 3.81353578e-01 
176 314.55 9.22985853e-01 3.64254609e-01 
177 315.36 8.93749654e-01 3.29336872e-01 
178 316.16 8.90050567e-01 3.07711932e-01 
179 316.97 8.63316404e-01 3.17974271e-01 
180 317.78 8.76138460e-01 2.71724157e-01 
181 318.59 8.63496757e-01 2.66079388e-01 
182 319.40 8.60323583e-01 2.62387356e-01 
183 320.20 8.76305283e-01 2.31382917e-01 
184 321.01 8.61220396e-01 2.42168263e-01 
185 321.82 8.80050575e-01 2.15834153e-01 
186 322.63 8.89126717e-01 2.26038140e-01 
187 323.43 9.04439185e-01 2.01060692e-01 
188 324.24 9.01948881e-01 2.02542260e-01 
189 325.05 9.34028745e-01 2.01781311e-01 
190 325.86 9.46235202e-01 2.00672600e-01 
191 326.67 9.66994871e-01 1.92940502e-01 
192 327.48 9.95962036e-01 1.84236681e-01 
193 328.28 1.02258255e+00 1.79338108e-01 
194 329.09 1.05403888e+00 1.85303810e-01 
195 329.90 1.10531494e+00 1.66547866e-01 
196 330.71 1.16345462e+00 1.64789285e-01 
197 331.52 1.24804113e+00 1.65763559e-01 
198 332.32 1.39742451e+00 1.80858777e-01 
199 333.13 1.67358052e+00 1.77298827e-01 
200 333.94 2.14894311e+00 2.17787067e-01 
201 334.75 2.96795383e+00 2.22445002e-01 
202 335.55 4.07373018e+00 2.37499030e-01 
203 336.36 5.55096493e+00 3.17685572e-01 
204 337.17 7.90379906e+00 3.92316701e-01 
205 337.98 1.11738018e+01 4.82234226e-01 
206 338.79 1.50249985e+01 5.78828860e-01 
207 339.60 1.93328369e+01 6.71256525e-01 
208 340.40 2.32154846e+01 7.47240328e-01 
209 341.21 2.64403442e+01 7.85124923e-01 
210 342.02 3.02446827e+01 8.17139329e-01 
211 342.83 3.37108483e+01 8.68082123e-01 
212 343.63 3.46399101e+01 8.54580372e-01 
213 344.44 3.57785683e+01 8.35377638e-01 
214 345.25 3.95492447e+01 8.54053947e-01 
215 346.06 4.33301903e+01 9.07196557e-01 
216 346.87 4.57642868e+01 9.31501427e-01 
217 347.67 4.75027306e+01 9.56597499e-01 
218 348.48 4.90726204e+01 9.56719658e-01 
219 349.29 5.18852287e+01 9.86791709e-01 
220 350.10 5.68996727e+01 1.06124921e+00 
221 350.90 6.04193268e+01 1.10227056e+00 
222 351.71 6.05246399e+01 1.09273126e+00 
223 352.52 6.14868294e+01 1.11882015e+00 
224 353.33 6.66708786e+01 1.18064177e+00 
225 354.14 7.34460586e+01 1.29428392e+00 
226 354.94 7.65117126e+01 1.33376073e+00 
227 355.75 7.51720703e+01 1.30156634e+00 
228 356.56 7.07273773e+01 1.21235302e+00 
229 357.37 6.63467376e+01 1.12883043e+00 
230 358.18 6.51512642e+01 1.08088646e+00 
231 358.98 7.27478134e+01 1.19843331e+00 
232 359.79 8.41314865e+01 1.35836654e+00 
233 360.60 8.57755386e+01 1.37758239e+00 
234 361.41 8.42168243e+01 1.35421756e+00 
235 362.21 8.86211365e+01 1.40193555e+00 
236 363.02 9.38314652e+01 1.47903390e+00 
237 363.83 9.69232788e+01 1.51651879e+00 
238 364.64 1.01531642e+02 1.58670541e+00 
239 365.44 1.10641394e+02 1.71355179e+00 
240 366.25 1.18916109e+02 1.81972557e+00 
241 367.06 1.20114333e+02 1.87310447e+00 
242 367.87 1.18126244e+02 1.82113175e+00 
243 368.67 1.19691740e+02 1.88599824e+00 
244 369.48 1.25319434e+02 1.98943282e+00 
245 370.29 1.26672902e+02 1.99209554e+00 
246 371.10 1.25396846e+02 1.98528758e+00 
247 371.90 1.22505872e+02 1.94858492e+00 
248 372.71 1.15795988e+02 1.84529345e+00 
249 373.52 1.09424487e+02 1.78208655e+00 
250 374.33 1.08630515e+02 1.73977465e+00 
251 375.13 1.16435909e+02 1.89569751e+00 
252 375.94 1.27150842e+02 2.07373869e+00 
253 376.75 1.38381540e+02 2.23870115e+00 
254 377.56 1.52082928e+02 2.50494063e+00 
255 378.36 1.56476236e+02 2.59813134e+00 
256 379.17 1.48161862e+02 2.42661107e+00 
257 379.98 1.44885559e+02 2.39069994e+00 
258 380.78 1.45550189e+02 2.46042182e+00 
259 381.59 1.33312042e+02 2.27112627e+00 
260 382.40 1.13157954e+02 1.86929260e+00 
261 383.20 1.03298564e+02 1.70560516e+00 
262 384.01 1.12161691e+02 1.89808976e+00 
263 384.82 1.27598438e+02 2.24876157e+00 
264 385.63 1.33894958e+02 2.33468921e+00 
265 386.43 1.34822793e+02 2.38127727e+00 
266 387.24 1.35743582e+02 2.42701509e+00 
267 388.05 1.37360581e+02 2.41737848e+00 
268 388.85 1.45304565e+02 2.55181440e+00 
269 389.66 1.59001361e+02 2.82987870e+00 
270 390.47 1.69889957e+02 3.05456400e+00 
271 391.27 1.71331784e+02 3.17577451e+00 
272 392.08 1.53319876e+02 2.93001448e+00 
273 392.89 1.22827666e+02 2.24060501e+00 
274 393.69 1.14184590e+02 1.99583243e+00 
275 394.50 1.37383768e+02 2.61828871e+00 
276 395.31 1.55376230e+02 3.05128104e+00 
277 396.11 1.44028220e+02 2.74045929e+00 
278 396.92 1.33521896e+02 2.37295723e+00 
279 397.73 1.57635773e+02 2.94815811e+00 
280 398.53 1.95835092e+02 3.82902993e+00 
281 399.34 2.19257288e+02 4.17414461e+00 
282 400.15 2.29823703e+02 4.33912130e+00 
283 400.95 2.37306110e+02 4.44060482e+00 
284 401.76 2.43371598e+02 4.56395913e+00 
285 402.57 2.44869662e+02 4.59837106e+00 
286 403.37 2.42912280e+02 4.55029092e+00 
287 404.18 2.41252545e+02 4.59551474e+00 
288 404.99 2.39921744e+02 4.56754585e+00 
289 405.79 2.38277774e+02 4.58568580e+00 
290 406.60 2.38457623e+02 4.56888642e+00 
291 407.40 2.43875766e+02 4.68086487e+00 
292 408.21 2.53193609e+02 4.93822002e+00 
293 409.02 2.57092157e+02 5.10764544e+00 
294 409.82 2.52933820e+02 4.98008622e+00 
295 410.63 2.54940778e+02 5.08182917e+00 
296 411.43 2.66411566e+02 5.54485954e+00 
297 412.24 2.73751471e+02 5.80408166e+00 
298 413.05 2.73944916e+02 5.82554545e+00 
299 413.85 2.73461084e+02 5.84053078e+00 
300 414.66 2.73554504e+02 5.91632251e+00 
301 415.46 2.74209107e+02 5.92894768e+00 
302 416.27 2.74606970e+02 6.05198370e+00 
303 417.08 2.70546545e+02 6.00797227e+00 
304 417.88 2.65229956e+02 5.90119162e+00 
305 418.69 2.63095541e+02 5.90118452e+00 
306 419.49 2.63267410e+02 5.90828882e+00 
307 420.30 2.66476636e+02 5.95442556e+00 
308 421.11 2.70151227e+02 6.01482811e+00 
309 421.91 2.68158649e+02 5.84707614e+00 
310 422.72 2.63192819e+02 5.55684232e+00 
311 423.52 2.63243924e+02 5.55443340e+00 
312 424.33 2.67052783e+02 5.54906854e+00 
313 425.13 2.69173511e+02 5.53931527e+00 
314 425.94 2.69917328e+02 5.53899663e+00 
315 426.74 2.70096216e+02 5.42678297e+00 
316 427.55 2.70029395e+02 5.40411525e+00 
317 428.36 2.68134680e+02 5.26299786e+00 
318 429.16 2.58506232e+02 4.90550030e+00 
319 429.96 2.46640500e+02 4.37277919e+00 
320 430.77 2.52693442e+02 4.32289531e+00 
321 431.58 2.82082910e+02 5.13796502e+00 
322 432.38 3.12750641e+02 5.79223675e+00 
323 433.19 3.26956311e+02 5.79084118e+00 
324 433.99 3.34292682e+02 5.77238985e+00 
325 434.80 3.48578101e+02 5.78025374e+00 
326 435.60 3.69628174e+02 6.17098994e+00 
327 436.41 3.84767566e+02 6.32974205e+00 
328 437.21 3.86163367e+02 6.32936703e+00 
329 438.02 3.80401532e+02 6.07174019e+00 
330 438.82 3.83296802e+02 6.04992509e+00 
331 439.63 3.95662146e+02 6.24999437e+00 
332 440.43 4.13149762e+02 6.48496769e+00 
333 441.24 4.31653113e+02 6.65608726e+00 
334 442.04 4.48819647e+02 6.95977588e+00 
335 442.85 4.60018909e+02 6.93822304e+00 
336 443.65 4.67082654e+02 6.93667615e+00 
337 444.45 4.70605786e+02 6.91990322e+00 
338 445.26 4.69661469e+02 6.73941995e+00 
339 446.06 4.73006769e+02 6.58274457e+00 
340 446.87 4.84213184e+02 6.66454134e+00 
341 447.67 4.99478382e+02 6.99142575e+00 
342 448.48 5.09542151e+02 6.96076792e+00 
343 449.28 5.19698266e+02 6.99629095e+00 
344 450.09 5.30953088e+02 6.99419272e+00 
345 450.89 5.38594910e+02 7.21143295e+00 
346 451.70 5.33495898e+02 6.94644988e+00 
347 452.50 5.22088080e+02 6.59185068e+00 
348 453.30 5.16292090e+02 6.33472307e+00 
349 454.11 5.18838770e+02 6.24514166e+00 
350 454.91 5.27113501e+02 6.25153533e+00 
351 455.72 5.35800806e+02 6.19564120e+00 
352 456.52 5.43138330e+02 6.26797428e+00 
353 457.32 5.46200781e+02 6.26852086e+00 
354 458.13 5.43889697e+02 6.16161913e+00 
355 458.93 5.42228027e+02 5.99971324e+00 
356 459.74 5.45200611e+02 6.00246052e+00 
357 460.54 5.52255139e+02 6.01717093e+00 
358 461.34 5.60352490e+02 6.02405141e+00 
359 462.15 5.65495850e+02 5.94576607e+00 
360 462.95 5.65247766e+02 5.90644879e+00 
361 463.76 5.61113855e+02 5.68865592e+00 
362 464.56 5.56585461e+02 5.59906692e+00 
363 465.36 5.54006006e+02 5.56759705e+00 
364 466.17 5.52430200e+02 5.49505719e+00 
365 466.97 5.52163172e+02 5.48122692e+00 
366 467.77 5.54561987e+02 5.50099367e+00 
367 468.58 5.58766431e+02 5.56705644e+00 
368 469.38 5.58897107e+02 5.50096400e+00 
369 470.18 5.58437964e+02 5.23346044e+00 
370 470.99 5.63312439e+02 5.16851776e+00 
371 471.79 5.72177930e+02 5.31736701e+00 
372 472.59 5.80301282e+02 5.52935969e+00 
373 473.40 5.85051965e+02 5.43981374e+00 
374 474.20 5.88436536e+02 5.27352777e+00 
375 475.00 5.91644006e+02 5.46179181e+00 
376 475.81 5.92397974e+02 5.36713907e+00 
377 476.61 5.95969373e+02 5.37897754e+00 
378 477.41 6.01994812e+02 5.52092646e+00 
379 478.21 6.08968432e+02 5.65531370e+00 
380 479.02 6.12868665e+02 5.60638872e+00 
381 479.82 6.15222607e+02 5.58195273e+00 
382 480.62 6.18586572e+02 5.60607855e+00 
383 481.43 6.19807300e+02 5.51595203e+00 
384 482.23 6.19279443e+02 5.40411161e+00 
385 483.03 6.15757580e+02 5.55434918e+00 
386 483.84 6.06100610e+02 5.38748852e+00 
387 484.64 5.87481531e+02 5.35054864e+00 
388 485.44 5.63049915e+02 4.93029702e+00 
389 486.24 5.47728149e+02 4.61482055e+00 
390 487.04 5.51227295e+02 4.69848156e+00 
391 487.85 5.69080652e+02 5.21035064e+00 
392 488.65 5.87568774e+02 5.23706867e+00 
393 489.45 6.01192078e+02 5.27999399e+00 
394 490.26 6.07375671e+02 5.35711872e+00 
395 491.06 6.06010462e+02 5.36627463e+00 
396 491.86 6.01316748e+02 5.15228265e+00 
397 492.66 6.01051477e+02 5.07259287e+00 
398 493.46 6.08137976e+02 5.25940887e+00 
399 494.27 6.15839783e+02 5.29129945e+00 
400 495.07 6.20193066e+02 5.38387030e+00 
401 495.87 6.22692444e+02 5.72016753e+00 
402 496.67 6.20732178e+02 5.48463487e+00 
403 497.48 6.15505481e+02 5.41289615e+00 
404 498.28 6.11196448e+02 5.26470894e+00 
405 499.08 6.06020129e+02 5.16178688e+00 
406 499.88 6.01386816e+02 5.22249953e+00 
407 500.68 5.94442871e+02 4.93224834e+00 
408 501.48 5.92105920e+02 4.75214643e+00 
409 502.29 5.94513977e+02 4.73601673e+00 
410 503.09 5.99990747e+02 4.83466505e+00 
411 503.89 6.05640796e+02 5.05101224e+00 
412 504.69 6.12223242e+02 5.01260281e+00 
413 505.49 6.17709314e+02 5.17799596e+00 
414 506.29 6.20033740e+02 5.43285201e+00 
415 507.09 6.16658106e+02 5.29024890e+00 
416 507.90 6.12902112e+02 5.19632726e+00 
417 508.70 6.11892468e+02 5.08620182e+00 
418 509.50 6.12863098e+02 5.06105206e+00 
419 510.30 6.13927857e+02 4.90718004e+00 
420 511.10 6.12951001e+02 4.95528790e+00 
421 511.90 6.10459460e+02 4.86711071e+00 
422 512.71 6.03496790e+02 4.77673462e+00 
423 513.51 5.96211170e+02 4.64630431e+00 
424 514.31 5.90425146e+02 4.51128329e+00 
425 515.11 5.82518762e+02 4.58302487e+00 
426 515.91 5.67366553e+02 4.55547209e+00 
427 516.71 5.50454541e+02 4.23847451e+00 
428 517.51 5.40914648e+02 3.99753237e+00 
429 518.31 5.44319641e+02 4.05967052e+00 
430 519.11 5.58140686e+02 4.28361670e+00 
431 519.91 5.71465003e+02 4.43851130e+00 
432 520.71 5.82694617e+02 4.46770730e+00 
433 521.52 5.86997790e+02 4.47641618e+00 
434 522.32 5.88188123e+02 4.25744457e+00 
435 523.12 5.91602783e+02 4.25122371e+00 
436 523.92 5.96635706e+02 4.46431250e+00 
437 524.72 5.98103333e+02 4.40144708e+00 
438 525.52 5.89821790e+02 4.36476321e+00 
439 526.32 5.76620899e+02 4.04566360e+00 
440 527.12 5.73751733e+02 3.88865689e+00 
441 527.92 5.81652503e+02 3.99529039e+00 
442 528.72 5.96172742e+02 4.37476419e+00 
443 529.52 6.07223487e+02 4.74386894e+00 
444 530.32 6.11612598e+02 4.61907436e+00 
445 531.12 6.10011243e+02 4.59944481e+00 
446 531.92 6.03857251e+02 4.44380078e+00 
447 532.72 5.97079956e+02 4.20078723e+00 
448 533.52 5.94791821e+02 4.35198379e+00 
449 534.32 5.99997034e+02 5.08354953e+00 
450 535.12 6.05380725e+02 4.30188776e+00 
451 535.92 6.06891919e+02 4.58393528e+00 
452 536.72 6.04334815e+02 4.36713068e+00 
453 537.52 6.00890417e+02 4.11115677e+00 
454 538.32 5.96716919e+02 4.03657287e+00 
455 539.12 5.91154028e+02 4.00196197e+00 
456 539.92 5.85332227e+02 4.10557384e+00 
457 540.72 5.82821472e+02 3.88538680e+00 
458 541.52 5.85243652e+02 3.90608336e+00 
459 542.32 5.90035657e+02 4.19989477e+00 
460 543.12 5.93489404e+02 4.07093047e+00 
461 543.92 5.96679688e+02 3.80337507e+00 
462 544.72 5.98548291e+02 4.06442023e+00 
463 545.52 5.97503040e+02 3.76904625e+00 
464 546.32 5.94447729e+02 3.99551746e+00 
465 547.12 5.91720508e+02 3.55094079e+00 
466 547.91 5.89634546e+02 3.60781197e+00 
467 548.71 5.89266919e+02 3.58913827e+00 
468 549.51 5.89621289e+02 3.58485006e+00 
469 550.31 5.89596350e+02 3.50186658e+00 
470 551.11 5.88970557e+02 3.45870684e+00 
471 551.91 5.88224585e+02 3.79033764e+00 
472 552.71 5.87841443e+02 3.92319503e+00 
473 553.51 5.90059448e+02 3.97277602e+00 
474 554.31 5.92254846e+02 3.82830121e+00 
475 555.10 5.90566174e+02 4.37614009e+00 
476 555.90 5.87944727e+02 3.96170710e+00 
477 556.70 5.83263220e+02 3.96252710e+00 
478 557.50 5.76960559e+02 4.48566432e+00 
479 558.30 5.72431116e+02 4.07005493e+00 
480 559.10 5.69793213e+02 4.04498847e+00 
481 559.90 5.71376477e+02 3.55812252e+00 
482 560.70 5.74173230e+02 4.14714703e+00 
483 561.49 5.79749915e+02 3.57561019e+00 
484 562.29 5.82437451e+02 3.83531664e+00 
485 563.09 5.84984912e+02 3.56219000e+00 
486 563.89 5.85118201e+02 4.25316244e+00 
487 564.69 5.85199609e+02 4.00443379e+00 
488 565.49 5.82555054e+02 3.84952797e+00 
489 566.29 5.82038086e+02 3.73086406e+00 
490 567.08 5.84707190e+02 3.56291012e+00 
491 567.88 5.87537256e+02 4.11305466e+00 
492 568.68 5.87429675e+02 3.91272521e+00 
493 569.48 5.85888415e+02 4.74383353e+00 
494 570.28 5.83543567e+02 4.56544008e+00 
495 571.07 5.85776245e+02 4.90134459e+00 
496 571.87 5.93134753e+02 4.62520195e+00 
497 572.67 6.01492358e+02 4.40632686e+00 
498 573.47 6.06619043e+02 5.09126508e+00 
499 574.26 6.05589124e+02 4.25914462e+00 
500 575.06 6.01175098e+02 4.09799415e+00 
501 575.86 5.98785620e+02 4.11652777e+00 
502 576.66 5.96844299e+02 4.41644722e+00 
503 577.45 5.94733215e+02 4.38727618e+00 
504 578.25 5.93281934e+02 4.15289307e+00 
505 579.05 5.92249817e+02 4.21178142e+00 
506 579.85 5.94078552e+02 4.12683470e+00 
507 580.65 5.97684973e+02 4.42766949e+00 
508 581.44 6.00351111e+02 3.62245066e+00 
509 582.24 6.02476245e+02 3.99362071e+00 
510 583.04 6.03683557e+02 3.70491544e+00 
511 583.83 6.01629395e+02 4.28873477e+00 
512 584.63 5.96721887e+02 4.01563725e+00 
513 585.43 5.91976233e+02 4.02017864e+00 
514 586.22 5.89602185e+02 3.54244511e+00 
515 587.02 5.85649451e+02 3.95428987e+00 
516 587.82 5.77928601e+02 3.30610403e+00 
517 588.62 5.65957971e+02 3.80986825e+00 
518 589.41 5.58962329e+02 3.57280164e+00 
519 590.21 5.61465112e+02 3.06950074e+00 
520 591.01 5.69420312e+02 3.73345928e+00 
521 591.80 5.75711157e+02 3.20129171e+00 
522 592.60 5.76294946e+02 4.02580079e+00 
523 593.40 5.75698572e+02 3.82954092e+00 
524 594.19 5.73668799e+02 3.62318137e+00 
525 594.99 5.72282032e+02 4.22188189e+00 
526 595.79 5.70477771e+02 4.98439799e+00 
527 596.58 5.69104102e+02 4.20610364e+00 
528 597.38 5.66392297e+02 4.37596298e+00 
529 598.18 5.63830615e+02 4.57381150e+00 
530 598.97 5.60264538e+02 4.39893936e+00 
531 599.77 5.57348096e+02 5.06254512e+00 
532 600.56 5.54629236e+02 4.18035535e+00 
533 601.36 5.52323450e+02 4.03129058e+00 
534 602.16 5.52035095e+02 4.28873181e+00 
535 602.95 5.55527271e+02 4.06670906e+00 
536 603.75 5.58682630e+02 4.42143950e+00 
537 604.54 5.60369165e+02 4.17649921e+00 
538 605.34 5.60245764e+02 3.73543910e+00 
539 606.14 5.58881726e+02 4.68905208e+00 
540 606.93 5.57162219e+02 3.90954888e+00 
541 607.73 5.54752283e+02 4.39547628e+00 
542 608.52 5.51414575e+02 3.75919505e+00 
543 609.32 5.49459656e+02 3.48604686e+00 
544 610.11 5.47250378e+02 3.72005679e+00 
545 610.91 5.47726636e+02 4.11542613e+00 
546 611.71 5.45826172e+02 4.18374229e+00 
547 612.50 5.43592859e+02 4.01344051e+00 
548 613.30 5.41152100e+02 3.73873656e+00 
549 614.09 5.39259521e+02 3.67252680e+00 
550 614.89 5.37063501e+02 3.81519782e+00 
551 615.68 5.34200257e+02 2.95284374e+00 
552 616.48 5.32134399e+02 3.01922993e+00 
553 617.27 5.34425098e+02 3.45659184e+00 
554 618.07 5.39172827e+02 3.02817924e+00 
555 618.86 5.43129822e+02 2.76818240e+00 
556 619.66 5.45775195e+02 2.64681765e+00 
557 620.45 5.46199182e+02 2.54140989e+00 
558 621.25 5.44155628e+02 2.70147760e+00 
559 622.04 5.40201709e+02 2.65934625e+00 
560 622.84 5.36827783e+02 2.55097499e+00 
561 623.63 5.33675964e+02 2.78974932e+00 
562 624.43 5.30104578e+02 2.92324118e+00 
563 625.22 5.28180420e+02 3.06025465e+00 
564 626.02 5.28769727e+02 3.23303613e+00 
565 626.81 5.30839917e+02 2.84135603e+00 
566 627.61 5.32222095e+02 4.02310324e+00 
567 628.40 5.30529565e+02 4.06677769e+00 
568 629.19 5.28351941e+02 3.93095866e+00 
569 629.99 5.25513733e+02 3.69917847e+00 
570 630.78 5.21706995e+02 3.49604893e+00 
571 631.58 5.20659265e+02 2.72660528e+00 
572 632.37 5.20213611e+02 2.71768586e+00 
573 633.17 5.19995887e+02 2.73443880e+00 
574 633.96 5.19367481e+02 2.32208461e+00 
575 634.76 5.18006775e+02 2.92949665e+00 
576 635.55 5.17074780e+02 1.98134936e+00 
577 636.34 5.16811218e+02 1.83720869e+00 
578 637.14 5.17553735e+02 2.55271993e+00 
579 637.93 5.17809985e+02 2.40927902e+00 
580 638.72 5.15106104e+02 2.48079607e+00 
581 639.52 5.11083032e+02 2.14567477e+00 
582 640.31 5.06589178e+02 2.24586279e+00 
583 641.11 5.03417718e+02 2.59043734e+00 
584 641.90 5.03104315e+02 2.20913977e+00 
585 642.69 5.03180847e+02 2.14953546e+00 
586 643.49 5.02904004e+02 2.41790112e+00 
587 644.28 5.01335724e+02 2.21636564e+00 
588 645.07 4.98215320e+02 2.59845267e+00 
589 645.87 4.95975317e+02 2.64877459e+00 
590 646.66 4.95208142e+02 2.25257169e+00 
591 647.45 4.94115033e+02 2.37697287e+00 
592 648.25 4.90590424e+02 2.70176591e+00 
593 649.04 4.84818140e+02 2.48338043e+00 
594 649.83 4.81393347e+02 2.63916557e+00 
595 650.63 4.82711182e+02 2.43495182e+00 
596 651.42 4.84269513e+02 1.98680653e+00 
597 652.21 4.82949280e+02 1.66706068e+00 
598 653.00 4.80342023e+02 1.90039048e+00 
599 653.80 4.74744891e+02 1.71770268e+00 
600 654.59 4.61800946e+02 1.61035811e+00 
601 655.38 4.40311810e+02 1.37372901e+00 
602 656.17 4.23401831e+02 1.10150062e+00 
603 656.97 4.25075061e+02 1.30805817e+00 
604 657.76 4.40453552e+02 1.47460133e+00 
605 658.55 4.52448157e+02 1.68120648e+00 
606 659.34 4.56712366e+02 1.65558890e+00 
607 660.14 4.58115503e+02 1.68903240e+00 
608 660.93 4.59878839e+02 1.83156210e+00 
609 661.72 4.59975800e+02 1.84206019e+00 
610 662.52 4.58037146e+02 1.83896507e+00 
611 663.31 4.54909210e+02 1.83949967e+00 
612 664.10 4.53398053e+02 2.15416973e+00 
613 664.89 4.53316650e+02 1.80504004e+00 
614 665.68 4.52259143e+02 2.20463658e+00 
615 666.47 4.50604187e+02 1.89836392e+00 
616 667.27 4.49711914e+02 1.48500953e+00 
617 668.06 4.49525177e+02 1.36894176e+00 
618 668.85 4.49489148e+02 1.32991242e+00 
619 669.64 4.47956329e+02 1.80213770e+00 
620 670.43 4.45691217e+02 1.21655842e+00 
621 671.23 4.43270123e+02 1.15314649e+00 
622 672.02 4.41885064e+02 1.23899873e+00 
623 672.81 4.42545807e+02 1.20480414e+00 
624 673.60 4.43196722e+02 1.24461291e+00 
625 674.39 4.42128418e+02 1.39539745e+00 
626 675.18 4.41605145e+02 1.38282657e+00 
627 675.97 4.41486090e+02 1.62219115e+00 
628 676.77 4.41529883e+02 1.96777557e+00 
629 677.56 4.41561603e+02 1.98058097e+00 
630 678.35 4.41524194e+02 1.98191849e+00 
631 679.14 4.41844647e+02 1.73662828e+00 
632 679.93 4.40917944e+02 1.74373668e+00 
633 680.72 4.40609369e+02 1.75444018e+00 
634 681.51 4.40714246e+02 1.65249725e+00 
635 682.30 4.40080865e+02 1.74735771e+00 
636 683.09 4.37687110e+02 1.73524353e+00 
637 683.88 4.34029773e+02 1.66409998e+00 
638 684.67 4.31508313e+02 1.67468730e+00 
639 685.46 4.27040851e+02 1.72709789e+00 
640 686.26 4.15527563e+02 3.91829989e+00 
641 687.04 4.02776917e+02 7.51680946e+00 
642 687.84 3.99538947e+02 8.93816430e+00 
643 688.63 4.03848230e+02 8.34531421e+00 
644 689.42 4.07047571e+02 6.98820513e+00 
645 690.21 4.09258142e+02 5.19950068e+00 
646 691.00 4.11882172e+02 4.02623025e+00 
647 691.79 4.14413532e+02 2.92971802e+00 
648 692.58 4.16877356e+02 2.00874989e+00 
649 693.37 4.18219196e+02 1.32295852e+00 
650 694.16 4.18255371e+02 1.28170807e+00 
651 694.95 4.16787744e+02 1.25210371e+00 
652 695.74 4.15441510e+02 1.31689742e+00 
653 696.53 4.13075549e+02 1.67387624e+00 
654 697.32 4.09421472e+02 1.56488944e+00 
655 698.10 4.07116248e+02 1.44032036e+00 
656 698.89 4.05581519e+02 1.56125018e+00 
657 699.68 4.02514880e+02 1.80959925e+00 
658 700.47 3.97976117e+02 1.78775225e+00 
659 701.26 3.93778510e+02 1.86452709e+00 
660 702.05 3.91874420e+02 1.73927191e+00 
661 702.84 3.90961188e+02 1.65188836e+00 
662 703.63 3.91669739e+02 1.44817420e+00 
663 704.42 3.92063019e+02 1.25565399e+00 
664 705.21 3.90542285e+02 1.18452896e+00 
665 706.00 3.87783801e+02 1.19816662e+00 
666 706.79 3.86188983e+02 9.78177702e-01 
667 707.58 3.84604645e+02 9.30712847e-01 
668 708.37 3.81902777e+02 1.04855916e+00 
669 709.15 3.79550323e+02 9.19413065e-01 
670 709.94 3.78454071e+02 5.52700392e-01 
671 710.73 3.76999078e+02 6.86921303e-01 
672 711.52 3.73986902e+02 6.19828681e-01 
673 712.31 3.71169873e+02 7.31089031e-01 
674 713.10 3.70022888e+02 6.97428189e-01 
675 713.88 3.69112177e+02 7.52494262e-01 
676 714.67 3.66809973e+02 8.94633278e-01 
677 715.46 3.64643872e+02 8.71722175e-01 
678 716.25 3.62535412e+02 8.64888264e-01 
679 717.04 3.60778204e+02 9.81640868e-01 
680 717.83 3.57821155e+02 1.49398194e+00 
681 718.61 3.53595215e+02 2.16972547e+00 
682 719.40 3.51677600e+02 2.13503567e+00 
683 720.19 3.51647858e+02 1.95238484e+00 
684 720.98 3.52250360e+02 1.44288228e+00 
685 721.76 3.53159900e+02 1.18836982e+00 
686 722.55 3.53470801e+02 1.26979534e+00 
687 723.34 3.53888672e+02 1.80297844e+00 
688 724.13 3.53906482e+02 2.09101291e+00 
689 724.92 3.53287280e+02 1.89668900e+00 
690 725.70 3.52305310e+02 1.95670373e+00 
691 726.49 3.51753009e+02 1.53853922e+00 
692 727.28 3.50759216e+02 1.71057564e+00 
693 728.06 3.48066528e+02 1.70161493e+00 
694 728.85 3.45422235e+02 1.81237245e+00 
695 729.64 3.46279578e+02 1.71508176e+00 
696 730.42 3.47841724e+02 1.43423524e+00 
697 731.21 3.48293909e+02 1.21687508e+00 
698 732.00 3.47997021e+02 8.38912681e-01 
699 732.78 3.47521197e+02 6.04678544e-01 
700 733.57 3.48285162e+02 8.18608389e-01 
701 734.36 3.48318402e+02 6.14103697e-01 
702 735.14 3.46400671e+02 9.20273910e-01 
703 735.93 3.44183386e+02 1.21652727e+00 
704 736.72 3.43750287e+02 1.20236866e+00 
705 737.51 3.42529681e+02 1.11516690e+00 
706 738.29 3.39083905e+02 1.03259822e+00 
707 739.08 3.36502899e+02 1.01195484e+00 
708 739.86 3.36002051e+02 1.11390320e+00 
709 740.65 3.33786884e+02 1.44924289e+00 
710 741.44 3.31949695e+02 1.51560181e+00 
711 742.22 3.32750018e+02 1.51731204e+00 
712 743.01 3.34602679e+02 1.47158378e+00 
713 743.79 3.34168848e+02 1.34560695e+00 
714 744.58 3.32276831e+02 1.60958191e+00 
715 745.37 3.32309210e+02 1.66317623e+00 
716 746.15 3.32532098e+02 1.24742521e+00 
717 746.94 3.31612555e+02 1.06030387e+00 
718 747.72 3.30011548e+02 8.65435191e-01 
719 748.51 3.26902728e+02 1.00931915e+00 
720 749.29 3.24120392e+02 9.44145663e-01 
721 750.08 3.21917016e+02 1.17185345e+00 
722 750.86 3.20042255e+02 1.21479798e+00 
723 751.65 3.18491955e+02 1.26337314e+00 
724 752.43 3.17293207e+02 1.29226750e+00 
725 753.22 3.16893384e+02 1.15181995e+00 
726 754.00 3.16649939e+02 1.11093454e+00 
727 754.79 3.14576013e+02 7.33332716e-01 
728 755.57 3.11612091e+02 6.69226372e-01 
729 756.36 3.09721588e+02 4.49336797e-01 
730 757.14 3.08028870e+02 5.87668313e-01 
731 757.93 3.03536206e+02 3.27751187e-01 
732 758.71 2.86334741e+02 2.79903152e+00 
733 759.49 2.47449030e+02 9.88276133e+00 
734 760.28 2.10959308e+02 2.01064856e+01 
735 761.06 2.07424573e+02 2.37061632e+01 
736 761.85 2.21519714e+02 2.04987433e+01 
737 762.63 2.27360580e+02 1.91043532e+01 
738 763.41 2.29111243e+02 1.84380917e+01 
739 764.20 2.37312332e+02 1.56262738e+01 
740 764.98 2.47763647e+02 1.14439012e+01 
741 765.77 2.56109055e+02 7.41329012e+00 
742 766.55 2.64346564e+02 4.38605510e+00 
743 767.33 2.73303937e+02 2.59865453e+00 
744 768.12 2.79083691e+02 1.61668636e+00 
745 768.90 2.80864129e+02 1.00338331e+00 
746 769.68 2.80753516e+02 7.75465873e-01 
747 770.47 2.79891797e+02 7.30396666e-01 
748 771.25 2.78724725e+02 7.10271193e-01 
749 772.03 2.78196490e+02 7.88282712e-01 
750 772.82 2.78742022e+02 7.48671415e-01 
751 773.60 2.77826001e+02 8.65478453e-01 
752 774.38 2.75235877e+02 7.49526585e-01 
753 775.17 2.73756549e+02 8.40839092e-01 
754 775.95 2.74260840e+02 6.74541404e-01 
755 776.73 2.73763861e+02 6.94032997e-01 
756 777.51 2.71904669e+02 6.62159632e-01 
757 778.30 2.70865832e+02 6.30182059e-01 
758 779.08 2.69719489e+02 6.15246151e-01 
759 779.86 2.68458112e+02 5.32284871e-01 
760 780.64 2.67905341e+02 6.77473665e-01 
761 781.43 2.68621411e+02 7.48558949e-01 
762 782.21 2.68323266e+02 8.08347607e-01 
763 782.99 2.65822498e+02 8.91876959e-01 
764 783.77 2.64218536e+02 1.14339780e+00 
765 784.55 2.64087262e+02 7.76288715e-01 
766 785.34 2.64124091e+02 6.09274520e-01 
767 786.12 2.64209784e+02 7.19219830e-01 
768 786.90 2.63754987e+02 8.39718153e-01 
769 787.68 2.62262982e+02 1.10527108e+00 
770 788.46 2.60883667e+02 9.57434134e-01 
771 789.24 2.60202185e+02 1.08301002e+00 
772 790.03 2.59323956e+02 1.12644214e+00 
773 790.81 2.57392450e+02 1.16811524e+00 
774 791.59 2.54251352e+02 1.10283357e+00 
775 792.37 2.50924704e+02 1.31923072e+00 
776 793.15 2.48596237e+02 1.34186625e+00 
777 793.93 2.47645450e+02 1.39185557e+00 
778 794.71 2.48418091e+02 1.44921699e+00 
779 795.49 2.49490344e+02 1.45518199e+00 
780 796.27 2.49685794e+02 1.32038366e+00 
781 797.05 2.50372586e+02 1.03091870e+00 
782 797.84 2.50528510e+02 8.07773016e-01 
783 798.61 2.48895087e+02 8.87695898e-01 
784 799.40 2.47077328e+02 7.68653951e-01 
785 800.18 2.45383811e+02 8.23712670e-01 
786 800.96 2.44260556e+02 8.27698918e-01 
787 801.74 2.43997696e+02 8.22881978e-01 
788 802.52 2.43581360e+02 9.38158681e-01 
789 803.30 2.42471845e+02 1.03630251e+00 
790 804.08 2.40286728e+02 9.46312546e-01 
791 804.86 2.37675165e+02 8.43302803e-01 
792 805.64 2.36575659e+02 8.10787992e-01 
793 806.42 2.37562448e+02 6.88724471e-01 
794 807.20 2.38157379e+02 6.01386749e-01 
795 807.97 2.35976874e+02 5.22315735e-01 
796 808.75 2.32242154e+02 4.06093873e-01 
797 809.53 2.29759296e+02 5.80925128e-01 
798 810.31 2.30519452e+02 5.15155103e-01 
799 811.09 2.32294409e+02 6.72821975e-01 
800 811.87 2.32715473e+02 5.54945663e-01 
801 812.65 2.31276996e+02 4.89140341e-01 
802 813.43 2.28889185e+02 3.67332012e-01 
803 814.21 2.26096478e+02 3.36510050e-01 
804 814.99 2.24703989e+02 4.42407391e-01 
805 815.76 2.24499042e+02 8.37913328e-01 
806 816.54 2.24015036e+02 1.03351235e+00 
807 817.32 2.22025616e+02 1.28053065e+00 
808 818.10 2.18625946e+02 1.23538907e+00 
809 818.88 2.15740112e+02 1.30828163e+00 
810 819.66 2.13674753e+02 1.05844451e+00 
811 820.43 2.13673413e+02 8.76324641e-01 
812 821.21 2.14908954e+02 1.01593943e+00 
813 821.99 2.14097357e+02 1.16687061e+00 
814 822.77 2.11710706e+02 1.47555004e+00 
815 823.55 2.10055033e+02 1.48507074e+00 
816 824.32 2.09400110e+02 1.32716690e+00 
817 825.10 2.10348084e+02 1.07486412e+00 
818 825.88 2.11480249e+02 1.12666926e+00 
819 826.66 2.10681967e+02 1.13730668e+00 
820 827.43 2.08448019e+02 1.15574525e+00 
821 828.21 2.05899515e+02 1.19803269e+00 
822 828.99 2.04580002e+02 1.17239746e+00 
823 829.76 2.04827524e+02 1.12609712e+00 
824 830.54 2.05458701e+02 1.10874527e+00 
825 831.32 2.04505786e+02 1.07868192e+00 
826 832.10 2.01879508e+02 1.02347399e+00 
827 832.87 1.98310602e+02 9.36021316e-01 
828 833.65 1.96221631e+02 7.67488806e-01 
829 834.42 1.97273938e+02 6.80915657e-01 
830 835.20 1.99855933e+02 6.10265205e-01 
831 835.98 2.00908877e+02 6.38115789e-01 
832 836.75 1.99363916e+02 7.24526540e-01 
833 837.53 1.96334830e+02 6.78634928e-01 
834 838.30 1.94289682e+02 6.42489149e-01 
835 839.08 1.94404031e+02 6.64258519e-01 
836 839.86 1.95690094e+02 6.90488828e-01 
837 840.63 1.95823706e+02 1.02683836e+00 
838 841.41 1.93955432e+02 9.81356493e-01 
839 842.18 1.90565781e+02 1.01041309e+00 
840 842.96 1.87430185e+02 9.64548320e-01 
841 843.73 1.86256381e+02 8.31242713e-01 
842 844.51 1.87059613e+02 9.35213927e-01 
843 845.28 1.88256445e+02 9.40189981e-01 
844 846.06 1.88381576e+02 9.02940648e-01 
845 846.84 1.86146945e+02 1.06668659e+00 
846 847.61 1.82061145e+02 1.02623891e+00 
847 848.38 1.78176224e+02 1.01161987e+00 
848 849.16 1.76584927e+02 8.09967191e-01 
849 849.93 1.76233423e+02 7.33874505e-01 
850 850.71 1.76244858e+02 6.84923643e-01 
851 851.48 1.74484290e+02 6.67511556e-01 
852 852.26 1.70516421e+02 5.73609842e-01 
853 853.03 1.65641977e+02 7.01223690e-01 
854 853.81 1.62173325e+02 5.87455780e-01 
855 854.58 1.61977435e+02 5.59134889e-01 
856 855.35 1.65185596e+02 5.35595595e-01 
857 856.13 1.69620227e+02 6.54976158e-01 
858 856.90 1.72056882e+02 6.99839984e-01 
859 857.68 1.71459335e+02 8.06338759e-01 
860 858.45 1.69552801e+02 8.62757181e-01 
861 859.22 1.67820560e+02 8.50650274e-01 
862 860.00 1.67791437e+02 8.08243099e-01 
863 860.77 1.68866589e+02 8.92947783e-01 
864 861.54 1.69066629e+02 9.11737438e-01 
865 862.32 1.67929816e+02 8.07871924e-01 
866 863.09 1.65262570e+02 8.12750231e-01 
867 863.86 1.60923715e+02 7.79827589e-01 
868 864.64 1.57385834e+02 6.64635942e-01 
869 865.41 1.54867071e+02 6.97830711e-01 
870 866.18 1.53993631e+02 5.22559578e-01 
871 866.95 1.54039758e+02 4.83937566e-01 
872 867.73 1.54445587e+02 5.75777371e-01 
873 868.50 1.54581967e+02 5.56495289e-01 
874 869.27 1.54252621e+02 6.05321007e-01 
875 870.04 1.54353955e+02 5.35280178e-01 
876 870.81 1.55432303e+02 4.55965995e-01 
877 871.59 1.55988348e+02 5.76467024e-01 
878 872.36 1.56088443e+02 5.42688277e-01 
879 873.13 1.54795618e+02 6.04537100e-01 
880 873.90 1.52309250e+02 7.85010018e-01 
881 874.67 1.49508688e+02 7.02017768e-01 
882 875.44 1.48054846e+02 6.51530692e-01 
883 876.22 1.48504242e+02 6.47056550e-01 
884 876.99 1.49441177e+02 5.38873166e-01 
885 877.76 1.49942807e+02 5.66891281e-01 
886 878.53 1.49137622e+02 5.59216057e-01 
887 879.30 1.46843399e+02 5.36142965e-01 
888 880.07 1.44144070e+02 5.86594703e-01 
889 880.84 1.42660223e+02 4.43785117e-01 
890 881.61 1.42743967e+02 4.20052366e-01 
891 882.38 1.43600321e+02 4.16043108e-01 
892 883.15 1.44739951e+02 4.47890719e-01 
893 883.92 1.44392868e+02 4.32649934e-01 
894 884.69 1.42422107e+02 5.28673639e-01 
895 885.47 1.40029141e+02 5.07083555e-01 
896 886.23 1.37817212e+02 5.17396859e-01 
897 887.00 1.36769296e+02 5.22123984e-01 
898 887.78 1.36975025e+02 5.46622864e-01 
899 888.54 1.37963849e+02 5.99392198e-01 
900 889.31 1.38744577e+02 6.35330922e-01 
901 890.08 1.37888580e+02 6.69264639e-01 
902 890.85 1.35581155e+02 7.40085566e-01 
903 891.62 1.33343555e+02 6.67027429e-01 
904 892.39 1.31431863e+02 7.35119445e-01 
905 893.16 1.31268460e+02 6.71523185e-01 
906 893.93 1.32023059e+02 6.88373323e-01 
907 894.70 1.32438226e+02 7.25339054e-01 
908 895.47 1.31661166e+02 7.48624693e-01 
909 896.24 1.29897144e+02 8.17127695e-01 
910 897.01 1.27598097e+02 8.81943961e-01 
911 897.78 1.25899081e+02 1.02481899e+00 
912 898.54 1.25248412e+02 9.91411236e-01 
913 899.31 1.25265927e+02 1.01363540e+00 
914 900.08 1.25018843e+02 9.78999731e-01 
915 900.85 1.24324855e+02 8.33265843e-01 
916 901.62 1.22895889e+02 7.63635891e-01 
917 902.38 1.21286874e+02 6.61093113e-01 
918 903.15 1.20159874e+02 4.40491406e-01 
919 903.92 1.19976105e+02 4.15031796e-01 
920 904.69 1.20156116e+02 3.09312202e-01 
921 905.46 1.20529704e+02 2.84556037e-01 
922 906.22 1.20540166e+02 3.00797362e-01 
923 906.99 1.19726631e+02 3.49140659e-01 
924 907.76 1.18033222e+02 3.83739525e-01 
925 908.52 1.16136920e+02 4.41887833e-01 
926 909.29 1.14503068e+02 4.28049048e-01 
927 910.06 1.13947490e+02 4.20541367e-01 
928 910.83 1.13934485e+02 3.95973014e-01 
929 911.59 1.14261133e+02 4.03534027e-01 
930 912.36 1.14376645e+02 4.31385898e-01 
931 913.13 1.13925163e+02 4.56453887e-01 
932 913.89 1.12936664e+02 4.84027893e-01 
933 914.66 1.11458061e+02 5.28141352e-01 
934 915.42 1.10088347e+02 5.30482133e-01 
935 916.19 1.09132700e+02 5.19994609e-01 
936 916.96 1.08659283e+02 5.07869374e-01 
937 917.72 1.08443005e+02 4.93110502e-01 
938 918.49 1.08155232e+02 5.05199570e-01 
939 919.26 1.07330469e+02 4.89948520e-01 
940 920.02 1.05992195e+02 4.77462748e-01 
941 920.79 1.04335945e+02 4.87874366e-01 
942 921.55 1.02676895e+02 4.67675930e-01 
943 922.32 1.01499522e+02 4.82402779e-01 
944 923.08 1.00865164e+02 4.82130506e-01 
945 923.85 1.00676923e+02 5.68241423e-01 
946 924.61 1.00490179e+02 5.67061432e-01 
947 925.38 1.00058516e+02 5.91733177e-01 
948 926.14 9.93875885e+01 8.38408506e-01 
949 926.91 9.82755463e+01 9.93553120e-01 
950 927.67 9.69740280e+01 1.14067125e+00 
951 928.44 9.59016281e+01 1.41493150e+00 
952 929.20 9.50750458e+01 1.69410292e+00 
953 929.97 9.44378189e+01 2.08865934e+00 
954 930.73 9.35801163e+01 2.43502576e+00 
955 931.49 9.24343887e+01 2.85116106e+00 
956 932.26 9.08041580e+01 3.17255167e+00 
957 933.02 8.90277100e+01 3.46771047e+00 
958 933.79 8.72022644e+01 3.59027108e+00 
959 934.55 8.58736328e+01 3.73358824e+00 
960 935.32 8.49985092e+01 3.75251256e+00 
961 936.08 8.44124909e+01 3.65308849e+00 
962 936.84 8.39863052e+01 3.38145542e+00 
963 937.61 8.34914765e+01 3.17271498e+00 
964 938.37 8.26505890e+01 2.90916672e+00 
965 939.13 8.14961563e+01 2.61765966e+00 
966 939.89 8.02168274e+01 2.27186030e+00 
967 940.66 7.90310806e+01 2.09234261e+00 
968 941.42 7.82731354e+01 2.02392718e+00 
969 942.18 7.77558060e+01 2.02510774e+00 
970 942.95 7.74127365e+01 2.06567839e+00 
971 943.71 7.70411484e+01 2.06714688e+00 
972 944.47 7.65167984e+01 2.17246576e+00 
973 945.23 7.56849243e+01 2.12411109e+00 
974 946.00 7.48428375e+01 2.05258965e+00 
975 946.76 7.42099686e+01 2.05338984e+00 
976 947.52 7.37227295e+01 1.94187982e+00 
977 948.28 7.35685150e+01 1.84990736e+00 
978 949.04 7.35795990e+01 1.83058201e+00 
979 949.81 7.34731247e+01 1.82442137e+00 
980 950.57 7.29829376e+01 1.80391337e+00 
981 951.33 7.21983871e+01 1.79457699e+00 
982 952.09 7.11797241e+01 1.76092713e+00 
983 952.85 7.01805847e+01 1.68659094e+00 
984 953.61 6.95042923e+01 1.70141722e+00 
985 954.38 6.91838883e+01 1.67560025e+00 
986 955.14 6.90245850e+01 1.66115663e+00 
987 955.90 6.88565918e+01 1.67407713e+00 
988 956.66 6.85424042e+01 1.60346049e+00 
989 957.42 6.79729065e+01 1.54919641e+00 
990 958.18 6.72052200e+01 1.48439630e+00 
991 958.94 6.63756119e+01 1.41646304e+00 
992 959.70 6.57613892e+01 1.29475151e+00 
993 960.46 6.53444916e+01 1.21226536e+00 
994 961.22 6.51247109e+01 1.17356146e+00 
995 961.98 6.48847687e+01 1.06286667e+00 
996 962.74 6.44818725e+01 1.08048731e+00 
997 963.50 6.37512261e+01 9.03248803e-01 
998 964.26 6.28480881e+01 8.35806484e-01 
999 965.02 6.19740646e+01 7.86237776e-01 
1000 965.78 6.12640541e+01 7.09091788e-01 
1001 966.54 6.07932594e+01 5.87764421e-01 
1002 967.30 6.05799286e+01 5.75818237e-01 
1003 968.06 6.03477707e+01 5.05922941e-01 
1004 968.82 5.98151657e+01 4.34561933e-01 
1005 969.58 5.90161049e+01 3.75127561e-01 
1006 970.34 5.82183021e+01 3.18069649e-01 
1007 971.10 5.75607308e+01 3.14974155e-01 
1008 971.86 5.71119705e+01 2.70763045e-01 
1009 972.62 5.68259331e+01 2.48634945e-01 
1010 973.38 5.64567757e+01 2.75420135e-01 
1011 974.14 5.58484176e+01 2.13914079e-01 
1012 974.90 5.51250008e+01 2.30584359e-01 
1013 975.65 5.43870659e+01 2.27957896e-01 
1014 976.41 5.37268593e+01 2.18987016e-01 
1015 977.17 5.33591904e+01 2.16906657e-01 
1016 977.93 5.30701111e+01 2.12460760e-01 
1017 978.69 5.26967964e+01 2.16776121e-01 
1018 979.45 5.21492607e+01 2.40279858e-01 
1019 980.20 5.14781357e+01 2.46506006e-01 
1020 980.96 5.09447685e+01 2.57746019e-01 
1021 981.72 5.05676964e+01 2.68739303e-01 
1022 982.48 5.03082771e+01 2.71031857e-01 
1023 983.23 4.98641663e+01 2.80461714e-01 
1024 983.99 4.91634445e+01 2.85839695e-01 
1025 984.75 4.84653953e+01 2.81897165e-01 
1026 985.51 4.80219749e+01 2.84050199e-01 
1027 986.27 4.77235832e+01 2.78814101e-01 
1028 987.02 4.72810120e+01 2.70083151e-01 
1029 987.78 4.65473579e+01 2.60085327e-01 
1030 988.54 4.57672569e+01 2.53282138e-01 
1031 989.29 4.52743729e+01 2.47545388e-01 
1032 990.05 4.49670403e+01 2.36515550e-01 
1033 990.81 4.43005035e+01 2.26505863e-01 
1034 991.56 4.34338600e+01 2.14020724e-01 
1035 992.32 4.27668251e+01 2.08061298e-01 
1036 993.08 4.22038689e+01 1.93165889e-01 
1037 993.83 4.13777626e+01 1.82944348e-01 
1038 994.59 4.04017662e+01 1.71777737e-01 
1039 995.35 3.96370323e+01 1.62153282e-01 
1040 996.10 2.53503118e+00 1.28551776e-02 
1041 996.86 1.38634434e-01 2.85277563e-02 
1042 997.62 7.80126020e-02 3.66328724e-03 
1043 998.37 6.51367292e-02 1.41230743e-02 
