% C0 (TOA Count Rate, /ms) for 4STAR VIS spectrometer (1044 channels) derived from 20160109-20160113 and recorded on 2016-01-29 11:02:00.
% Modified Langley processed for 0.8823-0.9945 micron region
Pix Wavelength C0 C0err
0 173.18 -1.00000000e+00 0.00000000e+00 
1 173.97 3.88259037e+11 8.68173597e+11 
2 174.77 2.42690615e+11 5.42672710e+11 
3 175.56 7.90047010e+12 1.76659882e+13 
4 176.36 4.22931051e+13 9.45702577e+13 
5 177.15 6.08581065e+13 1.36082863e+14 
6 177.94 8.34715257e+13 1.86648005e+14 
7 178.74 1.15581153e+14 2.58447314e+14 
8 179.53 1.89833938e+14 4.24481590e+14 
9 180.33 2.89856616e+14 6.48139097e+14 
10 181.12 3.74582832e+14 8.37592675e+14 
11 181.92 5.45247280e+14 1.21920998e+15 
12 182.71 8.50786468e+14 1.90241638e+15 
13 183.51 1.06582258e+15 2.38325173e+15 
14 184.30 1.41821038e+15 3.17121481e+15 
15 185.10 1.25655403e+15 2.80974022e+15 
16 185.89 2.25132430e+15 5.03411417e+15 
17 186.69 3.95139550e+15 8.83558894e+15 
18 187.49 5.97234084e+15 1.33545601e+16 
19 188.28 7.00575800e+15 1.56653511e+16 
20 189.08 1.02006256e+16 2.28092923e+16 
21 189.88 1.07917583e+16 2.41311051e+16 
22 190.67 1.40013078e+16 3.13078759e+16 
23 191.47 1.80968440e+16 4.04657733e+16 
24 192.27 3.55136958e+16 7.94110379e+16 
25 193.07 3.72764982e+16 8.33527839e+16 
26 193.86 5.48525356e+16 1.22653998e+17 
27 194.66 1.11393221e+17 2.49082815e+17 
28 195.46 1.23691235e+17 2.76582009e+17 
29 196.26 1.05689933e+17 2.36329876e+17 
30 197.05 1.04934099e+17 2.34639778e+17 
31 197.85 1.23317138e+17 2.75745504e+17 
32 198.65 1.26394346e+17 2.82626351e+17 
33 199.45 9.02314218e+16 2.01763593e+17 
34 200.25 7.01970580e+16 1.56965394e+17 
35 201.05 3.75548560e+16 8.39752109e+16 
36 201.85 1.98520326e+16 4.43904944e+16 
37 202.64 1.19812874e+16 2.67909730e+16 
38 203.44 8.66686088e+15 1.93796900e+16 
39 204.24 5.42256312e+15 1.21252197e+16 
40 205.04 2.41266117e+15 5.39487430e+15 
41 205.84 1.53530715e+15 3.43305102e+15 
42 206.64 7.08298426e+14 1.58380329e+15 
43 207.44 3.37204669e+14 7.54012408e+14 
44 208.24 1.51165551e+14 3.38016291e+14 
45 209.04 6.85456865e+13 1.53272648e+14 
46 209.84 3.20979738e+13 7.17729864e+13 
47 210.64 1.42959948e+13 3.19666311e+13 
48 211.44 6.57666700e+12 1.47057616e+13 
49 212.24 3.18441798e+12 7.12050497e+12 
50 213.05 1.40094097e+12 3.13255606e+12 
51 213.85 6.30165420e+11 1.40906605e+12 
52 214.65 3.07784449e+11 6.88210714e+11 
53 215.45 1.34335444e+11 3.00373035e+11 
54 216.25 6.34273032e+10 1.41821510e+11 
55 217.05 2.98351085e+10 6.67094711e+10 
56 217.85 1.36619648e+10 3.05467006e+10 
57 218.65 5.93842395e+09 1.32772458e+10 
58 219.46 2.93182002e+09 6.55483770e+09 
59 220.26 1.32530352e+09 2.96291587e+09 
60 221.06 6.03149972e+08 1.34833923e+09 
61 221.86 2.90545834e+08 6.49466224e+08 
62 222.66 1.33947444e+08 2.99381758e+08 
63 223.47 5.99968864e+07 1.34074926e+08 
64 224.27 2.85728748e+07 6.38399141e+07 
65 225.07 1.29023353e+07 2.88188242e+07 
66 225.87 5.87762843e+06 1.31231316e+07 
67 226.68 2.77725737e+06 6.19777707e+06 
68 227.48 1.29036062e+06 2.87747469e+06 
69 228.28 6.64681915e+05 1.48116365e+06 
70 229.09 3.61587610e+05 8.04963000e+05 
71 229.89 2.79916016e+05 6.22990475e+05 
72 230.69 2.50684808e+05 5.57649455e+05 
73 231.49 3.78814852e+05 8.43481102e+05 
74 232.30 6.97873463e+05 1.55533031e+06 
75 233.10 1.49570144e+06 3.33617618e+06 
76 233.91 3.55455727e+06 7.93407383e+06 
77 234.71 8.60271641e+06 1.92116889e+07 
78 235.51 2.24596524e+07 5.01778305e+07 
79 236.32 5.20329323e+07 1.16274196e+08 
80 237.12 1.41873962e+08 3.17106629e+08 
81 237.92 3.47550894e+08 7.76910333e+08 
82 238.73 8.47041207e+08 1.89361690e+09 
83 239.53 2.21765288e+09 4.95806169e+09 
84 240.34 5.80166409e+09 1.29715595e+10 
85 241.14 1.34743148e+10 3.01271519e+10 
86 241.94 3.31710648e+10 7.41687879e+10 
87 242.75 7.62554791e+10 1.70505744e+11 
88 243.55 1.62452511e+11 3.63243786e+11 
89 244.36 3.57547794e+11 7.99483446e+11 
90 245.16 7.84608731e+11 1.75441019e+12 
91 245.97 1.50454546e+12 3.36422195e+12 
92 246.77 2.85290763e+12 6.37923203e+12 
93 247.58 5.36254968e+12 1.19909320e+13 
94 248.38 8.51513016e+12 1.90402768e+13 
95 249.19 1.43606218e+13 3.21111416e+13 
96 249.99 2.32174318e+13 5.19155182e+13 
97 250.80 3.10333053e+13 6.93922898e+13 
98 251.60 4.13810232e+13 9.25304354e+13 
99 252.41 5.57405395e+13 1.24639225e+14 
100 253.21 6.34522717e+13 1.41883144e+14 
101 254.02 7.04602679e+13 1.57553539e+14 
102 254.83 8.52107205e+13 1.90536587e+14 
103 255.63 7.72273270e+13 1.72685159e+14 
104 256.44 6.55544017e+13 1.46583637e+14 
105 257.24 5.54039748e+13 1.23886654e+14 
106 258.05 4.64832991e+13 1.03939459e+14 
107 258.85 3.34708131e+13 7.48427107e+13 
108 259.66 2.25253094e+13 5.03678905e+13 
109 260.46 1.36283526e+13 3.04737522e+13 
110 261.27 7.96328356e+12 1.78063190e+13 
111 262.08 4.62018335e+12 1.03309598e+13 
112 262.88 2.36889697e+12 5.29695845e+12 
113 263.69 1.04654941e+12 2.34011897e+12 
114 264.50 5.84709720e+11 1.30742687e+12 
115 265.30 2.63765156e+11 5.89781625e+11 
116 266.11 1.18669651e+11 2.65344215e+11 
117 266.91 4.87226436e+10 1.08941908e+11 
118 267.72 1.96759628e+10 4.39938174e+10 
119 268.53 7.48071365e+09 1.67257840e+10 
120 269.33 2.69504536e+09 6.02542690e+09 
121 270.14 1.14136735e+09 2.55166468e+09 
122 270.95 4.42945077e+08 9.90171862e+08 
123 271.75 1.78313984e+08 3.98565941e+08 
124 272.56 6.43322138e+07 1.43765495e+08 
125 273.37 2.20544862e+07 4.92708781e+07 
126 274.17 7.67913349e+06 1.71473874e+07 
127 274.98 3.00589110e+06 6.70858874e+06 
128 275.79 1.13899614e+06 2.53961067e+06 
129 276.59 4.79054175e+05 1.06702181e+06 
130 277.40 1.95909015e+05 4.35602874e+05 
131 278.21 8.19461024e+04 1.81810485e+05 
132 279.01 3.31002715e+04 7.31638875e+04 
133 279.82 1.46290754e+04 3.22070384e+04 
134 280.63 5.99234884e+03 1.30911761e+04 
135 281.44 2.45121259e+03 5.29315622e+03 
136 282.24 1.21231150e+03 2.59061979e+03 
137 283.05 5.90927624e+02 1.24049439e+03 
138 283.86 2.83728731e+02 5.78312192e+02 
139 284.66 1.75022836e+02 3.52099717e+02 
140 285.47 9.05485392e+01 1.74673119e+02 
141 286.28 5.26722815e+01 9.69681846e+01 
142 287.09 3.38842251e+01 6.01156347e+01 
143 287.89 2.07916302e+01 3.43167486e+01 
144 288.70 1.35360044e+01 2.09267936e+01 
145 289.51 9.03207398e+00 1.25758958e+01 
146 290.32 6.82773037e+00 9.01826090e+00 
147 291.12 4.85693526e+00 5.64402423e+00 
148 291.93 3.75577640e+00 4.02002528e+00 
149 292.74 3.09077810e+00 3.11118255e+00 
150 293.55 2.41733231e+00 2.11767977e+00 
151 294.35 1.89976020e+00 1.34531360e+00 
152 295.16 1.67793260e+00 1.13871747e+00 
153 295.97 1.43505639e+00 8.49211138e-01 
154 296.78 1.23198035e+00 6.21946688e-01 
155 297.58 1.11713985e+00 5.22982140e-01 
156 298.39 9.97059567e-01 3.96910497e-01 
157 299.20 9.01810684e-01 2.99509682e-01 
158 300.01 8.30331230e-01 2.44822390e-01 
159 300.81 7.87224844e-01 2.16643572e-01 
160 301.62 7.12895998e-01 1.41216035e-01 
161 302.43 6.95327808e-01 1.47806566e-01 
162 303.24 6.59130453e-01 1.15313044e-01 
163 304.05 6.32293134e-01 9.23715811e-02 
164 304.85 6.04909529e-01 7.38228539e-02 
165 305.66 5.88432389e-01 6.23561127e-02 
166 306.47 5.76936226e-01 6.04653332e-02 
167 307.28 5.63878009e-01 5.73361159e-02 
168 308.08 5.55379996e-01 4.55965038e-02 
169 308.89 5.41065405e-01 3.61006752e-02 
170 309.70 5.35729676e-01 3.50359847e-02 
171 310.51 5.28999575e-01 3.46574124e-02 
172 311.32 5.20239496e-01 3.73260829e-02 
173 312.12 5.14695156e-01 3.39881740e-02 
174 312.93 5.22083688e-01 3.08151952e-02 
175 313.74 5.16702302e-01 3.35492241e-02 
176 314.55 5.18201665e-01 3.34509612e-02 
177 315.36 5.17134182e-01 3.35683544e-02 
178 316.16 5.24300349e-01 3.62778071e-02 
179 316.97 5.26390704e-01 3.91422735e-02 
180 317.78 5.40789837e-01 3.24274213e-02 
181 318.59 5.40455417e-01 3.31259313e-02 
182 319.39 5.50059942e-01 3.84118398e-02 
183 320.20 5.64080426e-01 3.98902743e-02 
184 321.01 5.77894903e-01 3.38355016e-02 
185 321.82 5.77912581e-01 4.95237277e-02 
186 322.63 6.02258694e-01 4.33308414e-02 
187 323.43 6.11294026e-01 5.42621569e-02 
188 324.24 6.27899618e-01 5.75310144e-02 
189 325.05 6.40368698e-01 5.84556146e-02 
190 325.86 6.64346175e-01 5.48437369e-02 
191 326.67 6.88663500e-01 5.03230317e-02 
192 327.48 7.08891201e-01 5.73590353e-02 
193 328.28 7.29081905e-01 6.68815741e-02 
194 329.09 7.56743178e-01 7.39684983e-02 
195 329.90 7.86964999e-01 7.09437712e-02 
196 330.71 8.29212189e-01 7.41690643e-02 
197 331.51 8.76047030e-01 9.60409675e-02 
198 332.32 9.73464933e-01 9.27927165e-02 
199 333.13 1.14793772e+00 1.05041442e-01 
200 333.94 1.45658273e+00 1.60231540e-01 
201 334.75 2.00502220e+00 2.14770686e-01 
202 335.56 2.80871550e+00 2.90169981e-01 
203 336.36 3.99742119e+00 4.03699122e-01 
204 337.17 5.95095143e+00 5.17956138e-01 
205 337.98 8.85678151e+00 6.28340264e-01 
206 338.79 1.23998274e+01 8.07824253e-01 
207 339.59 1.65050829e+01 8.84707084e-01 
208 340.40 2.03538474e+01 9.47461565e-01 
209 341.21 2.35480427e+01 9.76981982e-01 
210 342.02 2.72720774e+01 1.00625231e+00 
211 342.83 3.07872088e+01 1.04230016e+00 
212 343.64 3.19039927e+01 1.12359391e+00 
213 344.44 3.30576900e+01 1.00000733e+00 
214 345.25 3.68756817e+01 9.43359068e-01 
215 346.06 4.07127870e+01 1.01813586e+00 
216 346.87 4.32714258e+01 1.06116447e+00 
217 347.67 4.51131623e+01 1.05972098e+00 
218 348.48 4.67300372e+01 1.06188682e+00 
219 349.29 4.95022167e+01 9.83537228e-01 
220 350.10 5.43931332e+01 1.02057519e+00 
221 350.91 5.81270967e+01 1.10039113e+00 
222 351.71 5.85559874e+01 1.13001428e+00 
223 352.52 5.95195530e+01 1.03701479e+00 
224 353.33 6.46915842e+01 9.97434561e-01 
225 354.14 7.16766583e+01 1.11963099e+00 
226 354.94 7.51945256e+01 1.21590974e+00 
227 355.75 7.43258456e+01 1.21886600e+00 
228 356.56 7.02461623e+01 1.15772912e+00 
229 357.37 6.60131814e+01 1.08790479e+00 
230 358.18 6.48265458e+01 9.60962436e-01 
231 358.98 7.21394539e+01 8.86002633e-01 
232 359.79 8.38761372e+01 1.09924637e+00 
233 360.60 8.63253892e+01 1.22872534e+00 
234 361.41 8.48032912e+01 1.10930138e+00 
235 362.21 8.90854486e+01 1.09603668e+00 
236 363.02 9.46838012e+01 1.15731854e+00 
237 363.83 9.80701354e+01 1.17311869e+00 
238 364.64 1.02610758e+02 1.16356274e+00 
239 365.44 1.11690733e+02 1.16631350e+00 
240 366.25 1.20289265e+02 1.31923967e+00 
241 367.06 1.21959808e+02 1.39202593e+00 
242 367.87 1.20156772e+02 1.33869180e+00 
243 368.67 1.21529637e+02 1.25237779e+00 
244 369.48 1.26918450e+02 1.33351482e+00 
245 370.29 1.28687109e+02 1.45112558e+00 
246 371.10 1.27396214e+02 1.36694135e+00 
247 371.90 1.24457421e+02 1.37852650e+00 
248 372.71 1.17944435e+02 1.28433608e+00 
249 373.52 1.11289356e+02 1.15309505e+00 
250 374.33 1.10134073e+02 9.95251900e-01 
251 375.13 1.17409528e+02 9.42911927e-01 
252 375.94 1.28107706e+02 1.02221182e+00 
253 376.75 1.39399638e+02 1.03924637e+00 
254 377.55 1.52718277e+02 1.19106272e+00 
255 378.36 1.57684498e+02 1.42376311e+00 
256 379.17 1.50371341e+02 1.34386649e+00 
257 379.98 1.46345284e+02 1.18420446e+00 
258 380.78 1.46489559e+02 1.41472444e+00 
259 381.59 1.35111951e+02 1.53751355e+00 
260 382.40 1.15368007e+02 1.25815446e+00 
261 383.21 1.04992376e+02 7.97135675e-01 
262 384.01 1.12536871e+02 6.80010562e-01 
263 384.82 1.27769403e+02 8.99086781e-01 
264 385.63 1.35158834e+02 1.05649181e+00 
265 386.43 1.36632029e+02 1.11371208e+00 
266 387.24 1.37748709e+02 1.20551018e+00 
267 388.05 1.39924312e+02 1.12257309e+00 
268 388.85 1.47930095e+02 1.04708181e+00 
269 389.66 1.61772961e+02 1.15629074e+00 
270 390.47 1.73722180e+02 1.34078878e+00 
271 391.27 1.76014821e+02 1.71252705e+00 
272 392.08 1.59316821e+02 1.96393284e+00 
273 392.89 1.30279256e+02 1.38959297e+00 
274 393.69 1.20919603e+02 6.87090510e-01 
275 394.50 1.42798063e+02 9.60752705e-01 
276 395.31 1.62245446e+02 1.71435662e+00 
277 396.11 1.53869991e+02 1.64737087e+00 
278 396.92 1.44550235e+02 8.63755083e-01 
279 397.73 1.67925831e+02 9.00413966e-01 
280 398.53 2.08383713e+02 1.48204386e+00 
281 399.34 2.35774767e+02 1.96970721e+00 
282 400.15 2.49275397e+02 2.14081646e+00 
283 400.95 2.58369510e+02 2.23660270e+00 
284 401.76 2.65742364e+02 2.37934482e+00 
285 402.57 2.68420321e+02 2.46022519e+00 
286 403.37 2.67133009e+02 2.41075313e+00 
287 404.18 2.65858029e+02 2.38253272e+00 
288 404.98 2.64695262e+02 2.37556017e+00 
289 405.79 2.63410266e+02 2.33925391e+00 
290 406.60 2.63962929e+02 2.25949756e+00 
291 407.40 2.69876399e+02 2.27380962e+00 
292 408.21 2.79906270e+02 2.51729784e+00 
293 409.02 2.84626155e+02 2.81391381e+00 
294 409.82 2.81794375e+02 2.64674270e+00 
295 410.63 2.84072190e+02 2.47353307e+00 
296 411.44 2.95829123e+02 2.69823159e+00 
297 412.24 3.04964330e+02 2.87083506e+00 
298 413.05 3.06637706e+02 2.87792396e+00 
299 413.85 3.06664733e+02 2.94485144e+00 
300 414.66 3.07445370e+02 3.00666716e+00 
301 415.46 3.08879302e+02 3.04396079e+00 
302 416.27 3.09578166e+02 3.13504497e+00 
303 417.08 3.06502182e+02 3.03678737e+00 
304 417.88 3.01639571e+02 2.83811574e+00 
305 418.69 2.99564960e+02 2.75316597e+00 
306 419.49 3.00700985e+02 2.68143260e+00 
307 420.30 3.04856677e+02 2.72674645e+00 
308 421.11 3.08920093e+02 2.97792478e+00 
309 421.91 3.07528112e+02 2.96477917e+00 
310 422.72 3.02701882e+02 2.61162890e+00 
311 423.52 3.01987427e+02 2.42599398e+00 
312 424.33 3.05209811e+02 2.39098915e+00 
313 425.13 3.07400595e+02 2.31924649e+00 
314 425.94 3.07282458e+02 2.28368076e+00 
315 426.74 3.06246465e+02 2.20184350e+00 
316 427.55 3.04908004e+02 2.11214873e+00 
317 428.35 3.00463442e+02 2.21480448e+00 
318 429.16 2.88450452e+02 2.15766043e+00 
319 429.96 2.74471108e+02 1.56413079e+00 
320 430.77 2.77919452e+02 1.17492282e+00 
321 431.58 3.03773081e+02 1.43497949e+00 
322 432.38 3.33051560e+02 1.82971639e+00 
323 433.19 3.47531918e+02 1.87169328e+00 
324 433.99 3.53647875e+02 1.62199780e+00 
325 434.80 3.65139574e+02 1.53005140e+00 
326 435.60 3.82683535e+02 1.74333283e+00 
327 436.41 3.95237432e+02 2.08611194e+00 
328 437.21 3.94964311e+02 2.18042212e+00 
329 438.02 3.88369287e+02 1.96275792e+00 
330 438.82 3.87771648e+02 1.83629040e+00 
331 439.63 3.96924480e+02 1.89649310e+00 
332 440.43 4.12264788e+02 1.91167263e+00 
333 441.24 4.28511062e+02 1.94020688e+00 
334 442.04 4.43258468e+02 2.04154912e+00 
335 442.84 4.53567567e+02 2.07909315e+00 
336 443.65 4.59202535e+02 2.12972508e+00 
337 444.45 4.60829841e+02 2.23242681e+00 
338 445.26 4.59671539e+02 2.17537523e+00 
339 446.06 4.61819702e+02 2.06308592e+00 
340 446.87 4.70810358e+02 2.22059730e+00 
341 447.67 4.83641213e+02 2.39317950e+00 
342 448.48 4.94090624e+02 2.32400049e+00 
343 449.28 5.03511822e+02 2.16514599e+00 
344 450.09 5.13931373e+02 2.21301866e+00 
345 450.89 5.20490755e+02 2.45490393e+00 
346 451.69 5.16776914e+02 2.58454338e+00 
347 452.50 5.06805462e+02 2.46650459e+00 
348 453.30 5.00909235e+02 2.40833389e+00 
349 454.11 5.02677531e+02 2.48764626e+00 
350 454.91 5.10148683e+02 2.51348518e+00 
351 455.72 5.18671326e+02 2.56159937e+00 
352 456.52 5.25801167e+02 2.61217409e+00 
353 457.32 5.29196476e+02 2.56835638e+00 
354 458.13 5.28384864e+02 2.39056675e+00 
355 458.93 5.27311471e+02 2.24715098e+00 
356 459.74 5.30097265e+02 2.27212539e+00 
357 460.54 5.36807342e+02 2.47126201e+00 
358 461.34 5.44473684e+02 2.78870205e+00 
359 462.15 5.49813003e+02 3.07001976e+00 
360 462.95 5.50314274e+02 3.21632065e+00 
361 463.76 5.47000937e+02 3.12460838e+00 
362 464.56 5.43250707e+02 2.91467168e+00 
363 465.36 5.40511027e+02 2.71680324e+00 
364 466.17 5.39202403e+02 2.48480194e+00 
365 466.97 5.39894036e+02 2.32975318e+00 
366 467.77 5.42559819e+02 2.40606271e+00 
367 468.58 5.45881598e+02 2.64082960e+00 
368 469.38 5.46967968e+02 2.83287078e+00 
369 470.18 5.47515037e+02 2.83727979e+00 
370 470.99 5.52299236e+02 2.93407559e+00 
371 471.79 5.60199639e+02 3.14306105e+00 
372 472.59 5.67717197e+02 3.07993247e+00 
373 473.40 5.73098451e+02 2.85685006e+00 
374 474.20 5.76568072e+02 2.68842122e+00 
375 475.00 5.78875544e+02 2.50901554e+00 
376 475.81 5.80652702e+02 2.25087373e+00 
377 476.61 5.83779260e+02 2.11599177e+00 
378 477.41 5.89388053e+02 2.19018751e+00 
379 478.21 5.95203684e+02 2.38589140e+00 
380 479.02 5.99282292e+02 2.59720783e+00 
381 479.82 6.01477575e+02 2.80557952e+00 
382 480.62 6.03848979e+02 3.03900773e+00 
383 481.43 6.05136323e+02 3.17807461e+00 
384 482.23 6.04121671e+02 3.16156604e+00 
385 483.03 5.99837447e+02 3.01125515e+00 
386 483.84 5.90305263e+02 2.87626957e+00 
387 484.64 5.72106042e+02 2.69377897e+00 
388 485.44 5.49429907e+02 2.13639981e+00 
389 486.24 5.35224925e+02 1.58976117e+00 
390 487.05 5.36399561e+02 1.56451119e+00 
391 487.85 5.50763931e+02 1.85119551e+00 
392 488.65 5.69042461e+02 2.12473077e+00 
393 489.45 5.81909160e+02 2.48643363e+00 
394 490.26 5.86619253e+02 2.80736432e+00 
395 491.06 5.84979481e+02 2.74798068e+00 
396 491.86 5.80909317e+02 2.43724779e+00 
397 492.66 5.80028932e+02 2.23040992e+00 
398 493.46 5.85084315e+02 2.09583255e+00 
399 494.27 5.91908676e+02 2.00876893e+00 
400 495.07 5.96130691e+02 1.89550913e+00 
401 495.87 5.98146728e+02 1.82998705e+00 
402 496.67 5.96248510e+02 1.96240560e+00 
403 497.48 5.91888297e+02 2.09628079e+00 
404 498.28 5.87145035e+02 2.24551479e+00 
405 499.08 5.81453557e+02 2.45044598e+00 
406 499.88 5.75236342e+02 2.55538392e+00 
407 500.68 5.69907307e+02 2.42504774e+00 
408 501.48 5.66952193e+02 2.25010967e+00 
409 502.29 5.68377548e+02 2.15876307e+00 
410 503.09 5.72257933e+02 2.03534630e+00 
411 503.89 5.77487113e+02 1.88482846e+00 
412 504.69 5.83599488e+02 1.76193999e+00 
413 505.49 5.88561039e+02 1.73534419e+00 
414 506.29 5.90197162e+02 1.77742975e+00 
415 507.09 5.87966766e+02 1.80840117e+00 
416 507.90 5.84741896e+02 1.95131994e+00 
417 508.70 5.83247032e+02 2.17876670e+00 
418 509.50 5.83643352e+02 2.34472046e+00 
419 510.30 5.84811718e+02 2.41818465e+00 
420 511.10 5.84028467e+02 2.53169404e+00 
421 511.90 5.80527062e+02 2.53512400e+00 
422 512.70 5.74606883e+02 2.39062777e+00 
423 513.51 5.67810403e+02 2.15493837e+00 
424 514.31 5.62148980e+02 2.02235936e+00 
425 515.11 5.54132250e+02 1.99211345e+00 
426 515.91 5.40547900e+02 1.81912684e+00 
427 516.71 5.26087356e+02 1.50089504e+00 
428 517.51 5.17121135e+02 1.36212645e+00 
429 518.31 5.19292257e+02 1.43517229e+00 
430 519.11 5.31221781e+02 1.71221148e+00 
431 519.91 5.44248143e+02 2.03123203e+00 
432 520.71 5.54207215e+02 2.31229788e+00 
433 521.51 5.58639046e+02 2.45870430e+00 
434 522.32 5.60756083e+02 2.33046860e+00 
435 523.12 5.64462186e+02 2.20619471e+00 
436 523.92 5.68491303e+02 2.19869006e+00 
437 524.72 5.68943290e+02 2.23043107e+00 
438 525.52 5.62179389e+02 2.02041571e+00 
439 526.32 5.52596078e+02 1.62787531e+00 
440 527.12 5.49846181e+02 1.42265260e+00 
441 527.92 5.56357950e+02 1.48329099e+00 
442 528.72 5.68596857e+02 1.73533792e+00 
443 529.52 5.79897307e+02 2.07048869e+00 
444 530.32 5.85323233e+02 2.46060813e+00 
445 531.12 5.83850393e+02 2.79293400e+00 
446 531.92 5.78667774e+02 2.81046241e+00 
447 532.72 5.73564615e+02 2.62620491e+00 
448 533.52 5.72399298e+02 2.50002265e+00 
449 534.32 5.76266200e+02 2.50748195e+00 
450 535.12 5.80963142e+02 2.53209299e+00 
451 535.92 5.82195000e+02 2.38127884e+00 
452 536.72 5.80920360e+02 2.10158457e+00 
453 537.52 5.78416751e+02 1.88655412e+00 
454 538.32 5.74758937e+02 1.76785665e+00 
455 539.12 5.70046530e+02 1.64921137e+00 
456 539.92 5.65450473e+02 1.56519219e+00 
457 540.72 5.63392860e+02 1.65491369e+00 
458 541.52 5.64816985e+02 1.94093186e+00 
459 542.32 5.69132279e+02 2.25827153e+00 
460 543.12 5.73665981e+02 2.55727378e+00 
461 543.92 5.76976048e+02 2.81621619e+00 
462 544.72 5.79042946e+02 2.96714758e+00 
463 545.52 5.79059017e+02 2.93356836e+00 
464 546.31 5.76691255e+02 2.73753831e+00 
465 547.12 5.73584837e+02 2.48992184e+00 
466 547.91 5.71744824e+02 2.29861620e+00 
467 548.71 5.71258358e+02 2.18276668e+00 
468 549.51 5.71507005e+02 2.01727123e+00 
469 550.31 5.71183372e+02 1.81861610e+00 
470 551.11 5.70433888e+02 1.68563557e+00 
471 551.91 5.69904508e+02 1.67677814e+00 
472 552.71 5.69721030e+02 1.73080767e+00 
473 553.51 5.71099884e+02 1.87878484e+00 
474 554.31 5.72212280e+02 2.16493803e+00 
475 555.10 5.70945030e+02 2.48263042e+00 
476 555.90 5.67854307e+02 2.68411944e+00 
477 556.70 5.63520347e+02 2.80123214e+00 
478 557.50 5.57272120e+02 2.82147410e+00 
479 558.30 5.51608594e+02 2.65802560e+00 
480 559.10 5.50218967e+02 2.42908832e+00 
481 559.90 5.50586847e+02 2.28509855e+00 
482 560.70 5.52699355e+02 2.15741849e+00 
483 561.50 5.57653134e+02 2.00898006e+00 
484 562.29 5.61535906e+02 1.85158818e+00 
485 563.09 5.63154970e+02 1.70091735e+00 
486 563.89 5.64466817e+02 1.61762681e+00 
487 564.69 5.64637916e+02 1.59827882e+00 
488 565.49 5.63804010e+02 1.61093941e+00 
489 566.29 5.63511102e+02 1.67609228e+00 
490 567.08 5.66225749e+02 1.90076488e+00 
491 567.88 5.69581386e+02 2.29632670e+00 
492 568.68 5.70828475e+02 2.68176419e+00 
493 569.48 5.70253476e+02 3.04996980e+00 
494 570.27 5.68820489e+02 3.15014878e+00 
495 571.07 5.71017332e+02 2.99471855e+00 
496 571.87 5.78011952e+02 2.85970825e+00 
497 572.67 5.85800947e+02 2.76462293e+00 
498 573.47 5.90887567e+02 2.58561621e+00 
499 574.26 5.89704382e+02 2.31192957e+00 
500 575.06 5.85658044e+02 1.96645116e+00 
501 575.86 5.82123593e+02 1.72096555e+00 
502 576.66 5.78419173e+02 1.51376705e+00 
503 577.46 5.74960764e+02 1.36950695e+00 
504 578.25 5.71949319e+02 1.28169193e+00 
505 579.05 5.69830602e+02 1.25968983e+00 
506 579.85 5.69528063e+02 1.29132654e+00 
507 580.64 5.70517199e+02 1.39240677e+00 
508 581.44 5.71606630e+02 1.60762771e+00 
509 582.24 5.72016380e+02 1.87612071e+00 
510 583.04 5.71542047e+02 2.11052467e+00 
511 583.83 5.68812443e+02 2.30657627e+00 
512 584.63 5.64073044e+02 2.37740770e+00 
513 585.43 5.59493504e+02 2.31838645e+00 
514 586.23 5.56474870e+02 2.24703830e+00 
515 587.02 5.52807155e+02 2.24210502e+00 
516 587.82 5.45333436e+02 2.10191437e+00 
517 588.62 5.36028954e+02 1.76306216e+00 
518 589.41 5.30836040e+02 1.55206401e+00 
519 590.21 5.32608903e+02 1.42061114e+00 
520 591.01 5.39741450e+02 1.31300419e+00 
521 591.80 5.46352182e+02 1.20163358e+00 
522 592.60 5.48968777e+02 1.14821923e+00 
523 593.40 5.49070760e+02 1.23999564e+00 
524 594.19 5.48377608e+02 1.44805201e+00 
525 594.99 5.47948112e+02 1.74750569e+00 
526 595.79 5.48266481e+02 2.09541376e+00 
527 596.58 5.47985362e+02 2.47102835e+00 
528 597.38 5.47046138e+02 2.73225824e+00 
529 598.18 5.45229301e+02 2.91845354e+00 
530 598.97 5.43011687e+02 3.12055447e+00 
531 599.77 5.40975571e+02 3.23847893e+00 
532 600.56 5.38883092e+02 3.16449657e+00 
533 601.36 5.37144967e+02 2.92990404e+00 
534 602.16 5.37782874e+02 2.62897233e+00 
535 602.95 5.40462821e+02 2.34955955e+00 
536 603.75 5.43740486e+02 2.05611325e+00 
537 604.54 5.45476872e+02 1.70963419e+00 
538 605.34 5.45096494e+02 1.40095263e+00 
539 606.14 5.43688080e+02 1.20641141e+00 
540 606.93 5.41534383e+02 1.16466577e+00 
541 607.73 5.38733075e+02 1.19553514e+00 
542 608.52 5.35570197e+02 1.25845591e+00 
543 609.32 5.32553504e+02 1.34081756e+00 
544 610.12 5.30592532e+02 1.47800992e+00 
545 610.91 5.29581935e+02 1.74203006e+00 
546 611.71 5.27848687e+02 2.06271512e+00 
547 612.50 5.25629451e+02 2.34134333e+00 
548 613.30 5.23106511e+02 2.53501461e+00 
549 614.09 5.20870412e+02 2.69614782e+00 
550 614.89 5.17987076e+02 2.77027189e+00 
551 615.68 5.14769519e+02 2.65646088e+00 
552 616.48 5.13388662e+02 2.47210826e+00 
553 617.27 5.14679288e+02 2.29865029e+00 
554 618.07 5.18420506e+02 2.04739724e+00 
555 618.86 5.22451320e+02 1.69737365e+00 
556 619.66 5.24657767e+02 1.40016696e+00 
557 620.45 5.24519244e+02 1.16781697e+00 
558 621.25 5.22722600e+02 9.70805525e-01 
559 622.04 5.19254971e+02 8.53016695e-01 
560 622.84 5.15164374e+02 8.44645735e-01 
561 623.63 5.11212075e+02 9.10399232e-01 
562 624.43 5.07608903e+02 9.71931134e-01 
563 625.22 5.06284322e+02 1.06985370e+00 
564 626.02 5.06414872e+02 1.29169339e+00 
565 626.81 5.07488350e+02 1.71173782e+00 
566 627.61 5.07412863e+02 2.13086501e+00 
567 628.40 5.05728425e+02 2.39678541e+00 
568 629.19 5.03043633e+02 2.50639118e+00 
569 629.99 5.00284956e+02 2.49876212e+00 
570 630.78 4.97421701e+02 2.43545344e+00 
571 631.58 4.95824860e+02 2.34417191e+00 
572 632.37 4.94917209e+02 2.25139889e+00 
573 633.17 4.94308474e+02 2.08593965e+00 
574 633.96 4.93610885e+02 1.82177759e+00 
575 634.76 4.91977206e+02 1.54552815e+00 
576 635.55 4.90309446e+02 1.30498649e+00 
577 636.34 4.89422907e+02 1.11779840e+00 
578 637.14 4.89391772e+02 9.33852420e-01 
579 637.93 4.88759938e+02 8.42662257e-01 
580 638.73 4.85825078e+02 8.80406265e-01 
581 639.52 4.81473400e+02 8.68780634e-01 
582 640.31 4.76960554e+02 8.50158735e-01 
583 641.11 4.73800853e+02 8.16712134e-01 
584 641.90 4.72630733e+02 7.88931264e-01 
585 642.69 4.72282390e+02 8.50113358e-01 
586 643.49 4.71230468e+02 1.05323270e+00 
587 644.28 4.69603550e+02 1.39451160e+00 
588 645.07 4.67263603e+02 1.70774587e+00 
589 645.87 4.65547721e+02 1.95862183e+00 
590 646.66 4.64540484e+02 2.20379234e+00 
591 647.45 4.63544276e+02 2.43393224e+00 
592 648.25 4.60620478e+02 2.55274851e+00 
593 649.04 4.56161415e+02 2.50003243e+00 
594 649.83 4.53668094e+02 2.36781100e+00 
595 650.63 4.54641293e+02 2.30687357e+00 
596 651.42 4.56787069e+02 2.22254167e+00 
597 652.21 4.57097972e+02 2.01382252e+00 
598 653.00 4.55609227e+02 1.73466536e+00 
599 653.80 4.50987493e+02 1.51488785e+00 
600 654.59 4.39279628e+02 1.38550361e+00 
601 655.38 4.20634982e+02 9.83026941e-01 
602 656.17 4.06571785e+02 5.61935897e-01 
603 656.97 4.07907746e+02 6.54950620e-01 
604 657.76 4.21832794e+02 7.36324178e-01 
605 658.55 4.35195921e+02 9.28452853e-01 
606 659.34 4.41214481e+02 1.12321681e+00 
607 660.14 4.43620626e+02 1.39566916e+00 
608 660.93 4.45729607e+02 1.78162894e+00 
609 661.72 4.47253377e+02 2.22500723e+00 
610 662.51 4.47015679e+02 2.57852764e+00 
611 663.31 4.45764481e+02 2.80538404e+00 
612 664.10 4.45474903e+02 3.10100899e+00 
613 664.89 4.46098975e+02 3.37235365e+00 
614 665.68 4.46393164e+02 3.48207276e+00 
615 666.48 4.45663859e+02 3.43445655e+00 
616 667.27 4.44849852e+02 3.36000298e+00 
617 668.06 4.44960339e+02 3.18860951e+00 
618 668.85 4.45042435e+02 2.98515025e+00 
619 669.64 4.44147761e+02 2.70188296e+00 
620 670.43 4.41773100e+02 2.34596428e+00 
621 671.22 4.38935602e+02 1.95450020e+00 
622 672.02 4.37283533e+02 1.59315445e+00 
623 672.81 4.37430054e+02 1.26527788e+00 
624 673.60 4.37723934e+02 9.59327197e-01 
625 674.39 4.36993021e+02 7.20747792e-01 
626 675.18 4.35827883e+02 6.89778381e-01 
627 675.97 4.34972151e+02 8.02419702e-01 
628 676.76 4.34245049e+02 8.25658949e-01 
629 677.56 4.32999656e+02 7.88518778e-01 
630 678.35 4.31307931e+02 7.60671557e-01 
631 679.14 4.29707054e+02 8.73738696e-01 
632 679.93 4.28081621e+02 1.06966022e+00 
633 680.72 4.26748032e+02 1.32160282e+00 
634 681.51 4.25571887e+02 1.59211397e+00 
635 682.30 4.23982966e+02 1.87039437e+00 
636 683.09 4.20979890e+02 2.08390206e+00 
637 683.88 4.17042809e+02 2.18205676e+00 
638 684.67 4.12855995e+02 2.28303363e+00 
639 685.46 4.05018082e+02 2.64850633e+00 
640 686.26 3.89002397e+02 3.70273280e+00 
641 687.05 3.72467939e+02 4.97500560e+00 
642 687.84 3.67756622e+02 5.09176616e+00 
643 688.63 3.72532093e+02 4.20507874e+00 
644 689.42 3.77181769e+02 3.22704150e+00 
645 690.21 3.80375810e+02 2.37618350e+00 
646 691.00 3.83505222e+02 1.46679051e+00 
647 691.79 3.86563087e+02 6.77319390e-01 
648 692.58 3.89442726e+02 5.60520847e-01 
649 693.37 3.91581433e+02 7.79760653e-01 
650 694.16 3.92316289e+02 9.35448797e-01 
651 694.95 3.91656570e+02 1.03460105e+00 
652 695.74 3.90866100e+02 9.37214859e-01 
653 696.53 3.89242576e+02 6.85849154e-01 
654 697.32 3.86351419e+02 4.88536837e-01 
655 698.11 3.83861783e+02 5.68896403e-01 
656 698.90 3.82574307e+02 7.66559037e-01 
657 699.68 3.80608958e+02 1.03009620e+00 
658 700.47 3.77302751e+02 1.31490327e+00 
659 701.26 3.74257948e+02 1.65716637e+00 
660 702.05 3.72344085e+02 1.90999610e+00 
661 702.84 3.71875189e+02 2.10177144e+00 
662 703.63 3.72618428e+02 2.27173207e+00 
663 704.42 3.73785483e+02 2.47824471e+00 
664 705.21 3.73460886e+02 2.58246384e+00 
665 706.00 3.72075982e+02 2.55362390e+00 
666 706.79 3.70954847e+02 2.46950058e+00 
667 707.58 3.70387889e+02 2.37193638e+00 
668 708.37 3.69028801e+02 2.22743327e+00 
669 709.15 3.67658021e+02 2.00889106e+00 
670 709.94 3.67405573e+02 1.81853314e+00 
671 710.73 3.66704068e+02 1.62400561e+00 
672 711.52 3.64694406e+02 1.41023591e+00 
673 712.31 3.62791084e+02 1.22933094e+00 
674 713.10 3.62075436e+02 1.02982903e+00 
675 713.88 3.61711766e+02 8.44625428e-01 
676 714.67 3.60565721e+02 7.48665553e-01 
677 715.46 3.58551256e+02 7.82691534e-01 
678 716.25 3.56334950e+02 1.09726702e+00 
679 717.04 3.53633462e+02 1.92496066e+00 
680 717.83 3.48924739e+02 2.96033941e+00 
681 718.61 3.43402469e+02 3.70985829e+00 
682 719.40 3.40970970e+02 3.91534284e+00 
683 720.19 3.41644346e+02 3.58038961e+00 
684 720.98 3.43825079e+02 2.89665989e+00 
685 721.76 3.46065786e+02 2.40795129e+00 
686 722.55 3.46129560e+02 2.66198698e+00 
687 723.34 3.45142111e+02 3.29132352e+00 
688 724.13 3.44398951e+02 3.73746913e+00 
689 724.91 3.44183334e+02 3.74917556e+00 
690 725.70 3.43691312e+02 3.59923460e+00 
691 726.49 3.42856436e+02 3.47983267e+00 
692 727.28 3.41299885e+02 3.32216781e+00 
693 728.06 3.38503453e+02 3.03428489e+00 
694 728.85 3.35892280e+02 2.71123966e+00 
695 729.64 3.36495287e+02 2.45871125e+00 
696 730.42 3.37996241e+02 2.24790197e+00 
697 731.21 3.38002370e+02 1.90838070e+00 
698 732.00 3.37799425e+02 1.55349246e+00 
699 732.78 3.37288201e+02 1.30971373e+00 
700 733.57 3.37461666e+02 1.11317516e+00 
701 734.36 3.36881769e+02 1.02895720e+00 
702 735.15 3.34592816e+02 1.02561682e+00 
703 735.93 3.32094662e+02 1.09280877e+00 
704 736.72 3.30638962e+02 1.17558605e+00 
705 737.51 3.29154861e+02 1.09437512e+00 
706 738.29 3.25678188e+02 9.71750546e-01 
707 739.08 3.22251784e+02 9.04930812e-01 
708 739.86 3.20745939e+02 7.22938803e-01 
709 740.65 3.18448394e+02 4.37643088e-01 
710 741.44 3.16196602e+02 4.30217408e-01 
711 742.22 3.16522963e+02 6.25223414e-01 
712 743.01 3.18048824e+02 7.71498073e-01 
713 743.79 3.17676896e+02 9.62475084e-01 
714 744.58 3.15629778e+02 1.15968447e+00 
715 745.37 3.15075758e+02 1.37986514e+00 
716 746.15 3.14887172e+02 1.57405174e+00 
717 746.94 3.14372932e+02 1.71871349e+00 
718 747.72 3.13046229e+02 1.79042618e+00 
719 748.51 3.10503541e+02 1.80442756e+00 
720 749.29 3.07850652e+02 1.81082307e+00 
721 750.08 3.06094161e+02 1.76012404e+00 
722 750.86 3.04744102e+02 1.73004922e+00 
723 751.65 3.03623730e+02 1.68223787e+00 
724 752.43 3.02873578e+02 1.60873067e+00 
725 753.22 3.02877278e+02 1.51305786e+00 
726 754.00 3.03377297e+02 1.41771290e+00 
727 754.79 3.01893686e+02 1.30160842e+00 
728 755.57 2.99515138e+02 1.07883092e+00 
729 756.36 2.97827252e+02 9.61685359e-01 
730 757.14 2.96368314e+02 9.20106575e-01 
731 757.93 2.91406607e+02 7.45657864e-01 
732 758.71 2.69674967e+02 2.72081121e+00 
733 759.49 2.16134457e+02 8.51064843e+00 
734 760.28 1.63244364e+02 1.41092132e+01 
735 761.06 1.61207421e+02 1.42681276e+01 
736 761.85 1.86023827e+02 1.14667718e+01 
737 762.63 1.98059981e+02 1.03743646e+01 
738 763.41 2.01421770e+02 9.76019538e+00 
739 764.20 2.10977418e+02 8.42178437e+00 
740 764.98 2.24832755e+02 6.58146877e+00 
741 765.77 2.37704700e+02 4.61223910e+00 
742 766.55 2.49922910e+02 3.07237969e+00 
743 767.33 2.61835913e+02 2.21219521e+00 
744 768.12 2.70018904e+02 1.95547456e+00 
745 768.90 2.73708582e+02 1.97691718e+00 
746 769.68 2.74934595e+02 2.01309249e+00 
747 770.47 2.75238919e+02 1.92094777e+00 
748 771.25 2.74346583e+02 1.91685352e+00 
749 772.03 2.73811439e+02 1.99026577e+00 
750 772.82 2.74663837e+02 2.09129909e+00 
751 773.60 2.74706507e+02 2.16232248e+00 
752 774.38 2.72723327e+02 2.20943414e+00 
753 775.17 2.71729072e+02 2.06349743e+00 
754 775.95 2.72318083e+02 1.89149415e+00 
755 776.73 2.71732973e+02 1.76720227e+00 
756 777.51 2.69955939e+02 1.65851835e+00 
757 778.30 2.68892088e+02 1.56031147e+00 
758 779.08 2.67763549e+02 1.44530789e+00 
759 779.86 2.66313388e+02 1.32902335e+00 
760 780.64 2.65701874e+02 1.26793591e+00 
761 781.43 2.66436550e+02 1.16999028e+00 
762 782.21 2.66373352e+02 1.03911112e+00 
763 782.99 2.63713951e+02 8.87624471e-01 
764 783.77 2.61829062e+02 8.08050097e-01 
765 784.55 2.61320196e+02 7.64277416e-01 
766 785.34 2.61233964e+02 5.85291938e-01 
767 786.12 2.61288850e+02 3.93707308e-01 
768 786.90 2.60535930e+02 3.66391485e-01 
769 787.68 2.58642899e+02 4.13371409e-01 
770 788.46 2.56891492e+02 5.13112470e-01 
771 789.24 2.55878401e+02 6.52553429e-01 
772 790.03 2.54900109e+02 8.35852949e-01 
773 790.81 2.52904513e+02 1.02693053e+00 
774 791.59 2.49538186e+02 1.20040809e+00 
775 792.37 2.46094486e+02 1.21684726e+00 
776 793.15 2.43443749e+02 1.14774922e+00 
777 793.93 2.42227494e+02 1.19413314e+00 
778 794.71 2.42924628e+02 1.32289551e+00 
779 795.49 2.43949416e+02 1.44737522e+00 
780 796.27 2.44039356e+02 1.48988002e+00 
781 797.05 2.44433389e+02 1.50154871e+00 
782 797.83 2.44488045e+02 1.53687193e+00 
783 798.62 2.43039360e+02 1.54874031e+00 
784 799.40 2.40852381e+02 1.54137860e+00 
785 800.18 2.38781314e+02 1.49216383e+00 
786 800.96 2.37670700e+02 1.43239086e+00 
787 801.74 2.37730793e+02 1.39910769e+00 
788 802.52 2.37644541e+02 1.38331643e+00 
789 803.30 2.36693193e+02 1.33234545e+00 
790 804.08 2.34183819e+02 1.27731138e+00 
791 804.86 2.31106634e+02 1.27813499e+00 
792 805.64 2.29915559e+02 1.21011974e+00 
793 806.41 2.30787580e+02 1.14239836e+00 
794 807.20 2.31339533e+02 1.10202890e+00 
795 807.97 2.29208339e+02 1.16423198e+00 
796 808.75 2.25202977e+02 1.24281125e+00 
797 809.53 2.22496632e+02 1.21396291e+00 
798 810.31 2.22921114e+02 1.13933411e+00 
799 811.09 2.24631615e+02 9.98139723e-01 
800 811.87 2.24803584e+02 8.37824858e-01 
801 812.65 2.23025197e+02 8.10182541e-01 
802 813.43 2.20199200e+02 1.00162147e+00 
803 814.21 2.17067816e+02 1.28001414e+00 
804 814.99 2.15187903e+02 1.66260679e+00 
805 815.76 2.14157308e+02 2.07576835e+00 
806 816.54 2.13266467e+02 2.29339486e+00 
807 817.32 2.11235818e+02 2.31132749e+00 
808 818.10 2.07939287e+02 2.21241104e+00 
809 818.88 2.05083814e+02 2.00752572e+00 
810 819.66 2.03670751e+02 1.65354939e+00 
811 820.43 2.04587060e+02 1.33318392e+00 
812 821.21 2.06336214e+02 1.35115737e+00 
813 821.99 2.05371206e+02 1.77965315e+00 
814 822.77 2.02524705e+02 2.21809248e+00 
815 823.55 2.01179767e+02 2.15690418e+00 
816 824.32 2.01439342e+02 1.73332597e+00 
817 825.10 2.03234688e+02 1.47643289e+00 
818 825.88 2.05082681e+02 1.45013964e+00 
819 826.66 2.04632865e+02 1.51439853e+00 
820 827.43 2.02458185e+02 1.60681355e+00 
821 828.21 1.99692964e+02 1.64601563e+00 
822 828.99 1.98014746e+02 1.61993037e+00 
823 829.76 1.98224769e+02 1.56100696e+00 
824 830.54 1.99139365e+02 1.49113559e+00 
825 831.32 1.98398885e+02 1.42347786e+00 
826 832.10 1.95960215e+02 1.36194526e+00 
827 832.87 1.92471779e+02 1.29174047e+00 
828 833.65 1.90661583e+02 1.23987560e+00 
829 834.42 1.91979896e+02 1.20472362e+00 
830 835.20 1.94961718e+02 1.18354931e+00 
831 835.98 1.96263296e+02 1.10005932e+00 
832 836.75 1.95001835e+02 1.01563919e+00 
833 837.53 1.91751315e+02 8.81012383e-01 
834 838.30 1.89301705e+02 7.29482722e-01 
835 839.08 1.89059710e+02 5.48751551e-01 
836 839.86 1.90246092e+02 3.99424700e-01 
837 840.63 1.90394177e+02 2.83666894e-01 
838 841.41 1.88400714e+02 2.78113714e-01 
839 842.18 1.84892341e+02 2.98652371e-01 
840 842.96 1.81522453e+02 3.08838074e-01 
841 843.74 1.80159894e+02 2.90470495e-01 
842 844.51 1.81053348e+02 2.73736005e-01 
843 845.28 1.82392012e+02 3.32714066e-01 
844 846.06 1.82820657e+02 3.83145929e-01 
845 846.84 1.80931857e+02 4.95906273e-01 
846 847.61 1.77163458e+02 5.82613208e-01 
847 848.38 1.73321322e+02 6.20862129e-01 
848 849.16 1.71488995e+02 6.55281986e-01 
849 849.93 1.71216470e+02 6.57657495e-01 
850 850.71 1.71938498e+02 6.58364588e-01 
851 851.48 1.71191002e+02 7.03512516e-01 
852 852.26 1.67714272e+02 7.81617936e-01 
853 853.03 1.62619296e+02 8.14947547e-01 
854 853.81 1.58321150e+02 8.71039283e-01 
855 854.58 1.57799275e+02 8.38478116e-01 
856 855.35 1.61401274e+02 7.88090662e-01 
857 856.13 1.66308116e+02 8.29123212e-01 
858 856.90 1.68672802e+02 8.92395650e-01 
859 857.68 1.67866158e+02 9.62245940e-01 
860 858.45 1.65798333e+02 9.94024265e-01 
861 859.22 1.64088366e+02 9.87155949e-01 
862 860.00 1.64257871e+02 9.91734260e-01 
863 860.77 1.65719418e+02 1.01023069e+00 
864 861.54 1.66220677e+02 1.03220694e+00 
865 862.32 1.65066481e+02 1.06351490e+00 
866 863.09 1.62549136e+02 1.02519050e+00 
867 863.86 1.58272385e+02 9.85544318e-01 
868 864.63 1.54508206e+02 9.26716791e-01 
869 865.41 1.51672377e+02 8.63724511e-01 
870 866.18 1.50410651e+02 7.42972799e-01 
871 866.95 1.50624663e+02 6.40119428e-01 
872 867.73 1.51452589e+02 5.40871756e-01 
873 868.50 1.51664487e+02 4.33948308e-01 
874 869.27 1.51263233e+02 3.69823696e-01 
875 870.04 1.51247783e+02 3.23995412e-01 
876 870.81 1.52353356e+02 2.77554725e-01 
877 871.59 1.53121541e+02 2.39062146e-01 
878 872.36 1.53369872e+02 2.34426517e-01 
879 873.13 1.52197585e+02 2.62056955e-01 
880 873.90 1.49645157e+02 3.29984334e-01 
881 874.67 1.46580940e+02 3.54634600e-01 
882 875.44 1.44923434e+02 3.12019671e-01 
883 876.22 1.45371994e+02 2.61607297e-01 
884 876.99 1.46401296e+02 2.35617702e-01 
885 877.76 1.47078492e+02 2.52812866e-01 
886 878.53 1.46292943e+02 3.39188991e-01 
887 879.30 1.43840485e+02 4.32803092e-01 
888 880.07 1.41024409e+02 4.76866670e-01 
889 880.84 1.39471781e+02 4.59286739e-01 
890 881.61 1.39751901e+02 4.47297161e-01 
891 882.38 1.46368196e+02 5.16316722e-01 
892 883.15 1.48022441e+02 4.93532362e-01 
893 883.92 1.47870879e+02 5.75483646e-01 
894 884.69 1.45907809e+02 6.53363384e-01 
895 885.46 1.43342339e+02 6.60840994e-01 
896 886.24 1.41091290e+02 6.30562188e-01 
897 887.01 1.40259146e+02 6.41309981e-01 
898 887.77 1.40820168e+02 6.40765858e-01 
899 888.55 1.42256316e+02 6.57736418e-01 
900 889.31 1.43495475e+02 7.76251742e-01 
901 890.08 1.42743442e+02 8.62986889e-01 
902 890.85 1.40408566e+02 9.01155474e-01 
903 891.62 1.37892964e+02 9.19363724e-01 
904 892.39 1.36069944e+02 9.25618302e-01 
905 893.16 1.36231266e+02 1.09730095e+00 
906 893.93 1.37531068e+02 1.32145887e+00 
907 894.70 1.38503082e+02 1.55790373e+00 
908 895.47 1.38114088e+02 1.83856040e+00 
909 896.24 1.36426936e+02 2.06362770e+00 
910 897.01 1.34182431e+02 2.32497764e+00 
911 897.77 1.32537992e+02 2.56673979e+00 
912 898.54 1.32140391e+02 2.75171654e+00 
913 899.31 1.32255075e+02 2.85882074e+00 
914 900.08 1.31757906e+02 2.77312605e+00 
915 900.85 1.30595979e+02 2.58300255e+00 
916 901.62 1.28408855e+02 2.25636645e+00 
917 902.38 1.26034873e+02 1.87386162e+00 
918 903.15 1.24477028e+02 1.55472264e+00 
919 903.92 1.23878902e+02 1.29084045e+00 
920 904.69 1.23923536e+02 1.13807814e+00 
921 905.46 1.24225835e+02 1.00430057e+00 
922 906.22 1.24359558e+02 1.08044924e+00 
923 906.99 1.23359851e+02 1.41517539e+00 
924 907.76 1.21803983e+02 1.22501921e+00 
925 908.52 1.19696958e+02 1.27543440e+00 
926 909.29 1.18075199e+02 1.32325919e+00 
927 910.06 1.17418365e+02 1.32531219e+00 
928 910.83 1.17476435e+02 1.34140059e+00 
929 911.59 1.17881720e+02 1.38069308e+00 
930 912.36 1.17985298e+02 1.40935998e+00 
931 913.13 1.17392718e+02 1.45575914e+00 
932 913.89 1.15934671e+02 1.80874256e+00 
933 914.66 1.14250194e+02 1.79811379e+00 
934 915.43 1.12944720e+02 1.52293491e+00 
935 916.19 1.11871416e+02 1.69548685e+00 
936 916.96 1.11642443e+02 1.41459165e+00 
937 917.72 1.11582093e+02 1.35854524e+00 
938 918.49 1.11246816e+02 1.29380236e+00 
939 919.26 1.10320726e+02 1.18645408e+00 
940 920.02 1.08732244e+02 1.08339620e+00 
941 920.79 1.06804251e+02 1.02833352e+00 
942 921.55 1.04922919e+02 1.00178428e+00 
943 922.32 1.03642965e+02 9.82545856e-01 
944 923.08 1.02996793e+02 9.88796484e-01 
945 923.85 1.02787866e+02 1.02811878e+00 
946 924.61 1.02637252e+02 1.08776214e+00 
947 925.38 1.02215084e+02 1.19078079e+00 
948 926.14 1.01410339e+02 1.31627630e+00 
949 926.91 1.00367166e+02 1.81148863e+00 
950 927.67 9.89358607e+01 1.74777925e+00 
951 928.44 9.79889737e+01 2.07951381e+00 
952 929.20 9.74666954e+01 2.50790012e+00 
953 929.97 9.71795636e+01 2.99008337e+00 
954 930.73 9.66619595e+01 3.50903157e+00 
955 931.50 9.56812435e+01 3.99691579e+00 
956 932.26 9.41014221e+01 4.41314762e+00 
957 933.02 9.21895034e+01 4.70759061e+00 
958 933.79 9.02601032e+01 4.88672956e+00 
959 934.55 8.87494831e+01 4.91471661e+00 
960 935.32 8.78183087e+01 4.86554136e+00 
961 936.08 8.72383424e+01 4.71015914e+00 
962 936.84 8.68456103e+01 4.49689326e+00 
963 937.61 8.62337636e+01 4.19155179e+00 
964 938.37 8.51382130e+01 3.82584271e+00 
965 939.13 8.36428642e+01 3.45916632e+00 
966 939.89 8.20777306e+01 3.15815545e+00 
967 940.66 8.06284175e+01 2.93733943e+00 
968 941.42 7.97627449e+01 2.85686174e+00 
969 942.18 7.92458859e+01 2.84766801e+00 
970 942.95 7.89764588e+01 2.93619080e+00 
971 943.71 7.87621798e+01 3.04068904e+00 
972 944.47 7.83254394e+01 3.12818447e+00 
973 945.23 7.76225962e+01 3.15051423e+00 
974 946.00 7.69085587e+01 3.13493198e+00 
975 946.76 7.64051462e+01 3.11024090e+00 
976 947.52 7.61237872e+01 3.07862915e+00 
977 948.28 7.61545571e+01 3.04336071e+00 
978 949.05 7.62499630e+01 2.98652466e+00 
979 949.81 7.61438554e+01 2.94164151e+00 
980 950.57 7.56460007e+01 2.87698684e+00 
981 951.33 7.47524320e+01 2.79514439e+00 
982 952.09 7.36005507e+01 2.73005124e+00 
983 952.85 7.25411041e+01 2.65782658e+00 
984 953.61 7.18692920e+01 2.59966172e+00 
985 954.38 7.16926685e+01 2.59520329e+00 
986 955.14 7.16522844e+01 2.56136813e+00 
987 955.90 7.16441992e+01 2.54993162e+00 
988 956.66 7.14401684e+01 2.50700345e+00 
989 957.42 7.10279281e+01 2.45984520e+00 
990 958.18 7.03776262e+01 2.40252167e+00 
991 958.94 6.96942617e+01 2.34567036e+00 
992 959.70 6.92100345e+01 2.28650399e+00 
993 960.46 6.89326193e+01 2.22325006e+00 
994 961.22 6.87747984e+01 2.14757526e+00 
995 961.98 6.85792377e+01 2.07284989e+00 
996 962.74 6.81165136e+01 1.97370255e+00 
997 963.50 6.73589585e+01 1.85685318e+00 
998 964.26 6.64111609e+01 1.73248805e+00 
999 965.02 6.54702501e+01 1.61716368e+00 
1000 965.78 6.49638710e+01 1.84250323e+00 
1001 966.54 6.46588389e+01 1.72152520e+00 
1002 967.30 6.44299032e+01 1.56833748e+00 
1003 968.06 6.42201030e+01 1.46329030e+00 
1004 968.82 6.36123170e+01 1.34301278e+00 
1005 969.58 6.27853406e+01 1.25834762e+00 
1006 970.34 6.18751651e+01 1.15580942e+00 
1007 971.10 6.11814923e+01 1.09145844e+00 
1008 971.86 6.07860042e+01 1.04262939e+00 
1009 972.62 6.04951546e+01 9.98509202e-01 
1010 973.38 6.00881219e+01 9.59419537e-01 
1011 974.14 5.94299514e+01 9.28824751e-01 
1012 974.89 5.86732751e+01 9.08912611e-01 
1013 975.65 5.77954844e+01 8.33461329e-01 
1014 976.41 5.70959025e+01 7.99972791e-01 
1015 977.17 5.67533456e+01 7.23556276e-01 
1016 977.93 5.64107460e+01 6.56474139e-01 
1017 978.69 5.59681568e+01 6.25718881e-01 
1018 979.45 5.53281336e+01 5.95781877e-01 
1019 980.20 5.46376000e+01 5.80437675e-01 
1020 980.96 5.39982922e+01 5.32953851e-01 
1021 981.72 5.36393587e+01 4.98550646e-01 
1022 982.48 5.33813197e+01 4.79316800e-01 
1023 983.24 5.28530087e+01 4.83625242e-01 
1024 983.99 5.20578423e+01 4.56559022e-01 
1025 984.75 5.12712353e+01 4.34491863e-01 
1026 985.51 5.08174742e+01 4.14735256e-01 
1027 986.26 5.05389801e+01 3.92752095e-01 
1028 987.02 5.00242339e+01 3.88520241e-01 
1029 987.78 4.91661897e+01 3.87209463e-01 
1030 988.54 4.83204902e+01 3.73636475e-01 
1031 989.29 4.78086699e+01 3.53352487e-01 
1032 990.05 4.74802134e+01 3.64274281e-01 
1033 990.81 4.67524387e+01 3.70453808e-01 
1034 991.56 4.58040159e+01 3.92493279e-01 
1035 992.32 4.51158033e+01 3.89414220e-01 
1036 993.08 4.45048488e+01 3.58250604e-01 
1037 993.83 4.35680505e+01 3.44961901e-01 
1038 994.59 4.07805450e+01 1.60714406e-01 
1039 995.35 4.00175020e+01 1.64833937e-01 
1040 996.10 2.57431854e+00 2.40204284e-02 
1041 996.86 1.43481339e-01 3.62134621e-02 
1042 997.62 7.99238352e-02 1.55858535e-02 
1043 998.37 7.18083230e-02 1.54895561e-02 
