% C0 (TOA Count Rate, /ms) for 4STAR NIR spectrometer (512 channels) derived from 20160109-20160113 and recorded on 2016-01-28 15:28:16.
% Refined Langley processed excluding "bump" region at ~2.5 airmass for each of the days (20160109-20160113)
Pix Wavelength C0 C0err
511 949.79 4.99944340e+00 1.51971524e-01 
510 949.79 5.17628133e+00 1.45876295e-01 
509 951.68 5.56092922e+00 1.43574953e-01 
508 953.57 5.62757068e+00 1.40625020e-01 
507 955.46 6.10604538e+00 1.40462806e-01 
506 957.34 6.22344108e+00 1.33756666e-01 
505 959.22 6.72153147e+00 1.29439564e-01 
504 961.10 6.82548998e+00 1.20029101e-01 
503 962.98 7.28781226e+00 1.05582227e-01 
502 964.85 7.30685739e+00 9.40078624e-02 
501 966.72 7.84492503e+00 8.00780677e-02 
500 968.59 7.89632465e+00 6.94025756e-02 
499 970.45 8.30923889e+00 6.54935540e-02 
498 972.32 8.25990451e+00 6.65410458e-02 
497 974.18 8.60099529e+00 7.13146684e-02 
496 976.04 8.51948799e+00 6.61074922e-02 
495 977.89 8.87150070e+00 5.83485441e-02 
494 979.74 8.79332103e+00 5.09793017e-02 
493 981.59 9.07854954e+00 4.59932928e-02 
492 983.44 8.97729234e+00 3.11124098e-02 
491 985.29 9.22397830e+00 2.85395957e-02 
490 987.13 9.01969293e+00 2.43340652e-02 
489 988.97 9.26272767e+00 2.76702800e-02 
488 990.81 9.06122839e+00 2.32276348e-02 
487 992.65 9.23231082e+00 2.40876318e-02 
486 994.48 9.04653947e+00 2.30746457e-02 
485 996.31 9.19021719e+00 1.93052894e-02 
484 998.14 8.94988700e+00 2.14450434e-02 
483 999.97 9.08927590e+00 1.16246476e-02 
482 1001.79 8.81047224e+00 1.12460529e-02 
481 1003.62 8.88861029e+00 1.80383659e-02 
480 1005.44 8.68091710e+00 1.58177365e-02 
479 1007.25 8.92768331e+00 2.95288088e-02 
478 1009.07 8.75349140e+00 2.50438635e-02 
477 1010.88 8.91153276e+00 2.46923636e-02 
476 1012.69 8.66551637e+00 2.37094272e-02 
475 1014.50 8.77462275e+00 2.60459810e-02 
474 1016.31 8.57513119e+00 3.11406071e-02 
473 1018.11 8.70489487e+00 3.64009996e-02 
472 1019.91 8.47138233e+00 2.81632759e-02 
471 1021.71 8.61676319e+00 3.17971148e-02 
470 1023.51 8.38845021e+00 2.49233421e-02 
469 1025.30 8.54837858e+00 2.10430291e-02 
468 1027.09 8.44234660e+00 1.56448061e-02 
467 1028.88 8.59465562e+00 1.88040460e-02 
466 1030.67 8.44746903e+00 1.95154198e-02 
465 1032.46 8.60976986e+00 2.27576319e-02 
464 1034.24 8.47622667e+00 2.55734090e-02 
463 1036.02 8.64795456e+00 2.16626947e-02 
462 1037.80 8.53453135e+00 1.41995093e-02 
461 1039.58 8.73186654e+00 1.18868744e-02 
460 1041.35 8.60816225e+00 1.01722567e-02 
459 1043.12 8.77482689e+00 1.30119241e-02 
458 1044.89 8.68623855e+00 1.21319331e-02 
457 1046.66 8.90261392e+00 9.28743500e-03 
456 1048.43 8.83213023e+00 1.20108316e-02 
455 1050.19 9.05910216e+00 1.60132566e-02 
454 1051.95 8.93642743e+00 1.48065265e-02 
453 1053.71 9.20314367e+00 1.68501924e-02 
452 1055.47 9.04227531e+00 1.39841477e-02 
451 1057.23 9.16698357e+00 2.30800550e-02 
450 1058.98 9.03478192e+00 2.33936665e-02 
449 1060.73 9.22770462e+00 2.31233906e-02 
448 1062.48 9.05493885e+00 2.43624191e-02 
447 1064.23 9.18565737e+00 3.23857914e-02 
446 1065.97 8.92354184e+00 2.26606020e-02 
445 1067.71 8.97606193e+00 2.39658636e-02 
444 1069.46 8.74959208e+00 2.36524258e-02 
443 1071.19 8.85139798e+00 2.97181408e-02 
442 1072.93 8.68963200e+00 2.88520153e-02 
441 1074.67 8.77065585e+00 3.87344112e-02 
440 1076.40 8.57595523e+00 4.04283247e-02 
439 1078.13 8.62108611e+00 3.78014434e-02 
438 1079.86 8.37797470e+00 4.13908269e-02 
437 1081.58 8.45345704e+00 3.50375230e-02 
436 1083.31 8.35356759e+00 3.41416680e-02 
435 1085.03 8.53607765e+00 2.95062091e-02 
434 1086.75 8.46249275e+00 2.92794518e-02 
433 1088.47 8.59023392e+00 3.00814346e-02 
432 1090.19 8.47762780e+00 3.22891143e-02 
431 1091.90 8.57999567e+00 2.77817514e-02 
430 1093.61 8.43405903e+00 3.22148245e-02 
429 1095.33 8.65289232e+00 3.75801128e-02 
428 1097.03 8.68456256e+00 4.23700321e-02 
427 1098.74 8.94071499e+00 4.31734737e-02 
426 1100.45 8.95983864e+00 4.83865370e-02 
425 1102.15 9.25300123e+00 6.55304190e-02 
424 1103.85 9.24461915e+00 6.90940993e-02 
423 1105.55 9.47085885e+00 7.01593044e-02 
422 1107.25 9.36777402e+00 9.01042513e-02 
421 1108.94 9.45874424e+00 1.28595008e-01 
420 1110.64 9.19144555e+00 1.58119893e-01 
419 1112.33 9.08481657e+00 2.11607836e-01 
418 1114.02 8.60646557e+00 2.74030156e-01 
417 1115.70 8.49839061e+00 3.14262763e-01 
416 1117.39 8.20661494e+00 3.38234989e-01 
415 1119.07 8.10902902e+00 3.64298409e-01 
414 1120.76 7.87976461e+00 3.82836006e-01 
413 1122.44 7.83847902e+00 4.14632178e-01 
412 1124.12 7.79136616e+00 4.18253763e-01 
411 1125.79 8.08006844e+00 4.03569529e-01 
410 1127.47 8.31014319e+00 3.78509468e-01 
409 1129.14 8.71807031e+00 3.36661108e-01 
408 1130.81 8.20837534e+00 3.63077411e-01 
407 1132.48 7.98625890e+00 3.84286879e-01 
406 1134.15 7.83345238e+00 3.74142579e-01 
405 1135.81 8.24604392e+00 3.23223137e-01 
404 1137.48 8.91451984e+00 2.30519477e-01 
403 1139.14 9.24392045e+00 2.07263492e-01 
402 1140.80 8.97924564e+00 2.31796447e-01 
401 1142.46 8.85395332e+00 2.69682292e-01 
400 1144.12 8.54824583e+00 3.06215435e-01 
399 1145.77 8.56311739e+00 3.10986258e-01 
398 1147.43 8.57484829e+00 2.95576284e-01 
397 1149.08 8.79031773e+00 2.60255467e-01 
396 1150.73 8.76237058e+00 2.53072722e-01 
395 1152.38 9.02975202e+00 2.31951916e-01 
394 1154.02 9.06177650e+00 2.04703775e-01 
393 1155.67 9.34147758e+00 1.79500759e-01 
392 1157.31 9.27537638e+00 1.45058054e-01 
391 1158.95 9.39779461e+00 1.31798103e-01 
390 1160.59 9.39010113e+00 1.05595280e-01 
389 1162.23 9.59552483e+00 9.56780269e-02 
388 1163.87 9.53250360e+00 8.99621602e-02 
387 1165.50 9.62003638e+00 7.77559998e-02 
386 1167.13 9.48418054e+00 7.26907064e-02 
385 1168.76 9.57845380e+00 6.18534338e-02 
384 1170.39 9.42433134e+00 7.03707278e-02 
383 1172.02 9.39259841e+00 6.47588704e-02 
382 1173.65 9.23421523e+00 7.08707091e-02 
381 1175.27 9.23681039e+00 6.34778081e-02 
380 1176.90 9.12913721e+00 5.16744673e-02 
379 1178.52 9.06122300e+00 6.64593608e-02 
378 1180.14 8.81248259e+00 7.47173689e-02 
377 1181.75 8.77255568e+00 7.03483065e-02 
376 1183.37 8.57412299e+00 7.16394408e-02 
375 1184.99 8.57702972e+00 6.86602071e-02 
374 1186.60 8.45203655e+00 6.00822918e-02 
373 1188.21 8.43533778e+00 5.19019786e-02 
372 1189.82 8.35419033e+00 4.46177019e-02 
371 1191.43 8.57239069e+00 3.75995164e-02 
370 1193.04 8.47064285e+00 3.41476883e-02 
369 1194.64 8.43875510e+00 4.01270980e-02 
368 1196.24 8.24352262e+00 3.37091789e-02 
367 1197.85 8.31667789e+00 4.57278260e-02 
366 1199.45 8.22130807e+00 4.90314121e-02 
365 1201.05 8.28714585e+00 5.48155726e-02 
364 1202.64 8.20996025e+00 5.02217623e-02 
363 1204.24 8.24790595e+00 5.24541308e-02 
362 1205.83 8.18538400e+00 4.68510672e-02 
361 1207.43 8.19570609e+00 3.73738569e-02 
360 1209.02 8.14002798e+00 3.74740489e-02 
359 1210.61 8.26236551e+00 3.40295755e-02 
358 1212.19 8.26781727e+00 3.35453673e-02 
357 1213.78 8.43831005e+00 2.54176539e-02 
356 1215.37 8.36750651e+00 2.98658593e-02 
355 1216.95 8.42254836e+00 3.54322361e-02 
354 1218.53 8.38986394e+00 3.32649767e-02 
353 1220.11 8.46734481e+00 2.98926993e-02 
352 1221.69 8.41988403e+00 2.90810008e-02 
351 1223.27 8.46749849e+00 2.98261550e-02 
350 1224.84 8.46770493e+00 2.51235306e-02 
349 1226.42 8.52010909e+00 2.47716312e-02 
348 1227.99 8.50769035e+00 1.44052401e-02 
347 1229.56 8.62568507e+00 1.97323404e-02 
346 1231.13 8.55837980e+00 1.84673982e-02 
345 1232.70 8.64745944e+00 1.92209779e-02 
344 1234.27 8.62923480e+00 2.71389452e-02 
343 1235.84 8.63486530e+00 2.24127905e-02 
342 1237.40 8.56791707e+00 1.81827684e-02 
341 1238.96 8.55353631e+00 1.16580182e-02 
340 1240.52 8.39324967e+00 1.31830161e-02 
339 1242.08 8.49981019e+00 1.16247838e-02 
338 1243.64 8.49122438e+00 2.35242133e-02 
337 1245.20 8.53574274e+00 2.93832835e-02 
336 1246.75 8.51160745e+00 3.24066982e-02 
335 1248.31 8.58406324e+00 4.00256222e-02 
334 1249.86 8.52486243e+00 2.93570036e-02 
333 1251.41 8.57179359e+00 1.50606814e-02 
332 1252.96 8.49609391e+00 1.23021521e-02 
331 1254.51 8.50284298e+00 2.52399010e-02 
330 1256.06 8.42579189e+00 2.79727411e-02 
329 1257.61 8.39390259e+00 3.65790275e-02 
328 1259.15 8.27666498e+00 4.36714159e-02 
327 1260.69 8.20289600e+00 6.01819957e-02 
326 1262.23 8.03672356e+00 7.74762681e-02 
325 1263.77 7.97782103e+00 8.89833358e-02 
324 1265.31 7.75499195e+00 1.16938137e-01 
323 1266.85 7.74974070e+00 1.12372034e-01 
322 1268.39 7.81669984e+00 1.03192599e-01 
321 1269.92 7.95128495e+00 8.93559016e-02 
320 1271.46 8.19453239e+00 5.76832306e-02 
319 1272.99 8.29639300e+00 5.19682819e-02 
318 1274.52 8.28535691e+00 5.38565958e-02 
317 1276.05 8.34930410e+00 4.95266657e-02 
316 1277.58 8.20341349e+00 4.07960529e-02 
315 1279.10 8.04973479e+00 3.12243949e-02 
314 1280.63 7.97681333e+00 3.41095836e-02 
313 1282.15 7.96930536e+00 3.32415018e-02 
312 1283.68 8.06056421e+00 2.35593167e-02 
311 1285.20 8.26651033e+00 2.02362111e-02 
310 1286.72 8.24235937e+00 2.39547388e-02 
309 1288.24 8.26047466e+00 2.78678179e-02 
308 1289.75 8.16881311e+00 2.84586409e-02 
307 1291.27 8.20165339e+00 2.94001565e-02 
306 1292.78 8.23645198e+00 3.49803147e-02 
305 1294.30 8.25016597e+00 4.04171984e-02 
304 1295.81 8.17264385e+00 3.68788354e-02 
303 1297.32 8.15302752e+00 3.46582974e-02 
302 1298.83 8.08260236e+00 2.70396118e-02 
301 1300.34 8.02052951e+00 3.54188556e-02 
300 1301.85 7.95339892e+00 3.93836689e-02 
299 1303.35 7.89386297e+00 4.32027543e-02 
298 1304.86 7.80126954e+00 4.81300024e-02 
297 1306.36 7.77809169e+00 5.13885355e-02 
296 1307.86 7.72752744e+00 4.90121359e-02 
295 1309.36 7.63370749e+00 5.80655998e-02 
294 1310.86 7.52939191e+00 6.68538706e-02 
293 1312.36 7.45749280e+00 6.40702552e-02 
292 1313.86 7.41583249e+00 7.04997839e-02 
291 1315.36 7.43535171e+00 7.13865632e-02 
290 1316.85 7.39002807e+00 8.15273339e-02 
289 1318.34 7.37405512e+00 8.26317392e-02 
288 1319.84 7.31187621e+00 1.01492516e-01 
287 1321.33 7.29988210e+00 9.53359476e-02 
286 1322.82 7.24043183e+00 9.32168536e-02 
285 1324.30 7.18808343e+00 9.46478287e-02 
284 1325.79 7.04143953e+00 1.03322784e-01 
283 1327.28 6.89998416e+00 1.17448994e-01 
282 1328.76 6.68518748e+00 1.53187311e-01 
281 1330.25 6.59754506e+00 1.67840490e-01 
280 1331.73 6.54654345e+00 1.73187837e-01 
279 1333.21 6.53262138e+00 1.72033043e-01 
278 1334.69 6.49382655e+00 1.64717982e-01 
277 1336.17 6.41607652e+00 1.58211177e-01 
276 1337.65 6.31998520e+00 1.61121294e-01 
275 1339.12 6.26464229e+00 1.58125441e-01 
274 1340.60 6.16359490e+00 1.71542032e-01 
273 1342.07 6.04169596e+00 1.95858431e-01 
272 1343.55 5.80314629e+00 2.14418740e-01 
271 1345.02 5.27119525e+00 2.63068668e-01 
270 1346.49 4.91560929e+00 2.95082674e-01 
269 1347.96 4.51250342e+00 3.43275186e-01 
268 1349.43 4.10209339e+00 3.68041273e-01 
267 1350.89 3.68002515e+00 4.06543161e-01 
266 1352.36 3.11258556e+00 4.36927646e-01 
265 1353.82 2.79177090e+00 4.63019407e-01 
264 1355.29 2.24710561e+00 6.85700092e-01 
263 1356.75 2.20544765e+00 4.77560894e-01 
262 1358.21 1.84242777e+00 4.26737990e-01 
261 1359.67 1.16698352e+00 6.96691480e-01 
260 1361.13 1.01734968e+00 6.36545578e-01 
259 1362.59 1.12820614e+00 5.71160177e-01 
258 1364.04 1.46800277e+00 3.91014448e-01 
257 1365.50 1.43914111e+00 4.17437712e-01 
256 1366.95 9.66521933e-01 6.76435815e-01 
255 1368.41 1.06377771e+00 7.10820173e-01 
254 1369.86 1.34148879e+00 5.05237290e-01 
253 1371.31 1.63542803e+00 4.15258727e-01 
252 1372.76 1.35714622e+00 7.34183476e-01 
251 1374.21 2.04076439e+00 3.48435490e-01 
250 1375.65 2.08378185e+00 3.22170134e-01 
249 1377.10 1.91868327e+00 2.65261180e-01 
248 1378.55 1.42725862e+00 3.92221373e-01 
247 1379.99 1.18546258e+00 2.63700407e-01 
246 1381.43 6.61861477e-01 4.23733038e-01 
245 1382.87 9.55796149e-01 3.14812468e-01 
244 1384.32 1.10561585e+00 3.12079681e-01 
243 1385.75 1.40909514e+00 2.62933597e-01 
242 1387.19 1.80290548e+00 2.53602255e-01 
241 1388.63 1.97028300e+00 2.47443359e-01 
240 1390.07 2.05835316e+00 2.40621669e-01 
239 1391.50 1.95693418e+00 2.58640920e-01 
238 1392.94 1.22068496e+00 5.38117640e-01 
237 1394.37 1.58558980e+00 2.61262770e-01 
236 1395.80 1.75978675e+00 2.63547773e-01 
235 1397.23 1.65189037e+00 2.67337358e-01 
234 1398.66 1.59760249e+00 4.77331843e-01 
233 1400.09 1.94418284e+00 2.83681472e-01 
232 1401.52 1.76084919e+00 2.85705955e-01 
231 1402.94 1.99391231e+00 2.68940005e-01 
230 1404.37 2.14160855e+00 2.66315760e-01 
229 1405.79 2.01840936e+00 2.55887871e-01 
228 1407.22 2.10630058e+00 2.56102665e-01 
227 1408.64 2.26142810e+00 2.75511111e-01 
226 1410.06 2.44167907e+00 2.81452049e-01 
225 1411.48 2.44397470e+00 3.01168069e-01 
224 1412.90 2.62816433e+00 2.95348967e-01 
223 1414.32 2.78651887e+00 2.64841034e-01 
222 1415.73 2.70712216e+00 2.74549703e-01 
221 1417.15 2.76452179e+00 2.72292410e-01 
220 1418.56 2.90675865e+00 2.69443416e-01 
219 1419.98 2.86000402e+00 2.73184467e-01 
218 1421.39 3.01651462e+00 2.57066370e-01 
217 1422.80 3.24030305e+00 2.35130432e-01 
216 1424.21 3.30358905e+00 2.35742439e-01 
215 1425.62 3.30309529e+00 2.48347433e-01 
214 1427.03 3.41290715e+00 2.41533402e-01 
213 1428.44 3.22776418e+00 2.39345369e-01 
212 1429.84 3.04450156e+00 2.28370172e-01 
211 1431.25 3.03440932e+00 2.15554991e-01 
210 1432.65 3.02336614e+00 2.21911127e-01 
209 1434.06 3.11361570e+00 2.15621395e-01 
208 1435.46 3.23529381e+00 2.27560465e-01 
207 1436.86 3.28549504e+00 2.16829103e-01 
206 1438.26 3.31944282e+00 2.17503944e-01 
205 1439.66 3.36672686e+00 1.94191848e-01 
204 1441.05 3.53462087e+00 1.82187842e-01 
203 1442.45 3.47426623e+00 1.81925993e-01 
202 1443.85 3.50425775e+00 1.77613395e-01 
201 1445.24 3.62867753e+00 1.75440138e-01 
200 1446.64 3.66334416e+00 1.79653653e-01 
199 1448.03 3.58803515e+00 1.97769355e-01 
198 1449.42 3.68849756e+00 2.02796236e-01 
197 1450.81 3.70752881e+00 1.98817893e-01 
196 1452.20 3.76141712e+00 1.76869841e-01 
195 1453.59 4.03597460e+00 1.41168755e-01 
194 1454.97 4.23983549e+00 1.15742530e-01 
193 1456.36 4.27800140e+00 1.06483374e-01 
192 1457.75 4.32272075e+00 1.10617374e-01 
191 1459.13 4.27830617e+00 1.16055096e-01 
190 1460.51 4.22719755e+00 1.32619223e-01 
189 1461.90 4.06477539e+00 1.42227033e-01 
188 1463.28 3.98097076e+00 1.54494465e-01 
187 1464.66 3.87113414e+00 1.57625994e-01 
186 1466.04 3.90673961e+00 1.59101419e-01 
185 1467.41 3.76385692e+00 1.85047309e-01 
184 1468.79 3.68719051e+00 1.89209246e-01 
183 1470.17 3.63032236e+00 1.89894477e-01 
182 1471.54 3.67123917e+00 1.80887988e-01 
181 1472.92 3.77401032e+00 1.64377387e-01 
180 1474.29 3.93140020e+00 1.49112693e-01 
179 1475.66 3.96229027e+00 1.43612692e-01 
178 1477.03 3.90658573e+00 1.43243342e-01 
177 1478.40 3.86908435e+00 1.57312764e-01 
176 1479.77 3.94409857e+00 1.42606671e-01 
175 1481.14 3.96607500e+00 1.31845493e-01 
174 1482.51 4.07220983e+00 1.16555269e-01 
173 1483.87 4.05398364e+00 1.14627781e-01 
172 1485.24 4.02354105e+00 1.18458246e-01 
171 1486.60 3.98150641e+00 1.13061273e-01 
170 1487.96 4.03919065e+00 1.01557306e-01 
169 1489.32 4.05757044e+00 8.22975068e-02 
168 1490.69 4.22460428e+00 6.90499241e-02 
167 1492.04 4.24433179e+00 6.74192628e-02 
166 1493.40 4.30798801e+00 6.49181122e-02 
165 1494.76 4.28853340e+00 6.50442305e-02 
164 1496.12 4.32097782e+00 5.73789141e-02 
163 1497.47 4.28982567e+00 5.39063136e-02 
162 1498.83 4.36853820e+00 4.03817245e-02 
161 1500.18 4.21108904e+00 4.22103819e-02 
160 1501.53 4.13887695e+00 4.58862975e-02 
159 1502.89 4.03455497e+00 4.64527092e-02 
158 1504.24 4.08116056e+00 4.64240777e-02 
157 1505.59 4.11466975e+00 4.80729060e-02 
156 1506.93 4.24076301e+00 4.19929432e-02 
155 1508.28 4.27436428e+00 3.62262993e-02 
154 1509.63 4.32353833e+00 3.52120170e-02 
153 1510.97 4.28643742e+00 3.41410321e-02 
152 1512.32 4.35628373e+00 3.20956937e-02 
151 1513.66 4.28601848e+00 3.47201371e-02 
150 1515.00 4.34317243e+00 3.34603787e-02 
149 1516.34 4.29845028e+00 3.20571143e-02 
148 1517.69 4.30216804e+00 2.53054003e-02 
147 1519.02 4.22356299e+00 2.19662525e-02 
146 1520.36 4.23181976e+00 2.00190497e-02 
145 1521.70 4.16875533e+00 2.17179991e-02 
144 1523.04 4.23619162e+00 2.27904117e-02 
143 1524.37 4.20090265e+00 2.22895979e-02 
142 1525.71 4.25845770e+00 2.75561464e-02 
141 1527.04 4.19946649e+00 3.46221965e-02 
140 1528.37 4.21355832e+00 3.15780098e-02 
139 1529.70 4.12874614e+00 2.94232762e-02 
138 1531.03 4.16613434e+00 2.77042443e-02 
137 1532.36 4.10802947e+00 2.48909371e-02 
136 1533.69 4.13968771e+00 1.82355104e-02 
135 1535.02 4.05177518e+00 2.28815191e-02 
134 1536.34 4.07554393e+00 2.08743703e-02 
133 1537.67 4.01926353e+00 3.14206085e-02 
132 1538.99 4.05720103e+00 3.03557282e-02 
131 1540.31 4.01600645e+00 3.40559797e-02 
130 1541.64 4.06512181e+00 2.99857531e-02 
129 1542.96 4.02776566e+00 3.53023113e-02 
128 1544.28 4.06090144e+00 3.84048723e-02 
127 1545.60 3.97399073e+00 3.88256150e-02 
126 1546.91 4.01860722e+00 4.00874681e-02 
125 1548.23 3.93111049e+00 3.91660595e-02 
124 1549.55 3.97750160e+00 3.21070410e-02 
123 1550.86 3.90219665e+00 3.19859229e-02 
122 1552.18 3.92088748e+00 2.80983369e-02 
121 1553.49 3.86828201e+00 3.26343651e-02 
120 1554.80 3.91583036e+00 3.96784335e-02 
119 1556.11 3.83092646e+00 4.15867961e-02 
118 1557.42 3.86435490e+00 3.73467855e-02 
117 1558.73 3.78996155e+00 3.66993907e-02 
116 1560.04 3.81590132e+00 3.02144104e-02 
115 1561.34 3.72531033e+00 3.01279674e-02 
114 1562.65 3.78053579e+00 2.49763540e-02 
113 1563.95 3.70083266e+00 2.44516260e-02 
112 1565.26 3.75795644e+00 2.93532936e-02 
111 1566.56 3.64393498e+00 2.72599236e-02 
110 1567.86 3.66321057e+00 2.54155423e-02 
109 1569.16 3.55786441e+00 3.00035509e-02 
108 1570.46 3.54833459e+00 3.29840541e-02 
107 1571.76 3.45009948e+00 4.22462023e-02 
106 1573.05 3.42251429e+00 3.97739003e-02 
105 1574.35 3.30701128e+00 3.64707121e-02 
104 1575.64 3.33219294e+00 3.60260301e-02 
103 1576.94 3.29345140e+00 3.38756086e-02 
102 1578.23 3.37029060e+00 2.37089074e-02 
101 1579.52 3.35863873e+00 2.38895880e-02 
100 1580.81 3.43369789e+00 2.35376294e-02 
99 1582.10 3.37355314e+00 2.52080102e-02 
98 1583.39 3.43242844e+00 2.83570335e-02 
97 1584.68 3.34139664e+00 2.99684553e-02 
96 1585.97 3.32666039e+00 2.94678040e-02 
95 1587.25 3.22596840e+00 3.59781203e-02 
94 1588.54 3.23962926e+00 3.44196680e-02 
93 1589.82 3.17009691e+00 3.65272603e-02 
92 1591.10 3.26210921e+00 3.36487711e-02 
91 1592.38 3.22083516e+00 3.88776840e-02 
90 1593.66 3.28225400e+00 3.78787414e-02 
89 1594.94 3.20411952e+00 3.87864937e-02 
88 1596.22 3.22322899e+00 3.10918125e-02 
87 1597.50 3.11479193e+00 2.89203086e-02 
86 1598.77 3.11671819e+00 2.89562017e-02 
85 1600.05 2.99923318e+00 2.67720490e-02 
84 1601.32 3.02685420e+00 2.60545690e-02 
83 1602.59 2.94739625e+00 2.56282812e-02 
82 1603.86 3.00819343e+00 2.50671549e-02 
81 1605.13 2.90934078e+00 2.79665850e-02 
80 1606.40 2.96972856e+00 3.20731468e-02 
79 1607.67 2.86290829e+00 2.85973011e-02 
78 1608.94 2.91247080e+00 2.15715601e-02 
77 1610.20 2.84963447e+00 2.40770703e-02 
76 1611.47 2.92232534e+00 2.06483114e-02 
75 1612.73 2.86541177e+00 2.62352404e-02 
74 1614.00 2.92110141e+00 2.65809477e-02 
73 1615.26 2.83468997e+00 2.58277288e-02 
72 1616.52 2.86501676e+00 2.95833905e-02 
71 1617.78 2.76106348e+00 3.18097899e-02 
70 1619.03 2.80062454e+00 3.24202972e-02 
69 1620.29 2.73250084e+00 3.45796544e-02 
68 1621.55 2.79584730e+00 3.66883650e-02 
67 1622.80 2.73500739e+00 2.95703443e-02 
66 1624.06 2.80368435e+00 2.62913737e-02 
65 1625.31 2.71010978e+00 2.70467373e-02 
64 1626.56 2.77187973e+00 2.04180699e-02 
63 1627.81 2.66504428e+00 2.39930407e-02 
62 1629.06 2.67824311e+00 2.08780349e-02 
61 1630.31 2.58832876e+00 2.04355446e-02 
60 1631.56 2.61049013e+00 2.71165109e-02 
59 1632.80 2.51805589e+00 2.71740256e-02 
58 1634.05 2.55607734e+00 3.04449887e-02 
57 1635.29 2.43962848e+00 2.67701060e-02 
56 1636.53 2.45868301e+00 2.90197622e-02 
55 1637.77 2.32990543e+00 2.06675365e-02 
54 1639.01 2.34554214e+00 2.14184434e-02 
53 1640.25 2.26549275e+00 1.93029508e-02 
52 1641.49 2.28831202e+00 1.94902072e-02 
51 1642.73 2.21309405e+00 1.70915242e-02 
50 1643.96 2.23739487e+00 1.27131359e-02 
49 1645.20 2.14569479e+00 1.83240043e-02 
48 1646.43 2.17019768e+00 1.66800802e-02 
47 1647.66 2.07993151e+00 1.58362717e-02 
46 1648.89 2.05442016e+00 1.12289095e-02 
45 1650.12 1.94556684e+00 9.54981504e-03 
44 1651.35 1.93221730e+00 8.19023758e-03 
43 1652.58 1.80522634e+00 8.05324497e-03 
42 1653.80 1.79144095e+00 9.98262686e-03 
41 1655.03 1.66418256e+00 1.14366118e-02 
40 1656.25 1.62955683e+00 1.04784863e-02 
39 1657.47 1.49125800e+00 9.62685897e-03 
38 1658.70 1.44423599e+00 1.07146469e-02 
37 1659.92 1.30320150e+00 9.17954328e-03 
36 1661.13 1.23297405e+00 7.05393362e-03 
35 1662.35 1.09387369e+00 3.61492079e-03 
34 1663.57 1.01879009e+00 9.79206888e-03 
33 1664.78 9.01515888e-01 7.13080207e-03 
32 1666.00 8.43738582e-01 5.05908946e-03 
31 1667.21 7.50300946e-01 6.58335475e-03 
30 1668.42 7.14488940e-01 5.32086936e-03 
29 1669.63 6.23998139e-01 3.62446215e-03 
28 1670.84 5.87166307e-01 6.53361480e-03 
27 1672.05 5.20420221e-01 3.72607851e-03 
26 1673.26 4.91776794e-01 5.02662874e-03 
25 1674.46 4.32011006e-01 2.26924926e-03 
24 1675.67 4.12371540e-01 1.12741013e-03 
23 1676.87 3.61517650e-01 4.13392411e-03 
22 1678.07 3.41033075e-01 3.96862115e-03 
21 1679.27 3.04759999e-01 7.93193051e-03 
20 1680.47 3.80696836e-01 1.47712845e-02 
19 1681.67 2.53765225e-01 5.25187556e-03 
18 1682.87 2.46894651e-01 3.43882110e-03 
17 1684.06 2.13432710e-01 4.26057799e-03 
16 1685.26 2.10575440e-01 6.50812513e-03 
15 1686.45 1.80667723e-01 2.24671065e-03 
14 1687.64 1.81419840e-01 3.05174682e-03 
13 1688.83 1.53858675e-01 1.99331959e-03 
12 1690.02 1.50831117e-01 5.80452486e-03 
11 1691.21 1.35284548e-01 5.45512774e-03 
10 1692.39 1.31698840e-01 3.16836808e-03 
9 1693.58 1.19510168e-01 6.15591194e-03 
8 1694.76 1.76486621e-01 1.65443164e-02 
7 1695.95 1.96832153e-01 1.73181773e-02 
6 1697.13 3.18366304e-01 1.80005472e-02 
5 1698.31 1.50554664e-01 1.90165425e-02 
4 1699.49 9.43623013e-02 3.86528852e-03 
3 1700.66 8.96487786e-02 1.76480953e-02 
2 1701.84 7.77980945e-02 1.65045102e-03 
1 1703.01 6.74033353e-02 4.51435340e-03 
0 1703.01 3.15270590e+00 1.72880782e-02 
