% C0 (TOA Count Rate, /ms) for 4STAR VIS spectrometer (1044 channels) derived from (SEE Original files for sources) and recorded on 2017-06-13 20:07:58.
% Langley at MLO and airborne Data outside 2.0x the STD of 501 nm Langley residuals were screened out. 
% Including high Altitude rate spectra, matched to splined stratospheric AOD measured at MLO.
% Averages of c0 from multiple days including: , infl-ig-ht, infl-ig-ht, high- a-lt, high- a-lt. See the list of files below
% 20160908_VIS_C0_refined_Langley_airborne_ORACLES_v1.dat
% 20160918_VIS_C0_refined_Langley_airborne_ORACLES_v1.dat
% 20160908_VIS_C0_refined_high_alt_low_m.dat
% 20160912_VIS_C0_refined_high_alt_low_m.dat
Pix Wavelength C0 C0err
0 173.18 -5.00000000e-01 5.77350269e-01 
1 173.98 -1.00000000e+00 0.00000000e+00 
2 174.77 -1.00000000e+00 0.00000000e+00 
3 175.56 -1.00000000e+00 0.00000000e+00 
4 176.36 -1.00000000e+00 0.00000000e+00 
5 177.15 -1.00000000e+00 0.00000000e+00 
6 177.94 -1.00000000e+00 0.00000000e+00 
7 178.74 -1.00000000e+00 0.00000000e+00 
8 179.53 -1.00000000e+00 0.00000000e+00 
9 180.33 -1.00000000e+00 0.00000000e+00 
10 181.12 -1.00000000e+00 0.00000000e+00 
11 181.92 -1.00000000e+00 0.00000000e+00 
12 182.71 -1.00000000e+00 0.00000000e+00 
13 183.51 -1.00000000e+00 0.00000000e+00 
14 184.30 -1.00000000e+00 0.00000000e+00 
15 185.10 -1.00000000e+00 0.00000000e+00 
16 185.89 -1.00000000e+00 0.00000000e+00 
17 186.69 -1.00000000e+00 0.00000000e+00 
18 187.49 -1.00000000e+00 0.00000000e+00 
19 188.28 -1.00000000e+00 0.00000000e+00 
20 189.08 -1.00000000e+00 0.00000000e+00 
21 189.88 -1.00000000e+00 0.00000000e+00 
22 190.67 -1.00000000e+00 0.00000000e+00 
23 191.47 -1.00000000e+00 0.00000000e+00 
24 192.27 -1.00000000e+00 0.00000000e+00 
25 193.07 -1.00000000e+00 0.00000000e+00 
26 193.86 -1.00000000e+00 0.00000000e+00 
27 194.66 -1.00000000e+00 0.00000000e+00 
28 195.46 -1.00000000e+00 0.00000000e+00 
29 196.26 -1.00000000e+00 0.00000000e+00 
30 197.05 -1.00000000e+00 0.00000000e+00 
31 197.85 -1.00000000e+00 0.00000000e+00 
32 198.65 -1.00000000e+00 0.00000000e+00 
33 199.45 -1.00000000e+00 0.00000000e+00 
34 200.25 -1.00000000e+00 0.00000000e+00 
35 201.05 -1.00000000e+00 0.00000000e+00 
36 201.85 -1.00000000e+00 0.00000000e+00 
37 202.65 -1.00000000e+00 0.00000000e+00 
38 203.44 -1.00000000e+00 0.00000000e+00 
39 204.24 -1.00000000e+00 0.00000000e+00 
40 205.04 -1.00000000e+00 0.00000000e+00 
41 205.84 -1.00000000e+00 0.00000000e+00 
42 206.64 -1.00000000e+00 0.00000000e+00 
43 207.44 -1.00000000e+00 0.00000000e+00 
44 208.24 -1.00000000e+00 0.00000000e+00 
45 209.04 -7.50000000e-01 5.00000000e-01 
46 209.84 -6.38872571e-01 7.22254858e-01 
47 210.64 -6.11872614e-01 7.76254773e-01 
48 211.44 -5.73609829e-01 8.52780342e-01 
49 212.24 5.82941657e+34 1.16588331e+35 
50 213.04 7.69965960e+33 1.53993192e+34 
51 213.85 2.42442704e+34 4.58143558e+34 
52 214.65 3.01523667e+33 5.67352825e+33 
53 215.45 3.69183152e+32 6.90951760e+32 
54 216.25 4.50877326e+31 8.39584889e+31 
55 217.05 5.59772304e+30 1.03629566e+31 
56 217.85 6.91332550e+29 1.27131709e+30 
57 218.65 8.46325154e+28 1.54400561e+29 
58 219.46 1.05460804e+28 1.91078782e+28 
59 220.26 1.31969453e+27 2.37079624e+27 
60 221.06 1.60760420e+26 2.86733968e+26 
61 221.86 2.00515542e+25 3.54165844e+25 
62 222.66 2.48677552e+24 4.35094716e+24 
63 223.47 3.11515118e+23 5.40361059e+23 
64 224.27 3.86842050e+22 6.61048162e+22 
65 225.07 4.96152901e+21 8.40058258e+21 
66 225.87 6.15531809e+20 1.02924495e+21 
67 226.68 7.74922920e+19 1.28563373e+20 
68 227.48 1.03786175e+19 1.68845456e+19 
69 228.28 1.60225270e+18 2.56963424e+18 
70 229.08 3.44447108e+17 5.44953892e+17 
71 229.89 1.37086545e+17 2.14628812e+17 
72 230.69 1.34726591e+17 2.12402695e+17 
73 231.49 3.33107364e+17 5.30221258e+17 
74 232.30 1.71643489e+18 2.76003658e+18 
75 233.10 1.40698282e+19 2.30211099e+19 
76 233.90 1.40308807e+20 2.34863629e+20 
77 234.71 1.53148068e+21 2.60233948e+21 
78 235.51 1.75755626e+22 3.03731011e+22 
79 236.32 1.98200699e+23 3.45636929e+23 
80 237.12 2.33649319e+24 4.13244477e+24 
81 237.92 2.80019488e+25 5.01778905e+25 
82 238.73 3.37716068e+26 6.11054700e+26 
83 239.53 4.09037031e+27 7.48979555e+27 
84 240.34 4.78712186e+28 8.82311885e+28 
85 241.14 5.26907539e+29 9.79402812e+29 
86 241.94 5.32486930e+30 9.98840402e+30 
87 242.75 4.88114229e+31 9.18446396e+31 
88 243.55 4.25930532e+32 8.06721917e+32 
89 244.36 3.27830277e+33 6.23299037e+33 
90 245.16 2.38262794e+34 4.54874673e+34 
91 245.97 4.81009617e+33 9.62019235e+33 
92 246.77 2.39724291e+34 4.79448581e+34 
93 247.58 1.10643981e+35 2.21287962e+35 
94 248.38 -5.23840338e-01 9.52319324e-01 
95 249.19 -4.77536350e-01 1.04492730e+00 
96 249.99 -4.87468005e-01 1.02506399e+00 
97 250.80 -7.35597255e-01 5.28805491e-01 
98 251.60 -6.53486170e-01 6.93027660e-01 
99 252.41 -6.72751889e-01 6.54496223e-01 
100 253.21 2.78840707e+00 7.57681415e+00 
101 254.02 5.65945052e+01 1.15189010e+02 
102 254.82 2.30158157e+01 4.80316315e+01 
103 255.63 3.27014220e+02 6.56028440e+02 
104 256.44 3.90022565e+00 9.80045130e+00 
105 257.24 -5.52959651e-01 8.94080699e-01 
106 258.05 -6.38604335e-01 7.22791329e-01 
107 258.85 -7.21783361e-01 5.56433279e-01 
108 259.66 -6.68596886e-01 6.62806228e-01 
109 260.46 -6.09534636e-01 7.80930728e-01 
110 261.27 -6.35210216e-01 7.29579568e-01 
111 262.08 6.47286857e+34 1.29457371e+35 
112 262.88 1.17552137e+34 2.35104274e+34 
113 263.69 6.24648240e+34 1.19801159e+35 
114 264.49 9.77139616e+33 1.86698238e+34 
115 265.30 1.36599293e+33 2.60275479e+33 
116 266.11 1.48265978e+32 2.81278416e+32 
117 266.91 1.37773227e+31 2.60234432e+31 
118 267.72 1.13894596e+30 2.13768082e+30 
119 268.53 8.04841992e+28 1.49880136e+29 
120 269.33 5.92175959e+27 1.09154947e+28 
121 270.14 5.38065131e+26 9.83617859e+26 
122 270.95 4.46273528e+25 8.09946639e+25 
123 271.75 3.36983521e+24 6.05520889e+24 
124 272.56 2.32856770e+23 4.13522075e+23 
125 273.37 1.42903036e+22 2.50327320e+22 
126 274.17 8.52667925e+20 1.46604849e+21 
127 274.98 6.14568044e+19 1.04742181e+20 
128 275.79 4.89774239e+18 8.17522309e+18 
129 276.59 4.33076752e+17 7.12997957e+17 
130 277.40 3.88908628e+16 6.29748771e+16 
131 278.21 3.49244374e+15 5.53863859e+15 
132 279.01 3.35259201e+14 5.19903327e+14 
133 279.82 3.39023516e+13 5.14943476e+13 
134 280.63 3.40633642e+12 5.06717412e+12 
135 281.43 3.63003109e+11 5.28496676e+11 
136 282.24 4.64701737e+10 6.62090240e+10 
137 283.05 7.17770855e+09 1.00227310e+10 
138 283.86 1.20734733e+09 1.65985159e+09 
139 284.66 2.04968524e+08 2.77399854e+08 
140 285.47 3.91869593e+07 5.17787077e+07 
141 286.28 9.14860153e+06 1.19093123e+07 
142 287.09 2.26065221e+06 2.90401561e+06 
143 287.89 5.58460299e+05 7.03047261e+05 
144 288.70 1.55909788e+05 1.94970249e+05 
145 289.51 4.98729615e+04 6.19431751e+04 
146 290.32 1.76683098e+04 2.16003277e+04 
147 291.12 6.59118993e+03 8.00222401e+03 
148 291.93 2.56892201e+03 3.09200386e+03 
149 292.74 1.08999907e+03 1.29999755e+03 
150 293.55 5.08829588e+02 6.05912044e+02 
151 294.35 2.52146403e+02 2.97063692e+02 
152 295.16 1.32656488e+02 1.55696472e+02 
153 295.97 7.24547090e+01 8.45030003e+01 
154 296.78 4.22322854e+01 4.89641688e+01 
155 297.58 2.57105704e+01 2.95023264e+01 
156 298.39 1.64302392e+01 1.85761709e+01 
157 299.20 1.12312957e+01 1.25698849e+01 
158 300.01 7.88911099e+00 8.63502646e+00 
159 300.81 5.83528444e+00 6.21038271e+00 
160 301.62 4.51555120e+00 4.70688591e+00 
161 302.43 3.53517080e+00 3.53737375e+00 
162 303.24 2.84745743e+00 2.75780162e+00 
163 304.04 2.41039571e+00 2.23448095e+00 
164 304.85 2.04195958e+00 1.79085609e+00 
165 305.66 1.75425497e+00 1.50294460e+00 
166 306.47 1.56051669e+00 1.23056541e+00 
167 307.28 1.38912085e+00 1.06973167e+00 
168 308.08 1.27247450e+00 9.23377625e-01 
169 308.89 1.18149299e+00 7.93334727e-01 
170 309.70 1.09730881e+00 7.03366707e-01 
171 310.51 1.04369436e+00 5.99914136e-01 
172 311.32 9.64679510e-01 5.62588107e-01 
173 312.12 9.38260129e-01 4.79474791e-01 
174 312.93 8.97393621e-01 4.21893754e-01 
175 313.74 8.84082510e-01 3.90627072e-01 
176 314.55 8.51896154e-01 3.78440121e-01 
177 315.36 8.24317500e-01 3.35377708e-01 
178 316.16 8.22931394e-01 3.10186430e-01 
179 316.97 7.98573418e-01 3.26903382e-01 
180 317.78 8.17994103e-01 2.75512096e-01 
181 318.59 8.09699834e-01 2.74050351e-01 
182 319.40 8.04943189e-01 2.67113419e-01 
183 320.20 8.28311756e-01 2.36702799e-01 
184 321.01 8.10838893e-01 2.47531784e-01 
185 321.82 8.36046204e-01 2.21818118e-01 
186 322.63 8.43508169e-01 2.32917671e-01 
187 323.43 8.61882089e-01 2.04515264e-01 
188 324.24 8.60895096e-01 2.08474781e-01 
189 325.05 8.92652959e-01 2.07061727e-01 
190 325.86 9.04351710e-01 2.04933673e-01 
191 326.67 9.26777736e-01 1.97108929e-01 
192 327.48 9.57811072e-01 1.88558300e-01 
193 328.28 9.85762208e-01 1.83969083e-01 
194 329.09 1.01806936e+00 1.92763995e-01 
195 329.90 1.07302879e+00 1.73305956e-01 
196 330.71 1.13452916e+00 1.75012753e-01 
197 331.52 1.21987784e+00 1.77056311e-01 
198 332.32 1.36801848e+00 1.94546737e-01 
199 333.13 1.65424215e+00 1.98544744e-01 
200 333.94 2.13563451e+00 2.49120083e-01 
201 334.75 2.97168929e+00 2.56676217e-01 
202 335.55 4.10548478e+00 2.61697066e-01 
203 336.36 5.59883869e+00 3.45378320e-01 
204 337.17 7.98796010e+00 3.97487085e-01 
205 337.98 1.13049824e+01 4.41977476e-01 
206 338.79 1.52022438e+01 4.87118509e-01 
207 339.60 1.95532141e+01 5.26314064e-01 
208 340.40 2.34707709e+01 5.56791838e-01 
209 341.21 2.67173414e+01 5.57116317e-01 
210 342.02 3.05529733e+01 5.06624502e-01 
211 342.83 3.40511580e+01 4.82373385e-01 
212 343.63 3.49760284e+01 4.69652407e-01 
213 344.44 3.61161003e+01 4.13467275e-01 
214 345.25 3.98910312e+01 4.40178520e-01 
215 346.06 4.36977167e+01 4.43662293e-01 
216 346.87 4.61408281e+01 4.60113146e-01 
217 347.67 4.78960199e+01 4.34658719e-01 
218 348.48 4.94679279e+01 4.22645965e-01 
219 349.29 5.22992201e+01 3.94653717e-01 
220 350.10 5.73536196e+01 3.57605117e-01 
221 350.90 6.08873520e+01 3.99603939e-01 
222 351.71 6.09807043e+01 4.53266413e-01 
223 352.52 6.19599495e+01 4.20389122e-01 
224 353.33 6.71720162e+01 4.29295205e-01 
225 354.14 7.39945316e+01 4.77574138e-01 
226 354.94 7.70747776e+01 5.08208547e-01 
227 355.75 7.57109470e+01 5.68195156e-01 
228 356.56 7.12261581e+01 5.48802658e-01 
229 357.37 6.68156089e+01 4.83124034e-01 
230 358.18 6.56087742e+01 4.02887195e-01 
231 358.98 7.32632599e+01 3.79151752e-01 
232 359.79 8.47270108e+01 3.09653813e-01 
233 360.60 8.63622455e+01 4.85260269e-01 
234 361.41 8.48040771e+01 3.82231864e-01 
235 362.21 8.92276249e+01 4.10336947e-01 
236 363.02 9.44578056e+01 5.48973862e-01 
237 363.83 9.75619870e+01 5.88884799e-01 
238 364.64 1.02213240e+02 5.09585590e-01 
239 365.44 1.11368057e+02 6.28291163e-01 
240 366.25 1.19687756e+02 6.67538830e-01 
241 367.06 1.20906437e+02 7.03679334e-01 
242 367.87 1.18885906e+02 7.58141718e-01 
243 368.67 1.20488728e+02 7.12785314e-01 
244 369.48 1.26182360e+02 5.59326745e-01 
245 370.29 1.27529776e+02 6.29583470e-01 
246 371.10 1.26240347e+02 7.15445456e-01 
247 371.90 1.23320278e+02 8.00576666e-01 
248 372.71 1.16551542e+02 8.56971259e-01 
249 373.52 1.10140900e+02 9.01553890e-01 
250 374.33 1.09356467e+02 7.22758640e-01 
251 375.13 1.17235958e+02 7.24128758e-01 
252 375.94 1.28023456e+02 8.10854689e-01 
253 376.75 1.39325253e+02 8.63183685e-01 
254 377.56 1.53117157e+02 1.11150594e+00 
255 378.36 1.57546841e+02 1.16579803e+00 
256 379.17 1.49123848e+02 1.29684638e+00 
257 379.98 1.45869228e+02 1.08161622e+00 
258 380.78 1.46554779e+02 1.15912162e+00 
259 381.59 1.34233597e+02 1.10254286e+00 
260 382.40 1.13912247e+02 9.30569774e-01 
261 383.20 1.03986939e+02 8.48365543e-01 
262 384.01 1.12961380e+02 7.35059036e-01 
263 384.82 1.28512018e+02 1.08552942e+00 
264 385.63 1.34868107e+02 9.76855592e-01 
265 386.43 1.35798828e+02 1.09985680e+00 
266 387.24 1.36725132e+02 1.19621748e+00 
267 388.05 1.38348469e+02 1.13378495e+00 
268 388.85 1.46353474e+02 1.16086926e+00 
269 389.66 1.60187256e+02 1.14104144e+00 
270 390.47 1.71157776e+02 1.31328305e+00 
271 391.27 1.72626762e+02 1.50585513e+00 
272 392.08 1.54456776e+02 1.68217395e+00 
273 392.89 1.23685656e+02 1.33645175e+00 
274 393.69 1.14997162e+02 9.53577428e-01 
275 394.50 1.38448509e+02 1.25807500e+00 
276 395.31 1.56590698e+02 1.60650699e+00 
277 396.11 1.45080292e+02 1.62309912e+00 
278 396.92 1.34459507e+02 1.28341100e+00 
279 397.73 1.58838478e+02 1.39481624e+00 
280 398.53 1.97376072e+02 1.92816917e+00 
281 399.34 2.20967026e+02 1.93475598e+00 
282 400.15 2.31552704e+02 2.27471752e+00 
283 400.95 2.39106243e+02 2.16535415e+00 
284 401.76 2.45188412e+02 2.40156895e+00 
285 402.57 2.46712158e+02 2.35826666e+00 
286 403.37 2.44764012e+02 2.17887040e+00 
287 404.18 2.43098259e+02 2.33394073e+00 
288 404.99 2.41795895e+02 2.09770259e+00 
289 405.79 2.40144218e+02 2.19406440e+00 
290 406.60 2.40345917e+02 2.01542733e+00 
291 407.40 2.45807453e+02 2.08276058e+00 
292 408.21 2.55211468e+02 2.31725713e+00 
293 409.02 2.59148514e+02 2.56775558e+00 
294 409.82 2.54949928e+02 2.44343700e+00 
295 410.63 2.57008351e+02 2.43603481e+00 
296 411.43 2.68630363e+02 2.85894154e+00 
297 412.24 2.76069321e+02 3.01667070e+00 
298 413.05 2.76281647e+02 2.97442900e+00 
299 413.85 2.75803139e+02 2.98567637e+00 
300 414.66 2.75922226e+02 3.04900949e+00 
301 415.46 2.76595482e+02 2.98406498e+00 
302 416.27 2.77055710e+02 2.97654828e+00 
303 417.08 2.72907341e+02 3.31239119e+00 
304 417.88 2.67551460e+02 3.24081343e+00 
305 418.69 2.65421379e+02 3.22001573e+00 
306 419.49 2.65551422e+02 3.43012656e+00 
307 420.30 2.68765663e+02 3.51320375e+00 
308 421.11 2.72446747e+02 3.62051503e+00 
309 421.91 2.70392326e+02 3.51031245e+00 
310 422.72 2.65325623e+02 3.29327515e+00 
311 423.52 2.65320732e+02 3.51872473e+00 
312 424.33 2.69168297e+02 3.34966122e+00 
313 425.13 2.71234726e+02 3.54795230e+00 
314 425.94 2.71963341e+02 3.60548447e+00 
315 426.74 2.72126251e+02 3.43409449e+00 
316 427.55 2.71965958e+02 3.73328765e+00 
317 428.36 2.70042419e+02 3.55936347e+00 
318 429.16 2.60286381e+02 3.31044372e+00 
319 429.96 2.48274517e+02 2.77395909e+00 
320 430.77 2.54330536e+02 2.65506729e+00 
321 431.58 2.83989883e+02 3.30977333e+00 
322 432.38 3.14925087e+02 3.63481758e+00 
323 433.19 3.29133568e+02 3.62060894e+00 
324 433.99 3.36469925e+02 3.58116353e+00 
325 434.80 3.50827622e+02 3.28828440e+00 
326 435.60 3.72066131e+02 3.33924703e+00 
327 436.41 3.87316383e+02 3.17978667e+00 
328 437.21 3.88703080e+02 3.22700875e+00 
329 438.02 3.82708176e+02 3.69918946e+00 
330 438.82 3.85738754e+02 3.00797516e+00 
331 439.63 3.98112465e+02 3.47219692e+00 
332 440.43 4.15692108e+02 3.60318098e+00 
333 441.24 4.34321823e+02 3.40458938e+00 
334 442.04 4.51619126e+02 3.51247152e+00 
335 442.85 4.62757469e+02 3.76658506e+00 
336 443.65 4.69873368e+02 3.49801217e+00 
337 444.45 4.73481919e+02 2.94943511e+00 
338 445.26 4.72396828e+02 3.26778884e+00 
339 446.06 4.75792808e+02 2.45558956e+00 
340 446.87 4.86965721e+02 2.95156314e+00 
341 447.67 5.02408547e+02 2.81678185e+00 
342 448.48 5.12334999e+02 3.55007693e+00 
343 449.28 5.22597534e+02 3.03739449e+00 
344 450.09 5.33795868e+02 3.36882820e+00 
345 450.89 5.41564209e+02 3.24983468e+00 
346 451.70 5.36296722e+02 3.46988852e+00 
347 452.50 5.24776276e+02 3.12420971e+00 
348 453.30 5.18925171e+02 2.69892289e+00 
349 454.11 5.21332276e+02 3.24837109e+00 
350 454.91 5.29677902e+02 2.87539595e+00 
351 455.72 5.38372543e+02 2.66252943e+00 
352 456.52 5.45667969e+02 3.11814914e+00 
353 457.32 5.48737015e+02 3.08371003e+00 
354 458.13 5.46296097e+02 3.46636315e+00 
355 458.93 5.44642364e+02 3.02245834e+00 
356 459.74 5.47664139e+02 2.75310041e+00 
357 460.54 5.54726623e+02 2.74837473e+00 
358 461.34 5.62843216e+02 2.65094207e+00 
359 462.15 5.67947555e+02 2.65777478e+00 
360 462.95 5.67619949e+02 2.99997096e+00 
361 463.76 5.63469909e+02 2.47812762e+00 
362 464.56 5.58902054e+02 2.45398988e+00 
363 465.36 5.56323593e+02 2.35005950e+00 
364 466.17 5.54674667e+02 2.58392255e+00 
365 466.97 5.54281861e+02 3.18321310e+00 
366 467.77 5.56638611e+02 3.40570198e+00 
367 468.58 5.61066773e+02 2.45879427e+00 
368 469.38 5.61138855e+02 2.61621498e+00 
369 470.18 5.60596283e+02 2.33735027e+00 
370 470.99 5.65403076e+02 2.54552060e+00 
371 471.79 5.74205734e+02 3.20716539e+00 
372 472.59 5.82488235e+02 2.97993003e+00 
373 473.40 5.87220184e+02 2.84855620e+00 
374 474.20 5.90530609e+02 2.80104196e+00 
375 475.00 5.93898834e+02 2.42485096e+00 
376 475.81 5.94508606e+02 2.95123366e+00 
377 476.61 5.98183960e+02 2.42525946e+00 
378 477.41 6.04116638e+02 3.25983553e+00 
379 478.21 6.11316971e+02 2.42333572e+00 
380 479.02 6.15223816e+02 2.22048159e+00 
381 479.82 6.17568558e+02 2.20326455e+00 
382 480.62 6.21018341e+02 1.57506316e+00 
383 481.43 6.22062058e+02 2.58355421e+00 
384 482.23 6.21512649e+02 2.38561658e+00 
385 483.03 6.18098297e+02 2.14663265e+00 
386 483.84 6.08247299e+02 2.82457489e+00 
387 484.64 5.89493805e+02 3.34307911e+00 
388 485.44 5.64975144e+02 2.77495853e+00 
389 486.24 5.49589233e+02 2.30315711e+00 
390 487.04 5.53150879e+02 2.18322480e+00 
391 487.85 5.71243668e+02 2.23742951e+00 
392 488.65 5.89602676e+02 2.99846729e+00 
393 489.45 6.03244965e+02 3.01255427e+00 
394 490.26 6.09570724e+02 2.47855615e+00 
395 491.06 6.08309525e+02 1.77705619e+00 
396 491.86 6.03509873e+02 1.82466070e+00 
397 492.66 6.03106522e+02 2.48063378e+00 
398 493.46 6.10291763e+02 2.44059666e+00 
399 494.27 6.17987534e+02 2.56480805e+00 
400 495.07 6.22356827e+02 2.72684560e+00 
401 495.87 6.25035568e+02 2.65057369e+00 
402 496.67 6.23048096e+02 2.08609397e+00 
403 497.48 6.17565734e+02 3.28150659e+00 
404 498.28 6.13324264e+02 2.60234297e+00 
405 499.08 6.08076477e+02 2.70831228e+00 
406 499.88 6.03655762e+02 1.43012183e+00 
407 500.68 5.96325500e+02 2.96773950e+00 
408 501.48 5.94056442e+02 2.17875141e+00 
409 502.29 5.96396027e+02 2.50846617e+00 
410 503.09 6.02032013e+02 1.84034592e+00 
411 503.89 6.07744675e+02 2.12326657e+00 
412 504.69 6.14328888e+02 1.98577129e+00 
413 505.49 6.19710953e+02 3.00640488e+00 
414 506.29 6.22208252e+02 2.79842172e+00 
415 507.09 6.18780579e+02 2.69870885e+00 
416 507.90 6.15001495e+02 2.57287456e+00 
417 508.70 6.13927765e+02 2.62228620e+00 
418 509.50 6.14886322e+02 2.61968834e+00 
419 510.30 6.15874985e+02 2.61377655e+00 
420 511.10 6.14752884e+02 3.33085886e+00 
421 511.90 6.12461426e+02 2.20588315e+00 
422 512.71 6.05390045e+02 2.55476256e+00 
423 513.51 5.98119049e+02 2.12543956e+00 
424 514.31 5.92262008e+02 2.15448836e+00 
425 515.11 5.84337524e+02 2.43984598e+00 
426 515.91 5.69108597e+02 2.72732739e+00 
427 516.71 5.52135193e+02 2.26324682e+00 
428 517.51 5.42606659e+02 1.49030899e+00 
429 518.31 5.46012085e+02 1.69670057e+00 
430 519.11 5.59941147e+02 1.68960645e+00 
431 519.91 5.73128708e+02 2.79542585e+00 
432 520.71 5.84576920e+02 1.73015859e+00 
433 521.52 5.88884323e+02 1.72946063e+00 
434 522.32 5.89902878e+02 2.13663541e+00 
435 523.12 5.93221527e+02 2.57455383e+00 
436 523.92 5.98327378e+02 2.73771691e+00 
437 524.72 5.99978897e+02 1.54230246e+00 
438 525.52 5.91710648e+02 1.27134173e+00 
439 526.32 5.78170746e+02 2.41032755e+00 
440 527.12 5.75428268e+02 1.19320447e+00 
441 527.92 5.83311462e+02 1.71332251e+00 
442 528.72 5.98057205e+02 1.35771878e+00 
443 529.52 6.09077225e+02 2.66397254e+00 
444 530.32 6.13336227e+02 2.93969413e+00 
445 531.12 6.11825867e+02 2.50082444e+00 
446 531.92 6.05718567e+02 1.79810238e+00 
447 532.72 5.98847015e+02 1.64686425e+00 
448 533.52 5.96293838e+02 3.19572278e+00 
449 534.32 6.01638733e+02 4.06063958e+00 
450 535.12 6.07052841e+02 2.45665839e+00 
451 535.92 6.08738159e+02 2.30056437e+00 
452 536.72 6.06106201e+02 2.12376303e+00 
453 537.52 6.02601593e+02 1.73627967e+00 
454 538.32 5.98363190e+02 1.91237502e+00 
455 539.12 5.92783310e+02 1.91238342e+00 
456 539.92 5.86900162e+02 2.46674777e+00 
457 540.72 5.84317139e+02 2.28360510e+00 
458 541.52 5.86873642e+02 1.62199775e+00 
459 542.32 5.91767685e+02 1.87599166e+00 
460 543.12 5.95044815e+02 2.44293842e+00 
461 543.92 5.98260376e+02 1.62184375e+00 
462 544.72 6.00094940e+02 2.46546609e+00 
463 545.52 5.98824829e+02 2.70063456e+00 
464 546.32 5.95681320e+02 3.33774993e+00 
465 547.12 5.93158218e+02 1.74131102e+00 
466 547.91 5.91109207e+02 1.69043541e+00 
467 548.71 5.90733429e+02 1.68469834e+00 
468 549.51 5.91036804e+02 1.94344586e+00 
469 550.31 5.91029618e+02 1.62963953e+00 
470 551.11 5.90377442e+02 1.65973098e+00 
471 551.91 5.89558273e+02 2.70136699e+00 
472 552.71 5.89106827e+02 3.13804112e+00 
473 553.51 5.91449966e+02 2.85546126e+00 
474 554.31 5.93797851e+02 1.91539845e+00 
475 555.10 5.91868683e+02 3.77146469e+00 
476 555.90 5.89275894e+02 3.01884892e+00 
477 556.70 5.84459000e+02 3.37681909e+00 
478 557.50 5.78096649e+02 4.26890796e+00 
479 558.30 5.73781128e+02 3.15228660e+00 
480 559.10 5.70796891e+02 3.88588714e+00 
481 559.90 5.72602417e+02 2.61931070e+00 
482 560.70 5.75362549e+02 3.67449451e+00 
483 561.49 5.81019562e+02 2.50997179e+00 
484 562.29 5.83525421e+02 3.42369394e+00 
485 563.09 5.86400925e+02 1.88458303e+00 
486 563.89 5.86344864e+02 3.75337684e+00 
487 564.69 5.86662918e+02 2.66561555e+00 
488 565.49 5.83827912e+02 2.99288756e+00 
489 566.29 5.83429032e+02 2.37927151e+00 
490 567.08 5.86100723e+02 1.99487808e+00 
491 567.88 5.88921417e+02 3.12787540e+00 
492 568.68 5.88741608e+02 2.98966801e+00 
493 569.48 5.87148132e+02 4.40749723e+00 
494 570.28 5.84738495e+02 4.27457275e+00 
495 571.07 5.87085403e+02 4.53926595e+00 
496 571.87 5.94372955e+02 4.27812637e+00 
497 572.67 6.02727844e+02 3.96376757e+00 
498 573.47 6.07920715e+02 4.82344647e+00 
499 574.26 6.06983368e+02 3.35076622e+00 
500 575.06 6.02388977e+02 3.54514505e+00 
501 575.86 6.00004562e+02 3.56215287e+00 
502 576.66 5.98092712e+02 3.95176422e+00 
503 577.45 5.95992722e+02 3.88439804e+00 
504 578.25 5.94655106e+02 3.22872831e+00 
505 579.05 5.93461014e+02 3.72453352e+00 
506 579.85 5.95289703e+02 3.59561394e+00 
507 580.65 5.99067337e+02 3.66052966e+00 
508 581.44 6.01681045e+02 2.38844923e+00 
509 582.24 6.03786362e+02 3.13410916e+00 
510 583.04 6.05032730e+02 2.48329320e+00 
511 583.83 6.02920120e+02 3.66303743e+00 
512 584.63 5.97904297e+02 3.48996291e+00 
513 585.43 5.93113068e+02 3.59627030e+00 
514 586.22 5.90824631e+02 2.60180704e+00 
515 587.02 5.86673431e+02 3.72267405e+00 
516 587.82 5.79063858e+02 2.44575306e+00 
517 588.62 5.66943710e+02 3.58825653e+00 
518 589.41 5.59855896e+02 3.42005923e+00 
519 590.21 5.62443146e+02 2.48705679e+00 
520 591.01 5.70508530e+02 3.26958426e+00 
521 591.80 5.76954468e+02 1.83272583e+00 
522 592.60 5.77381058e+02 3.70744845e+00 
523 593.40 5.76901871e+02 3.14658372e+00 
524 594.19 5.74822662e+02 2.93721840e+00 
525 594.99 5.73534989e+02 3.64687603e+00 
526 595.79 5.71521759e+02 5.08522940e+00 
527 596.58 5.70158005e+02 4.02289259e+00 
528 597.38 5.67316803e+02 4.45353777e+00 
529 598.18 5.64885834e+02 4.52435191e+00 
530 598.97 5.61187286e+02 4.48603010e+00 
531 599.77 5.58223908e+02 5.39062550e+00 
532 600.56 5.55540298e+02 4.21508325e+00 
533 601.36 5.53267151e+02 3.96626515e+00 
534 602.16 5.52828155e+02 4.50902759e+00 
535 602.95 5.56477997e+02 4.00311863e+00 
536 603.75 5.59543411e+02 4.59628833e+00 
537 604.54 5.61251099e+02 4.25113509e+00 
538 605.34 5.61251496e+02 3.44403407e+00 
539 606.14 5.59890533e+02 4.74675308e+00 
540 606.93 5.58202225e+02 3.62886847e+00 
541 607.73 5.55797562e+02 4.29839836e+00 
542 608.52 5.52305191e+02 3.68158750e+00 
543 609.32 5.50511063e+02 2.97214610e+00 
544 610.11 5.48121704e+02 3.65928609e+00 
545 610.91 5.48827133e+02 3.80898230e+00 
546 611.71 5.46774246e+02 4.16484904e+00 
547 612.50 5.44489884e+02 4.01404866e+00 
548 613.30 5.42026276e+02 3.68007854e+00 
549 614.09 5.40081131e+02 3.67191892e+00 
550 614.89 5.37916015e+02 3.81607615e+00 
551 615.68 5.35122925e+02 2.43931719e+00 
552 616.48 5.32839508e+02 2.97318206e+00 
553 617.27 5.35168854e+02 3.49898284e+00 
554 618.07 5.39967621e+02 2.83110908e+00 
555 618.86 5.43896424e+02 2.50983253e+00 
556 619.66 5.46671066e+02 1.99757152e+00 
557 620.45 5.47187973e+02 1.44694068e+00 
558 621.25 5.45074478e+02 2.02535548e+00 
559 622.04 5.41000428e+02 2.27519021e+00 
560 622.84 5.37762527e+02 1.68868365e+00 
561 623.63 5.34767181e+02 1.56159236e+00 
562 624.43 5.31187317e+02 1.89163727e+00 
563 625.22 5.29104141e+02 2.60738803e+00 
564 626.02 5.29724365e+02 2.80377076e+00 
565 626.81 5.31929382e+02 1.68864105e+00 
566 627.61 5.33594650e+02 3.00351291e+00 
567 628.40 5.31780457e+02 3.40881955e+00 
568 629.19 5.29648376e+02 3.06566178e+00 
569 629.99 5.26773987e+02 2.76712156e+00 
570 630.78 5.22687653e+02 3.14407549e+00 
571 631.58 5.21650787e+02 1.83259179e+00 
572 632.37 5.21153381e+02 1.98996614e+00 
573 633.17 5.20894745e+02 2.14084755e+00 
574 633.96 5.20165451e+02 1.71592197e+00 
575 634.76 5.18701096e+02 2.86857559e+00 
576 635.55 5.17797805e+02 1.32258128e+00 
577 636.34 5.17537659e+02 9.91132580e-01 
578 637.14 5.18270904e+02 2.29338801e+00 
579 637.93 5.18557541e+02 2.00347316e+00 
580 638.72 5.15865707e+02 2.08785654e+00 
581 639.52 5.11932243e+02 1.15361644e+00 
582 640.31 5.07425858e+02 1.43468468e+00 
583 641.11 5.04212562e+02 2.17607595e+00 
584 641.90 5.04021545e+02 9.47798745e-01 
585 642.69 5.04049095e+02 1.06535085e+00 
586 643.49 5.03814568e+02 1.50581722e+00 
587 644.28 5.02197716e+02 1.26339546e+00 
588 645.07 4.98935860e+02 2.35402261e+00 
589 645.87 4.96635986e+02 2.53865848e+00 
590 646.66 4.95961212e+02 1.72762138e+00 
591 647.45 4.94882210e+02 1.89989445e+00 
592 648.25 4.91361015e+02 2.40290979e+00 
593 649.04 4.85526291e+02 2.20900815e+00 
594 649.83 4.81983528e+02 2.63909746e+00 
595 650.63 4.83323402e+02 2.32520090e+00 
596 651.42 4.84846412e+02 1.74483384e+00 
597 652.21 4.83452751e+02 1.41970598e+00 
598 653.00 4.80828285e+02 1.79971410e+00 
599 653.80 4.75198937e+02 1.59988239e+00 
600 654.59 4.62309990e+02 1.31535827e+00 
601 655.38 4.40811218e+02 9.23824943e-01 
602 656.17 4.23844772e+02 5.56559250e-01 
603 656.97 4.25491173e+02 1.06161590e+00 
604 657.76 4.40966186e+02 1.07112385e+00 
605 658.55 4.52995666e+02 1.33047417e+00 
606 659.34 4.57280579e+02 1.22564002e+00 
607 660.14 4.58699875e+02 1.23578724e+00 
608 660.93 4.60635651e+02 8.08951174e-01 
609 661.72 4.60694618e+02 1.03902807e+00 
610 662.52 4.58695984e+02 1.27093421e+00 
611 663.31 4.55466385e+02 1.56270727e+00 
612 664.10 4.53915337e+02 2.09842316e+00 
613 664.89 4.53863571e+02 1.53299608e+00 
614 665.68 4.52716873e+02 2.25472502e+00 
615 666.47 4.51031265e+02 1.89448548e+00 
616 667.27 4.50203491e+02 1.15297446e+00 
617 668.06 4.49988693e+02 1.03264384e+00 
618 668.85 4.49973679e+02 8.90555492e-01 
619 669.64 4.48375137e+02 1.77790107e+00 
620 670.43 4.46111366e+02 8.92477768e-01 
621 671.23 4.43681595e+02 8.02664271e-01 
622 672.02 4.42230781e+02 1.11804422e+00 
623 672.81 4.42894677e+02 1.06019122e+00 
624 673.60 4.43615486e+02 9.46745795e-01 
625 674.39 4.42469582e+02 1.34915802e+00 
626 675.18 4.41996864e+02 1.23557827e+00 
627 675.97 4.41872643e+02 1.58509303e+00 
628 676.77 4.41884979e+02 2.07899766e+00 
629 677.56 4.41952209e+02 2.05258640e+00 
630 678.35 4.42002708e+02 1.92635137e+00 
631 679.14 4.42452324e+02 1.24874461e+00 
632 679.93 4.41408790e+02 1.56459458e+00 
633 680.72 4.41097397e+02 1.58627602e+00 
634 681.51 4.41244720e+02 1.32852251e+00 
635 682.30 4.40604202e+02 1.49837764e+00 
636 683.09 4.38203316e+02 1.49609486e+00 
637 683.88 4.34435036e+02 1.61164076e+00 
638 684.67 4.31920196e+02 1.61506965e+00 
639 685.46 4.27639900e+02 1.25887050e+00 
640 686.26 4.16638329e+02 3.49934823e+00 
641 687.04 4.04568199e+02 7.34474477e+00 
642 687.84 4.01612831e+02 8.82313575e+00 
643 688.63 4.05829506e+02 8.16635352e+00 
644 689.42 4.08748451e+02 6.76954359e+00 
645 690.21 4.10603203e+02 4.89746400e+00 
646 691.00 4.12971680e+02 3.70142135e+00 
647 691.79 4.15293701e+02 2.50592753e+00 
648 692.58 4.17594849e+02 1.39575415e+00 
649 693.37 4.18783195e+02 4.61504512e-01 
650 694.16 4.18807350e+02 3.98950177e-01 
651 694.95 4.17322708e+02 4.27131978e-01 
652 695.74 4.15951782e+02 7.59236440e-01 
653 696.53 4.13524795e+02 1.54607049e+00 
654 697.32 4.09856346e+02 1.41576927e+00 
655 698.10 4.07671234e+02 8.44173627e-01 
656 698.89 4.06132195e+02 1.10832131e+00 
657 699.68 4.03046005e+02 1.57657083e+00 
658 700.47 3.98502510e+02 1.55375207e+00 
659 701.26 3.94217453e+02 1.83052077e+00 
660 702.05 3.92370560e+02 1.54673625e+00 
661 702.84 3.91300690e+02 1.69407882e+00 
662 703.63 3.92039055e+02 1.37367459e+00 
663 704.42 3.92428886e+02 1.09992197e+00 
664 705.21 3.90893234e+02 1.02455357e+00 
665 706.00 3.88015053e+02 1.24804740e+00 
666 706.79 3.86463814e+02 8.78766047e-01 
667 707.58 3.84832291e+02 8.99713296e-01 
668 708.37 3.82081520e+02 1.11936352e+00 
669 709.15 3.79756996e+02 9.17789058e-01 
670 709.94 3.78631340e+02 4.44756460e-01 
671 710.73 3.77169602e+02 6.59767877e-01 
672 711.52 3.74137718e+02 6.00510434e-01 
673 712.31 3.71313034e+02 7.58960527e-01 
674 713.10 3.70236931e+02 5.85758660e-01 
675 713.88 3.69393494e+02 4.76865851e-01 
676 714.67 3.67042183e+02 8.41238567e-01 
677 715.46 3.64939262e+02 6.56884112e-01 
678 716.25 3.62817963e+02 6.82015555e-01 
679 717.04 3.61063835e+02 8.60770106e-01 
680 717.83 3.58193832e+02 1.43180012e+00 
681 718.61 3.53988838e+02 2.28998151e+00 
682 719.40 3.52106407e+02 2.20272561e+00 
683 720.19 3.52070732e+02 1.97237345e+00 
684 720.98 3.52645172e+02 1.31783990e+00 
685 721.76 3.53542457e+02 9.52520068e-01 
686 722.55 3.53849342e+02 1.09295445e+00 
687 723.34 3.54241493e+02 1.87201004e+00 
688 724.13 3.54249351e+02 2.24634148e+00 
689 724.92 3.53590378e+02 2.04551168e+00 
690 725.70 3.52544136e+02 2.17362990e+00 
691 726.49 3.51960350e+02 1.69397024e+00 
692 727.28 3.50894516e+02 1.94406419e+00 
693 728.06 3.48171738e+02 1.94598675e+00 
694 728.85 3.45558525e+02 2.06294903e+00 
695 729.64 3.46424873e+02 1.94454838e+00 
696 730.42 3.47936859e+02 1.63779405e+00 
697 731.21 3.48415794e+02 1.36943024e+00 
698 732.00 3.48040390e+02 9.62199084e-01 
699 732.78 3.47551392e+02 6.93856588e-01 
700 733.57 3.48342697e+02 9.33501243e-01 
701 734.36 3.48410637e+02 6.67919262e-01 
702 735.14 3.46471145e+02 1.04694536e+00 
703 735.93 3.44179856e+02 1.40469511e+00 
704 736.72 3.43876824e+02 1.34938651e+00 
705 737.51 3.42706192e+02 1.20433509e+00 
706 738.29 3.39275337e+02 1.08506685e+00 
707 739.08 3.36725868e+02 1.01684265e+00 
708 739.86 3.36269058e+02 1.08585792e+00 
709 740.65 3.34022789e+02 1.55865248e+00 
710 741.44 3.32249046e+02 1.57013476e+00 
711 742.22 3.33045944e+02 1.57665275e+00 
712 743.01 3.34869255e+02 1.55359629e+00 
713 743.79 3.34423065e+02 1.40832081e+00 
714 744.58 3.32488419e+02 1.77647876e+00 
715 745.37 3.32489616e+02 1.86312394e+00 
716 746.15 3.32732193e+02 1.34455966e+00 
717 746.94 3.31772057e+02 1.15299051e+00 
718 747.72 3.30167274e+02 9.14858127e-01 
719 748.51 3.26966301e+02 1.15384446e+00 
720 749.29 3.24165870e+02 1.08386313e+00 
721 750.08 3.21871323e+02 1.34798657e+00 
722 750.86 3.19969116e+02 1.38995829e+00 
723 751.65 3.18401512e+02 1.44000539e+00 
724 752.43 3.17162308e+02 1.45340176e+00 
725 753.22 3.16756561e+02 1.28223098e+00 
726 754.00 3.16500160e+02 1.22311470e+00 
727 754.79 3.14498299e+02 8.22661660e-01 
728 755.57 3.11552971e+02 7.57529270e-01 
729 756.36 3.09693871e+02 5.13890076e-01 
730 757.14 3.07996986e+02 6.73568909e-01 
731 757.93 3.03662926e+02 1.90197669e-01 
732 758.71 2.86984856e+02 2.76196375e+00 
733 759.49 2.49509087e+02 1.00961903e+01 
734 760.28 2.15047542e+02 2.06785701e+01 
735 761.06 2.12199017e+02 2.44405564e+01 
736 761.85 2.25654572e+02 2.11254432e+01 
737 762.63 2.31257538e+02 1.96314349e+01 
738 763.41 2.32928722e+02 1.88714059e+01 
739 764.20 2.40600342e+02 1.59217000e+01 
740 764.98 2.50253860e+02 1.15445265e+01 
741 765.77 2.57824097e+02 7.32575571e+00 
742 766.55 2.65458084e+02 4.17294323e+00 
743 767.33 2.74034362e+02 2.33392241e+00 
744 768.12 2.79576073e+02 1.36698114e+00 
745 768.90 2.81197372e+02 7.75907288e-01 
746 769.68 2.80989105e+02 6.57099471e-01 
747 770.47 2.80012459e+02 7.83736995e-01 
748 771.25 2.78811630e+02 7.88858165e-01 
749 772.03 2.78261238e+02 8.94746427e-01 
750 772.82 2.78785026e+02 8.57330922e-01 
751 773.60 2.77770752e+02 9.89134768e-01 
752 774.38 2.75159546e+02 8.42740212e-01 
753 775.17 2.73631394e+02 9.15562219e-01 
754 775.95 2.74121422e+02 6.90718604e-01 
755 776.73 2.73620216e+02 7.10410963e-01 
756 777.51 2.71712830e+02 5.82458039e-01 
757 778.30 2.70689010e+02 5.66626869e-01 
758 779.08 2.69561165e+02 5.81028989e-01 
759 779.86 2.68335022e+02 5.26082295e-01 
760 780.64 2.67756195e+02 6.80929284e-01 
761 781.43 2.68471604e+02 7.72984490e-01 
762 782.21 2.68181099e+02 8.58190072e-01 
763 782.99 2.65700180e+02 9.80228908e-01 
764 783.77 2.64084488e+02 1.27410811e+00 
765 784.55 2.64022514e+02 8.80653502e-01 
766 785.34 2.64149147e+02 7.00548666e-01 
767 786.12 2.64290352e+02 8.04007620e-01 
768 786.90 2.63855720e+02 9.34087779e-01 
769 787.68 2.62371178e+02 1.24530734e+00 
770 788.46 2.60999794e+02 1.06411323e+00 
771 789.24 2.60324020e+02 1.21033966e+00 
772 790.03 2.59426506e+02 1.27346746e+00 
773 790.81 2.57488373e+02 1.32588954e+00 
774 791.59 2.54328575e+02 1.25773592e+00 
775 792.37 2.50967209e+02 1.51935791e+00 
776 793.15 2.48642380e+02 1.54486649e+00 
777 793.93 2.47667870e+02 1.60613353e+00 
778 794.71 2.48393139e+02 1.67217098e+00 
779 795.49 2.49445591e+02 1.67632152e+00 
780 796.27 2.49634338e+02 1.51884805e+00 
781 797.05 2.50335526e+02 1.18655016e+00 
782 797.84 2.50471722e+02 9.21139110e-01 
783 798.61 2.48770809e+02 9.73501899e-01 
784 799.40 2.46967178e+02 8.40764428e-01 
785 800.18 2.45280060e+02 9.12638393e-01 
786 800.96 2.44135765e+02 8.99793702e-01 
787 801.74 2.43828678e+02 8.44037717e-01 
788 802.52 2.43367145e+02 9.31452543e-01 
789 803.30 2.42217316e+02 9.99998812e-01 
790 804.08 2.40054218e+02 9.13019883e-01 
791 804.86 2.37465828e+02 8.09979451e-01 
792 805.64 2.36352962e+02 7.38835180e-01 
793 806.42 2.37365185e+02 6.10767220e-01 
794 807.20 2.38001896e+02 5.66616736e-01 
795 807.97 2.35855885e+02 5.15909131e-01 
796 808.75 2.32155643e+02 4.12297396e-01 
797 809.53 2.29656414e+02 6.15955502e-01 
798 810.31 2.30449456e+02 5.66730071e-01 
799 811.09 2.32226345e+02 7.56770126e-01 
800 811.87 2.32689114e+02 6.37171608e-01 
801 812.65 2.31271252e+02 5.64615847e-01 
802 813.43 2.28906483e+02 4.21800390e-01 
803 814.21 2.26125740e+02 3.81152173e-01 
804 814.99 2.24736549e+02 5.03882684e-01 
805 815.76 2.24566174e+02 9.51886117e-01 
806 816.54 2.24091888e+02 1.17678448e+00 
807 817.32 2.22142674e+02 1.44741006e+00 
808 818.10 2.18749191e+02 1.39055826e+00 
809 818.88 2.15866879e+02 1.47478916e+00 
810 819.66 2.13754204e+02 1.20484716e+00 
811 820.43 2.13727955e+02 1.00204515e+00 
812 821.21 2.14956924e+02 1.16654882e+00 
813 821.99 2.14096665e+02 1.34738493e+00 
814 822.77 2.11694736e+02 1.70331945e+00 
815 823.55 2.10028698e+02 1.71346340e+00 
816 824.32 2.09365391e+02 1.52985616e+00 
817 825.10 2.10276131e+02 1.22716305e+00 
818 825.88 2.11338219e+02 1.24820970e+00 
819 826.66 2.10520721e+02 1.24550687e+00 
820 827.43 2.08274464e+02 1.25705437e+00 
821 828.21 2.05697456e+02 1.28122054e+00 
822 828.99 2.04385075e+02 1.25673261e+00 
823 829.76 2.04623482e+02 1.18879711e+00 
824 830.54 2.05238720e+02 1.14737896e+00 
825 831.32 2.04301266e+02 1.12807299e+00 
826 832.10 2.01674187e+02 1.05622994e+00 
827 832.87 1.98104206e+02 9.40311917e-01 
828 833.65 1.96011910e+02 7.01544913e-01 
829 834.42 1.97079720e+02 6.05576313e-01 
830 835.20 1.99663918e+02 5.00765711e-01 
831 835.98 2.00742023e+02 5.97762744e-01 
832 836.75 1.99166821e+02 6.64033760e-01 
833 837.53 1.96171269e+02 6.60084714e-01 
834 838.30 1.94161354e+02 6.63779073e-01 
835 839.08 1.94301262e+02 7.19658837e-01 
836 839.86 1.95606354e+02 7.67430930e-01 
837 840.63 1.95732838e+02 1.16224589e+00 
838 841.41 1.93899513e+02 1.12393706e+00 
839 842.18 1.90529740e+02 1.16300745e+00 
840 842.96 1.87422130e+02 1.11357030e+00 
841 843.73 1.86265358e+02 9.59556517e-01 
842 844.51 1.87056507e+02 1.07986225e+00 
843 845.28 1.88256821e+02 1.08563744e+00 
844 846.06 1.88384807e+02 1.04259267e+00 
845 846.84 1.86136875e+02 1.23142912e+00 
846 847.61 1.82023544e+02 1.18101494e+00 
847 848.38 1.78154461e+02 1.16676570e+00 
848 849.16 1.76579845e+02 9.35177503e-01 
849 849.93 1.76214188e+02 8.45948631e-01 
850 850.71 1.76201264e+02 7.82830831e-01 
851 851.48 1.74427921e+02 7.56910143e-01 
852 852.26 1.70461448e+02 6.46960228e-01 
853 853.03 1.65573292e+02 7.90043329e-01 
854 853.81 1.62111912e+02 6.59541864e-01 
855 854.58 1.61890347e+02 6.05210332e-01 
856 855.35 1.65057102e+02 5.21931816e-01 
857 856.13 1.69437237e+02 5.90555230e-01 
858 856.90 1.71859791e+02 6.27749406e-01 
859 857.68 1.71236568e+02 7.32171768e-01 
860 858.45 1.69322670e+02 7.99622471e-01 
861 859.22 1.67571007e+02 7.41370702e-01 
862 860.00 1.67537670e+02 6.64599600e-01 
863 860.77 1.68594139e+02 7.53843650e-01 
864 861.54 1.68773689e+02 7.32299274e-01 
865 862.32 1.67667584e+02 6.41693747e-01 
866 863.09 1.65004372e+02 6.60535883e-01 
867 863.86 1.60679440e+02 6.42679786e-01 
868 864.64 1.57168342e+02 5.23104887e-01 
869 865.41 1.54645477e+02 5.67389185e-01 
870 866.18 1.53829372e+02 4.29207263e-01 
871 866.95 1.53890228e+02 4.03979436e-01 
872 867.73 1.54283428e+02 5.16451941e-01 
873 868.50 1.54439804e+02 5.27427884e-01 
874 869.27 1.54121284e+02 6.11191857e-01 
875 870.04 1.54246456e+02 5.52261646e-01 
876 870.81 1.55350903e+02 4.82735185e-01 
877 871.59 1.55906258e+02 6.30999055e-01 
878 872.36 1.56034973e+02 6.11245142e-01 
879 873.13 1.54754013e+02 6.89744292e-01 
880 873.90 1.52274487e+02 9.01996534e-01 
881 874.67 1.49496655e+02 8.10024587e-01 
882 875.44 1.48049397e+02 7.52191243e-01 
883 876.22 1.48508213e+02 7.47086192e-01 
884 876.99 1.49442288e+02 6.22230533e-01 
885 877.76 1.49938568e+02 6.54498158e-01 
886 878.53 1.49140785e+02 6.45675426e-01 
887 879.30 1.46856327e+02 6.18184021e-01 
888 880.07 1.44144237e+02 6.77341082e-01 
889 880.84 1.42656597e+02 5.12353372e-01 
890 881.61 1.42727073e+02 4.83069499e-01 
891 882.38 1.43563732e+02 4.71024884e-01 
892 883.15 1.44675194e+02 4.89406236e-01 
893 883.92 1.44318104e+02 4.60778327e-01 
894 884.69 1.42319122e+02 5.49504841e-01 
895 885.47 1.39920609e+02 5.14116784e-01 
896 886.23 1.37693710e+02 5.05221281e-01 
897 887.00 1.36632553e+02 4.88698966e-01 
898 887.78 1.36814804e+02 4.76716202e-01 
899 888.54 1.37780377e+02 5.04592650e-01 
900 889.31 1.38546917e+02 5.27001709e-01 
901 890.08 1.37686222e+02 5.69410283e-01 
902 890.85 1.35358055e+02 6.31250296e-01 
903 891.62 1.33141930e+02 5.67641068e-01 
904 892.39 1.31195370e+02 5.89637590e-01 
905 893.16 1.31035889e+02 4.90572284e-01 
906 893.93 1.31782993e+02 4.97594226e-01 
907 894.70 1.32194535e+02 5.52796566e-01 
908 895.47 1.31432984e+02 6.32562778e-01 
909 896.24 1.29700913e+02 7.95960172e-01 
910 897.01 1.27422094e+02 9.11365245e-01 
911 897.78 1.25766039e+02 1.13240289e+00 
912 898.54 1.25115381e+02 1.09203838e+00 
913 899.31 1.25154724e+02 1.13468130e+00 
914 900.08 1.24925888e+02 1.10467936e+00 
915 900.85 1.24250103e+02 9.42615241e-01 
916 901.62 1.22847929e+02 8.73032147e-01 
917 902.38 1.21264536e+02 7.61182477e-01 
918 903.15 1.20124960e+02 5.00583292e-01 
919 903.92 1.19965254e+02 4.78417791e-01 
920 904.69 1.20148997e+02 3.56689625e-01 
921 905.46 1.20528191e+02 3.28553765e-01 
922 906.22 1.20538752e+02 3.47311686e-01 
923 906.99 1.19756350e+02 3.95783296e-01 
924 907.76 1.18058411e+02 4.38305155e-01 
925 908.52 1.16182535e+02 4.96469154e-01 
926 909.29 1.14532175e+02 4.88521622e-01 
927 910.06 1.14004053e+02 4.63117067e-01 
928 910.83 1.13980507e+02 4.41519355e-01 
929 911.59 1.14289808e+02 4.60040997e-01 
930 912.36 1.14392843e+02 4.96362604e-01 
931 913.13 1.13937805e+02 5.26055860e-01 
932 913.89 1.12957808e+02 5.56234627e-01 
933 914.66 1.11473425e+02 6.08553546e-01 
934 915.42 1.10097792e+02 6.12062390e-01 
935 916.19 1.09113859e+02 5.98464256e-01 
936 916.96 1.08633470e+02 5.82637419e-01 
937 917.72 1.08393650e+02 5.54951276e-01 
938 918.49 1.08113466e+02 5.73299959e-01 
939 919.26 1.07278314e+02 5.49483760e-01 
940 920.02 1.05939766e+02 5.34448681e-01 
941 920.79 1.04282997e+02 5.46508851e-01 
942 921.55 1.02609157e+02 5.10919342e-01 
943 922.32 1.01421383e+02 5.19209158e-01 
944 923.08 1.00790548e+02 5.22318071e-01 
945 923.85 1.00609303e+02 6.32493421e-01 
946 924.61 1.00412563e+02 6.23364304e-01 
947 925.38 9.99735298e+01 6.47080637e-01 
948 926.14 9.93243236e+01 9.54230310e-01 
949 926.91 9.82194252e+01 1.13806850e+00 
950 927.67 9.69162865e+01 1.30866877e+00 
951 928.44 9.58517380e+01 1.62873613e+00 
952 929.20 9.50295963e+01 1.95265851e+00 
953 929.97 9.44103699e+01 2.41073450e+00 
954 930.73 9.35660934e+01 2.81149243e+00 
955 931.49 9.24459934e+01 3.29210086e+00 
956 932.26 9.08389340e+01 3.66224654e+00 
957 933.02 8.90990010e+01 3.99993399e+00 
958 933.79 8.72909336e+01 4.13936151e+00 
959 934.55 8.59881554e+01 4.30102376e+00 
960 935.32 8.51303826e+01 4.31962925e+00 
961 936.08 8.45547390e+01 4.20220304e+00 
962 936.84 8.41284733e+01 3.88727531e+00 
963 937.61 8.36397190e+01 3.64348570e+00 
964 938.37 8.28075027e+01 3.33469467e+00 
965 939.13 8.16514683e+01 2.99589342e+00 
966 939.89 8.03625412e+01 2.59619893e+00 
967 940.66 7.91782303e+01 2.38596800e+00 
968 941.42 7.84305210e+01 2.30142855e+00 
969 942.18 7.79149361e+01 2.30201345e+00 
970 942.95 7.75777531e+01 2.34687732e+00 
971 943.71 7.72042599e+01 2.34948773e+00 
972 944.47 7.66910171e+01 2.46788617e+00 
973 945.23 7.58501759e+01 2.41531436e+00 
974 946.00 7.50103531e+01 2.33032672e+00 
975 946.76 7.43808994e+01 2.32961314e+00 
976 947.52 7.38793507e+01 2.20552224e+00 
977 948.28 7.37163963e+01 2.10168593e+00 
978 949.04 7.37260551e+01 2.07967416e+00 
979 949.81 7.36158028e+01 2.07419965e+00 
980 950.57 7.31220684e+01 2.05176885e+00 
981 951.33 7.23410130e+01 2.03921421e+00 
982 952.09 7.13153019e+01 2.00298367e+00 
983 952.85 7.03069954e+01 1.91996205e+00 
984 953.61 6.96270523e+01 1.93888987e+00 
985 954.38 6.93013535e+01 1.91089711e+00 
986 955.14 6.91331234e+01 1.89755575e+00 
987 955.90 6.89621963e+01 1.91373026e+00 
988 956.66 6.86371555e+01 1.83528251e+00 
989 957.42 6.80546169e+01 1.77637329e+00 
990 958.18 6.72791328e+01 1.70337581e+00 
991 958.94 6.64364243e+01 1.62803638e+00 
992 959.70 6.58069248e+01 1.49042007e+00 
993 960.46 6.53784885e+01 1.39704848e+00 
994 961.22 6.51586733e+01 1.35227180e+00 
995 961.98 6.49072323e+01 1.22592141e+00 
996 962.74 6.45144195e+01 1.24480590e+00 
997 963.50 6.37669525e+01 1.04219115e+00 
998 964.26 6.28641243e+01 9.64217595e-01 
999 965.02 6.19926719e+01 9.06597063e-01 
1000 965.78 6.12819614e+01 8.17482152e-01 
1001 966.54 6.08006887e+01 6.78420756e-01 
1002 967.30 6.05955744e+01 6.63669281e-01 
1003 968.06 6.03609752e+01 5.83193757e-01 
1004 968.82 5.98345566e+01 4.99284880e-01 
1005 969.58 5.90384693e+01 4.29293762e-01 
1006 970.34 5.82449932e+01 3.60751509e-01 
1007 971.10 5.75977450e+01 3.50919681e-01 
1008 971.86 5.71524983e+01 2.94618718e-01 
1009 972.62 5.68715591e+01 2.61815824e-01 
1010 973.38 5.65106363e+01 2.86010243e-01 
1011 974.14 5.59026403e+01 2.03498519e-01 
1012 974.90 5.51877156e+01 2.11355735e-01 
1013 975.65 5.44563418e+01 1.93111662e-01 
1014 976.41 5.38016510e+01 1.63243387e-01 
1015 977.17 5.34426727e+01 1.27551147e-01 
1016 977.93 5.31545630e+01 1.12421698e-01 
1017 978.69 5.27840051e+01 1.09331645e-01 
1018 979.45 5.22456503e+01 1.22635800e-01 
1019 980.20 5.15772762e+01 1.24477401e-01 
1020 980.96 5.10495863e+01 1.23823396e-01 
1021 981.72 5.06766224e+01 1.31130617e-01 
1022 982.48 5.04231901e+01 9.95543209e-02 
1023 983.23 4.99796677e+01 1.26258405e-01 
1024 983.99 4.92827864e+01 1.18276171e-01 
1025 984.75 4.85859947e+01 9.48330688e-02 
1026 985.51 4.81426916e+01 1.02123819e-01 
1027 986.27 4.78312607e+01 1.62337638e-01 
1028 987.02 4.73870916e+01 1.49132746e-01 
1029 987.78 4.66550942e+01 1.13189650e-01 
1030 988.54 4.58689499e+01 1.28812814e-01 
1031 989.29 4.53728180e+01 1.30749080e-01 
1032 990.05 4.50680923e+01 8.06802806e-02 
1033 990.81 4.43916960e+01 1.13868959e-01 
1034 991.56 4.35172548e+01 1.21278759e-01 
1035 992.32 4.28465433e+01 1.23906130e-01 
1036 993.08 4.22807035e+01 1.01949217e-01 
1037 993.83 4.14478588e+01 1.08941848e-01 
1038 994.59 4.04662199e+01 1.07927096e-01 
1039 995.35 3.96982718e+01 1.00281923e-01 
1040 996.10 2.53780484e+00 1.30020235e-02 
1041 996.86 1.38677102e-01 3.29408314e-02 
1042 997.62 7.88392108e-02 3.65207945e-03 
1043 998.37 6.09155595e-02 1.21309446e-02 
