% C0 (TOA Count Rate, /ms) for 4STAR VIS spectrometer (1044 channels) derived from 20160109-20160113 and recorded on 2016-01-28 15:27:57.
% Refined Langley processed excluding "bump" region at ~2.5 airmass for each of the days (20160109-20160113)
Pix Wavelength C0 C0err
0 173.18 -1.00000000e+00 0.00000000e+00 
1 173.97 5.78014750e+11 8.02540877e+11 
2 174.77 8.26958136e+11 7.63323323e+11 
3 175.56 7.70230670e+12 1.78306377e+13 
4 176.36 6.81786313e+13 9.15681586e+13 
5 177.15 9.77849421e+13 1.31455629e+14 
6 177.94 1.36906157e+14 1.82340203e+14 
7 178.74 1.79759789e+14 2.48199658e+14 
8 179.53 2.81520940e+14 4.06147517e+14 
9 180.33 4.12834451e+14 6.16429535e+14 
10 181.12 5.58773813e+14 8.02458498e+14 
11 181.92 7.71362645e+14 1.15882802e+15 
12 182.71 1.14101829e+15 1.81233961e+15 
13 183.51 1.44443228e+15 2.26535030e+15 
14 184.30 1.92890176e+15 3.01249274e+15 
15 185.10 1.88531381e+15 2.65931769e+15 
16 185.89 3.11094564e+15 4.75327239e+15 
17 186.69 5.23823936e+15 8.36929775e+15 
18 187.49 7.71025010e+15 1.26728359e+16 
19 188.28 9.63470643e+15 1.47827007e+16 
20 189.08 1.41181382e+16 2.15571907e+16 
21 189.88 1.71599296e+16 2.32242264e+16 
22 190.67 2.36324454e+16 3.06739451e+16 
23 191.47 3.34363150e+16 4.14064379e+16 
24 192.27 5.49113466e+16 7.54160972e+16 
25 193.07 6.25749114e+16 7.91169544e+16 
26 193.86 9.26506657e+16 1.16339749e+17 
27 194.66 1.59253526e+17 2.30832718e+17 
28 195.46 1.89661350e+17 2.53586037e+17 
29 196.26 2.02449265e+17 2.16863481e+17 
30 197.05 2.24719583e+17 2.11936111e+17 
31 197.85 2.50907394e+17 2.30258474e+17 
32 198.65 3.12665627e+17 2.34575224e+17 
33 199.45 3.95574550e+17 3.09975745e+17 
34 200.25 5.89637430e+17 7.73184401e+17 
35 201.05 7.98819930e+17 1.48334286e+18 
36 201.85 1.60087363e+18 3.40892940e+18 
37 202.64 3.76556410e+18 8.32682674e+18 
38 203.44 1.00854854e+19 2.24998860e+19 
39 204.24 1.28572735e+19 2.87216517e+19 
40 205.04 3.51008110e+19 7.84747851e+19 
41 205.84 1.00388686e+20 2.24468700e+20 
42 206.64 1.84932909e+20 4.13519219e+20 
43 207.44 4.33197137e+20 9.68656667e+20 
44 208.24 1.20454601e+21 2.69344603e+21 
45 209.04 5.86494850e+21 1.31144232e+22 
46 209.84 3.74635167e+22 8.37709698e+22 
47 210.64 1.06682867e+22 2.38550142e+22 
48 211.44 3.05548677e+21 6.83227609e+21 
49 212.24 8.57852030e+20 1.91821544e+21 
50 213.05 2.44828319e+20 5.47452756e+20 
51 213.85 7.19703354e+19 1.60930559e+20 
52 214.65 2.02373874e+19 4.52521722e+19 
53 215.45 5.86673631e+18 1.31184204e+19 
54 216.25 1.63469655e+18 3.65529226e+18 
55 217.05 4.81633640e+17 1.07696539e+18 
56 217.85 1.39045356e+17 3.10914790e+17 
57 218.65 3.86725905e+16 8.64745052e+16 
58 219.46 1.11695189e+16 2.49757867e+16 
59 220.26 3.16420027e+15 7.07535904e+15 
60 221.06 9.17839837e+14 2.05234863e+15 
61 221.86 2.60863790e+14 5.83307407e+14 
62 222.66 7.64786266e+13 1.71010581e+14 
63 223.47 2.15356401e+13 4.81547742e+13 
64 224.27 6.10522785e+12 1.36515243e+13 
65 225.07 1.76657803e+12 3.95010540e+12 
66 225.87 5.20710300e+11 1.16430383e+12 
67 226.68 1.47906000e+11 3.30709450e+11 
68 227.48 4.58225125e+10 1.02453185e+11 
69 228.28 1.44641163e+10 3.23382161e+10 
70 229.09 5.78119623e+09 1.29245561e+10 
71 229.89 3.34737177e+09 7.48303450e+09 
72 230.69 3.29692408e+09 7.37031627e+09 
73 231.49 5.61895422e+09 1.25617176e+10 
74 232.30 1.61391334e+10 3.60834070e+10 
75 233.10 5.67793566e+10 1.26952217e+11 
76 233.91 2.31552877e+11 5.17744486e+11 
77 234.71 9.81820803e+11 2.19536042e+12 
78 235.51 4.41436323e+12 9.87067144e+12 
79 236.32 1.88998636e+13 4.22610429e+13 
80 237.12 8.19687062e+13 1.83286715e+14 
81 237.92 3.68612548e+14 8.24240568e+14 
82 238.73 1.70253728e+15 3.80698376e+15 
83 239.53 7.74149832e+15 1.73105033e+16 
84 240.34 3.48577524e+16 7.79442704e+16 
85 241.14 1.43227084e+17 3.20265417e+17 
86 241.94 5.76215856e+17 1.28845764e+18 
87 242.75 2.28419271e+18 5.10760975e+18 
88 243.55 8.28895261e+18 1.85346606e+19 
89 244.36 2.85778879e+19 6.39020980e+19 
90 245.16 9.36055245e+19 2.09308312e+20 
91 245.97 2.96323381e+20 6.62599215e+20 
92 246.77 8.17667313e+20 1.82835968e+21 
93 247.58 2.16429071e+21 4.83950112e+21 
94 248.38 5.42656560e+21 1.21341695e+22 
95 249.19 1.24705208e+22 2.78849321e+22 
96 249.99 2.42945412e+22 5.43242456e+22 
97 250.80 4.05542455e+22 9.06820495e+22 
98 251.60 6.37781165e+22 1.42612204e+23 
99 252.41 1.00122035e+23 2.23879675e+23 
100 253.21 1.33626756e+23 2.98798510e+23 
101 254.02 1.58518939e+23 3.54459124e+23 
102 254.83 1.61033244e+23 3.60081279e+23 
103 255.63 1.67041621e+23 3.73516420e+23 
104 256.44 1.38962376e+23 3.10729319e+23 
105 257.24 9.82019753e+22 2.19586292e+23 
106 258.05 7.28238701e+22 1.62839124e+23 
107 258.85 4.60024895e+22 1.02864693e+23 
108 259.66 2.19901114e+22 4.91713839e+22 
109 260.46 1.04011997e+22 2.32577895e+22 
110 261.27 4.43804559e+21 9.92377160e+21 
111 262.08 1.65786610e+21 3.70710128e+21 
112 262.88 5.61000018e+20 1.25443416e+21 
113 263.69 1.86841972e+20 4.17791344e+20 
114 264.50 5.98487917e+19 1.33825964e+20 
115 265.30 1.86480652e+19 4.16983399e+19 
116 266.11 5.06268000e+18 1.13204960e+19 
117 266.91 1.18344968e+18 2.64627364e+18 
118 267.72 2.70773721e+17 6.05468332e+17 
119 268.53 5.34816740e+16 1.19588613e+17 
120 269.33 1.09995353e+16 2.45956919e+16 
121 270.14 2.66755444e+15 5.96482596e+15 
122 270.95 6.01036121e+14 1.34395479e+15 
123 271.75 1.23900945e+14 2.77049817e+14 
124 272.56 2.55627309e+13 5.71595906e+13 
125 273.37 4.70806548e+12 1.05274014e+13 
126 274.17 8.54651951e+11 1.91100579e+12 
127 274.98 1.73536660e+11 3.88019110e+11 
128 275.79 3.75946604e+10 8.40559378e+10 
129 276.59 8.91406044e+09 1.99290733e+10 
130 277.40 2.03725223e+09 4.55401249e+09 
131 278.21 4.82688650e+08 1.07873466e+09 
132 279.01 1.15582730e+08 2.58198538e+08 
133 279.82 2.96044785e+07 6.60861797e+07 
134 280.63 7.35179294e+06 1.63927167e+07 
135 281.44 1.87316110e+06 4.16801173e+06 
136 282.24 5.26884902e+05 1.16870978e+06 
137 283.05 1.69007724e+05 3.73116536e+05 
138 283.86 5.65216689e+04 1.23930423e+05 
139 284.66 1.95581107e+04 4.23496006e+04 
140 285.47 7.45125294e+03 1.59488533e+04 
141 286.28 3.08103261e+03 6.47428200e+03 
142 287.09 1.33345280e+03 2.72576204e+03 
143 287.89 6.14562341e+02 1.21995593e+03 
144 288.70 2.78934691e+02 5.27953779e+02 
145 289.51 1.45820878e+02 2.62915333e+02 
146 290.32 8.06480455e+01 1.36376969e+02 
147 291.12 4.76405776e+01 7.65048442e+01 
148 291.93 2.82021786e+01 4.13775081e+01 
149 292.74 1.81558076e+01 2.40688002e+01 
150 293.55 1.20153994e+01 1.50814060e+01 
151 294.35 8.32761050e+00 9.69044684e+00 
152 295.16 6.27509905e+00 6.55449359e+00 
153 295.97 4.58059298e+00 4.23053066e+00 
154 296.78 3.45769651e+00 2.93644062e+00 
155 297.58 2.76261981e+00 2.07675650e+00 
156 298.39 2.26061904e+00 1.51472269e+00 
157 299.20 1.91373188e+00 1.19405565e+00 
158 300.01 1.61367755e+00 8.81513297e-01 
159 300.81 1.43181514e+00 6.94678795e-01 
160 301.62 1.23096782e+00 5.59770147e-01 
161 302.43 1.14078642e+00 4.62953385e-01 
162 303.24 1.02296602e+00 3.73510440e-01 
163 304.05 9.54376786e-01 3.29947896e-01 
164 304.85 8.79320947e-01 2.80439102e-01 
165 305.66 8.28539782e-01 2.49838809e-01 
166 306.47 7.95953933e-01 2.30615261e-01 
167 307.28 7.45999454e-01 1.85270867e-01 
168 308.08 7.18804094e-01 1.72305394e-01 
169 308.89 6.80642954e-01 1.48970210e-01 
170 309.70 6.65364013e-01 1.49620898e-01 
171 310.51 6.59160298e-01 1.41819959e-01 
172 311.32 6.42349231e-01 1.51896178e-01 
173 312.12 6.15858715e-01 1.29098814e-01 
174 312.93 6.25725634e-01 1.30168706e-01 
175 313.74 6.03759889e-01 1.19612387e-01 
176 314.55 6.05978298e-01 1.18269491e-01 
177 315.36 5.87380010e-01 1.03638755e-01 
178 316.16 5.94043817e-01 1.04830171e-01 
179 316.97 5.90783154e-01 1.05261407e-01 
180 317.78 6.08475413e-01 1.06446352e-01 
181 318.59 5.98209787e-01 9.32837182e-02 
182 319.39 6.05927761e-01 1.01906096e-01 
183 320.20 6.13884516e-01 1.01331056e-01 
184 321.01 6.22458595e-01 8.43389992e-02 
185 321.82 6.10298139e-01 9.34998821e-02 
186 322.63 6.46516425e-01 1.12122260e-01 
187 323.43 6.45659310e-01 1.09825959e-01 
188 324.24 6.65447173e-01 1.05593632e-01 
189 325.05 6.63020635e-01 1.13725235e-01 
190 325.86 6.84412581e-01 9.42276545e-02 
191 326.67 7.04038763e-01 8.97039055e-02 
192 327.48 7.24414925e-01 9.57206838e-02 
193 328.28 7.42151617e-01 1.19628551e-01 
194 329.09 7.63895528e-01 1.13973449e-01 
195 329.90 7.96640084e-01 1.04143710e-01 
196 330.71 8.32691839e-01 1.24174537e-01 
197 331.51 8.81236025e-01 1.46280978e-01 
198 332.32 9.64792268e-01 1.50090511e-01 
199 333.13 1.11763356e+00 1.38441104e-01 
200 333.94 1.40484157e+00 2.03387400e-01 
201 334.75 1.89861965e+00 2.63625097e-01 
202 335.56 2.64326555e+00 3.26008955e-01 
203 336.36 3.74499141e+00 4.66857611e-01 
204 337.17 5.58984173e+00 6.01091363e-01 
205 337.98 8.42578685e+00 7.30099141e-01 
206 338.79 1.18734804e+01 9.25609374e-01 
207 339.59 1.58886634e+01 1.01953922e+00 
208 340.40 1.96391124e+01 1.21394536e+00 
209 341.21 2.28131647e+01 1.09881218e+00 
210 342.02 2.64717676e+01 1.25380641e+00 
211 342.83 2.99892232e+01 1.20665718e+00 
212 343.64 3.10577502e+01 1.27775829e+00 
213 344.44 3.21891294e+01 1.23650987e+00 
214 345.25 3.59904745e+01 1.18877055e+00 
215 346.06 3.98570690e+01 1.12208124e+00 
216 346.87 4.23676598e+01 1.23068796e+00 
217 347.67 4.42220196e+01 1.23562148e+00 
218 348.48 4.58490235e+01 1.13351420e+00 
219 349.29 4.85814049e+01 1.02504559e+00 
220 350.10 5.33845706e+01 1.06778130e+00 
221 350.91 5.71386550e+01 1.05053526e+00 
222 351.71 5.76528805e+01 1.04982479e+00 
223 352.52 5.85413178e+01 1.02233371e+00 
224 353.33 6.36653991e+01 8.79000465e-01 
225 354.14 7.06313147e+01 8.48296813e-01 
226 354.94 7.41823858e+01 9.52737770e-01 
227 355.75 7.33870513e+01 8.82828348e-01 
228 356.56 6.94071176e+01 8.18521321e-01 
229 357.37 6.52063187e+01 7.87195870e-01 
230 358.18 6.39825261e+01 6.80377157e-01 
231 358.98 7.11016516e+01 7.06063287e-01 
232 359.79 8.27949221e+01 7.21805886e-01 
233 360.60 8.52978844e+01 7.35839271e-01 
234 361.41 8.37966574e+01 6.57554668e-01 
235 362.21 8.80276955e+01 6.73424102e-01 
236 363.02 9.35989338e+01 6.77601111e-01 
237 363.83 9.69899210e+01 6.12173791e-01 
238 364.64 1.01445724e+02 5.72981240e-01 
239 365.44 1.10433994e+02 6.08277972e-01 
240 366.25 1.19068660e+02 5.77703216e-01 
241 367.06 1.20846591e+02 6.24281183e-01 
242 367.87 1.19089670e+02 6.13259143e-01 
243 368.67 1.20405312e+02 5.24314883e-01 
244 369.48 1.25734327e+02 5.95051885e-01 
245 370.29 1.27561748e+02 5.93655441e-01 
246 371.10 1.26286992e+02 5.50210656e-01 
247 371.90 1.23438565e+02 5.58148467e-01 
248 372.71 1.17057487e+02 5.64851309e-01 
249 373.52 1.10458302e+02 5.24906562e-01 
250 374.33 1.09283608e+02 4.30422892e-01 
251 375.13 1.16451662e+02 4.55852784e-01 
252 375.94 1.27071417e+02 4.67362051e-01 
253 376.75 1.38286795e+02 4.37249287e-01 
254 377.55 1.51569008e+02 4.90308901e-01 
255 378.36 1.56684685e+02 5.62788619e-01 
256 379.17 1.49507568e+02 5.46500087e-01 
257 379.98 1.45461028e+02 4.74799327e-01 
258 380.78 1.45680723e+02 6.54329330e-01 
259 381.59 1.34481420e+02 8.32842843e-01 
260 382.40 1.14812981e+02 6.17016061e-01 
261 383.21 1.04354775e+02 2.79659027e-01 
262 384.01 1.11738102e+02 4.08680927e-01 
263 384.82 1.26981789e+02 4.05460744e-01 
264 385.63 1.34471815e+02 3.95022059e-01 
265 386.43 1.35945649e+02 3.94761399e-01 
266 387.24 1.37040074e+02 4.20170160e-01 
267 388.05 1.39166909e+02 2.93929950e-01 
268 388.85 1.47098701e+02 2.78930450e-01 
269 389.66 1.60926470e+02 3.08989053e-01 
270 390.47 1.72938508e+02 4.44328989e-01 
271 391.27 1.75404246e+02 8.33857973e-01 
272 392.08 1.58984043e+02 1.26545778e+00 
273 392.89 1.30045056e+02 7.67646413e-01 
274 393.69 1.20376369e+02 1.82777233e-01 
275 394.50 1.42000360e+02 2.77594272e-01 
276 395.31 1.61592297e+02 8.77642748e-01 
277 396.11 1.53470634e+02 8.81577187e-01 
278 396.92 1.44043141e+02 2.51756583e-01 
279 397.73 1.67057122e+02 5.82636282e-01 
280 398.53 2.07447455e+02 5.59843638e-01 
281 399.34 2.34999398e+02 8.99550886e-01 
282 400.15 2.48545615e+02 1.02438902e+00 
283 400.95 2.57639295e+02 1.08252453e+00 
284 401.76 2.65045158e+02 1.24733684e+00 
285 402.57 2.67789714e+02 1.38312387e+00 
286 403.37 2.66556554e+02 1.38868473e+00 
287 404.18 2.65345215e+02 1.42168306e+00 
288 404.98 2.64261468e+02 1.48543927e+00 
289 405.79 2.63037374e+02 1.45024396e+00 
290 406.60 2.63589429e+02 1.35347700e+00 
291 407.40 2.69449173e+02 1.32939946e+00 
292 408.21 2.79445819e+02 1.54175907e+00 
293 409.02 2.84184300e+02 1.79706081e+00 
294 409.82 2.81367946e+02 1.63907880e+00 
295 410.63 2.83596119e+02 1.49655118e+00 
296 411.44 2.95469846e+02 1.77342611e+00 
297 412.24 3.04807166e+02 1.97088595e+00 
298 413.05 3.06563714e+02 1.96869145e+00 
299 413.85 3.06550077e+02 1.97188402e+00 
300 414.66 3.07323075e+02 2.02190092e+00 
301 415.46 3.08787657e+02 2.08789788e+00 
302 416.27 3.09633567e+02 2.30831766e+00 
303 417.08 3.06754946e+02 2.35301715e+00 
304 417.88 3.02021461e+02 2.28915075e+00 
305 418.69 3.00000681e+02 2.28887766e+00 
306 419.49 3.01062747e+02 2.19216475e+00 
307 420.30 3.05121185e+02 2.19430409e+00 
308 421.11 3.09101967e+02 2.39462747e+00 
309 421.91 3.07692340e+02 2.41620307e+00 
310 422.72 3.02830015e+02 2.08824581e+00 
311 423.52 3.02061265e+02 1.98236074e+00 
312 424.33 3.05253554e+02 2.03822005e+00 
313 425.13 3.07444943e+02 2.02411587e+00 
314 425.94 3.07272571e+02 1.99278058e+00 
315 426.74 3.06156673e+02 1.89583490e+00 
316 427.55 3.04758447e+02 1.79098376e+00 
317 428.35 3.00351916e+02 1.97101432e+00 
318 429.16 2.88327291e+02 1.89777929e+00 
319 429.96 2.74163625e+02 1.09289590e+00 
320 430.77 2.77261427e+02 5.24058647e-01 
321 431.58 3.02795709e+02 7.46027318e-01 
322 432.38 3.32102256e+02 1.14479765e+00 
323 433.19 3.46756127e+02 1.15043202e+00 
324 433.99 3.52857724e+02 7.94610148e-01 
325 434.80 3.64238125e+02 5.99286634e-01 
326 435.60 3.81659740e+02 7.23082718e-01 
327 436.41 3.94228083e+02 9.61462266e-01 
328 437.21 3.93967222e+02 9.19799117e-01 
329 438.02 3.87290792e+02 5.52987348e-01 
330 438.82 3.86450244e+02 5.08633432e-01 
331 439.63 3.95381130e+02 6.74201428e-01 
332 440.43 4.10607087e+02 7.33949983e-01 
333 441.24 4.26795432e+02 7.39691517e-01 
334 442.04 4.41585615e+02 6.38412374e-01 
335 442.84 4.51944868e+02 5.93627885e-01 
336 443.65 4.57593045e+02 5.29568556e-01 
337 444.45 4.59187369e+02 4.55173135e-01 
338 445.26 4.57932022e+02 4.91891852e-01 
339 446.06 4.59868200e+02 8.49058078e-01 
340 446.87 4.68610345e+02 1.02504206e+00 
341 447.67 4.81268462e+02 1.06280958e+00 
342 448.48 4.91608798e+02 1.13958411e+00 
343 449.28 5.00930517e+02 1.33291456e+00 
344 450.09 5.11239466e+02 1.22196112e+00 
345 450.89 5.17800932e+02 8.60492191e-01 
346 451.69 5.14164939e+02 6.74166273e-01 
347 452.50 5.04198914e+02 8.05202623e-01 
348 453.30 4.98153502e+02 9.84555450e-01 
349 454.11 4.99676456e+02 1.06175010e+00 
350 454.91 5.06955359e+02 1.22299474e+00 
351 455.72 5.15386321e+02 1.33354271e+00 
352 456.52 5.22535871e+02 1.32042144e+00 
353 457.32 5.26056309e+02 1.31378258e+00 
354 458.13 5.25390206e+02 1.33694724e+00 
355 458.93 5.24333914e+02 1.40061178e+00 
356 459.74 5.26989490e+02 1.46515656e+00 
357 460.54 5.33524769e+02 1.40190681e+00 
358 461.34 5.41016274e+02 1.26422251e+00 
359 462.15 5.46279441e+02 1.08085979e+00 
360 462.95 5.46739048e+02 9.95909730e-01 
361 463.76 5.43416372e+02 1.10740770e+00 
362 464.56 5.39684137e+02 1.33441064e+00 
363 465.36 5.37085443e+02 1.46876476e+00 
364 466.17 5.35958050e+02 1.61669123e+00 
365 466.97 5.36746562e+02 1.73261890e+00 
366 467.77 5.39387720e+02 1.63845954e+00 
367 468.58 5.42617068e+02 1.39602432e+00 
368 469.38 5.43582866e+02 1.26343143e+00 
369 470.18 5.43928737e+02 1.39319852e+00 
370 470.99 5.48441834e+02 1.44644838e+00 
371 471.79 5.56219703e+02 1.29233244e+00 
372 472.59 5.63740538e+02 1.38433741e+00 
373 473.40 5.69278755e+02 1.66031170e+00 
374 474.20 5.72946434e+02 1.84094638e+00 
375 475.00 5.75450527e+02 1.89148496e+00 
376 475.81 5.77339572e+02 2.02116631e+00 
377 476.61 5.80519256e+02 1.99249100e+00 
378 477.41 5.86100576e+02 1.77681784e+00 
379 478.21 5.91836694e+02 1.51997946e+00 
380 479.02 5.95798123e+02 1.40944973e+00 
381 479.82 5.97798997e+02 1.40127392e+00 
382 480.62 5.99970808e+02 1.34992532e+00 
383 481.43 6.01103707e+02 1.35802944e+00 
384 482.23 6.00026895e+02 1.49449221e+00 
385 483.03 5.95840204e+02 1.64239740e+00 
386 483.84 5.86609399e+02 1.55330881e+00 
387 484.64 5.68798401e+02 1.37932914e+00 
388 485.44 5.46392066e+02 1.61670065e+00 
389 486.24 5.32184763e+02 2.11652912e+00 
390 487.05 5.33236545e+02 2.08869822e+00 
391 487.85 5.47471960e+02 1.78403626e+00 
392 488.65 5.65634084e+02 1.63465089e+00 
393 489.45 5.78401445e+02 1.40188822e+00 
394 490.26 5.83030231e+02 1.16594783e+00 
395 491.06 5.81335021e+02 1.29206060e+00 
396 491.86 5.77186677e+02 1.77453851e+00 
397 492.66 5.76224313e+02 2.16726461e+00 
398 493.46 5.81277766e+02 2.45441930e+00 
399 494.27 5.88273566e+02 2.46029624e+00 
400 495.07 5.92653064e+02 2.39707878e+00 
401 495.87 5.94696736e+02 2.24306422e+00 
402 496.67 5.92781565e+02 1.93089380e+00 
403 497.48 5.88398287e+02 1.74827407e+00 
404 498.28 5.83714379e+02 1.55624499e+00 
405 499.08 5.78077639e+02 1.29141792e+00 
406 499.88 5.71860869e+02 1.18112763e+00 
407 500.68 5.66498144e+02 1.38412038e+00 
408 501.48 5.63457128e+02 1.73227795e+00 
409 502.29 5.64866120e+02 1.96509465e+00 
410 503.09 5.68777563e+02 2.23369626e+00 
411 503.89 5.74055685e+02 2.52658715e+00 
412 504.69 5.80203108e+02 2.62818436e+00 
413 505.49 5.85201081e+02 2.37616188e+00 
414 506.29 5.86862158e+02 2.07959103e+00 
415 507.09 5.84607615e+02 1.97445504e+00 
416 507.90 5.81367757e+02 1.84435215e+00 
417 508.70 5.79894981e+02 1.59762241e+00 
418 509.50 5.80357992e+02 1.40122262e+00 
419 510.30 5.81544196e+02 1.37168805e+00 
420 511.10 5.80684943e+02 1.31338366e+00 
421 511.90 5.77051482e+02 1.46088595e+00 
422 512.70 5.71020057e+02 1.75571431e+00 
423 513.51 5.64191784e+02 2.09696175e+00 
424 514.31 5.58577342e+02 2.21239396e+00 
425 515.11 5.50783916e+02 1.99104388e+00 
426 515.91 5.37518370e+02 1.89637108e+00 
427 516.71 5.23278775e+02 2.03541433e+00 
428 517.51 5.14333408e+02 2.06723465e+00 
429 518.31 5.16390926e+02 1.93500501e+00 
430 519.11 5.28185457e+02 1.66527834e+00 
431 519.91 5.41112933e+02 1.44058915e+00 
432 520.71 5.51018721e+02 1.30714734e+00 
433 521.51 5.55398066e+02 1.33126952e+00 
434 522.32 5.57460886e+02 1.62518094e+00 
435 523.12 5.61104365e+02 1.89082376e+00 
436 523.92 5.65117452e+02 1.92701835e+00 
437 524.72 5.65612730e+02 1.82380387e+00 
438 525.52 5.58907577e+02 1.96724079e+00 
439 526.32 5.49330310e+02 2.40821044e+00 
440 527.12 5.46484291e+02 2.71302637e+00 
441 527.92 5.52845998e+02 2.58602967e+00 
442 528.72 5.64969612e+02 2.26042017e+00 
443 529.52 5.76234608e+02 1.92956536e+00 
444 530.32 5.81730228e+02 1.51563985e+00 
445 531.12 5.80431126e+02 1.11678374e+00 
446 531.92 5.75365721e+02 1.10807875e+00 
447 532.72 5.70258266e+02 1.38030304e+00 
448 533.52 5.68913883e+02 1.69081242e+00 
449 534.32 5.72570816e+02 1.82861279e+00 
450 535.12 5.77108218e+02 1.90001924e+00 
451 535.92 5.78322353e+02 2.05022821e+00 
452 536.72 5.77094335e+02 2.35962702e+00 
453 537.52 5.74677817e+02 2.46522943e+00 
454 538.32 5.71118690e+02 2.39872781e+00 
455 539.12 5.66506095e+02 2.28830860e+00 
456 539.92 5.62030396e+02 2.21659569e+00 
457 540.72 5.60075616e+02 2.01414971e+00 
458 541.52 5.61603855e+02 1.60804654e+00 
459 542.32 5.65950226e+02 1.30818581e+00 
460 543.12 5.70429997e+02 1.18050250e+00 
461 543.92 5.73650099e+02 1.14045919e+00 
462 544.72 5.75609153e+02 1.25590631e+00 
463 545.52 5.75589556e+02 1.42223055e+00 
464 546.31 5.73184785e+02 1.64035206e+00 
465 547.12 5.69963528e+02 1.93120957e+00 
466 547.91 5.67935276e+02 2.18539560e+00 
467 548.71 5.67351341e+02 2.28230119e+00 
468 549.51 5.67644723e+02 2.35574743e+00 
469 550.31 5.67518407e+02 2.37173967e+00 
470 551.11 5.66967212e+02 2.29762937e+00 
471 551.91 5.66586490e+02 2.11752571e+00 
472 552.71 5.66495592e+02 1.99610143e+00 
473 553.51 5.67951587e+02 1.77353818e+00 
474 554.31 5.69178271e+02 1.42205389e+00 
475 555.10 5.68000126e+02 1.05993566e+00 
476 555.90 5.64923550e+02 9.90537712e-01 
477 556.70 5.60567790e+02 1.08224795e+00 
478 557.50 5.54361990e+02 1.17452831e+00 
479 558.30 5.48718220e+02 1.47703871e+00 
480 559.10 5.47292930e+02 1.81890861e+00 
481 559.90 5.47657171e+02 2.01437539e+00 
482 560.70 5.49713123e+02 2.18213239e+00 
483 561.50 5.54570520e+02 2.27907227e+00 
484 562.29 5.58392893e+02 2.34818041e+00 
485 563.09 5.59971111e+02 2.38780501e+00 
486 563.89 5.61246204e+02 2.30120768e+00 
487 564.69 5.61337277e+02 2.24452625e+00 
488 565.49 5.60618889e+02 2.07885020e+00 
489 566.29 5.60569779e+02 1.82081042e+00 
490 567.08 5.63468453e+02 1.47773318e+00 
491 567.88 5.66935270e+02 1.10982101e+00 
492 568.68 5.68109193e+02 1.06345195e+00 
493 569.48 5.67413929e+02 1.12395034e+00 
494 570.27 5.65841824e+02 1.42244870e+00 
495 571.07 5.67905519e+02 1.82370611e+00 
496 571.87 5.74761526e+02 2.04218573e+00 
497 572.67 5.82412804e+02 2.09166961e+00 
498 573.47 5.87376185e+02 2.06730178e+00 
499 574.26 5.86141066e+02 2.12244767e+00 
500 575.06 5.82156217e+02 2.30898310e+00 
501 575.86 5.78807126e+02 2.43654568e+00 
502 576.66 5.75343772e+02 2.42178931e+00 
503 577.46 5.72182752e+02 2.38427474e+00 
504 578.25 5.69444327e+02 2.34667170e+00 
505 579.05 5.67573179e+02 2.20320432e+00 
506 579.85 5.67371025e+02 2.01275991e+00 
507 580.64 5.68308384e+02 1.87190765e+00 
508 581.44 5.69180420e+02 1.74829355e+00 
509 582.24 5.69428783e+02 1.54045929e+00 
510 583.04 5.68883893e+02 1.28612916e+00 
511 583.83 5.66181141e+02 1.06594805e+00 
512 584.63 5.61425289e+02 1.09575233e+00 
513 585.43 5.56679264e+02 1.36890275e+00 
514 586.23 5.53484479e+02 1.67039279e+00 
515 587.02 5.49763241e+02 1.75596516e+00 
516 587.82 5.42343901e+02 1.84755100e+00 
517 588.62 5.33008467e+02 2.28873540e+00 
518 589.41 5.27597776e+02 2.70674169e+00 
519 590.21 5.29106895e+02 2.81902799e+00 
520 591.01 5.36155465e+02 2.77450937e+00 
521 591.80 5.42960616e+02 2.64169153e+00 
522 592.60 5.45850492e+02 2.44881477e+00 
523 593.40 5.46142110e+02 2.22937145e+00 
524 594.19 5.45570042e+02 2.02477797e+00 
525 594.99 5.45235390e+02 1.78937014e+00 
526 595.79 5.45653618e+02 1.57218263e+00 
527 596.58 5.45458389e+02 1.43529716e+00 
528 597.38 5.44547822e+02 1.43856438e+00 
529 598.18 5.42638244e+02 1.55978131e+00 
530 598.97 5.40159385e+02 1.61178495e+00 
531 599.77 5.37790320e+02 1.68861085e+00 
532 600.56 5.35498714e+02 1.74027467e+00 
533 601.36 5.33667746e+02 1.82556746e+00 
534 602.16 5.34252411e+02 1.98530097e+00 
535 602.95 5.36921025e+02 2.10383035e+00 
536 603.75 5.40270504e+02 2.13039382e+00 
537 604.54 5.42120947e+02 2.20313706e+00 
538 605.34 5.41868607e+02 2.27956383e+00 
539 606.14 5.40568478e+02 2.30059062e+00 
540 606.93 5.38572812e+02 2.18495574e+00 
541 607.73 5.35963983e+02 2.04307775e+00 
542 608.52 5.33014102e+02 1.91114731e+00 
543 609.32 5.30200268e+02 1.79022523e+00 
544 610.12 5.28473865e+02 1.63961818e+00 
545 610.91 5.27726466e+02 1.49759063e+00 
546 611.71 5.26159096e+02 1.44488773e+00 
547 612.50 5.23951292e+02 1.52634407e+00 
548 613.30 5.21307144e+02 1.60019710e+00 
549 614.09 5.18916157e+02 1.61787752e+00 
550 614.89 5.15836131e+02 1.58394929e+00 
551 615.68 5.12406237e+02 1.60864503e+00 
552 616.48 5.10772512e+02 1.72022893e+00 
553 617.27 5.11788071e+02 1.75260726e+00 
554 618.07 5.15330495e+02 1.79893531e+00 
555 618.86 5.19226650e+02 1.98024044e+00 
556 619.66 5.21401038e+02 2.13003597e+00 
557 620.45 5.21365377e+02 2.22539365e+00 
558 621.25 5.19768911e+02 2.29547153e+00 
559 622.04 5.16485084e+02 2.31833254e+00 
560 622.84 5.12489619e+02 2.35643726e+00 
561 623.63 5.08668539e+02 2.29513549e+00 
562 624.43 5.05226075e+02 2.22066655e+00 
563 625.22 5.04084810e+02 2.05213925e+00 
564 626.02 5.04153548e+02 1.78812839e+00 
565 626.81 5.04741628e+02 1.56314224e+00 
566 627.61 5.04095963e+02 1.55470631e+00 
567 628.40 5.02120993e+02 1.41699069e+00 
568 629.19 4.99509144e+02 1.06865595e+00 
569 629.99 4.97111385e+02 7.21784893e-01 
570 630.78 4.94551762e+02 7.96062327e-01 
571 631.58 4.93202723e+02 1.05988209e+00 
572 632.37 4.92436542e+02 1.22331757e+00 
573 633.17 4.91839656e+02 1.34090842e+00 
574 633.96 4.91140058e+02 1.41288839e+00 
575 634.76 4.89619968e+02 1.49442486e+00 
576 635.55 4.88101674e+02 1.70732692e+00 
577 636.34 4.87308464e+02 1.91842341e+00 
578 637.14 4.87198251e+02 2.12232727e+00 
579 637.93 4.86462180e+02 2.32139759e+00 
580 638.73 4.83623383e+02 2.41149421e+00 
581 639.52 4.79483038e+02 2.39565422e+00 
582 640.31 4.75176444e+02 2.36072665e+00 
583 641.11 4.72035554e+02 2.33144653e+00 
584 641.90 4.70790462e+02 2.23609451e+00 
585 642.69 4.70384465e+02 2.05836147e+00 
586 643.49 4.69291559e+02 1.78998528e+00 
587 644.28 4.67552496e+02 1.50805754e+00 
588 645.07 4.65087937e+02 1.30088565e+00 
589 645.87 4.63299684e+02 1.14248071e+00 
590 646.66 4.62195633e+02 1.02433242e+00 
591 647.45 4.61080940e+02 9.87053841e-01 
592 648.25 4.58038069e+02 1.00706489e+00 
593 649.04 4.53452455e+02 1.07151771e+00 
594 649.83 4.50843137e+02 1.16072252e+00 
595 650.63 4.51580997e+02 1.23437174e+00 
596 651.42 4.53460428e+02 1.37001752e+00 
597 652.21 4.53633886e+02 1.60243959e+00 
598 653.00 4.52306423e+02 1.71435875e+00 
599 653.80 4.48087417e+02 1.56440044e+00 
600 654.59 4.36867588e+02 1.26188212e+00 
601 655.38 4.18581830e+02 1.38435471e+00 
602 656.17 4.04655717e+02 2.06837333e+00 
603 656.97 4.05927448e+02 2.38653496e+00 
604 657.76 4.19801423e+02 2.23833136e+00 
605 658.55 4.33226666e+02 2.03041783e+00 
606 659.34 4.39355299e+02 1.86704549e+00 
607 660.14 4.41735784e+02 1.68991982e+00 
608 660.93 4.43683841e+02 1.55407685e+00 
609 661.72 4.45043584e+02 1.45531339e+00 
610 662.51 4.44761701e+02 1.39329839e+00 
611 663.31 4.43562510e+02 1.50115052e+00 
612 664.10 4.43306501e+02 1.67402274e+00 
613 664.89 4.43936201e+02 1.83337153e+00 
614 665.68 4.44229348e+02 1.87972765e+00 
615 666.48 4.43512416e+02 1.88402685e+00 
616 667.27 4.42685254e+02 1.88749484e+00 
617 668.06 4.42741243e+02 1.83807014e+00 
618 668.85 4.42782060e+02 1.75513069e+00 
619 669.64 4.41882948e+02 1.62833288e+00 
620 670.43 4.39584723e+02 1.51126840e+00 
621 671.22 4.36918930e+02 1.50646760e+00 
622 672.02 4.35420657e+02 1.58288686e+00 
623 672.81 4.35582797e+02 1.68616022e+00 
624 673.60 4.35804698e+02 1.79803494e+00 
625 674.39 4.35135468e+02 1.88691659e+00 
626 675.18 4.34191123e+02 1.90209020e+00 
627 675.97 4.33580757e+02 1.87593157e+00 
628 676.76 4.32958879e+02 1.82112147e+00 
629 677.56 4.31676581e+02 1.74451326e+00 
630 678.35 4.29882487e+02 1.60735403e+00 
631 679.14 4.28190401e+02 1.44955968e+00 
632 679.93 4.26508184e+02 1.29896991e+00 
633 680.72 4.25148264e+02 1.19767470e+00 
634 681.51 4.24055661e+02 1.17068229e+00 
635 682.30 4.22636700e+02 1.14590606e+00 
636 683.09 4.19673067e+02 1.13894021e+00 
637 683.88 4.15677321e+02 1.05631960e+00 
638 684.67 4.11332420e+02 8.89728662e-01 
639 685.46 4.02775409e+02 6.17544374e-01 
640 686.26 3.84527732e+02 2.26354423e+00 
641 687.05 3.65202499e+02 4.87715114e+00 
642 687.84 3.59613307e+02 5.81059207e+00 
643 688.63 3.65284707e+02 5.14498486e+00 
644 689.42 3.70926257e+02 4.38965109e+00 
645 690.21 3.74925679e+02 3.82333377e+00 
646 691.00 3.79074242e+02 3.21344265e+00 
647 691.79 3.83169259e+02 2.77149475e+00 
648 692.58 3.86813667e+02 2.58622483e+00 
649 693.37 3.89296113e+02 2.58566765e+00 
650 694.16 3.90138689e+02 2.63492804e+00 
651 694.95 3.89550102e+02 2.65902045e+00 
652 695.74 3.88866283e+02 2.51687712e+00 
653 696.53 3.87315450e+02 2.29295519e+00 
654 697.32 3.84426590e+02 2.12604701e+00 
655 698.11 3.81931091e+02 1.95187960e+00 
656 698.90 3.80793869e+02 1.60800817e+00 
657 699.68 3.79026117e+02 1.20101143e+00 
658 700.47 3.75693984e+02 9.90828891e-01 
659 701.26 3.72482668e+02 8.48219019e-01 
660 702.05 3.70376576e+02 8.08256410e-01 
661 702.84 3.69885730e+02 7.89134335e-01 
662 703.63 3.70754228e+02 8.48588449e-01 
663 704.42 3.71962698e+02 9.97171314e-01 
664 705.21 3.71630209e+02 1.09179251e+00 
665 706.00 3.70238836e+02 1.16336360e+00 
666 706.79 3.69135750e+02 1.20345946e+00 
667 707.58 3.68530367e+02 1.17612304e+00 
668 708.37 3.66968819e+02 1.02810223e+00 
669 709.15 3.65416870e+02 1.06899405e+00 
670 709.94 3.65168445e+02 1.18609004e+00 
671 710.73 3.64618668e+02 1.34636424e+00 
672 711.52 3.62763179e+02 1.62061880e+00 
673 712.31 3.61003654e+02 1.80431118e+00 
674 713.10 3.60323699e+02 1.90093977e+00 
675 713.88 3.59894868e+02 1.92643458e+00 
676 714.67 3.58719202e+02 1.93856515e+00 
677 715.46 3.56760987e+02 1.90855718e+00 
678 716.25 3.54472566e+02 1.95517970e+00 
679 717.04 3.51325352e+02 2.24267038e+00 
680 717.83 3.45997612e+02 2.77491422e+00 
681 718.61 3.40037041e+02 3.24856473e+00 
682 719.40 3.37506623e+02 3.27850004e+00 
683 720.19 3.38339122e+02 2.85591756e+00 
684 720.98 3.40884891e+02 2.07973124e+00 
685 721.76 3.43520463e+02 1.30844530e+00 
686 722.55 3.43494174e+02 1.25305865e+00 
687 723.34 3.42125470e+02 1.70621453e+00 
688 724.13 3.41204575e+02 2.07469294e+00 
689 724.91 3.41056705e+02 2.09253672e+00 
690 725.70 3.40743716e+02 1.95338812e+00 
691 726.49 3.39987298e+02 1.84397772e+00 
692 727.28 3.38472096e+02 1.83279542e+00 
693 728.06 3.35817744e+02 1.79543643e+00 
694 728.85 3.33214001e+02 1.75781802e+00 
695 729.64 3.33693492e+02 1.80105489e+00 
696 730.42 3.35253344e+02 1.77446037e+00 
697 731.21 3.35598829e+02 1.79081462e+00 
698 732.00 3.35884714e+02 1.76608134e+00 
699 732.78 3.35668296e+02 1.75023617e+00 
700 733.57 3.35943178e+02 1.75405876e+00 
701 734.36 3.35454398e+02 1.79467389e+00 
702 735.15 3.33283295e+02 1.84743861e+00 
703 735.93 3.30964976e+02 1.85123957e+00 
704 736.72 3.29759584e+02 1.81302414e+00 
705 737.51 3.28476840e+02 1.63120627e+00 
706 738.29 3.25067439e+02 1.46443450e+00 
707 739.08 3.21679179e+02 1.34075525e+00 
708 739.86 3.20263432e+02 1.12569732e+00 
709 740.65 3.17926650e+02 8.48146145e-01 
710 741.44 3.15382715e+02 8.01708934e-01 
711 742.22 3.15514817e+02 7.72391580e-01 
712 743.01 3.17130102e+02 6.80681868e-01 
713 743.79 3.16863056e+02 7.06184885e-01 
714 744.58 3.14785821e+02 7.71710624e-01 
715 745.37 3.14146093e+02 8.53867722e-01 
716 746.15 3.13914449e+02 9.40702873e-01 
717 746.94 3.13371629e+02 9.56070440e-01 
718 747.72 3.12012131e+02 9.00709934e-01 
719 748.51 3.09387740e+02 7.90703069e-01 
720 749.29 3.06652193e+02 7.53256475e-01 
721 750.08 3.04989089e+02 8.41839381e-01 
722 750.86 3.03695423e+02 9.18326372e-01 
723 751.65 3.02419048e+02 8.77882955e-01 
724 752.43 3.01425160e+02 7.76450630e-01 
725 753.22 3.01235054e+02 7.69491266e-01 
726 754.00 3.01737820e+02 9.73864566e-01 
727 754.79 3.00343014e+02 1.15810015e+00 
728 755.57 2.97854982e+02 1.32088589e+00 
729 756.36 2.96037170e+02 1.51897051e+00 
730 757.14 2.94520195e+02 1.60424049e+00 
731 757.93 2.89275509e+02 1.51442791e+00 
732 758.71 2.65491499e+02 2.76659499e+00 
733 759.49 2.05839984e+02 8.75297653e+00 
734 760.28 1.45313263e+02 1.59652400e+01 
735 761.06 1.41167059e+02 1.78229768e+01 
736 761.85 1.69200113e+02 1.48019063e+01 
737 762.63 1.83276501e+02 1.29879663e+01 
738 763.41 1.87312083e+02 1.22757821e+01 
739 764.20 1.98312356e+02 1.07983682e+01 
740 764.98 2.14592098e+02 8.41978139e+00 
741 765.77 2.30299442e+02 5.73977299e+00 
742 766.55 2.44933264e+02 3.44303994e+00 
743 767.33 2.58492363e+02 1.84826972e+00 
744 768.12 2.67657023e+02 9.23462263e-01 
745 768.90 2.71829599e+02 6.99246132e-01 
746 769.68 2.73264917e+02 6.92443215e-01 
747 770.47 2.73826994e+02 7.04312654e-01 
748 771.25 2.73105032e+02 8.35019707e-01 
749 772.03 2.72442981e+02 8.36900395e-01 
750 772.82 2.73071924e+02 7.66644959e-01 
751 773.60 2.73009104e+02 7.34056309e-01 
752 774.38 2.70950375e+02 6.80418692e-01 
753 775.17 2.69943081e+02 6.13809099e-01 
754 775.95 2.70611084e+02 6.57214592e-01 
755 776.73 2.70082282e+02 7.79670122e-01 
756 777.51 2.68299026e+02 9.99659632e-01 
757 778.30 2.67224608e+02 1.16366356e+00 
758 779.08 2.66121511e+02 1.15289445e+00 
759 779.86 2.64783887e+02 1.17211035e+00 
760 780.64 2.64251781e+02 1.23909856e+00 
761 781.43 2.64957992e+02 1.29760565e+00 
762 782.21 2.64931175e+02 1.30605463e+00 
763 782.99 2.62366613e+02 1.23507187e+00 
764 783.77 2.60613556e+02 1.24587488e+00 
765 784.55 2.60260643e+02 1.21468002e+00 
766 785.34 2.60094482e+02 1.20085803e+00 
767 786.12 2.59966225e+02 1.14177749e+00 
768 786.90 2.59202170e+02 1.01527657e+00 
769 787.68 2.57367943e+02 8.73749680e-01 
770 788.46 2.55704083e+02 7.05604873e-01 
771 789.24 2.54790580e+02 5.24111534e-01 
772 790.03 2.53898547e+02 3.63419733e-01 
773 790.81 2.51876649e+02 4.09968246e-01 
774 791.59 2.48462890e+02 6.00965950e-01 
775 792.37 2.45108050e+02 6.44542547e-01 
776 793.15 2.42704330e+02 6.51731564e-01 
777 793.93 2.41539061e+02 7.22379445e-01 
778 794.71 2.42113265e+02 7.69722271e-01 
779 795.49 2.43073202e+02 8.33131208e-01 
780 796.27 2.43208996e+02 9.08381250e-01 
781 797.05 2.43615768e+02 9.19295755e-01 
782 797.83 2.43574869e+02 8.52908531e-01 
783 798.62 2.42010840e+02 7.52688998e-01 
784 799.40 2.39770313e+02 7.03449341e-01 
785 800.18 2.37696690e+02 7.22121004e-01 
786 800.96 2.36601254e+02 7.59207297e-01 
787 801.74 2.36659990e+02 8.21768255e-01 
788 802.52 2.36536526e+02 8.37356305e-01 
789 803.30 2.35584461e+02 8.74484024e-01 
790 804.08 2.33194735e+02 9.62349579e-01 
791 804.86 2.30229649e+02 1.11533870e+00 
792 805.64 2.28990192e+02 1.15155353e+00 
793 806.41 2.29768709e+02 1.13149420e+00 
794 807.20 2.30456854e+02 1.09667729e+00 
795 807.97 2.28678871e+02 1.14919218e+00 
796 808.75 2.24925685e+02 1.23282533e+00 
797 809.53 2.22238312e+02 1.25400784e+00 
798 810.31 2.22588765e+02 1.24570328e+00 
799 811.09 2.24237647e+02 1.15084400e+00 
800 811.87 2.24301529e+02 9.69348191e-01 
801 812.65 2.22398634e+02 8.48582962e-01 
802 813.43 2.19404907e+02 8.90188411e-01 
803 814.21 2.16102184e+02 1.10004307e+00 
804 814.99 2.14007298e+02 1.39020870e+00 
805 815.76 2.12772992e+02 1.70421106e+00 
806 816.54 2.11824325e+02 1.86075482e+00 
807 817.32 2.09813436e+02 1.83195605e+00 
808 818.10 2.06556161e+02 1.70889288e+00 
809 818.88 2.03846938e+02 1.49784615e+00 
810 819.66 2.02739304e+02 1.23646991e+00 
811 820.43 2.03927886e+02 1.07660894e+00 
812 821.21 2.05665511e+02 1.04535789e+00 
813 821.99 2.04338392e+02 1.24283598e+00 
814 822.77 2.01127272e+02 1.51583491e+00 
815 823.55 1.99791397e+02 1.47792811e+00 
816 824.32 2.00379382e+02 1.23360490e+00 
817 825.10 2.02465489e+02 1.16148242e+00 
818 825.88 2.04404053e+02 1.19063414e+00 
819 826.66 2.03901988e+02 1.20991342e+00 
820 827.43 2.01582097e+02 1.22517934e+00 
821 828.21 1.98650179e+02 1.22535355e+00 
822 828.99 1.96828223e+02 1.22753275e+00 
823 829.76 1.97004579e+02 1.23036785e+00 
824 830.54 1.97976648e+02 1.17871751e+00 
825 831.32 1.97305385e+02 1.12194557e+00 
826 832.10 1.94923223e+02 1.10438097e+00 
827 832.87 1.91474292e+02 1.10954460e+00 
828 833.65 1.89691524e+02 1.18243655e+00 
829 834.42 1.91056931e+02 1.23605277e+00 
830 835.20 1.94116039e+02 1.25385734e+00 
831 835.98 1.95515378e+02 1.14389150e+00 
832 836.75 1.94332883e+02 1.03225184e+00 
833 837.53 1.91113458e+02 8.72193336e-01 
834 838.30 1.88609476e+02 7.45610558e-01 
835 839.08 1.88243685e+02 6.58730777e-01 
836 839.86 1.89368392e+02 6.55106971e-01 
837 840.63 1.89551555e+02 5.96051963e-01 
838 841.41 1.87653258e+02 4.50555053e-01 
839 842.18 1.84265581e+02 3.32901466e-01 
840 842.96 1.81012773e+02 2.29760256e-01 
841 843.74 1.79752716e+02 2.38152697e-01 
842 844.51 1.80725792e+02 2.78081260e-01 
843 845.28 1.82169736e+02 3.66657878e-01 
844 846.06 1.82707801e+02 4.23156835e-01 
845 846.84 1.80902691e+02 4.98455966e-01 
846 847.61 1.77165795e+02 5.57619697e-01 
847 848.38 1.73277258e+02 5.55467187e-01 
848 849.16 1.71418596e+02 5.76946817e-01 
849 849.93 1.71112010e+02 5.82548978e-01 
850 850.71 1.71812791e+02 6.29631833e-01 
851 851.48 1.71047422e+02 6.60648686e-01 
852 852.26 1.67559941e+02 6.81494500e-01 
853 853.03 1.62404498e+02 6.58049143e-01 
854 853.81 1.57960430e+02 6.00703154e-01 
855 854.58 1.57332813e+02 6.24168198e-01 
856 855.35 1.60898446e+02 7.61062267e-01 
857 856.13 1.65883815e+02 8.85454807e-01 
858 856.90 1.68279188e+02 8.74599080e-01 
859 857.68 1.67546312e+02 8.75462566e-01 
860 858.45 1.65545505e+02 8.97169202e-01 
861 859.22 1.63801556e+02 8.97016985e-01 
862 860.00 1.63879290e+02 9.06532463e-01 
863 860.77 1.65277205e+02 9.22733152e-01 
864 861.54 1.65762533e+02 9.39174120e-01 
865 862.32 1.64652364e+02 9.55134772e-01 
866 863.09 1.62157291e+02 9.05681385e-01 
867 863.86 1.57833253e+02 8.36409598e-01 
868 864.63 1.54058986e+02 7.80756776e-01 
869 865.41 1.51194471e+02 7.31999184e-01 
870 866.18 1.49842651e+02 6.18437901e-01 
871 866.95 1.49956350e+02 5.51875181e-01 
872 867.73 1.50722951e+02 5.32474871e-01 
873 868.50 1.50889103e+02 4.90961666e-01 
874 869.27 1.50492942e+02 4.48449150e-01 
875 870.04 1.50501303e+02 4.45941279e-01 
876 870.81 1.51666034e+02 4.33660746e-01 
877 871.59 1.52500198e+02 3.87956010e-01 
878 872.36 1.52812504e+02 3.12100977e-01 
879 873.13 1.51757564e+02 1.87461080e-01 
880 873.90 1.49304813e+02 7.10242847e-02 
881 874.67 1.46266755e+02 5.60432555e-02 
882 875.44 1.44663610e+02 1.05648236e-01 
883 876.22 1.45149865e+02 1.92290295e-01 
884 876.99 1.46229534e+02 2.60449218e-01 
885 877.76 1.46942121e+02 3.07397849e-01 
886 878.53 1.46178200e+02 3.22377832e-01 
887 879.30 1.43720473e+02 3.50322254e-01 
888 880.07 1.40893633e+02 3.86838091e-01 
889 880.84 1.39315910e+02 4.13523519e-01 
890 881.61 1.39549150e+02 4.81897667e-01 
891 882.38 1.40715828e+02 5.57969334e-01 
892 883.15 1.42243036e+02 6.02229572e-01 
893 883.92 1.42103551e+02 6.03797597e-01 
894 884.69 1.40277073e+02 6.08035113e-01 
895 885.46 1.37892262e+02 6.19161963e-01 
896 886.24 1.35689764e+02 6.10367065e-01 
897 887.01 1.34773677e+02 6.38167548e-01 
898 887.77 1.35277583e+02 6.96385457e-01 
899 888.55 1.36636928e+02 7.45621680e-01 
900 889.31 1.37748323e+02 7.66955338e-01 
901 890.08 1.36973060e+02 7.16223596e-01 
902 890.85 1.34641771e+02 6.38644773e-01 
903 891.62 1.32095975e+02 5.82227990e-01 
904 892.39 1.30079201e+02 5.61126520e-01 
905 893.16 1.29743702e+02 5.95389466e-01 
906 893.93 1.30449695e+02 6.48728324e-01 
907 894.70 1.30723585e+02 7.13706488e-01 
908 895.47 1.29545448e+02 7.98715832e-01 
909 896.24 1.27056234e+02 9.62797226e-01 
910 897.01 1.24007277e+02 1.14029628e+00 
911 897.77 1.21652025e+02 1.31121116e+00 
912 898.54 1.20634446e+02 1.43920163e+00 
913 899.31 1.20436560e+02 1.52098015e+00 
914 900.08 1.20054908e+02 1.52351777e+00 
915 900.85 1.19401387e+02 1.42946682e+00 
916 901.62 1.18068661e+02 1.27894814e+00 
917 902.38 1.16686574e+02 1.13478506e+00 
918 903.15 1.16009227e+02 9.90175602e-01 
919 903.92 1.16065986e+02 9.16587981e-01 
920 904.69 1.16478983e+02 8.67268692e-01 
921 905.46 1.16910404e+02 8.80151915e-01 
922 906.22 1.16839495e+02 9.06642556e-01 
923 906.99 1.15694528e+02 9.71018338e-01 
924 907.76 1.13741865e+02 1.04143125e+00 
925 908.52 1.11508169e+02 1.08205904e+00 
926 909.29 1.09856341e+02 1.11515876e+00 
927 910.06 1.09263267e+02 1.14782929e+00 
928 910.83 1.09452679e+02 1.14939705e+00 
929 911.59 1.10021007e+02 1.13678692e+00 
930 912.36 1.10269208e+02 1.11825108e+00 
931 913.13 1.09790199e+02 1.07302735e+00 
932 913.89 1.08641288e+02 1.03961058e+00 
933 914.66 1.07078033e+02 1.00816263e+00 
934 915.43 1.05719772e+02 9.71706594e-01 
935 916.19 1.04922670e+02 9.21941427e-01 
936 916.96 1.04656071e+02 8.97462064e-01 
937 917.72 1.04732865e+02 8.54833149e-01 
938 918.49 1.04605532e+02 8.04014653e-01 
939 919.26 1.03969346e+02 7.35658021e-01 
940 920.02 1.02713842e+02 6.58470210e-01 
941 920.79 1.01106130e+02 6.13765168e-01 
942 921.55 9.94791169e+01 5.80470183e-01 
943 922.32 9.83337324e+01 5.68725821e-01 
944 923.08 9.76831717e+01 5.60758882e-01 
945 923.85 9.74407023e+01 5.65915892e-01 
946 924.61 9.72166697e+01 5.75736110e-01 
947 925.38 9.66133091e+01 5.91536853e-01 
948 926.14 9.55191994e+01 6.38866589e-01 
949 926.91 9.38542663e+01 7.27686339e-01 
950 927.67 9.18658383e+01 8.72784103e-01 
951 928.44 8.99309756e+01 1.08840718e+00 
952 929.20 8.80824359e+01 1.39612317e+00 
953 929.97 8.62381123e+01 1.69446586e+00 
954 930.73 8.41404171e+01 1.97742508e+00 
955 931.50 8.17436688e+01 2.22921515e+00 
956 932.26 7.90307065e+01 2.44103346e+00 
957 933.02 7.63182818e+01 2.65182211e+00 
958 933.79 7.39675308e+01 2.77753446e+00 
959 934.55 7.24091979e+01 2.81968580e+00 
960 935.32 7.16689484e+01 2.82839539e+00 
961 936.08 7.15178030e+01 2.77560508e+00 
962 936.84 7.17356733e+01 2.67923669e+00 
963 937.61 7.19540991e+01 2.55030683e+00 
964 938.37 7.18767105e+01 2.38276673e+00 
965 939.13 7.14699784e+01 2.20857493e+00 
966 939.89 7.08746666e+01 2.04212708e+00 
967 940.66 7.01182555e+01 1.91868497e+00 
968 941.42 6.95689662e+01 1.85796820e+00 
969 942.18 6.90549974e+01 1.82593762e+00 
970 942.95 6.85873501e+01 1.85939788e+00 
971 943.71 6.80559111e+01 1.90106396e+00 
972 944.47 6.73653996e+01 1.92926943e+00 
973 945.23 6.65646305e+01 1.93988844e+00 
974 946.00 6.58538664e+01 1.93851588e+00 
975 946.76 6.54168035e+01 1.91873748e+00 
976 947.52 6.52364683e+01 1.89144515e+00 
977 948.28 6.53687524e+01 1.86629857e+00 
978 949.05 6.56067769e+01 1.83918456e+00 
979 949.81 6.56960654e+01 1.80851560e+00 
980 950.57 6.54023631e+01 1.75042236e+00 
981 951.33 6.47771337e+01 1.68334012e+00 
982 952.09 6.39643276e+01 1.61639956e+00 
983 952.85 6.32160162e+01 1.55257611e+00 
984 953.61 6.27801397e+01 1.50854799e+00 
985 954.38 6.27297570e+01 1.48238406e+00 
986 955.14 6.28213920e+01 1.44527382e+00 
987 955.90 6.28897978e+01 1.41816263e+00 
988 956.66 6.28603936e+01 1.38492679e+00 
989 957.42 6.25607771e+01 1.33108032e+00 
990 958.18 6.20917789e+01 1.28659992e+00 
991 958.94 6.16003578e+01 1.22623138e+00 
992 959.70 6.13443094e+01 1.16996818e+00 
993 960.46 6.12638286e+01 1.11328410e+00 
994 961.22 6.13405043e+01 1.06488276e+00 
995 961.98 6.14116918e+01 1.00805146e+00 
996 962.74 6.12222961e+01 9.39790482e-01 
997 963.50 6.08184054e+01 8.68750273e-01 
998 964.26 6.01710479e+01 7.85275972e-01 
999 965.02 5.95668450e+01 7.24326524e-01 
1000 965.78 5.91518333e+01 6.60973380e-01 
1001 966.54 5.90429563e+01 6.09724792e-01 
1002 967.30 5.91063612e+01 5.49825158e-01 
1003 968.06 5.91253111e+01 4.98897924e-01 
1004 968.82 5.87524625e+01 4.45522662e-01 
1005 969.58 5.80715236e+01 4.03926655e-01 
1006 970.34 5.74102484e+01 3.84074141e-01 
1007 971.10 5.68713958e+01 3.80709191e-01 
1008 971.86 5.65507188e+01 3.68944537e-01 
1009 972.62 5.63685224e+01 3.81407511e-01 
1010 973.38 5.60344476e+01 3.89500477e-01 
1011 974.14 5.54776902e+01 3.90265198e-01 
1012 974.89 5.47643823e+01 4.01252696e-01 
1013 975.65 5.40652632e+01 3.92131451e-01 
1014 976.41 5.35094595e+01 3.76840611e-01 
1015 977.17 5.32339663e+01 3.80532156e-01 
1016 977.93 5.30725186e+01 3.56433564e-01 
1017 978.69 5.27653040e+01 3.31833230e-01 
1018 979.45 5.22576047e+01 3.11852931e-01 
1019 980.20 5.16419460e+01 2.89289170e-01 
1020 980.96 5.11745396e+01 2.62834680e-01 
1021 981.72 5.08975997e+01 2.46897152e-01 
1022 982.48 5.07046119e+01 2.23781425e-01 
1023 983.24 5.02960199e+01 2.10291603e-01 
1024 983.99 4.95839708e+01 1.92440991e-01 
1025 984.75 4.88893323e+01 1.89994005e-01 
1026 985.51 4.84955478e+01 1.90092120e-01 
1027 986.26 4.82730783e+01 1.86710025e-01 
1028 987.02 4.78116156e+01 1.76108908e-01 
1029 987.78 4.70112127e+01 1.70964142e-01 
1030 988.54 4.62287727e+01 1.74353711e-01 
1031 989.29 4.57562206e+01 1.83425864e-01 
1032 990.05 4.54553807e+01 1.85696599e-01 
1033 990.81 4.47644218e+01 1.71017143e-01 
1034 991.56 4.38496909e+01 1.66978852e-01 
1035 992.32 4.31801579e+01 1.63663633e-01 
1036 993.08 4.25921216e+01 1.64985808e-01 
1037 993.83 4.17104971e+01 1.56128892e-01 
1038 994.59 4.07170143e+01 1.55609295e-01 
1039 995.35 3.99507926e+01 1.52419235e-01 
1040 996.10 2.58277963e+00 3.54537348e-02 
1041 996.86 1.96816754e-01 1.26014358e-01 
1042 997.62 8.11648718e-02 5.71051808e-02 
1043 998.37 6.38566418e-02 5.03802133e-02 
