% C0 (TOA Count Rate, /ms) for 4STAR VIS spectrometer (1044 channels) derived from (SEE Original files for sources) and recorded on 2017-06-15 00:12:39.
% Langley at MLO and airborne Data outside 2.0x the STD of 501 nm Langley residuals were screened out. 
% Including high Altitude rate spectra, matched to splined stratospheric AOD measured at MLO.
% Averages of c0 from multiple days including: , infl-ig-ht, high- a-lt, high- a-lt, high- a-lt. See the list of files below
% 20160825_VIS_C0_refined_Langley_ORACLES_transit2.dat
% 20160902_VIS_C0_refined_high_alt_low_m.dat
% 20160904_VIS_C0_refined_high_alt_low_m.dat
% 20160831_VIS_C0_refined_high_alt_low_m.dat
Pix Wavelength C0 C0err
0 173.18 -2.50000000e-01 5.00000000e-01 
1 173.98 8.11462978e+01 1.64292596e+02 
2 174.77 8.93315330e+01 1.80663066e+02 
3 175.56 3.10789963e+02 6.23579925e+02 
4 176.36 9.64108598e+03 1.92841720e+04 
5 177.15 1.17644235e+04 2.35308470e+04 
6 177.94 1.39629269e+04 2.79278539e+04 
7 178.74 1.62209730e+04 3.24439460e+04 
8 179.53 1.80731736e+04 3.61483471e+04 
9 180.33 2.04995210e+04 4.10010420e+04 
10 181.12 2.38389188e+04 4.76798376e+04 
11 181.92 2.79391945e+04 5.58803890e+04 
12 182.71 3.33045477e+04 6.66110955e+04 
13 183.51 3.85942445e+04 7.71904890e+04 
14 184.30 4.63241557e+04 9.26503115e+04 
15 185.10 5.51253657e+04 1.10252731e+05 
16 185.89 6.70945728e+04 1.34191146e+05 
17 186.69 7.95989170e+04 1.59199834e+05 
18 187.49 9.03463197e+04 1.80694639e+05 
19 188.28 1.10840297e+05 2.21682595e+05 
20 189.08 1.37032704e+05 2.74067408e+05 
21 189.88 1.67421031e+05 3.34844062e+05 
22 190.67 2.18114957e+05 4.36231915e+05 
23 191.47 2.69205245e+05 5.38412490e+05 
24 192.27 3.22819105e+05 6.45640210e+05 
25 193.07 4.15834513e+05 8.31671025e+05 
26 193.86 5.32007085e+05 1.06401617e+06 
27 194.66 6.82485870e+05 1.36497374e+06 
28 195.46 8.83638468e+05 1.76727894e+06 
29 196.26 1.17388400e+06 2.34777001e+06 
30 197.05 1.58518439e+06 3.17037079e+06 
31 197.85 2.19242647e+06 4.38485494e+06 
32 198.65 2.99047648e+06 5.98095495e+06 
33 199.45 4.22746565e+06 8.45493330e+06 
34 200.25 6.16821342e+06 1.23364288e+07 
35 201.05 7.45683708e+06 1.49136762e+07 
36 201.85 8.61758572e+06 1.72351734e+07 
37 202.65 8.00396620e+06 1.60079344e+07 
38 203.44 1.04634519e+07 2.09269058e+07 
39 204.24 8.33662872e+06 1.66732594e+07 
40 205.04 5.80202730e+06 1.16040566e+07 
41 205.84 4.02656355e+06 8.05312910e+06 
42 206.64 2.83647890e+06 5.67295980e+06 
43 207.44 1.95208986e+06 3.90418171e+06 
44 208.24 1.35904295e+06 2.71808790e+06 
45 209.04 9.53228720e+05 1.90645944e+06 
46 209.84 4.45545960e+34 8.91091920e+34 
47 210.64 6.70697157e+33 1.34139431e+34 
48 211.44 1.03278367e+33 2.06556733e+33 
49 212.24 1.57124901e+32 3.14249803e+32 
50 213.04 2.10960050e+35 4.21855468e+35 
51 213.85 2.53207977e+34 5.06317800e+34 
52 214.65 3.17637942e+33 6.35124334e+33 
53 215.45 3.84700408e+32 7.69164439e+32 
54 216.25 4.61900043e+31 9.23438926e+31 
55 217.05 5.76130303e+30 1.15169968e+31 
56 217.85 7.06202065e+29 1.41154844e+30 
57 218.65 8.73861396e+28 1.74641805e+29 
58 219.46 1.08803714e+28 2.17401674e+28 
59 220.26 1.33702409e+27 2.67095252e+27 
60 221.06 1.66254014e+26 3.32020369e+26 
61 221.86 2.07277395e+25 4.13791504e+25 
62 222.66 2.56701118e+24 5.12226996e+24 
63 223.47 3.18580433e+23 6.35328821e+23 
64 224.27 3.93409185e+22 7.84000367e+22 
65 225.07 4.85666916e+21 9.66957173e+21 
66 225.87 6.26769369e+20 1.24665411e+21 
67 226.68 4.67652053e+34 9.35304105e+34 
68 227.48 1.41802194e+33 2.83604388e+33 
69 228.28 5.52633698e+31 1.10526739e+32 
70 229.08 4.00392393e+30 8.00784785e+30 
71 229.89 8.43340683e+29 1.68668136e+30 
72 230.69 7.96368928e+29 1.59273785e+30 
73 231.49 3.79899650e+30 7.59799300e+30 
74 232.30 6.56895183e+31 1.31379036e+32 
75 233.10 2.55274393e+33 5.10548785e+33 
76 233.90 1.35114084e+35 2.70228168e+35 
77 234.71 1.40365383e+21 2.79240031e+21 
78 235.51 1.57729192e+22 3.14189310e+22 
79 236.32 1.82138652e+23 3.63159387e+23 
80 237.12 2.09056680e+24 4.17122160e+24 
81 237.92 2.48633289e+25 4.96360207e+25 
82 238.73 2.93042084e+26 5.85251301e+26 
83 239.53 3.48127422e+27 6.95500816e+27 
84 240.34 3.98580162e+28 7.96497164e+28 
85 241.14 4.29699298e+29 8.58842811e+29 
86 241.94 4.15656455e+30 8.30882312e+30 
87 242.75 3.76477816e+31 7.52642082e+31 
88 243.55 3.32361368e+32 6.64511271e+32 
89 244.36 2.53134154e+33 5.06137659e+33 
90 245.16 1.75868428e+34 3.51662535e+34 
91 245.97 1.10607596e+35 2.21176872e+35 
92 246.77 6.60194342e+31 1.32038869e+32 
93 247.58 2.70973548e+32 5.41947095e+32 
94 248.38 1.03364868e+33 2.06729735e+33 
95 249.19 3.50136485e+33 7.00272970e+33 
96 249.99 9.36310998e+33 1.87262199e+34 
97 250.80 1.95169863e+34 3.90339727e+34 
98 251.60 3.89995653e+34 7.79991305e+34 
99 252.41 7.07087780e+34 1.41417556e+35 
100 253.21 1.05154806e+35 2.10309613e+35 
101 254.02 1.42232012e+35 2.84464023e+35 
102 254.82 1.02016108e+06 2.04032416e+06 
103 255.63 1.59549882e+35 3.19099763e+35 
104 256.44 1.12251243e+35 2.24502486e+35 
105 257.24 6.56272818e+34 1.31254564e+35 
106 258.05 4.05557378e+34 8.11114755e+34 
107 258.85 2.13212889e+34 4.26425777e+34 
108 259.66 7.81289338e+33 1.56257868e+34 
109 260.46 2.30260484e+33 4.60520967e+33 
110 261.27 6.57558467e+32 1.31511693e+33 
111 262.08 1.55683030e+32 3.11366059e+32 
112 262.88 2.72106792e+35 5.44128215e+35 
113 263.69 4.14859598e+34 8.29554956e+34 
114 264.49 6.60641972e+33 1.32096743e+34 
115 265.30 8.99808740e+32 1.79907563e+33 
116 266.11 9.67118856e+31 1.93350827e+32 
117 266.91 9.38425017e+30 1.87595689e+31 
118 267.72 7.86537895e+29 1.57209080e+30 
119 268.53 5.43052508e+28 1.08517105e+29 
120 269.33 4.27404054e+27 8.53882095e+27 
121 270.14 3.79506574e+26 7.57929232e+26 
122 270.95 3.21687150e+25 6.42203081e+25 
123 271.75 2.42986445e+24 4.84799634e+24 
124 272.56 1.68557417e+23 3.36031326e+23 
125 273.37 1.04050414e+22 2.07202278e+22 
126 274.17 6.29317095e+20 1.25128542e+21 
127 274.98 3.68785508e+34 7.37571015e+34 
128 275.79 4.64772943e+32 9.29545885e+32 
129 276.59 6.82865498e+30 1.36573099e+31 
130 277.40 1.08784708e+29 2.17569416e+29 
131 278.21 1.62653399e+27 3.25306797e+27 
132 279.01 2.75447013e+25 5.50894025e+25 
133 279.82 5.16270793e+23 1.03254158e+24 
134 280.63 9.68551230e+21 1.93710246e+22 
135 281.43 1.98625017e+20 3.97250032e+20 
136 282.24 5.54947381e+18 1.10989475e+19 
137 283.05 2.16346699e+17 4.32693384e+17 
138 283.86 9.64475798e+15 1.92895135e+16 
139 284.66 4.41755764e+14 8.83511110e+14 
140 285.47 2.51871586e+13 5.03742383e+13 
141 286.28 1.97758795e+12 3.95515748e+12 
142 287.09 1.69720351e+11 3.39436065e+11 
143 287.89 1.51587434e+10 3.03163444e+10 
144 288.70 1.60036468e+09 3.20040166e+09 
145 289.51 2.20057790e+08 4.40010245e+08 
146 290.32 3.58977438e+07 7.17574853e+07 
147 291.12 6.33809097e+06 1.26620731e+07 
148 291.93 1.19917807e+06 2.39279536e+06 
149 292.74 2.75244357e+05 5.48083666e+05 
150 293.55 7.04579204e+04 1.39780740e+05 
151 294.35 2.10026744e+04 4.14364445e+04 
152 295.16 6.81378527e+03 1.33256787e+04 
153 295.97 2.44196562e+03 4.71458167e+03 
154 296.78 9.44863812e+02 1.79006885e+03 
155 297.58 3.97222286e+02 7.34593032e+02 
156 298.39 1.87137634e+02 3.35181951e+02 
157 299.20 9.64249586e+01 1.66007448e+02 
158 300.01 5.34918151e+01 8.78480863e+01 
159 300.81 3.15493400e+01 4.89130390e+01 
160 301.62 2.02224746e+01 2.97114486e+01 
161 302.43 1.33208164e+01 1.82181524e+01 
162 303.24 9.60099954e+00 1.24344030e+01 
163 304.04 7.02582482e+00 8.41893747e+00 
164 304.85 5.42896567e+00 6.10216602e+00 
165 305.66 4.25248389e+00 4.41264435e+00 
166 306.47 3.44326258e+00 3.31673591e+00 
167 307.28 2.85895297e+00 2.53843621e+00 
168 308.08 2.43777156e+00 2.01373038e+00 
169 308.89 2.16280042e+00 1.67490510e+00 
170 309.70 1.90289784e+00 1.36471995e+00 
171 310.51 1.68783511e+00 1.12800460e+00 
172 311.32 1.52548086e+00 9.22914090e-01 
173 312.12 1.37650875e+00 7.63031935e-01 
174 312.93 1.28415152e+00 6.58612604e-01 
175 313.74 1.20542073e+00 5.94530011e-01 
176 314.55 1.14874785e+00 5.28288020e-01 
177 315.36 1.09790826e+00 4.71779972e-01 
178 316.16 1.07026744e+00 4.34366070e-01 
179 316.97 1.04438220e+00 4.03546247e-01 
180 317.78 1.02957041e+00 3.79014804e-01 
181 318.59 1.00765038e+00 3.48716182e-01 
182 319.40 1.00120362e+00 3.32266140e-01 
183 320.20 9.87923802e-01 3.03548340e-01 
184 321.01 9.79858627e-01 2.88016041e-01 
185 321.82 9.87661008e-01 2.76520069e-01 
186 322.63 9.94250026e-01 2.60829626e-01 
187 323.43 9.91471237e-01 2.48440867e-01 
188 324.24 9.94273221e-01 2.38627146e-01 
189 325.05 1.01331341e+00 2.34079519e-01 
190 325.86 1.02762846e+00 2.28375272e-01 
191 326.67 1.04121271e+00 2.12659714e-01 
192 327.48 1.06374396e+00 2.12704218e-01 
193 328.28 1.09053422e+00 1.96291615e-01 
194 329.09 1.11914601e+00 1.99636812e-01 
195 329.90 1.15068277e+00 1.98488207e-01 
196 330.71 1.21344784e+00 2.02380636e-01 
197 331.52 1.29691585e+00 2.01038456e-01 
198 332.32 1.45286120e+00 2.10488696e-01 
199 333.13 1.73378640e+00 2.09367386e-01 
200 333.94 2.25154524e+00 2.23562402e-01 
201 334.75 3.06470709e+00 2.40763375e-01 
202 335.55 4.16176357e+00 2.36662285e-01 
203 336.36 5.70336201e+00 2.76911564e-01 
204 337.17 8.10225258e+00 3.22914844e-01 
205 337.98 1.14173470e+01 3.92647743e-01 
206 338.79 1.52950874e+01 4.65301523e-01 
207 339.60 1.96263872e+01 5.41866706e-01 
208 340.40 2.34673003e+01 5.96031209e-01 
209 341.21 2.66501017e+01 6.07688906e-01 
210 342.02 3.04186780e+01 6.15134646e-01 
211 342.83 3.37535003e+01 6.28500938e-01 
212 343.63 3.45616246e+01 6.20181073e-01 
213 344.44 3.57697857e+01 5.76841378e-01 
214 345.25 3.96691370e+01 6.09603505e-01 
215 346.06 4.33519622e+01 6.41619635e-01 
216 346.87 4.57346207e+01 6.53861726e-01 
217 347.67 4.73903244e+01 6.15372826e-01 
218 348.48 4.89877821e+01 6.10361466e-01 
219 349.29 5.18674289e+01 6.21869725e-01 
220 350.10 5.68715312e+01 6.67971449e-01 
221 350.90 6.02493268e+01 7.15020657e-01 
222 351.71 6.03721453e+01 7.49481966e-01 
223 352.52 6.14683758e+01 7.25727838e-01 
224 353.33 6.68639795e+01 7.94666120e-01 
225 354.14 7.35814661e+01 8.99680613e-01 
226 354.94 7.65187688e+01 9.79017406e-01 
227 355.75 7.50641141e+01 9.89943187e-01 
228 356.56 7.06351828e+01 9.73698754e-01 
229 357.37 6.63296181e+01 8.92684137e-01 
230 358.18 6.54521075e+01 8.76400576e-01 
231 358.98 7.34082003e+01 9.30970401e-01 
232 359.79 8.45596177e+01 1.07026399e+00 
233 360.60 8.59588293e+01 1.17707460e+00 
234 361.41 8.46289550e+01 1.14560443e+00 
235 362.21 8.91736333e+01 1.18793163e+00 
236 363.02 9.44003966e+01 1.23728836e+00 
237 363.83 9.75155794e+01 1.26238961e+00 
238 364.64 1.02315156e+02 1.28012369e+00 
239 365.44 1.11483813e+02 1.36435008e+00 
240 366.25 1.19442101e+02 1.41761216e+00 
241 367.06 1.20452833e+02 1.44427547e+00 
242 367.87 1.18582430e+02 1.40424276e+00 
243 368.67 1.20312930e+02 1.35840629e+00 
244 369.48 1.25493342e+02 1.26834830e+00 
245 370.29 1.26690295e+02 1.24197339e+00 
246 371.10 1.25269610e+02 1.15583647e+00 
247 371.90 1.22086554e+02 1.05257834e+00 
248 372.71 1.15366960e+02 9.64781096e-01 
249 373.52 1.09005155e+02 8.18686119e-01 
250 374.33 1.08520429e+02 7.58792257e-01 
251 375.13 1.16171158e+02 7.18545083e-01 
252 375.94 1.26584506e+02 7.13842770e-01 
253 376.75 1.37843252e+02 7.95044823e-01 
254 377.56 1.50742910e+02 6.63507121e-01 
255 378.36 1.54232562e+02 5.27076967e-01 
256 379.17 1.46446860e+02 5.62908932e-01 
257 379.98 1.43193468e+02 5.91449357e-01 
258 380.78 1.42853363e+02 4.23718797e-01 
259 381.59 1.30362643e+02 3.56757460e-01 
260 382.40 1.11077585e+02 3.62306940e-01 
261 383.20 1.02225853e+02 4.98300734e-01 
262 384.01 1.10893869e+02 6.87521365e-01 
263 384.82 1.25349969e+02 6.69725051e-01 
264 385.63 1.31405599e+02 5.54899246e-01 
265 386.43 1.32492262e+02 5.59417518e-01 
266 387.24 1.33337363e+02 5.80838168e-01 
267 388.05 1.35414714e+02 6.60441489e-01 
268 388.85 1.43480969e+02 7.86076291e-01 
269 389.66 1.56676404e+02 8.58612100e-01 
270 390.47 1.67183862e+02 8.76543520e-01 
271 391.27 1.67723389e+02 8.01761836e-01 
272 392.08 1.49512800e+02 8.30347686e-01 
273 392.89 1.21466838e+02 9.62832085e-01 
274 393.69 1.14933989e+02 1.22230306e+00 
275 394.50 1.36830188e+02 1.21157456e+00 
276 395.31 1.52768976e+02 1.00951370e+00 
277 396.11 1.42528652e+02 1.23956351e+00 
278 396.92 1.35081048e+02 1.77697863e+00 
279 397.73 1.59198043e+02 2.07137991e+00 
280 398.53 1.96090398e+02 2.22921313e+00 
281 399.34 2.19511341e+02 2.63274380e+00 
282 400.15 2.30773641e+02 2.95269416e+00 
283 400.95 2.38587804e+02 3.20053323e+00 
284 401.76 2.44748326e+02 3.34391803e+00 
285 402.57 2.46471311e+02 3.52016769e+00 
286 403.37 2.44900317e+02 3.69116366e+00 
287 404.18 2.43621884e+02 3.81774212e+00 
288 404.99 2.42443736e+02 3.95689540e+00 
289 405.79 2.41228839e+02 4.07697583e+00 
290 406.60 2.42031399e+02 4.25077603e+00 
291 407.40 2.48033484e+02 4.48559592e+00 
292 408.21 2.57242283e+02 4.58355140e+00 
293 409.02 2.60690480e+02 4.61838984e+00 
294 409.82 2.57672861e+02 4.91929198e+00 
295 410.63 2.60576241e+02 5.12930324e+00 
296 411.43 2.71508970e+02 5.18041136e+00 
297 412.24 2.78842396e+02 5.40407599e+00 
298 413.05 2.79543029e+02 5.57905413e+00 
299 413.85 2.79122319e+02 5.54801886e+00 
300 414.66 2.79326767e+02 5.56161899e+00 
301 415.46 2.80067909e+02 5.54524070e+00 
302 416.27 2.79857213e+02 5.41505216e+00 
303 417.08 2.76053796e+02 5.35356228e+00 
304 417.88 2.70982987e+02 5.27112665e+00 
305 418.69 2.68570786e+02 5.17412024e+00 
306 419.49 2.69014526e+02 5.13168486e+00 
307 420.30 2.72236364e+02 5.06905094e+00 
308 421.11 2.75018714e+02 4.83935575e+00 
309 421.91 2.72784930e+02 4.70033347e+00 
310 422.72 2.68260364e+02 4.64403983e+00 
311 423.52 2.68026843e+02 4.52420332e+00 
312 424.33 2.71063884e+02 4.42053363e+00 
313 425.13 2.73097485e+02 4.41569325e+00 
314 425.94 2.73395273e+02 4.32828793e+00 
315 426.74 2.73225125e+02 4.24193983e+00 
316 427.55 2.73022103e+02 4.18211902e+00 
317 428.36 2.69815745e+02 3.85810039e+00 
318 429.16 2.59630897e+02 3.53548199e+00 
319 429.96 2.49173493e+02 3.70562171e+00 
320 430.77 2.56490885e+02 4.21831299e+00 
321 431.58 2.83801802e+02 4.38982951e+00 
322 432.38 3.12272675e+02 4.42283174e+00 
323 433.19 3.26570462e+02 4.41732902e+00 
324 433.99 3.34689016e+02 4.56443980e+00 
325 434.80 3.48826819e+02 4.77360605e+00 
326 435.60 3.68214460e+02 4.80554732e+00 
327 436.41 3.81606682e+02 4.57515275e+00 
328 437.21 3.82468732e+02 4.33062523e+00 
329 438.02 3.78241512e+02 4.26665873e+00 
330 438.82 3.80742282e+02 4.35686598e+00 
331 439.63 3.92412342e+02 4.41051696e+00 
332 440.43 4.09553081e+02 4.51884757e+00 
333 441.24 4.27305294e+02 4.60735052e+00 
334 442.04 4.43250001e+02 4.57013796e+00 
335 442.85 4.54550594e+02 4.49320680e+00 
336 443.65 4.61261374e+02 4.46285772e+00 
337 444.45 4.63770721e+02 4.31744120e+00 
338 445.26 4.63708769e+02 4.30900486e+00 
339 446.06 4.67611118e+02 4.41844397e+00 
340 446.87 4.78450435e+02 4.44840523e+00 
341 447.67 4.92304002e+02 4.40640208e+00 
342 448.48 5.03270442e+02 4.40826861e+00 
343 449.28 5.13454316e+02 4.44342134e+00 
344 450.09 5.24547095e+02 4.43745319e+00 
345 450.89 5.30755812e+02 4.17921275e+00 
346 451.70 5.26260240e+02 3.96574979e+00 
347 452.50 5.16343290e+02 4.02697209e+00 
348 453.30 5.11439479e+02 4.13774007e+00 
349 454.11 5.14251802e+02 4.19276312e+00 
350 454.91 5.22399275e+02 4.32740876e+00 
351 455.72 5.31239873e+02 4.45971017e+00 
352 456.52 5.38444853e+02 4.43775257e+00 
353 457.32 5.41481133e+02 4.41114776e+00 
354 458.13 5.40327521e+02 4.55816275e+00 
355 458.93 5.39311528e+02 4.73513975e+00 
356 459.74 5.42613902e+02 4.91181019e+00 
357 460.54 5.49846958e+02 5.06516025e+00 
358 461.34 5.57834159e+02 5.13387433e+00 
359 462.15 5.63096129e+02 5.22022234e+00 
360 462.95 5.63061176e+02 5.23778165e+00 
361 463.76 5.59308116e+02 5.34279482e+00 
362 464.56 5.55445033e+02 5.43520206e+00 
363 465.36 5.52764176e+02 5.44620740e+00 
364 466.17 5.51612219e+02 5.54138521e+00 
365 466.97 5.52570607e+02 5.75749311e+00 
366 467.77 5.55392332e+02 5.87847217e+00 
367 468.58 5.58480879e+02 5.88988391e+00 
368 469.38 5.59132819e+02 5.90244971e+00 
369 470.18 5.59986083e+02 6.14529150e+00 
370 470.99 5.65571800e+02 6.24264656e+00 
371 471.79 5.73970545e+02 6.08812496e+00 
372 472.59 5.81584037e+02 6.09434427e+00 
373 473.40 5.86903736e+02 6.22858947e+00 
374 474.20 5.90277622e+02 6.17054193e+00 
375 475.00 5.92605937e+02 6.16314599e+00 
376 475.81 5.94627491e+02 6.35452083e+00 
377 476.61 5.98320126e+02 6.48153632e+00 
378 477.41 6.04350696e+02 6.47797016e+00 
379 478.21 6.10360125e+02 6.48257861e+00 
380 479.02 6.14469571e+02 6.53399520e+00 
381 479.82 6.16862705e+02 6.51235125e+00 
382 480.62 6.19607532e+02 6.42425394e+00 
383 481.43 6.20904722e+02 6.24015596e+00 
384 482.23 6.19806775e+02 6.10700647e+00 
385 483.03 6.15363501e+02 5.91683175e+00 
386 483.84 6.05263024e+02 5.50435333e+00 
387 484.64 5.85850213e+02 5.09230012e+00 
388 485.44 5.62701630e+02 5.11933170e+00 
389 486.24 5.49465021e+02 5.34736523e+00 
390 487.04 5.52332148e+02 5.20208645e+00 
391 487.85 5.68197060e+02 4.98395676e+00 
392 488.65 5.87185847e+02 4.97539196e+00 
393 489.45 6.00042020e+02 4.82393181e+00 
394 490.26 6.04361670e+02 4.52376728e+00 
395 491.06 6.02425099e+02 4.46897914e+00 
396 491.86 5.98618988e+02 4.56512680e+00 
397 492.66 5.98632493e+02 4.54613435e+00 
398 493.46 6.04696034e+02 4.52411116e+00 
399 494.27 6.11800880e+02 4.47305921e+00 
400 495.07 6.15737649e+02 4.40478028e+00 
401 495.87 6.17447514e+02 4.38513139e+00 
402 496.67 6.15043497e+02 4.23274036e+00 
403 497.48 6.10614381e+02 4.25038000e+00 
404 498.28 6.06099412e+02 4.34088368e+00 
405 499.08 6.00479513e+02 4.29946185e+00 
406 499.88 5.94282530e+02 4.29039263e+00 
407 500.68 5.89087314e+02 4.40211537e+00 
408 501.48 5.86634199e+02 4.56199312e+00 
409 502.29 5.88655679e+02 4.61443270e+00 
410 503.09 5.92889867e+02 4.62520953e+00 
411 503.89 5.98536226e+02 4.76251561e+00 
412 504.69 6.05114307e+02 4.85024856e+00 
413 505.49 6.10186155e+02 4.73980498e+00 
414 506.29 6.11420057e+02 4.63049558e+00 
415 507.09 6.08794649e+02 4.61402970e+00 
416 507.90 6.05562483e+02 4.60673905e+00 
417 508.70 6.04261285e+02 4.65164112e+00 
418 509.50 6.04873728e+02 4.76179466e+00 
419 510.30 6.06150504e+02 4.84615439e+00 
420 511.10 6.05170049e+02 4.83558012e+00 
421 511.90 6.01302931e+02 4.76306713e+00 
422 512.71 5.94961503e+02 4.67332113e+00 
423 513.51 5.87951902e+02 4.64191791e+00 
424 514.31 5.82142123e+02 4.55577177e+00 
425 515.11 5.73125735e+02 4.26983279e+00 
426 515.91 5.58308861e+02 4.09993538e+00 
427 516.71 5.43398987e+02 4.22346517e+00 
428 517.51 5.34887687e+02 4.43804718e+00 
429 518.31 5.38385165e+02 4.60959838e+00 
430 519.11 5.51418510e+02 4.71781703e+00 
431 519.91 5.64908021e+02 4.70283360e+00 
432 520.71 5.74951244e+02 4.66759491e+00 
433 521.52 5.79227665e+02 4.73696825e+00 
434 522.32 5.81546943e+02 4.93017452e+00 
435 523.12 5.85610181e+02 5.06151641e+00 
436 523.92 5.89632697e+02 5.00088933e+00 
437 524.72 5.89296973e+02 4.81237393e+00 
438 525.52 5.81176630e+02 4.75375208e+00 
439 526.32 5.71214840e+02 5.03663544e+00 
440 527.12 5.69257441e+02 5.49454667e+00 
441 527.92 5.76778118e+02 5.68975714e+00 
442 528.72 5.89697210e+02 5.86152930e+00 
443 529.52 6.01091841e+02 6.11412928e+00 
444 530.32 6.06079700e+02 6.23881522e+00 
445 531.12 6.03796021e+02 6.14478650e+00 
446 531.92 5.98037306e+02 6.16143269e+00 
447 532.72 5.92649696e+02 6.20899535e+00 
448 533.52 5.91775169e+02 6.30959468e+00 
449 534.32 5.96099335e+02 6.28179655e+00 
450 535.12 6.00698966e+02 6.18425317e+00 
451 535.92 6.01585212e+02 6.22311307e+00 
452 536.72 6.00089172e+02 6.33304407e+00 
453 537.52 5.97182613e+02 6.39445489e+00 
454 538.32 5.92988603e+02 6.34001492e+00 
455 539.12 5.87875433e+02 6.40621145e+00 
456 539.92 5.83260357e+02 6.65708579e+00 
457 540.72 5.81576981e+02 6.83678408e+00 
458 541.52 5.83272372e+02 6.97546841e+00 
459 542.32 5.87687563e+02 7.09984613e+00 
460 543.12 5.92109643e+02 7.27657144e+00 
461 543.92 5.95168428e+02 7.35516315e+00 
462 544.72 5.97128169e+02 7.43334882e+00 
463 545.52 5.96883459e+02 7.47609026e+00 
464 546.32 5.94129032e+02 7.47593656e+00 
465 547.12 5.90831468e+02 7.52691961e+00 
466 547.91 5.88880025e+02 7.62000834e+00 
467 548.71 5.88437324e+02 7.62341221e+00 
468 549.51 5.88841884e+02 7.59737856e+00 
469 550.31 5.88771926e+02 7.57594296e+00 
470 551.11 5.88226851e+02 7.58081693e+00 
471 551.91 5.87775925e+02 7.64031405e+00 
472 552.71 5.87808869e+02 7.71385658e+00 
473 553.51 5.89474561e+02 7.72431687e+00 
474 554.31 5.90625818e+02 7.65610504e+00 
475 555.10 5.89272423e+02 7.53989639e+00 
476 555.90 5.86199625e+02 7.46628368e+00 
477 556.70 5.81896055e+02 7.42506463e+00 
478 557.50 5.75538097e+02 7.31338415e+00 
479 558.30 5.70130277e+02 7.29372152e+00 
480 559.10 5.69219072e+02 7.40424708e+00 
481 559.90 5.69813886e+02 7.43206107e+00 
482 560.70 5.72397634e+02 7.45511596e+00 
483 561.49 5.77659705e+02 7.61143924e+00 
484 562.29 5.81296002e+02 7.79601810e+00 
485 563.09 5.82760970e+02 7.94529399e+00 
486 563.89 5.83775605e+02 8.08429662e+00 
487 564.69 5.83463966e+02 8.38083189e+00 
488 565.49 5.82399764e+02 8.69367279e+00 
489 566.29 5.82133426e+02 9.03144042e+00 
490 567.08 5.85006907e+02 9.26010666e+00 
491 567.88 5.88159325e+02 9.47606073e+00 
492 568.68 5.89116584e+02 9.71813541e+00 
493 569.48 5.88198538e+02 9.83773301e+00 
494 570.28 5.86802777e+02 1.00111474e+01 
495 571.07 5.89678039e+02 1.02749058e+01 
496 571.87 5.97369721e+02 1.03069905e+01 
497 572.67 6.05345149e+02 1.01806409e+01 
498 573.47 6.10090939e+02 1.00574059e+01 
499 574.26 6.08697759e+02 9.90102540e+00 
500 575.06 6.05091308e+02 9.65683166e+00 
501 575.86 6.02255685e+02 9.33127947e+00 
502 576.66 5.99119834e+02 8.95672964e+00 
503 577.45 5.96153380e+02 8.69587823e+00 
504 578.25 5.93685572e+02 8.49110080e+00 
505 579.05 5.92226116e+02 8.30897032e+00 
506 579.85 5.92693788e+02 8.17869578e+00 
507 580.65 5.94386100e+02 8.20354284e+00 
508 581.44 5.96106815e+02 8.22822017e+00 
509 582.24 5.97010829e+02 8.16407138e+00 
510 583.04 5.96817291e+02 8.02934800e+00 
511 583.83 5.93932013e+02 7.78582287e+00 
512 584.63 5.88897915e+02 7.61213505e+00 
513 585.43 5.84171761e+02 7.48028061e+00 
514 586.22 5.80964640e+02 7.32764490e+00 
515 587.02 5.76558238e+02 6.98202757e+00 
516 587.82 5.67828061e+02 6.61055933e+00 
517 588.62 5.57812464e+02 6.47423454e+00 
518 589.41 5.52558019e+02 6.37305069e+00 
519 590.21 5.54590595e+02 6.35797686e+00 
520 591.01 5.61854824e+02 6.40379650e+00 
521 591.80 5.68048042e+02 6.45926715e+00 
522 592.60 5.70143475e+02 6.62058253e+00 
523 593.40 5.69785122e+02 6.81861145e+00 
524 594.19 5.68741168e+02 7.07019231e+00 
525 594.99 5.67990507e+02 7.40351980e+00 
526 595.79 5.67822374e+02 7.73322557e+00 
527 596.58 5.66990796e+02 8.04459132e+00 
528 597.38 5.65659327e+02 8.37863271e+00 
529 598.18 5.63606814e+02 8.68601973e+00 
530 598.97 5.61256177e+02 8.89305831e+00 
531 599.77 5.59005181e+02 8.96291130e+00 
532 600.56 5.56776957e+02 9.03674703e+00 
533 601.36 5.55101242e+02 9.21701561e+00 
534 602.16 5.56095925e+02 9.32307675e+00 
535 602.95 5.59201401e+02 9.33851771e+00 
536 603.75 5.62801447e+02 9.29564072e+00 
537 604.54 5.64580278e+02 9.27521450e+00 
538 605.34 5.64152178e+02 9.21319106e+00 
539 606.14 5.62698187e+02 9.13383434e+00 
540 606.93 5.60586675e+02 8.99682876e+00 
541 607.73 5.58027794e+02 8.80941876e+00 
542 608.52 5.55109631e+02 8.64444080e+00 
543 609.32 5.52308576e+02 8.55244326e+00 
544 610.11 5.50581005e+02 8.52020593e+00 
545 610.91 5.49583107e+02 8.37360950e+00 
546 611.71 5.47673515e+02 8.16773672e+00 
547 612.50 5.45237514e+02 7.97443787e+00 
548 613.30 5.42659025e+02 7.77612937e+00 
549 614.09 5.40447791e+02 7.57526615e+00 
550 614.89 5.37346432e+02 7.28557613e+00 
551 615.68 5.34121623e+02 7.13885202e+00 
552 616.48 5.33003453e+02 7.06004544e+00 
553 617.27 5.34627493e+02 6.99932339e+00 
554 618.07 5.38531081e+02 6.87894079e+00 
555 618.86 5.42361686e+02 6.72931409e+00 
556 619.66 5.44293244e+02 6.55293043e+00 
557 620.45 5.44071418e+02 6.39255190e+00 
558 621.25 5.42264622e+02 6.30376125e+00 
559 622.04 5.38821000e+02 6.31289463e+00 
560 622.84 5.34724217e+02 6.28882279e+00 
561 623.63 5.30753933e+02 6.31487898e+00 
562 624.43 5.27125036e+02 6.29956585e+00 
563 625.22 5.25929788e+02 6.27685538e+00 
564 626.02 5.26053660e+02 5.97022705e+00 
565 626.81 5.27112631e+02 5.39439405e+00 
566 627.61 5.27206542e+02 4.82043359e+00 
567 628.40 5.25667097e+02 4.45011088e+00 
568 629.19 5.23118591e+02 4.40961908e+00 
569 629.99 5.20413953e+02 4.64971054e+00 
570 630.78 5.17616727e+02 4.98195159e+00 
571 631.58 5.16317630e+02 5.29170631e+00 
572 632.37 5.15672564e+02 5.51268336e+00 
573 633.17 5.15185598e+02 5.59487539e+00 
574 633.96 5.14644500e+02 5.66416860e+00 
575 634.76 5.13175691e+02 5.71428946e+00 
576 635.55 5.11803479e+02 5.74834781e+00 
577 636.34 5.11249414e+02 5.76830899e+00 
578 637.14 5.11472063e+02 5.80639401e+00 
579 637.93 5.10840102e+02 5.86700390e+00 
580 638.72 5.07541363e+02 5.88412287e+00 
581 639.52 5.02860232e+02 5.88622929e+00 
582 640.31 4.98064079e+02 5.88745240e+00 
583 641.11 4.94756821e+02 5.86444695e+00 
584 641.90 4.93581302e+02 5.89126154e+00 
585 642.69 4.93392295e+02 5.94797683e+00 
586 643.49 4.92540938e+02 5.96304210e+00 
587 644.28 4.90881884e+02 5.90723214e+00 
588 645.07 4.88288597e+02 5.81954850e+00 
589 645.87 4.86318381e+02 5.71179986e+00 
590 646.66 4.85044981e+02 5.62697783e+00 
591 647.45 4.83607415e+02 5.48376116e+00 
592 648.25 4.79912860e+02 5.24076769e+00 
593 649.04 4.75088321e+02 5.02860039e+00 
594 649.83 4.72736638e+02 4.91885288e+00 
595 650.63 4.73756427e+02 4.78410707e+00 
596 651.42 4.75456451e+02 4.56568967e+00 
597 652.21 4.75014794e+02 4.26966730e+00 
598 653.00 4.72914176e+02 4.00186351e+00 
599 653.80 4.67491719e+02 3.57088950e+00 
600 654.59 4.54263767e+02 3.02408717e+00 
601 655.38 4.34375567e+02 2.85089631e+00 
602 656.17 4.20636084e+02 3.30567516e+00 
603 656.97 4.23280067e+02 3.64870659e+00 
604 657.76 4.37711988e+02 3.71839093e+00 
605 658.55 4.50113663e+02 3.90905727e+00 
606 659.34 4.55246275e+02 4.20105198e+00 
607 660.14 4.57452957e+02 4.53740156e+00 
608 660.93 4.59359228e+02 4.85131724e+00 
609 661.72 4.60291507e+02 5.13952394e+00 
610 662.52 4.59347980e+02 5.40460275e+00 
611 663.31 4.57607882e+02 5.76202006e+00 
612 664.10 4.56951482e+02 6.04183899e+00 
613 664.89 4.57092098e+02 6.24520686e+00 
614 665.68 4.56844312e+02 6.42297679e+00 
615 666.47 4.55837848e+02 6.56027424e+00 
616 667.27 4.55101971e+02 6.61903184e+00 
617 668.06 4.55392395e+02 6.56038107e+00 
618 668.85 4.55517364e+02 6.50860034e+00 
619 669.64 4.54565805e+02 6.44763706e+00 
620 670.43 4.52438012e+02 6.34675061e+00 
621 671.23 4.50201240e+02 6.24090845e+00 
622 672.02 4.49317133e+02 6.12424867e+00 
623 672.81 4.49858688e+02 5.88881487e+00 
624 673.60 4.49998388e+02 5.70691863e+00 
625 674.39 4.49119870e+02 5.61142767e+00 
626 675.18 4.48168526e+02 5.50271008e+00 
627 675.97 4.47636960e+02 5.30745553e+00 
628 676.77 4.47351862e+02 5.12634477e+00 
629 677.56 4.46710461e+02 4.95353021e+00 
630 678.35 4.45727033e+02 4.79317582e+00 
631 679.14 4.44813493e+02 4.66702730e+00 
632 679.93 4.43644711e+02 4.62811080e+00 
633 680.72 4.42646048e+02 4.60430206e+00 
634 681.51 4.41644373e+02 4.51607712e+00 
635 682.30 4.40072057e+02 4.46207339e+00 
636 683.09 4.36889818e+02 4.41900147e+00 
637 683.88 4.33074750e+02 4.48318049e+00 
638 684.67 4.29517652e+02 4.38132928e+00 
639 685.46 4.22502384e+02 3.44118199e+00 
640 686.26 4.07932444e+02 2.51014446e+00 
641 687.04 3.92820743e+02 4.23231686e+00 
642 687.84 3.88104010e+02 5.05750342e+00 
643 688.63 3.91870205e+02 4.60473271e+00 
644 689.42 3.95851205e+02 4.18843708e+00 
645 690.21 3.99060725e+02 3.98053740e+00 
646 691.00 4.02264549e+02 3.96708444e+00 
647 691.79 4.05301069e+02 4.23207474e+00 
648 692.58 4.08047909e+02 4.66906866e+00 
649 693.37 4.09553760e+02 4.98800761e+00 
650 694.16 4.09322718e+02 5.08197622e+00 
651 694.95 4.07869848e+02 5.03823483e+00 
652 695.74 4.06604645e+02 4.98311722e+00 
653 696.53 4.04476643e+02 4.87890734e+00 
654 697.32 4.01192005e+02 4.70186723e+00 
655 698.10 3.98631896e+02 4.58871031e+00 
656 698.89 3.97120901e+02 4.43448578e+00 
657 699.68 3.94414749e+02 3.98280249e+00 
658 700.47 3.90389585e+02 3.53998779e+00 
659 701.26 3.87013696e+02 3.30972197e+00 
660 702.05 3.85182375e+02 3.24965847e+00 
661 702.84 3.85090102e+02 3.23852425e+00 
662 703.63 3.85992664e+02 3.19293552e+00 
663 704.42 3.86775475e+02 3.04351217e+00 
664 705.21 3.85853621e+02 2.85988921e+00 
665 706.00 3.84200358e+02 2.83629150e+00 
666 706.79 3.82909548e+02 2.85241661e+00 
667 707.58 3.82022320e+02 2.78403171e+00 
668 708.37 3.80121041e+02 2.78477438e+00 
669 709.15 3.78320911e+02 2.86884857e+00 
670 709.94 3.77832764e+02 2.86885022e+00 
671 710.73 3.76846532e+02 2.82650625e+00 
672 711.52 3.74500630e+02 2.86369637e+00 
673 712.31 3.72412192e+02 2.93150938e+00 
674 713.10 3.71535620e+02 2.92050117e+00 
675 713.88 3.70751379e+02 2.88715955e+00 
676 714.67 3.69150533e+02 2.90022913e+00 
677 715.46 3.67088849e+02 2.82820390e+00 
678 716.25 3.65078399e+02 2.56484036e+00 
679 717.04 3.62838037e+02 2.15189788e+00 
680 717.83 3.58836849e+02 1.89093231e+00 
681 718.61 3.54309680e+02 1.92131221e+00 
682 719.40 3.52330033e+02 1.96060573e+00 
683 720.19 3.52709141e+02 2.00543824e+00 
684 720.98 3.54236100e+02 2.32032915e+00 
685 721.76 3.55776434e+02 2.77598727e+00 
686 722.55 3.56019854e+02 2.77283690e+00 
687 723.34 3.55877926e+02 2.44997339e+00 
688 724.13 3.55473949e+02 2.28161625e+00 
689 724.92 3.54968070e+02 2.31027356e+00 
690 725.70 3.54278115e+02 2.35307179e+00 
691 726.49 3.53711128e+02 2.29148775e+00 
692 727.28 3.52579287e+02 2.19889709e+00 
693 728.06 3.49654139e+02 2.22136113e+00 
694 728.85 3.46927552e+02 2.33237885e+00 
695 729.64 3.47688662e+02 2.47470994e+00 
696 730.42 3.49253491e+02 2.54631834e+00 
697 731.21 3.49445593e+02 2.69677516e+00 
698 732.00 3.49246203e+02 2.92670413e+00 
699 732.78 3.48736952e+02 3.16980014e+00 
700 733.57 3.49206728e+02 3.28202358e+00 
701 734.36 3.48844508e+02 3.37795839e+00 
702 735.14 3.46668035e+02 3.51199690e+00 
703 735.93 3.44386596e+02 3.68069508e+00 
704 736.72 3.43236902e+02 3.70020956e+00 
705 737.51 3.41582534e+02 3.61020970e+00 
706 738.29 3.37836547e+02 3.58896814e+00 
707 739.08 3.34946518e+02 3.59797534e+00 
708 739.86 3.33963247e+02 3.61874753e+00 
709 740.65 3.31545287e+02 3.65966484e+00 
710 741.44 3.29254801e+02 3.78180647e+00 
711 742.22 3.29769597e+02 3.80312005e+00 
712 743.01 3.31252985e+02 3.71401000e+00 
713 743.79 3.30526913e+02 3.61086706e+00 
714 744.58 3.28646253e+02 3.57817805e+00 
715 745.37 3.28538234e+02 3.59492091e+00 
716 746.15 3.28245846e+02 3.65602541e+00 
717 746.94 3.27165735e+02 3.74332319e+00 
718 747.72 3.25320488e+02 3.76500747e+00 
719 748.51 3.22504456e+02 3.68277292e+00 
720 749.29 3.19849398e+02 3.53530807e+00 
721 750.08 3.18021470e+02 3.45002745e+00 
722 750.86 3.16248386e+02 3.45204734e+00 
723 751.65 3.14934533e+02 3.45531255e+00 
724 752.43 3.14100515e+02 3.40359075e+00 
725 753.22 3.13938651e+02 3.40840882e+00 
726 754.00 3.13845370e+02 3.37402778e+00 
727 754.79 3.11703602e+02 3.23768974e+00 
728 755.57 3.09142750e+02 3.11216633e+00 
729 756.36 3.07430887e+02 3.02179356e+00 
730 757.14 3.05941257e+02 2.86766072e+00 
731 757.93 3.00862757e+02 2.23692361e+00 
732 758.71 2.80597553e+02 2.67646482e+00 
733 759.49 2.34704465e+02 9.91395408e+00 
734 760.28 1.91022267e+02 1.77723980e+01 
735 761.06 1.87375090e+02 1.91155610e+01 
736 761.85 2.04776700e+02 1.64635915e+01 
737 762.63 2.11354116e+02 1.62277700e+01 
738 763.41 2.13994614e+02 1.60462332e+01 
739 764.20 2.24855274e+02 1.35859440e+01 
740 764.98 2.38833482e+02 1.01603536e+01 
741 765.77 2.50487739e+02 6.66611977e+00 
742 766.55 2.61451375e+02 3.81795483e+00 
743 767.33 2.72055366e+02 2.16374270e+00 
744 768.12 2.78618493e+02 1.66301717e+00 
745 768.90 2.80907108e+02 1.77744498e+00 
746 769.68 2.81269032e+02 2.04036575e+00 
747 770.47 2.81069719e+02 2.28612532e+00 
748 771.25 2.80037164e+02 2.45121600e+00 
749 772.03 2.79640896e+02 2.64276558e+00 
750 772.82 2.80308258e+02 2.75641700e+00 
751 773.60 2.79769253e+02 2.81904901e+00 
752 774.38 2.77267238e+02 2.84505518e+00 
753 775.17 2.76240898e+02 2.93671344e+00 
754 775.95 2.77116389e+02 3.02492072e+00 
755 776.73 2.76649644e+02 3.02695470e+00 
756 777.51 2.74990876e+02 2.99595178e+00 
757 778.30 2.74220960e+02 3.01412377e+00 
758 779.08 2.73227681e+02 2.97161149e+00 
759 779.86 2.71982665e+02 2.98466361e+00 
760 780.64 2.71712050e+02 2.99025398e+00 
761 781.43 2.72668914e+02 2.99619632e+00 
762 782.21 2.72465103e+02 2.89016515e+00 
763 782.99 2.69778917e+02 2.73019584e+00 
764 783.77 2.68268455e+02 2.72743971e+00 
765 784.55 2.67891259e+02 2.71573497e+00 
766 785.34 2.67623678e+02 2.64087905e+00 
767 786.12 2.67544808e+02 2.55516403e+00 
768 786.90 2.66894642e+02 2.50153801e+00 
769 787.68 2.65162172e+02 2.43911619e+00 
770 788.46 2.63587017e+02 2.37986154e+00 
771 789.24 2.62728796e+02 2.35475615e+00 
772 790.03 2.61684219e+02 2.32489901e+00 
773 790.81 2.59499459e+02 2.21436991e+00 
774 791.59 2.56073528e+02 2.05281455e+00 
775 792.37 2.52742360e+02 1.95256161e+00 
776 793.15 2.50192267e+02 1.92416027e+00 
777 793.93 2.49109811e+02 1.95233751e+00 
778 794.71 2.49905885e+02 1.99000594e+00 
779 795.49 2.50788417e+02 1.95195659e+00 
780 796.27 2.50663801e+02 1.91511091e+00 
781 797.05 2.51091309e+02 1.97988283e+00 
782 797.84 2.51093633e+02 2.07387264e+00 
783 798.61 2.49440182e+02 2.12248197e+00 
784 799.40 2.47296410e+02 2.13131587e+00 
785 800.18 2.45492323e+02 2.18809129e+00 
786 800.96 2.44389709e+02 2.28230122e+00 
787 801.74 2.44204107e+02 2.29125831e+00 
788 802.52 2.43909565e+02 2.29126237e+00 
789 803.30 2.42998073e+02 2.25362632e+00 
790 804.08 2.40710168e+02 2.18169725e+00 
791 804.86 2.37909609e+02 2.28613624e+00 
792 805.64 2.36939216e+02 2.53122962e+00 
793 806.42 2.37852445e+02 2.68664405e+00 
794 807.20 2.38201831e+02 2.65682948e+00 
795 807.97 2.35831324e+02 2.54505407e+00 
796 808.75 2.31885273e+02 2.50205417e+00 
797 809.53 2.29561575e+02 2.57148740e+00 
798 810.31 2.30356461e+02 2.60792114e+00 
799 811.09 2.32178622e+02 2.57330471e+00 
800 811.87 2.32303404e+02 2.50766033e+00 
801 812.65 2.30575008e+02 2.36711804e+00 
802 813.43 2.27851141e+02 2.18154136e+00 
803 814.21 2.24739060e+02 2.07076874e+00 
804 814.99 2.23110489e+02 2.05678235e+00 
805 815.76 2.22502048e+02 2.09020874e+00 
806 816.54 2.21774219e+02 2.10832845e+00 
807 817.32 2.19470713e+02 2.07831678e+00 
808 818.10 2.15935201e+02 2.09370064e+00 
809 818.88 2.12991537e+02 2.05092473e+00 
810 819.66 2.11297486e+02 1.97280489e+00 
811 820.43 2.11714948e+02 1.92920362e+00 
812 821.21 2.12960108e+02 1.82795127e+00 
813 821.99 2.11763735e+02 1.67613648e+00 
814 822.77 2.08961745e+02 1.66411958e+00 
815 823.55 2.07442296e+02 1.48416667e+00 
816 824.32 2.07307203e+02 1.37095315e+00 
817 825.10 2.08804293e+02 1.41114431e+00 
818 825.88 2.10268069e+02 1.42756102e+00 
819 826.66 2.09296456e+02 1.37529110e+00 
820 827.43 2.06844952e+02 1.32819310e+00 
821 828.21 2.04313778e+02 1.32808857e+00 
822 828.99 2.03109913e+02 1.39185096e+00 
823 829.76 2.03631492e+02 1.51413180e+00 
824 830.54 2.04461140e+02 1.64014000e+00 
825 831.32 2.03434504e+02 1.79998508e+00 
826 832.10 2.00706381e+02 1.99249927e+00 
827 832.87 1.97108023e+02 2.14550813e+00 
828 833.65 1.95349355e+02 2.28295495e+00 
829 834.42 1.96854331e+02 2.41398904e+00 
830 835.20 1.99786563e+02 2.43474774e+00 
831 835.98 2.00810083e+02 2.39009618e+00 
832 836.75 1.99291594e+02 2.31970713e+00 
833 837.53 1.96081425e+02 2.29517392e+00 
834 838.30 1.93963870e+02 2.32509036e+00 
835 839.08 1.94256383e+02 2.34676091e+00 
836 839.86 1.95847193e+02 2.29414418e+00 
837 840.63 1.96021938e+02 2.19016882e+00 
838 841.41 1.93864004e+02 2.07661135e+00 
839 842.18 1.90216245e+02 2.04327976e+00 
840 842.96 1.86905029e+02 2.04323063e+00 
841 843.73 1.85771339e+02 2.06779717e+00 
842 844.51 1.86799434e+02 2.11066524e+00 
843 845.28 1.88058623e+02 2.10273175e+00 
844 846.06 1.88035560e+02 2.03493241e+00 
845 846.84 1.85568859e+02 1.92486514e+00 
846 847.61 1.81400532e+02 1.83263812e+00 
847 848.38 1.77378620e+02 1.76840368e+00 
848 849.16 1.75582353e+02 1.78297079e+00 
849 849.93 1.75197647e+02 1.83632830e+00 
850 850.71 1.75403143e+02 1.82479202e+00 
851 851.48 1.73739357e+02 1.73255776e+00 
852 852.26 1.69520580e+02 1.58281481e+00 
853 853.03 1.64259359e+02 1.53699609e+00 
854 853.81 1.60432935e+02 1.57488792e+00 
855 854.58 1.60602509e+02 1.64229167e+00 
856 855.35 1.64538365e+02 1.74588944e+00 
857 856.13 1.69387177e+02 1.76820068e+00 
858 856.90 1.71545217e+02 1.71651934e+00 
859 857.68 1.70604137e+02 1.68150838e+00 
860 858.45 1.68525234e+02 1.71261438e+00 
861 859.22 1.66884803e+02 1.80957829e+00 
862 860.00 1.67091903e+02 1.89481272e+00 
863 860.77 1.68461422e+02 1.93269791e+00 
864 861.54 1.68856286e+02 1.93527825e+00 
865 862.32 1.67601032e+02 1.88787783e+00 
866 863.09 1.64917469e+02 1.86890545e+00 
867 863.86 1.60552990e+02 1.84748670e+00 
868 864.64 1.56993547e+02 1.86691265e+00 
869 865.41 1.54446340e+02 1.90098017e+00 
870 866.18 1.53462033e+02 1.92907790e+00 
871 866.95 1.53839172e+02 1.96690137e+00 
872 867.73 1.54611955e+02 1.94874607e+00 
873 868.50 1.54697084e+02 1.91379133e+00 
874 869.27 1.54275640e+02 1.87751156e+00 
875 870.04 1.54389178e+02 1.87772684e+00 
876 870.81 1.55613576e+02 1.89573358e+00 
877 871.59 1.56343439e+02 1.84935975e+00 
878 872.36 1.56381643e+02 1.80032893e+00 
879 873.13 1.54933454e+02 1.71663398e+00 
880 873.90 1.52233979e+02 1.64398279e+00 
881 874.67 1.49250698e+02 1.58843053e+00 
882 875.44 1.47883845e+02 1.56933490e+00 
883 876.22 1.48550112e+02 1.55996792e+00 
884 876.99 1.49627255e+02 1.50801733e+00 
885 877.76 1.50153924e+02 1.40578490e+00 
886 878.53 1.49151540e+02 1.28002223e+00 
887 879.30 1.46572306e+02 1.16298584e+00 
888 880.07 1.43787630e+02 1.10807151e+00 
889 880.84 1.42310433e+02 1.11811572e+00 
890 881.61 1.42617265e+02 1.16784473e+00 
891 882.38 1.43676393e+02 1.23099498e+00 
892 883.15 1.44932180e+02 1.24446621e+00 
893 883.92 1.44424430e+02 1.19507840e+00 
894 884.69 1.42310069e+02 1.10897424e+00 
895 885.47 1.39766457e+02 1.08194863e+00 
896 886.23 1.37575267e+02 1.09438780e+00 
897 887.00 1.36731141e+02 1.12992770e+00 
898 887.78 1.37232204e+02 1.20988129e+00 
899 888.54 1.38428375e+02 1.27438242e+00 
900 889.31 1.39256090e+02 1.28014440e+00 
901 890.08 1.38186230e+02 1.23232497e+00 
902 890.85 1.35734607e+02 1.18982254e+00 
903 891.62 1.33339379e+02 1.17036603e+00 
904 892.39 1.31654172e+02 1.18003242e+00 
905 893.16 1.31641747e+02 1.17941208e+00 
906 893.93 1.32551324e+02 1.11322269e+00 
907 894.70 1.32949832e+02 9.93074202e-01 
908 895.47 1.31983642e+02 8.40346525e-01 
909 896.24 1.29837898e+02 7.23167753e-01 
910 897.01 1.27270545e+02 6.94904890e-01 
911 897.78 1.25402356e+02 7.17236153e-01 
912 898.54 1.24849485e+02 7.72643157e-01 
913 899.31 1.24910727e+02 8.19368390e-01 
914 900.08 1.24641983e+02 8.38900015e-01 
915 900.85 1.23899189e+02 8.69948898e-01 
916 901.62 1.22367071e+02 8.76650963e-01 
917 902.38 1.20761592e+02 8.74783820e-01 
918 903.15 1.19906424e+02 8.97773204e-01 
919 903.92 1.19826657e+02 9.39814798e-01 
920 904.69 1.20159453e+02 9.64032657e-01 
921 905.46 1.20535821e+02 9.63145081e-01 
922 906.22 1.20456104e+02 9.47961445e-01 
923 906.99 1.19295425e+02 9.38823833e-01 
924 907.76 1.17351078e+02 9.61858516e-01 
925 908.52 1.15199129e+02 9.80981644e-01 
926 909.29 1.13568981e+02 9.83374017e-01 
927 910.06 1.12964682e+02 9.69576804e-01 
928 910.83 1.13052340e+02 9.04096309e-01 
929 911.59 1.13454300e+02 8.85451427e-01 
930 912.36 1.13501445e+02 8.91636691e-01 
931 913.13 1.12874783e+02 8.90076545e-01 
932 913.89 1.11595788e+02 9.03587569e-01 
933 914.66 1.09935520e+02 8.99469715e-01 
934 915.42 1.08475626e+02 8.99554038e-01 
935 916.19 1.07599454e+02 8.68591702e-01 
936 916.96 1.07211065e+02 7.79338454e-01 
937 917.72 1.07119232e+02 7.32822084e-01 
938 918.49 1.06768529e+02 7.03464580e-01 
939 919.26 1.05944308e+02 6.52177450e-01 
940 920.02 1.04513513e+02 6.12219351e-01 
941 920.79 1.02794098e+02 6.17460057e-01 
942 921.55 1.01166719e+02 6.18672502e-01 
943 922.32 1.00014504e+02 6.33908749e-01 
944 923.08 9.93622275e+01 6.34670068e-01 
945 923.85 9.91245688e+01 6.37295130e-01 
946 924.61 9.89186311e+01 6.28947657e-01 
947 925.38 9.83961607e+01 6.15843013e-01 
948 926.14 9.74764474e+01 6.18288721e-01 
949 926.91 9.61353023e+01 6.43928307e-01 
950 927.67 9.46530339e+01 7.03733485e-01 
951 928.44 9.33287227e+01 8.65618173e-01 
952 929.20 9.22735506e+01 1.07990421e+00 
953 929.97 9.12860143e+01 1.35397394e+00 
954 930.73 9.00325338e+01 1.67551342e+00 
955 931.49 8.84255298e+01 2.00041950e+00 
956 932.26 8.63747609e+01 2.32249792e+00 
957 933.02 8.41884663e+01 2.58272573e+00 
958 933.79 8.21830861e+01 2.73461265e+00 
959 934.55 8.07627696e+01 2.80956590e+00 
960 935.32 7.99606368e+01 2.79122642e+00 
961 936.08 7.95392320e+01 2.71676190e+00 
962 936.84 7.93634020e+01 2.60233221e+00 
963 937.61 7.90821178e+01 2.45508091e+00 
964 938.37 7.84530698e+01 2.28786598e+00 
965 939.13 7.75286466e+01 2.11669137e+00 
966 939.89 7.65240788e+01 1.93723858e+00 
967 940.66 7.55152565e+01 1.82882564e+00 
968 941.42 7.48629432e+01 1.77636942e+00 
969 942.18 7.43942574e+01 1.76935924e+00 
970 942.95 7.40099360e+01 1.81142878e+00 
971 943.71 7.35938876e+01 1.86251435e+00 
972 944.47 7.29678945e+01 1.92549277e+00 
973 945.23 7.21179309e+01 1.95313998e+00 
974 946.00 7.13139725e+01 1.92709093e+00 
975 946.76 7.07582792e+01 1.88444724e+00 
976 947.52 7.04299773e+01 1.82124566e+00 
977 948.28 7.04363857e+01 1.76396278e+00 
978 949.04 7.05369229e+01 1.72249732e+00 
979 949.81 7.04601479e+01 1.68105898e+00 
980 950.57 6.99864402e+01 1.63644977e+00 
981 951.33 6.91808595e+01 1.59239548e+00 
982 952.09 6.81846047e+01 1.52821064e+00 
983 952.85 6.72797025e+01 1.45826002e+00 
984 953.61 6.67005790e+01 1.38170884e+00 
985 954.38 6.64965361e+01 1.32377342e+00 
986 955.14 6.64496285e+01 1.27182790e+00 
987 955.90 6.63434790e+01 1.23454705e+00 
988 956.66 6.61200160e+01 1.17064620e+00 
989 957.42 6.56167680e+01 1.11812050e+00 
990 958.18 6.49447090e+01 1.06008207e+00 
991 958.94 6.42451502e+01 9.77276929e-01 
992 959.70 6.38093911e+01 8.93339681e-01 
993 960.46 6.35695377e+01 8.14648974e-01 
994 961.22 6.34735491e+01 7.46616543e-01 
995 961.98 6.33753721e+01 6.86543515e-01 
996 962.74 6.30256271e+01 6.27741490e-01 
997 963.50 6.24280799e+01 5.63923231e-01 
998 964.26 6.16254636e+01 5.07138660e-01 
999 965.02 6.08643746e+01 4.44418309e-01 
1000 965.78 6.03226733e+01 4.02688076e-01 
1001 966.54 6.00622545e+01 3.79787855e-01 
1002 967.30 5.99717810e+01 3.88373910e-01 
1003 968.06 5.98452277e+01 3.89609369e-01 
1004 968.82 5.93507534e+01 3.93157984e-01 
1005 969.58 5.85882725e+01 3.95459979e-01 
1006 970.34 5.78840304e+01 3.96292761e-01 
1007 971.10 5.72855130e+01 3.95516229e-01 
1008 971.86 5.69380754e+01 4.11440129e-01 
1009 972.62 5.67284400e+01 4.18163823e-01 
1010 973.38 5.63667332e+01 4.15899849e-01 
1011 974.14 5.57774494e+01 4.02295139e-01 
1012 974.90 5.50474774e+01 3.95227978e-01 
1013 975.65 5.43329077e+01 3.84504333e-01 
1014 976.41 5.37423097e+01 3.91881693e-01 
1015 977.17 5.34239653e+01 4.13083313e-01 
1016 977.93 5.31993812e+01 4.26324103e-01 
1017 978.69 5.28382611e+01 4.31569792e-01 
1018 979.45 5.22723771e+01 4.37687005e-01 
1019 980.20 5.16045661e+01 4.46238404e-01 
1020 980.96 5.10923773e+01 4.54363720e-01 
1021 981.72 5.07738844e+01 4.79835027e-01 
1022 982.48 5.05128978e+01 4.95607455e-01 
1023 983.23 5.00417871e+01 4.78675592e-01 
1024 983.99 4.92934975e+01 4.81635538e-01 
1025 984.75 4.85836908e+01 4.89880391e-01 
1026 985.51 4.81624212e+01 5.07404101e-01 
1027 986.27 4.79018773e+01 5.14358891e-01 
1028 987.02 4.74098805e+01 5.01431420e-01 
1029 987.78 4.66113043e+01 4.84040560e-01 
1030 988.54 4.58229149e+01 4.88521724e-01 
1031 989.29 4.53456581e+01 4.97335078e-01 
1032 990.05 4.50112610e+01 5.06660956e-01 
1033 990.81 4.43111474e+01 4.99799502e-01 
1034 991.56 4.34149795e+01 4.95451814e-01 
1035 992.32 4.27562025e+01 4.96530870e-01 
1036 993.08 4.21743556e+01 5.01159592e-01 
1037 993.83 4.13064113e+01 4.88042652e-01 
1038 994.59 4.03213165e+01 4.76863497e-01 
1039 995.35 3.95521427e+01 4.75791625e-01 
1040 996.10 2.54121122e+00 3.60590359e-02 
1041 996.86 1.36634612e-01 8.68912000e-03 
1042 997.62 7.97877492e-02 2.92147534e-03 
1043 998.37 7.44529857e-02 7.92683799e-03 
