% C0 (TOA Count Rate, /ms) for 4STAR VIS spectrometer (1044 channels) derived from 20160116starsun.mat and recorded on 2016-01-17 10:42:17.
% Modified Langley processed for 0.8823-0.9945 micron region
Pix Wavelength C0 C0err
0 173.18 -1.00000000e+00 -1.00000000e+00 
1 173.97 2.32182601e+03 -1.00000000e+00 
2 174.77 1.47955513e+03 -1.00000000e+00 
3 175.56 3.02960548e+03 -1.00000000e+00 
4 176.36 8.46877993e+04 -1.00000000e+00 
5 177.15 9.83049493e+04 -1.00000000e+00 
6 177.94 1.15454712e+05 -1.00000000e+00 
7 178.74 1.22427926e+05 -1.00000000e+00 
8 179.53 1.37644748e+05 -1.00000000e+00 
9 180.33 1.48216351e+05 -1.00000000e+00 
10 181.12 1.73512264e+05 -1.00000000e+00 
11 181.92 2.28608284e+05 -1.00000000e+00 
12 182.71 2.72798705e+05 -1.00000000e+00 
13 183.51 3.72521646e+05 -1.00000000e+00 
14 184.30 4.53533073e+05 -1.00000000e+00 
15 185.10 5.02791230e+05 -1.00000000e+00 
16 185.89 5.84379213e+05 -1.00000000e+00 
17 186.69 7.45225740e+05 -1.00000000e+00 
18 187.49 8.28556190e+05 -1.00000000e+00 
19 188.28 9.38445768e+05 -1.00000000e+00 
20 189.08 1.07647091e+06 -1.00000000e+00 
21 189.88 1.22341802e+06 -1.00000000e+00 
22 190.67 1.62075776e+06 -1.00000000e+00 
23 191.47 2.04004116e+06 -1.00000000e+00 
24 192.27 2.24585627e+06 -1.00000000e+00 
25 193.07 2.70394564e+06 -1.00000000e+00 
26 193.86 3.73073995e+06 -1.00000000e+00 
27 194.66 4.28325823e+06 -1.00000000e+00 
28 195.46 4.86750494e+06 -1.00000000e+00 
29 196.26 6.16991818e+06 -1.00000000e+00 
30 197.05 8.35256566e+06 -1.00000000e+00 
31 197.85 1.24785391e+07 -1.00000000e+00 
32 198.65 1.77960255e+07 -1.00000000e+00 
33 199.45 2.73173939e+07 -1.00000000e+00 
34 200.25 2.67305048e+07 -1.00000000e+00 
35 201.05 2.40805985e+07 -1.00000000e+00 
36 201.85 2.66154966e+07 -1.00000000e+00 
37 202.64 2.76321105e+07 -1.00000000e+00 
38 203.44 3.38581033e+07 -1.00000000e+00 
39 204.24 3.44977439e+07 -1.00000000e+00 
40 205.04 3.59751578e+07 -1.00000000e+00 
41 205.84 3.11217167e+07 -1.00000000e+00 
42 206.64 2.62004534e+07 -1.00000000e+00 
43 207.44 3.23736772e+07 -1.00000000e+00 
44 208.24 9.08148685e+07 -1.00000000e+00 
45 209.04 4.00418327e+08 -1.00000000e+00 
46 209.84 7.97005389e+08 -1.00000000e+00 
47 210.64 4.82920529e+08 -1.00000000e+00 
48 211.44 2.96777385e+08 -1.00000000e+00 
49 212.24 1.80318620e+08 -1.00000000e+00 
50 213.05 1.07597996e+08 -1.00000000e+00 
51 213.85 6.74141153e+07 -1.00000000e+00 
52 214.65 4.11172307e+07 -1.00000000e+00 
53 215.45 2.48222738e+07 -1.00000000e+00 
54 216.25 1.50855142e+07 -1.00000000e+00 
55 217.05 9.32454915e+06 -1.00000000e+00 
56 217.85 5.64554453e+06 -1.00000000e+00 
57 218.65 3.46134066e+06 -1.00000000e+00 
58 219.46 2.12631923e+06 -1.00000000e+00 
59 220.26 1.29574247e+06 -1.00000000e+00 
60 221.06 7.93441562e+05 -1.00000000e+00 
61 221.86 4.75155184e+05 -1.00000000e+00 
62 222.66 2.93533179e+05 -1.00000000e+00 
63 223.47 1.79175603e+05 -1.00000000e+00 
64 224.27 1.10812491e+05 -1.00000000e+00 
65 225.07 6.78117516e+04 -1.00000000e+00 
66 225.87 4.09869341e+04 -1.00000000e+00 
67 226.68 2.55520553e+04 -1.00000000e+00 
68 227.48 1.57706270e+04 -1.00000000e+00 
69 228.28 9.96344699e+03 -1.00000000e+00 
70 229.09 6.89000416e+03 -1.00000000e+00 
71 229.89 5.69035931e+03 -1.00000000e+00 
72 230.69 5.60959240e+03 -1.00000000e+00 
73 231.49 6.84880208e+03 -1.00000000e+00 
74 232.30 1.02656460e+04 -1.00000000e+00 
75 233.10 1.69670063e+04 -1.00000000e+00 
76 233.91 2.93509046e+04 -1.00000000e+00 
77 234.71 5.16371626e+04 -1.00000000e+00 
78 235.51 9.26195223e+04 -1.00000000e+00 
79 236.32 1.64004396e+05 -1.00000000e+00 
80 237.12 2.92717249e+05 -1.00000000e+00 
81 237.92 5.32630760e+05 -1.00000000e+00 
82 238.73 9.69581834e+05 -1.00000000e+00 
83 239.53 1.77703320e+06 -1.00000000e+00 
84 240.34 3.17690188e+06 -1.00000000e+00 
85 241.14 5.57878862e+06 -1.00000000e+00 
86 241.94 9.70582491e+06 -1.00000000e+00 
87 242.75 1.65903017e+07 -1.00000000e+00 
88 243.55 2.72611158e+07 -1.00000000e+00 
89 244.36 4.46017374e+07 -1.00000000e+00 
90 245.16 7.03340708e+07 -1.00000000e+00 
91 245.97 1.12962090e+08 -1.00000000e+00 
92 246.77 1.64911211e+08 -1.00000000e+00 
93 247.58 2.41618980e+08 -1.00000000e+00 
94 248.38 3.46725626e+08 -1.00000000e+00 
95 249.19 4.74760579e+08 -1.00000000e+00 
96 249.99 6.30251010e+08 -1.00000000e+00 
97 250.80 7.63477370e+08 -1.00000000e+00 
98 251.60 9.15687057e+08 -1.00000000e+00 
99 252.41 1.08421483e+09 -1.00000000e+00 
100 253.21 1.19892213e+09 -1.00000000e+00 
101 254.02 1.30178916e+09 -1.00000000e+00 
102 254.83 1.37936757e+09 -1.00000000e+00 
103 255.63 1.36887392e+09 -1.00000000e+00 
104 256.44 1.24139046e+09 -1.00000000e+00 
105 257.24 1.07806889e+09 -1.00000000e+00 
106 258.05 9.56294039e+08 -1.00000000e+00 
107 258.85 7.94599510e+08 -1.00000000e+00 
108 259.66 6.16529671e+08 -1.00000000e+00 
109 260.46 4.51246521e+08 -1.00000000e+00 
110 261.27 3.22748375e+08 -1.00000000e+00 
111 262.08 2.22965926e+08 -1.00000000e+00 
112 262.88 1.44641734e+08 -1.00000000e+00 
113 263.69 9.28260934e+07 -1.00000000e+00 
114 264.50 6.03641837e+07 -1.00000000e+00 
115 265.30 3.75356885e+07 -1.00000000e+00 
116 266.11 2.26002291e+07 -1.00000000e+00 
117 266.91 1.30106707e+07 -1.00000000e+00 
118 267.72 7.12195038e+06 -1.00000000e+00 
119 268.53 3.80430296e+06 -1.00000000e+00 
120 269.33 2.04808455e+06 -1.00000000e+00 
121 270.14 1.17752145e+06 -1.00000000e+00 
122 270.95 6.55813137e+05 -1.00000000e+00 
123 271.75 3.53583502e+05 -1.00000000e+00 
124 272.56 1.89119853e+05 -1.00000000e+00 
125 273.37 9.58848867e+04 -1.00000000e+00 
126 274.17 5.00319763e+04 -1.00000000e+00 
127 274.98 2.66787200e+04 -1.00000000e+00 
128 275.79 1.47035102e+04 -1.00000000e+00 
129 276.59 8.28804039e+03 -1.00000000e+00 
130 277.40 4.68380982e+03 -1.00000000e+00 
131 278.21 2.64977650e+03 -1.00000000e+00 
132 279.01 1.52049821e+03 -1.00000000e+00 
133 279.82 8.79779532e+02 -1.00000000e+00 
134 280.63 5.07708616e+02 -1.00000000e+00 
135 281.44 2.99859776e+02 -1.00000000e+00 
136 282.24 1.84495239e+02 -1.00000000e+00 
137 283.05 1.18987713e+02 -1.00000000e+00 
138 283.86 7.72849254e+01 -1.00000000e+00 
139 284.66 5.06998906e+01 -1.00000000e+00 
140 285.47 3.40913172e+01 -1.00000000e+00 
141 286.28 2.42125474e+01 -1.00000000e+00 
142 287.09 1.74459759e+01 -1.00000000e+00 
143 287.89 1.24526195e+01 -1.00000000e+00 
144 288.70 9.13252577e+00 -1.00000000e+00 
145 289.51 6.92981487e+00 -1.00000000e+00 
146 290.32 5.50585641e+00 -1.00000000e+00 
147 291.12 4.35751994e+00 -1.00000000e+00 
148 291.93 3.48451968e+00 -1.00000000e+00 
149 292.74 2.79521743e+00 -1.00000000e+00 
150 293.55 2.37101317e+00 -1.00000000e+00 
151 294.35 2.01464168e+00 -1.00000000e+00 
152 295.16 1.70553247e+00 -1.00000000e+00 
153 295.97 1.46938522e+00 -1.00000000e+00 
154 296.78 1.28094692e+00 -1.00000000e+00 
155 297.58 1.16027240e+00 -1.00000000e+00 
156 298.39 1.05365277e+00 -1.00000000e+00 
157 299.20 9.45367979e-01 -1.00000000e+00 
158 300.01 8.86521648e-01 -1.00000000e+00 
159 300.81 8.07211389e-01 -1.00000000e+00 
160 301.62 7.62477913e-01 -1.00000000e+00 
161 302.43 7.10626743e-01 -1.00000000e+00 
162 303.24 6.81037515e-01 -1.00000000e+00 
163 304.05 6.56439225e-01 -1.00000000e+00 
164 304.85 6.21610014e-01 -1.00000000e+00 
165 305.66 6.03950574e-01 -1.00000000e+00 
166 306.47 5.82916374e-01 -1.00000000e+00 
167 307.28 5.68956946e-01 -1.00000000e+00 
168 308.08 5.62187217e-01 -1.00000000e+00 
169 308.89 5.50106032e-01 -1.00000000e+00 
170 309.70 5.36616709e-01 -1.00000000e+00 
171 310.51 5.27589937e-01 -1.00000000e+00 
172 311.32 5.32417779e-01 -1.00000000e+00 
173 312.12 5.15731725e-01 -1.00000000e+00 
174 312.93 5.15240473e-01 -1.00000000e+00 
175 313.74 5.11012783e-01 -1.00000000e+00 
176 314.55 5.17936058e-01 -1.00000000e+00 
177 315.36 5.06323663e-01 -1.00000000e+00 
178 316.16 5.16891080e-01 -1.00000000e+00 
179 316.97 5.21451228e-01 -1.00000000e+00 
180 317.78 5.21052770e-01 -1.00000000e+00 
181 318.59 5.30973603e-01 -1.00000000e+00 
182 319.39 5.37997647e-01 -1.00000000e+00 
183 320.20 5.49019459e-01 -1.00000000e+00 
184 321.01 5.48243899e-01 -1.00000000e+00 
185 321.82 5.65376440e-01 -1.00000000e+00 
186 322.63 5.76409700e-01 -1.00000000e+00 
187 323.43 5.85411648e-01 -1.00000000e+00 
188 324.24 6.08379372e-01 -1.00000000e+00 
189 325.05 6.22804715e-01 -1.00000000e+00 
190 325.86 6.39007636e-01 -1.00000000e+00 
191 326.67 6.54950109e-01 -1.00000000e+00 
192 327.48 6.68550905e-01 -1.00000000e+00 
193 328.28 6.92623391e-01 -1.00000000e+00 
194 329.09 7.19602547e-01 -1.00000000e+00 
195 329.90 7.45685705e-01 -1.00000000e+00 
196 330.71 7.83208973e-01 -1.00000000e+00 
197 331.51 8.27250141e-01 -1.00000000e+00 
198 332.32 9.10688534e-01 -1.00000000e+00 
199 333.13 1.05243584e+00 -1.00000000e+00 
200 333.94 1.31208393e+00 -1.00000000e+00 
201 334.75 1.77191575e+00 -1.00000000e+00 
202 335.56 2.45027865e+00 -1.00000000e+00 
203 336.36 3.46218628e+00 -1.00000000e+00 
204 337.17 5.13282609e+00 -1.00000000e+00 
205 337.98 7.62295191e+00 -1.00000000e+00 
206 338.79 1.07799633e+01 -1.00000000e+00 
207 339.59 1.43995113e+01 -1.00000000e+00 
208 340.40 1.79276978e+01 -1.00000000e+00 
209 341.21 2.08414013e+01 -1.00000000e+00 
210 342.02 2.42557226e+01 -1.00000000e+00 
211 342.83 2.74656691e+01 -1.00000000e+00 
212 343.64 2.86161507e+01 -1.00000000e+00 
213 344.44 2.97186721e+01 -1.00000000e+00 
214 345.25 3.33116777e+01 -1.00000000e+00 
215 346.06 3.68846534e+01 -1.00000000e+00 
216 346.87 3.92209606e+01 -1.00000000e+00 
217 347.67 4.09484178e+01 -1.00000000e+00 
218 348.48 4.25506918e+01 -1.00000000e+00 
219 349.29 4.51779777e+01 -1.00000000e+00 
220 350.10 4.98374088e+01 -1.00000000e+00 
221 350.91 5.32266544e+01 -1.00000000e+00 
222 351.71 5.35784305e+01 -1.00000000e+00 
223 352.52 5.46033746e+01 -1.00000000e+00 
224 353.33 5.94672255e+01 -1.00000000e+00 
225 354.14 6.58793229e+01 -1.00000000e+00 
226 354.94 6.90696673e+01 -1.00000000e+00 
227 355.75 6.82913937e+01 -1.00000000e+00 
228 356.56 6.45803082e+01 -1.00000000e+00 
229 357.37 6.06930347e+01 -1.00000000e+00 
230 358.18 5.97362529e+01 -1.00000000e+00 
231 358.98 6.67397411e+01 -1.00000000e+00 
232 359.79 7.76047343e+01 -1.00000000e+00 
233 360.60 7.97024636e+01 -1.00000000e+00 
234 361.41 7.84337068e+01 -1.00000000e+00 
235 362.21 8.25424919e+01 -1.00000000e+00 
236 363.02 8.76674700e+01 -1.00000000e+00 
237 363.83 9.07953108e+01 -1.00000000e+00 
238 364.64 9.51219293e+01 -1.00000000e+00 
239 365.44 1.03687179e+02 -1.00000000e+00 
240 366.25 1.11614564e+02 -1.00000000e+00 
241 367.06 1.13029694e+02 -1.00000000e+00 
242 367.87 1.11362810e+02 -1.00000000e+00 
243 368.67 1.12765491e+02 -1.00000000e+00 
244 369.48 1.17722362e+02 -1.00000000e+00 
245 370.29 1.19277947e+02 -1.00000000e+00 
246 371.10 1.18062613e+02 -1.00000000e+00 
247 371.90 1.15313153e+02 -1.00000000e+00 
248 372.71 1.09189179e+02 -1.00000000e+00 
249 373.52 1.03041748e+02 -1.00000000e+00 
250 374.33 1.02114021e+02 -1.00000000e+00 
251 375.13 1.08970558e+02 -1.00000000e+00 
252 375.94 1.18890975e+02 -1.00000000e+00 
253 376.75 1.29465838e+02 -1.00000000e+00 
254 377.55 1.41868751e+02 -1.00000000e+00 
255 378.36 1.46233638e+02 -1.00000000e+00 
256 379.17 1.39309247e+02 -1.00000000e+00 
257 379.98 1.35715141e+02 -1.00000000e+00 
258 380.78 1.35792923e+02 -1.00000000e+00 
259 381.59 1.24934601e+02 -1.00000000e+00 
260 382.40 1.06591433e+02 -1.00000000e+00 
261 383.21 9.72609553e+01 -1.00000000e+00 
262 384.01 1.04685233e+02 -1.00000000e+00 
263 384.82 1.18815880e+02 -1.00000000e+00 
264 385.63 1.25420501e+02 -1.00000000e+00 
265 386.43 1.26747284e+02 -1.00000000e+00 
266 387.24 1.27803468e+02 -1.00000000e+00 
267 388.05 1.29841653e+02 -1.00000000e+00 
268 388.85 1.37517200e+02 -1.00000000e+00 
269 389.66 1.50502500e+02 -1.00000000e+00 
270 390.47 1.61523520e+02 -1.00000000e+00 
271 391.27 1.63468052e+02 -1.00000000e+00 
272 392.08 1.47589155e+02 -1.00000000e+00 
273 392.89 1.20475981e+02 -1.00000000e+00 
274 393.69 1.12390344e+02 -1.00000000e+00 
275 394.50 1.33346395e+02 -1.00000000e+00 
276 395.31 1.51084425e+02 -1.00000000e+00 
277 396.11 1.42760343e+02 -1.00000000e+00 
278 396.92 1.34490001e+02 -1.00000000e+00 
279 397.73 1.57067571e+02 -1.00000000e+00 
280 398.53 1.94957183e+02 -1.00000000e+00 
281 399.34 2.20254132e+02 -1.00000000e+00 
282 400.15 2.32651193e+02 -1.00000000e+00 
283 400.95 2.41150596e+02 -1.00000000e+00 
284 401.76 2.48072199e+02 -1.00000000e+00 
285 402.57 2.50619324e+02 -1.00000000e+00 
286 403.37 2.49494770e+02 -1.00000000e+00 
287 404.18 2.48367187e+02 -1.00000000e+00 
288 404.98 2.47276974e+02 -1.00000000e+00 
289 405.79 2.46023067e+02 -1.00000000e+00 
290 406.60 2.46576175e+02 -1.00000000e+00 
291 407.40 2.52250958e+02 -1.00000000e+00 
292 408.21 2.61704346e+02 -1.00000000e+00 
293 409.02 2.65979720e+02 -1.00000000e+00 
294 409.82 2.63197209e+02 -1.00000000e+00 
295 410.63 2.65478200e+02 -1.00000000e+00 
296 411.44 2.76511523e+02 -1.00000000e+00 
297 412.24 2.84758797e+02 -1.00000000e+00 
298 413.05 2.86032372e+02 -1.00000000e+00 
299 413.85 2.85955970e+02 -1.00000000e+00 
300 414.66 2.86620842e+02 -1.00000000e+00 
301 415.46 2.87949704e+02 -1.00000000e+00 
302 416.27 2.88537997e+02 -1.00000000e+00 
303 417.08 2.85481273e+02 -1.00000000e+00 
304 417.88 2.80882901e+02 -1.00000000e+00 
305 418.69 2.78933626e+02 -1.00000000e+00 
306 419.49 2.79983565e+02 -1.00000000e+00 
307 420.30 2.83935474e+02 -1.00000000e+00 
308 421.11 2.87795158e+02 -1.00000000e+00 
309 421.91 2.86469844e+02 -1.00000000e+00 
310 422.72 2.82151231e+02 -1.00000000e+00 
311 423.52 2.81820735e+02 -1.00000000e+00 
312 424.33 2.85048564e+02 -1.00000000e+00 
313 425.13 2.87183059e+02 -1.00000000e+00 
314 425.94 2.87156737e+02 -1.00000000e+00 
315 426.74 2.86258032e+02 -1.00000000e+00 
316 427.55 2.85072684e+02 -1.00000000e+00 
317 428.35 2.80969543e+02 -1.00000000e+00 
318 429.16 2.69666966e+02 -1.00000000e+00 
319 429.96 2.56815051e+02 -1.00000000e+00 
320 430.77 2.60793043e+02 -1.00000000e+00 
321 431.58 2.85775895e+02 -1.00000000e+00 
322 432.38 3.13280127e+02 -1.00000000e+00 
323 433.19 3.26560443e+02 -1.00000000e+00 
324 433.99 3.32264099e+02 -1.00000000e+00 
325 434.80 3.43277384e+02 -1.00000000e+00 
326 435.60 3.59966893e+02 -1.00000000e+00 
327 436.41 3.71788032e+02 -1.00000000e+00 
328 437.21 3.71506139e+02 -1.00000000e+00 
329 438.02 3.65548728e+02 -1.00000000e+00 
330 438.82 3.65495488e+02 -1.00000000e+00 
331 439.63 3.74539514e+02 -1.00000000e+00 
332 440.43 3.89177139e+02 -1.00000000e+00 
333 441.24 4.04525295e+02 -1.00000000e+00 
334 442.04 4.18380353e+02 -1.00000000e+00 
335 442.84 4.28029071e+02 -1.00000000e+00 
336 443.65 4.33433104e+02 -1.00000000e+00 
337 444.45 4.35196166e+02 -1.00000000e+00 
338 445.26 4.34386002e+02 -1.00000000e+00 
339 446.06 4.36852361e+02 -1.00000000e+00 
340 446.87 4.45855889e+02 -1.00000000e+00 
341 447.67 4.58207071e+02 -1.00000000e+00 
342 448.48 4.68054459e+02 -1.00000000e+00 
343 449.28 4.76941453e+02 -1.00000000e+00 
344 450.09 4.86835347e+02 -1.00000000e+00 
345 450.89 4.92968405e+02 -1.00000000e+00 
346 451.69 4.89322221e+02 -1.00000000e+00 
347 452.50 4.80128229e+02 -1.00000000e+00 
348 453.30 4.75077219e+02 -1.00000000e+00 
349 454.11 4.77335340e+02 -1.00000000e+00 
350 454.91 4.84799173e+02 -1.00000000e+00 
351 455.72 4.93132689e+02 -1.00000000e+00 
352 456.52 4.99966387e+02 -1.00000000e+00 
353 457.32 5.03047785e+02 -1.00000000e+00 
354 458.13 5.02075407e+02 -1.00000000e+00 
355 458.93 5.00993477e+02 -1.00000000e+00 
356 459.74 5.03769735e+02 -1.00000000e+00 
357 460.54 5.10387844e+02 -1.00000000e+00 
358 461.34 5.17986054e+02 -1.00000000e+00 
359 462.15 5.23385742e+02 -1.00000000e+00 
360 462.95 5.24141722e+02 -1.00000000e+00 
361 463.76 5.21165023e+02 -1.00000000e+00 
362 464.56 5.17713479e+02 -1.00000000e+00 
363 465.36 5.15073288e+02 -1.00000000e+00 
364 466.17 5.13635126e+02 -1.00000000e+00 
365 466.97 5.14119830e+02 -1.00000000e+00 
366 467.77 5.16609277e+02 -1.00000000e+00 
367 468.58 5.19808658e+02 -1.00000000e+00 
368 469.38 5.20924616e+02 -1.00000000e+00 
369 470.18 5.21748162e+02 -1.00000000e+00 
370 470.99 5.26808474e+02 -1.00000000e+00 
371 471.79 5.34734879e+02 -1.00000000e+00 
372 472.59 5.41976998e+02 -1.00000000e+00 
373 473.40 5.46975354e+02 -1.00000000e+00 
374 474.20 5.50125201e+02 -1.00000000e+00 
375 475.00 5.52101526e+02 -1.00000000e+00 
376 475.81 5.53552460e+02 -1.00000000e+00 
377 476.61 5.56374464e+02 -1.00000000e+00 
378 477.41 5.61685141e+02 -1.00000000e+00 
379 478.21 5.67319800e+02 -1.00000000e+00 
380 479.02 5.71352095e+02 -1.00000000e+00 
381 479.82 5.73722308e+02 -1.00000000e+00 
382 480.62 5.76322044e+02 -1.00000000e+00 
383 481.43 5.77762000e+02 -1.00000000e+00 
384 482.23 5.76884302e+02 -1.00000000e+00 
385 483.03 5.72665199e+02 -1.00000000e+00 
386 483.84 5.63262770e+02 -1.00000000e+00 
387 484.64 5.45373552e+02 -1.00000000e+00 
388 485.44 5.23312545e+02 -1.00000000e+00 
389 486.24 5.09734997e+02 -1.00000000e+00 
390 487.05 5.11123833e+02 -1.00000000e+00 
391 487.85 5.25032987e+02 -1.00000000e+00 
392 488.65 5.42496202e+02 -1.00000000e+00 
393 489.45 5.54812293e+02 -1.00000000e+00 
394 490.26 5.59440265e+02 -1.00000000e+00 
395 491.06 5.57984036e+02 -1.00000000e+00 
396 491.86 5.54182851e+02 -1.00000000e+00 
397 492.66 5.53516706e+02 -1.00000000e+00 
398 493.46 5.58393358e+02 -1.00000000e+00 
399 494.27 5.64753069e+02 -1.00000000e+00 
400 495.07 5.68502143e+02 -1.00000000e+00 
401 495.87 5.70193083e+02 -1.00000000e+00 
402 496.67 5.68213648e+02 -1.00000000e+00 
403 497.48 5.63919412e+02 -1.00000000e+00 
404 498.28 5.59400591e+02 -1.00000000e+00 
405 499.08 5.54088828e+02 -1.00000000e+00 
406 499.88 5.48377518e+02 -1.00000000e+00 
407 500.68 5.43516752e+02 -1.00000000e+00 
408 501.48 5.41023011e+02 -1.00000000e+00 
409 502.29 5.42612566e+02 -1.00000000e+00 
410 503.09 5.46365502e+02 -1.00000000e+00 
411 503.89 5.51256408e+02 -1.00000000e+00 
412 504.69 5.56936374e+02 -1.00000000e+00 
413 505.49 5.61484648e+02 -1.00000000e+00 
414 506.29 5.62808675e+02 -1.00000000e+00 
415 507.09 5.60561881e+02 -1.00000000e+00 
416 507.90 5.57600916e+02 -1.00000000e+00 
417 508.70 5.56368869e+02 -1.00000000e+00 
418 509.50 5.56937849e+02 -1.00000000e+00 
419 510.30 5.58240466e+02 -1.00000000e+00 
420 511.10 5.57750602e+02 -1.00000000e+00 
421 511.90 5.54577305e+02 -1.00000000e+00 
422 512.70 5.49051968e+02 -1.00000000e+00 
423 513.51 5.42633119e+02 -1.00000000e+00 
424 514.31 5.37312914e+02 -1.00000000e+00 
425 515.11 5.29567471e+02 -1.00000000e+00 
426 515.91 5.16344222e+02 -1.00000000e+00 
427 516.71 5.02335574e+02 -1.00000000e+00 
428 517.51 4.93766322e+02 -1.00000000e+00 
429 518.31 4.96037686e+02 -1.00000000e+00 
430 519.11 5.07618943e+02 -1.00000000e+00 
431 519.91 5.20172847e+02 -1.00000000e+00 
432 520.71 5.29784416e+02 -1.00000000e+00 
433 521.51 5.34145524e+02 -1.00000000e+00 
434 522.32 5.36343908e+02 -1.00000000e+00 
435 523.12 5.40132601e+02 -1.00000000e+00 
436 523.92 5.44113025e+02 -1.00000000e+00 
437 524.72 5.44502184e+02 -1.00000000e+00 
438 525.52 5.37835498e+02 -1.00000000e+00 
439 526.32 5.28660995e+02 -1.00000000e+00 
440 527.12 5.26241686e+02 -1.00000000e+00 
441 527.92 5.32737541e+02 -1.00000000e+00 
442 528.72 5.44542950e+02 -1.00000000e+00 
443 529.52 5.55339355e+02 -1.00000000e+00 
444 530.32 5.60440778e+02 -1.00000000e+00 
445 531.12 5.58973383e+02 -1.00000000e+00 
446 531.92 5.54030640e+02 -1.00000000e+00 
447 532.72 5.49311374e+02 -1.00000000e+00 
448 533.52 5.48500844e+02 -1.00000000e+00 
449 534.32 5.52548419e+02 -1.00000000e+00 
450 535.12 5.57213076e+02 -1.00000000e+00 
451 535.92 5.58407479e+02 -1.00000000e+00 
452 536.72 5.57200484e+02 -1.00000000e+00 
453 537.52 5.54819128e+02 -1.00000000e+00 
454 538.32 5.51263469e+02 -1.00000000e+00 
455 539.12 5.46618978e+02 -1.00000000e+00 
456 539.92 5.42139570e+02 -1.00000000e+00 
457 540.72 5.40192822e+02 -1.00000000e+00 
458 541.52 5.41625544e+02 -1.00000000e+00 
459 542.32 5.45843839e+02 -1.00000000e+00 
460 543.12 5.50232058e+02 -1.00000000e+00 
461 543.92 5.53458038e+02 -1.00000000e+00 
462 544.72 5.55477526e+02 -1.00000000e+00 
463 545.52 5.55522361e+02 -1.00000000e+00 
464 546.31 5.53347099e+02 -1.00000000e+00 
465 547.12 5.50483039e+02 -1.00000000e+00 
466 547.91 5.48893333e+02 -1.00000000e+00 
467 548.71 5.48635152e+02 -1.00000000e+00 
468 549.51 5.49003712e+02 -1.00000000e+00 
469 550.31 5.48742233e+02 -1.00000000e+00 
470 551.11 5.48019821e+02 -1.00000000e+00 
471 551.91 5.47374346e+02 -1.00000000e+00 
472 552.71 5.47117243e+02 -1.00000000e+00 
473 553.51 5.48322287e+02 -1.00000000e+00 
474 554.31 5.49223040e+02 -1.00000000e+00 
475 555.10 5.47828781e+02 -1.00000000e+00 
476 555.90 5.44716727e+02 -1.00000000e+00 
477 556.70 5.40445732e+02 -1.00000000e+00 
478 557.50 5.34285975e+02 -1.00000000e+00 
479 558.30 5.28767870e+02 -1.00000000e+00 
480 559.10 5.27487818e+02 -1.00000000e+00 
481 559.90 5.27936520e+02 -1.00000000e+00 
482 560.70 5.30191035e+02 -1.00000000e+00 
483 561.50 5.35259562e+02 -1.00000000e+00 
484 562.29 5.39228434e+02 -1.00000000e+00 
485 563.09 5.41025019e+02 -1.00000000e+00 
486 563.89 5.42502599e+02 -1.00000000e+00 
487 564.69 5.42806259e+02 -1.00000000e+00 
488 565.49 5.42091038e+02 -1.00000000e+00 
489 566.29 5.41868654e+02 -1.00000000e+00 
490 567.08 5.44516307e+02 -1.00000000e+00 
491 567.88 5.47645040e+02 -1.00000000e+00 
492 568.68 5.48675299e+02 -1.00000000e+00 
493 569.48 5.47887545e+02 -1.00000000e+00 
494 570.27 5.46220849e+02 -1.00000000e+00 
495 571.07 5.48177889e+02 -1.00000000e+00 
496 571.87 5.54773504e+02 -1.00000000e+00 
497 572.67 5.62096141e+02 -1.00000000e+00 
498 573.47 5.66833829e+02 -1.00000000e+00 
499 574.26 5.65664808e+02 -1.00000000e+00 
500 575.06 5.61821252e+02 -1.00000000e+00 
501 575.86 5.58487811e+02 -1.00000000e+00 
502 576.66 5.54818468e+02 -1.00000000e+00 
503 577.46 5.51262401e+02 -1.00000000e+00 
504 578.25 5.48209078e+02 -1.00000000e+00 
505 579.05 5.46027341e+02 -1.00000000e+00 
506 579.85 5.45606124e+02 -1.00000000e+00 
507 580.64 5.46416548e+02 -1.00000000e+00 
508 581.44 5.47360277e+02 -1.00000000e+00 
509 582.24 5.47688962e+02 -1.00000000e+00 
510 583.04 5.47080507e+02 -1.00000000e+00 
511 583.83 5.44264835e+02 -1.00000000e+00 
512 584.63 5.39593704e+02 -1.00000000e+00 
513 585.43 5.35327496e+02 -1.00000000e+00 
514 586.23 5.32656018e+02 -1.00000000e+00 
515 587.02 5.29433010e+02 -1.00000000e+00 
516 587.82 5.22511154e+02 -1.00000000e+00 
517 588.62 5.13968058e+02 -1.00000000e+00 
518 589.41 5.09623421e+02 -1.00000000e+00 
519 590.21 5.12018923e+02 -1.00000000e+00 
520 591.01 5.19346273e+02 -1.00000000e+00 
521 591.80 5.25936094e+02 -1.00000000e+00 
522 592.60 5.28589666e+02 -1.00000000e+00 
523 593.40 5.28884215e+02 -1.00000000e+00 
524 594.19 5.28350698e+02 -1.00000000e+00 
525 594.99 5.27918905e+02 -1.00000000e+00 
526 595.79 5.28104432e+02 -1.00000000e+00 
527 596.58 5.27669743e+02 -1.00000000e+00 
528 597.38 5.26597396e+02 -1.00000000e+00 
529 598.18 5.24711767e+02 -1.00000000e+00 
530 598.97 5.22436071e+02 -1.00000000e+00 
531 599.77 5.20315994e+02 -1.00000000e+00 
532 600.56 5.18223934e+02 -1.00000000e+00 
533 601.36 5.16569292e+02 -1.00000000e+00 
534 602.16 5.17216291e+02 -1.00000000e+00 
535 602.95 5.19882677e+02 -1.00000000e+00 
536 603.75 5.23123268e+02 -1.00000000e+00 
537 604.54 5.24803873e+02 -1.00000000e+00 
538 605.34 5.24445028e+02 -1.00000000e+00 
539 606.14 5.23150048e+02 -1.00000000e+00 
540 606.93 5.21119282e+02 -1.00000000e+00 
541 607.73 5.18473905e+02 -1.00000000e+00 
542 608.52 5.15421795e+02 -1.00000000e+00 
543 609.32 5.12439201e+02 -1.00000000e+00 
544 610.12 5.10475330e+02 -1.00000000e+00 
545 610.91 5.09424788e+02 -1.00000000e+00 
546 611.71 5.07577365e+02 -1.00000000e+00 
547 612.50 5.05216152e+02 -1.00000000e+00 
548 613.30 5.02559312e+02 -1.00000000e+00 
549 614.09 5.00191345e+02 -1.00000000e+00 
550 614.89 4.97223149e+02 -1.00000000e+00 
551 615.68 4.94006276e+02 -1.00000000e+00 
552 616.48 4.92626419e+02 -1.00000000e+00 
553 617.27 4.93902987e+02 -1.00000000e+00 
554 618.07 4.97555672e+02 -1.00000000e+00 
555 618.86 5.01475615e+02 -1.00000000e+00 
556 619.66 5.03736305e+02 -1.00000000e+00 
557 620.45 5.03739648e+02 -1.00000000e+00 
558 621.25 5.02127975e+02 -1.00000000e+00 
559 622.04 4.98882008e+02 -1.00000000e+00 
560 622.84 4.95073932e+02 -1.00000000e+00 
561 623.63 4.91452883e+02 -1.00000000e+00 
562 624.43 4.88062541e+02 -1.00000000e+00 
563 625.22 4.86820661e+02 -1.00000000e+00 
564 626.02 4.86926505e+02 -1.00000000e+00 
565 626.81 4.87879793e+02 -1.00000000e+00 
566 627.61 4.87676669e+02 -1.00000000e+00 
567 628.40 4.85890408e+02 -1.00000000e+00 
568 629.19 4.83010184e+02 -1.00000000e+00 
569 629.99 4.79990062e+02 -1.00000000e+00 
570 630.78 4.76874451e+02 -1.00000000e+00 
571 631.58 4.75021009e+02 -1.00000000e+00 
572 632.37 4.73875861e+02 -1.00000000e+00 
573 633.17 4.73011776e+02 -1.00000000e+00 
574 633.96 4.72187675e+02 -1.00000000e+00 
575 634.76 4.70664828e+02 -1.00000000e+00 
576 635.55 4.69125067e+02 -1.00000000e+00 
577 636.34 4.68320623e+02 -1.00000000e+00 
578 637.14 4.68327984e+02 -1.00000000e+00 
579 637.93 4.67843575e+02 -1.00000000e+00 
580 638.73 4.65213082e+02 -1.00000000e+00 
581 639.52 4.61312628e+02 -1.00000000e+00 
582 640.31 4.57192404e+02 -1.00000000e+00 
583 641.11 4.54525469e+02 -1.00000000e+00 
584 641.90 4.53791482e+02 -1.00000000e+00 
585 642.69 4.53756686e+02 -1.00000000e+00 
586 643.49 4.53041032e+02 -1.00000000e+00 
587 644.28 4.51591018e+02 -1.00000000e+00 
588 645.07 4.49399952e+02 -1.00000000e+00 
589 645.87 4.47835933e+02 -1.00000000e+00 
590 646.66 4.46960663e+02 -1.00000000e+00 
591 647.45 4.46043787e+02 -1.00000000e+00 
592 648.25 4.43098404e+02 -1.00000000e+00 
593 649.04 4.38612982e+02 -1.00000000e+00 
594 649.83 4.36086930e+02 -1.00000000e+00 
595 650.63 4.37009463e+02 -1.00000000e+00 
596 651.42 4.39124755e+02 -1.00000000e+00 
597 652.21 4.39481979e+02 -1.00000000e+00 
598 653.00 4.38214183e+02 -1.00000000e+00 
599 653.80 4.33917904e+02 -1.00000000e+00 
600 654.59 4.22701405e+02 -1.00000000e+00 
601 655.38 4.04852839e+02 -1.00000000e+00 
602 656.17 3.91744235e+02 -1.00000000e+00 
603 656.97 3.93737859e+02 -1.00000000e+00 
604 657.76 4.07713998e+02 -1.00000000e+00 
605 658.55 4.20826213e+02 -1.00000000e+00 
606 659.34 4.26795344e+02 -1.00000000e+00 
607 660.14 4.29380713e+02 -1.00000000e+00 
608 660.93 4.31637642e+02 -1.00000000e+00 
609 661.72 4.33269235e+02 -1.00000000e+00 
610 662.51 4.33139051e+02 -1.00000000e+00 
611 663.31 4.31872892e+02 -1.00000000e+00 
612 664.10 4.31472004e+02 -1.00000000e+00 
613 664.89 4.31959580e+02 -1.00000000e+00 
614 665.68 4.32074423e+02 -1.00000000e+00 
615 666.48 4.31092680e+02 -1.00000000e+00 
616 667.27 4.29945950e+02 -1.00000000e+00 
617 668.06 4.29542383e+02 -1.00000000e+00 
618 668.85 4.29123780e+02 -1.00000000e+00 
619 669.64 4.27812107e+02 -1.00000000e+00 
620 670.43 4.25155079e+02 -1.00000000e+00 
621 671.22 4.22148064e+02 -1.00000000e+00 
622 672.02 4.20321280e+02 -1.00000000e+00 
623 672.81 4.20237738e+02 -1.00000000e+00 
624 673.60 4.20481329e+02 -1.00000000e+00 
625 674.39 4.19880828e+02 -1.00000000e+00 
626 675.18 4.18897903e+02 -1.00000000e+00 
627 675.97 4.18213220e+02 -1.00000000e+00 
628 676.76 4.17772833e+02 -1.00000000e+00 
629 677.56 4.16963116e+02 -1.00000000e+00 
630 678.35 4.15612756e+02 -1.00000000e+00 
631 679.14 4.14216411e+02 -1.00000000e+00 
632 679.93 4.12622460e+02 -1.00000000e+00 
633 680.72 4.11263955e+02 -1.00000000e+00 
634 681.51 4.09994628e+02 -1.00000000e+00 
635 682.30 4.08329523e+02 -1.00000000e+00 
636 683.09 4.05241214e+02 -1.00000000e+00 
637 683.88 4.01189147e+02 -1.00000000e+00 
638 684.67 3.96800093e+02 -1.00000000e+00 
639 685.46 3.88721050e+02 -1.00000000e+00 
640 686.26 3.72734573e+02 -1.00000000e+00 
641 687.05 3.56453253e+02 -1.00000000e+00 
642 687.84 3.52005954e+02 -1.00000000e+00 
643 688.63 3.56570396e+02 -1.00000000e+00 
644 689.42 3.60730692e+02 -1.00000000e+00 
645 690.21 3.63504586e+02 -1.00000000e+00 
646 691.00 3.66357914e+02 -1.00000000e+00 
647 691.79 3.69340228e+02 -1.00000000e+00 
648 692.58 3.72347166e+02 -1.00000000e+00 
649 693.37 3.74799535e+02 -1.00000000e+00 
650 694.16 3.76038958e+02 -1.00000000e+00 
651 694.95 3.75903321e+02 -1.00000000e+00 
652 695.74 3.75686857e+02 -1.00000000e+00 
653 696.53 3.74635394e+02 -1.00000000e+00 
654 697.32 3.72302608e+02 -1.00000000e+00 
655 698.11 3.70361141e+02 -1.00000000e+00 
656 698.90 3.69560499e+02 -1.00000000e+00 
657 699.68 3.68042382e+02 -1.00000000e+00 
658 700.47 3.65210868e+02 -1.00000000e+00 
659 701.26 3.62619430e+02 -1.00000000e+00 
660 702.05 3.60981772e+02 -1.00000000e+00 
661 702.84 3.60622073e+02 -1.00000000e+00 
662 703.63 3.61287366e+02 -1.00000000e+00 
663 704.42 3.62191544e+02 -1.00000000e+00 
664 705.21 3.61544099e+02 -1.00000000e+00 
665 706.00 3.59861887e+02 -1.00000000e+00 
666 706.79 3.58388142e+02 -1.00000000e+00 
667 707.58 3.57435358e+02 -1.00000000e+00 
668 708.37 3.55775373e+02 -1.00000000e+00 
669 709.15 3.54162627e+02 -1.00000000e+00 
670 709.94 3.53657088e+02 -1.00000000e+00 
671 710.73 3.52617549e+02 -1.00000000e+00 
672 711.52 3.50341763e+02 -1.00000000e+00 
673 712.31 3.48519900e+02 -1.00000000e+00 
674 713.10 3.47996650e+02 -1.00000000e+00 
675 713.88 3.47848996e+02 -1.00000000e+00 
676 714.67 3.46967983e+02 -1.00000000e+00 
677 715.46 3.45366170e+02 -1.00000000e+00 
678 716.25 3.43702926e+02 -1.00000000e+00 
679 717.04 3.41737191e+02 -1.00000000e+00 
680 717.83 3.37824148e+02 -1.00000000e+00 
681 718.61 3.32983848e+02 -1.00000000e+00 
682 719.40 3.31072491e+02 -1.00000000e+00 
683 720.19 3.32112580e+02 -1.00000000e+00 
684 720.98 3.34336448e+02 -1.00000000e+00 
685 721.76 3.36464922e+02 -1.00000000e+00 
686 722.55 3.36537311e+02 -1.00000000e+00 
687 723.34 3.35669912e+02 -1.00000000e+00 
688 724.13 3.35012427e+02 -1.00000000e+00 
689 724.91 3.34691209e+02 -1.00000000e+00 
690 725.70 3.33928892e+02 -1.00000000e+00 
691 726.49 3.32797609e+02 -1.00000000e+00 
692 727.28 3.30802637e+02 -1.00000000e+00 
693 728.06 3.27346808e+02 -1.00000000e+00 
694 728.85 3.24091018e+02 -1.00000000e+00 
695 729.64 3.24227319e+02 -1.00000000e+00 
696 730.42 3.25393476e+02 -1.00000000e+00 
697 731.21 3.24924940e+02 -1.00000000e+00 
698 732.00 3.24210171e+02 -1.00000000e+00 
699 732.78 3.23340453e+02 -1.00000000e+00 
700 733.57 3.23303626e+02 -1.00000000e+00 
701 734.36 3.22580434e+02 -1.00000000e+00 
702 735.15 3.20279659e+02 -1.00000000e+00 
703 735.93 3.17930685e+02 -1.00000000e+00 
704 736.72 3.16749787e+02 -1.00000000e+00 
705 737.51 3.15482020e+02 -1.00000000e+00 
706 738.29 3.12331201e+02 -1.00000000e+00 
707 739.08 3.09428067e+02 -1.00000000e+00 
708 739.86 3.08278531e+02 -1.00000000e+00 
709 740.65 3.06317682e+02 -1.00000000e+00 
710 741.44 3.04667168e+02 -1.00000000e+00 
711 742.22 3.05585991e+02 -1.00000000e+00 
712 743.01 3.07424710e+02 -1.00000000e+00 
713 743.79 3.07282852e+02 -1.00000000e+00 
714 744.58 3.05558233e+02 -1.00000000e+00 
715 745.37 3.05211822e+02 -1.00000000e+00 
716 746.15 3.05015929e+02 -1.00000000e+00 
717 746.94 3.04420548e+02 -1.00000000e+00 
718 747.72 3.03097167e+02 -1.00000000e+00 
719 748.51 3.00565661e+02 -1.00000000e+00 
720 749.29 2.97827165e+02 -1.00000000e+00 
721 750.08 2.95795491e+02 -1.00000000e+00 
722 750.86 2.94056648e+02 -1.00000000e+00 
723 751.65 2.92747678e+02 -1.00000000e+00 
724 752.43 2.91700492e+02 -1.00000000e+00 
725 753.22 2.91325655e+02 -1.00000000e+00 
726 754.00 2.91401680e+02 -1.00000000e+00 
727 754.79 2.89636841e+02 -1.00000000e+00 
728 755.57 2.87298551e+02 -1.00000000e+00 
729 756.36 2.85583075e+02 -1.00000000e+00 
730 757.14 2.84052436e+02 -1.00000000e+00 
731 757.93 2.79300036e+02 -1.00000000e+00 
732 758.71 2.58349971e+02 -1.00000000e+00 
733 759.49 2.06786001e+02 -1.00000000e+00 
734 760.28 1.56253050e+02 -1.00000000e+00 
735 761.06 1.55062168e+02 -1.00000000e+00 
736 761.85 1.79508760e+02 -1.00000000e+00 
737 762.63 1.91107833e+02 -1.00000000e+00 
738 763.41 1.94650488e+02 -1.00000000e+00 
739 764.20 2.04321157e+02 -1.00000000e+00 
740 764.98 2.18121893e+02 -1.00000000e+00 
741 765.77 2.30864787e+02 -1.00000000e+00 
742 766.55 2.42878410e+02 -1.00000000e+00 
743 767.33 2.54577096e+02 -1.00000000e+00 
744 768.12 2.62672176e+02 -1.00000000e+00 
745 768.90 2.66515468e+02 -1.00000000e+00 
746 769.68 2.68063397e+02 -1.00000000e+00 
747 770.47 2.68319958e+02 -1.00000000e+00 
748 771.25 2.67150543e+02 -1.00000000e+00 
749 772.03 2.66409812e+02 -1.00000000e+00 
750 772.82 2.67081330e+02 -1.00000000e+00 
751 773.60 2.66919331e+02 -1.00000000e+00 
752 774.38 2.64615431e+02 -1.00000000e+00 
753 775.17 2.63192314e+02 -1.00000000e+00 
754 775.95 2.63465354e+02 -1.00000000e+00 
755 776.73 2.62468294e+02 -1.00000000e+00 
756 777.51 2.60343471e+02 -1.00000000e+00 
757 778.30 2.59064358e+02 -1.00000000e+00 
758 779.08 2.57706244e+02 -1.00000000e+00 
759 779.86 2.56082901e+02 -1.00000000e+00 
760 780.64 2.55441406e+02 -1.00000000e+00 
761 781.43 2.56186044e+02 -1.00000000e+00 
762 782.21 2.56060590e+02 -1.00000000e+00 
763 782.99 2.53519632e+02 -1.00000000e+00 
764 783.77 2.51888466e+02 -1.00000000e+00 
765 784.55 2.51530013e+02 -1.00000000e+00 
766 785.34 2.51558905e+02 -1.00000000e+00 
767 786.12 2.51903765e+02 -1.00000000e+00 
768 786.90 2.51374631e+02 -1.00000000e+00 
769 787.68 2.49737501e+02 -1.00000000e+00 
770 788.46 2.48266502e+02 -1.00000000e+00 
771 789.24 2.47607723e+02 -1.00000000e+00 
772 790.03 2.47029186e+02 -1.00000000e+00 
773 790.81 2.45510874e+02 -1.00000000e+00 
774 791.59 2.42504457e+02 -1.00000000e+00 
775 792.37 2.39134943e+02 -1.00000000e+00 
776 793.15 2.36469609e+02 -1.00000000e+00 
777 793.93 2.35371144e+02 -1.00000000e+00 
778 794.71 2.36263939e+02 -1.00000000e+00 
779 795.49 2.37320397e+02 -1.00000000e+00 
780 796.27 2.37240470e+02 -1.00000000e+00 
781 797.05 2.37460411e+02 -1.00000000e+00 
782 797.83 2.37256244e+02 -1.00000000e+00 
783 798.62 2.35646859e+02 -1.00000000e+00 
784 799.40 2.33328108e+02 -1.00000000e+00 
785 800.18 2.31132825e+02 -1.00000000e+00 
786 800.96 2.29781812e+02 -1.00000000e+00 
787 801.74 2.29489271e+02 -1.00000000e+00 
788 802.52 2.29079613e+02 -1.00000000e+00 
789 803.30 2.27910671e+02 -1.00000000e+00 
790 804.08 2.25248107e+02 -1.00000000e+00 
791 804.86 2.22088736e+02 -1.00000000e+00 
792 805.64 2.20833111e+02 -1.00000000e+00 
793 806.41 2.21607011e+02 -1.00000000e+00 
794 807.20 2.22041368e+02 -1.00000000e+00 
795 807.97 2.19989685e+02 -1.00000000e+00 
796 808.75 2.16161302e+02 -1.00000000e+00 
797 809.53 2.13594079e+02 -1.00000000e+00 
798 810.31 2.14035128e+02 -1.00000000e+00 
799 811.09 2.15824118e+02 -1.00000000e+00 
800 811.87 2.16277591e+02 -1.00000000e+00 
801 812.65 2.14947733e+02 -1.00000000e+00 
802 813.43 2.12547643e+02 -1.00000000e+00 
803 814.21 2.09766977e+02 -1.00000000e+00 
804 814.99 2.08316551e+02 -1.00000000e+00 
805 815.76 2.07711668e+02 -1.00000000e+00 
806 816.54 2.07156017e+02 -1.00000000e+00 
807 817.32 2.05379686e+02 -1.00000000e+00 
808 818.10 2.02379587e+02 -1.00000000e+00 
809 818.88 1.99785914e+02 -1.00000000e+00 
810 819.66 1.98427031e+02 -1.00000000e+00 
811 820.43 1.99296110e+02 -1.00000000e+00 
812 821.21 2.00996786e+02 -1.00000000e+00 
813 821.99 2.00077491e+02 -1.00000000e+00 
814 822.77 1.97372122e+02 -1.00000000e+00 
815 823.55 1.95970938e+02 -1.00000000e+00 
816 824.32 1.95963907e+02 -1.00000000e+00 
817 825.10 1.97448422e+02 -1.00000000e+00 
818 825.88 1.99027869e+02 -1.00000000e+00 
819 826.66 1.98392331e+02 -1.00000000e+00 
820 827.43 1.96132269e+02 -1.00000000e+00 
821 828.21 1.93333198e+02 -1.00000000e+00 
822 828.99 1.91642056e+02 -1.00000000e+00 
823 829.76 1.91718574e+02 -1.00000000e+00 
824 830.54 1.92387440e+02 -1.00000000e+00 
825 831.32 1.91483180e+02 -1.00000000e+00 
826 832.10 1.89010878e+02 -1.00000000e+00 
827 832.87 1.85470675e+02 -1.00000000e+00 
828 833.65 1.83525630e+02 -1.00000000e+00 
829 834.42 1.84652232e+02 -1.00000000e+00 
830 835.20 1.87387855e+02 -1.00000000e+00 
831 835.98 1.88545100e+02 -1.00000000e+00 
832 836.75 1.87285095e+02 -1.00000000e+00 
833 837.53 1.84163525e+02 -1.00000000e+00 
834 838.30 1.81859158e+02 -1.00000000e+00 
835 839.08 1.81786705e+02 -1.00000000e+00 
836 839.86 1.83120538e+02 -1.00000000e+00 
837 840.63 1.83415015e+02 -1.00000000e+00 
838 841.41 1.81647842e+02 -1.00000000e+00 
839 842.18 1.78445314e+02 -1.00000000e+00 
840 842.96 1.75389022e+02 -1.00000000e+00 
841 843.74 1.74277926e+02 -1.00000000e+00 
842 844.51 1.75287543e+02 -1.00000000e+00 
843 845.28 1.76703459e+02 -1.00000000e+00 
844 846.06 1.77104982e+02 -1.00000000e+00 
845 846.84 1.75255785e+02 -1.00000000e+00 
846 847.61 1.71618732e+02 -1.00000000e+00 
847 848.38 1.67878349e+02 -1.00000000e+00 
848 849.16 1.66145333e+02 -1.00000000e+00 
849 849.93 1.65929981e+02 -1.00000000e+00 
850 850.71 1.66641660e+02 -1.00000000e+00 
851 851.48 1.65866667e+02 -1.00000000e+00 
852 852.26 1.62438553e+02 -1.00000000e+00 
853 853.03 1.57376657e+02 -1.00000000e+00 
854 853.81 1.53106878e+02 -1.00000000e+00 
855 854.58 1.52614369e+02 -1.00000000e+00 
856 855.35 1.56089185e+02 -1.00000000e+00 
857 856.13 1.60762387e+02 -1.00000000e+00 
858 856.90 1.62930190e+02 -1.00000000e+00 
859 857.68 1.62079446e+02 -1.00000000e+00 
860 858.45 1.59991340e+02 -1.00000000e+00 
861 859.22 1.58276835e+02 -1.00000000e+00 
862 860.00 1.58388202e+02 -1.00000000e+00 
863 860.77 1.59735064e+02 -1.00000000e+00 
864 861.54 1.60181161e+02 -1.00000000e+00 
865 862.32 1.59020448e+02 -1.00000000e+00 
866 863.09 1.56473233e+02 -1.00000000e+00 
867 863.86 1.52262105e+02 -1.00000000e+00 
868 864.63 1.48675245e+02 -1.00000000e+00 
869 865.41 1.45987845e+02 -1.00000000e+00 
870 866.18 1.44850050e+02 -1.00000000e+00 
871 866.95 1.45198908e+02 -1.00000000e+00 
872 867.73 1.46078652e+02 -1.00000000e+00 
873 868.50 1.46284552e+02 -1.00000000e+00 
874 869.27 1.45912430e+02 -1.00000000e+00 
875 870.04 1.46012902e+02 -1.00000000e+00 
876 870.81 1.47201093e+02 -1.00000000e+00 
877 871.59 1.48061290e+02 -1.00000000e+00 
878 872.36 1.48354568e+02 -1.00000000e+00 
879 873.13 1.47274188e+02 -1.00000000e+00 
880 873.90 1.44872947e+02 -1.00000000e+00 
881 874.67 1.41949114e+02 -1.00000000e+00 
882 875.44 1.40398822e+02 -1.00000000e+00 
883 876.22 1.40872233e+02 -1.00000000e+00 
884 876.99 1.41908909e+02 -1.00000000e+00 
885 877.76 1.42555203e+02 -1.00000000e+00 
886 878.53 1.41793400e+02 -1.00000000e+00 
887 879.30 1.39402651e+02 -1.00000000e+00 
888 880.07 1.36718464e+02 -1.00000000e+00 
889 880.84 1.35282273e+02 -1.00000000e+00 
890 881.61 1.35552776e+02 -1.00000000e+00 
891 882.38 1.41823822e+02 -1.00000000e+00 
892 883.15 1.43356086e+02 -1.00000000e+00 
893 883.92 1.43207322e+02 -1.00000000e+00 
894 884.69 1.41287727e+02 -1.00000000e+00 
895 885.46 1.38831567e+02 -1.00000000e+00 
896 886.24 1.36613668e+02 -1.00000000e+00 
897 887.01 1.35716837e+02 -1.00000000e+00 
898 887.77 1.36212096e+02 -1.00000000e+00 
899 888.55 1.37539180e+02 -1.00000000e+00 
900 889.31 1.38597457e+02 -1.00000000e+00 
901 890.08 1.37763291e+02 -1.00000000e+00 
902 890.85 1.35381553e+02 -1.00000000e+00 
903 891.62 1.32905812e+02 -1.00000000e+00 
904 892.39 1.31159425e+02 -1.00000000e+00 
905 893.16 1.31396177e+02 -1.00000000e+00 
906 893.93 1.32753300e+02 -1.00000000e+00 
907 894.70 1.33832835e+02 -1.00000000e+00 
908 895.47 1.33668962e+02 -1.00000000e+00 
909 896.24 1.32331780e+02 -1.00000000e+00 
910 897.01 1.30401493e+02 -1.00000000e+00 
911 897.77 1.29032724e+02 -1.00000000e+00 
912 898.54 1.28919985e+02 -1.00000000e+00 
913 899.31 1.29265250e+02 -1.00000000e+00 
914 900.08 1.28825396e+02 -1.00000000e+00 
915 900.85 1.27606083e+02 -1.00000000e+00 
916 901.62 1.25304973e+02 -1.00000000e+00 
917 902.38 1.22789801e+02 -1.00000000e+00 
918 903.15 1.21102255e+02 -1.00000000e+00 
919 903.92 1.20411831e+02 -1.00000000e+00 
920 904.69 1.20477687e+02 -1.00000000e+00 
921 905.46 1.20949787e+02 -1.00000000e+00 
922 906.22 1.21266116e+02 -1.00000000e+00 
923 906.99 1.20689339e+02 -1.00000000e+00 
924 907.76 1.19351153e+02 -1.00000000e+00 
925 908.52 1.17420588e+02 -1.00000000e+00 
926 909.29 1.15994272e+02 -1.00000000e+00 
927 910.06 1.15445413e+02 -1.00000000e+00 
928 910.83 1.15522092e+02 -1.00000000e+00 
929 911.59 1.15852872e+02 -1.00000000e+00 
930 912.36 1.15854424e+02 -1.00000000e+00 
931 913.13 1.15062690e+02 -1.00000000e+00 
932 913.89 1.13770740e+02 -1.00000000e+00 
933 914.66 1.12064774e+02 -1.00000000e+00 
934 915.43 1.10520987e+02 -1.00000000e+00 
935 916.19 1.09670896e+02 -1.00000000e+00 
936 916.96 1.09131659e+02 -1.00000000e+00 
937 917.72 1.08869985e+02 -1.00000000e+00 
938 918.49 1.08372454e+02 -1.00000000e+00 
939 919.26 1.07247481e+02 -1.00000000e+00 
940 920.02 1.05481339e+02 -1.00000000e+00 
941 920.79 1.03542263e+02 -1.00000000e+00 
942 921.55 1.01642702e+02 -1.00000000e+00 
943 922.32 1.00365017e+02 -1.00000000e+00 
944 923.08 9.96762034e+01 -1.00000000e+00 
945 923.85 9.95086958e+01 -1.00000000e+00 
946 924.61 9.94661050e+01 -1.00000000e+00 
947 925.38 9.91433275e+01 -1.00000000e+00 
948 926.14 9.83941331e+01 -1.00000000e+00 
949 926.91 9.74774522e+01 -1.00000000e+00 
950 927.67 9.64876779e+01 -1.00000000e+00 
951 928.44 9.59664704e+01 -1.00000000e+00 
952 929.20 9.60035739e+01 -1.00000000e+00 
953 929.97 9.62072593e+01 -1.00000000e+00 
954 930.73 9.62873839e+01 -1.00000000e+00 
955 931.50 9.59037396e+01 -1.00000000e+00 
956 932.26 9.47967100e+01 -1.00000000e+00 
957 933.02 9.33410474e+01 -1.00000000e+00 
958 933.79 9.17875315e+01 -1.00000000e+00 
959 934.55 9.03991729e+01 -1.00000000e+00 
960 935.32 8.95185341e+01 -1.00000000e+00 
961 936.08 8.89024639e+01 -1.00000000e+00 
962 936.84 8.83429751e+01 -1.00000000e+00 
963 937.61 8.74486131e+01 -1.00000000e+00 
964 938.37 8.59775861e+01 -1.00000000e+00 
965 939.13 8.42695341e+01 -1.00000000e+00 
966 939.89 8.23737273e+01 -1.00000000e+00 
967 940.66 8.08188406e+01 -1.00000000e+00 
968 941.42 7.99795931e+01 -1.00000000e+00 
969 942.18 7.94806363e+01 -1.00000000e+00 
970 942.95 7.93650339e+01 -1.00000000e+00 
971 943.71 7.93270789e+01 -1.00000000e+00 
972 944.47 7.90459505e+01 -1.00000000e+00 
973 945.23 7.84277058e+01 -1.00000000e+00 
974 946.00 7.80600321e+01 -1.00000000e+00 
975 946.76 7.77126928e+01 -1.00000000e+00 
976 947.52 7.73678938e+01 -1.00000000e+00 
977 948.28 7.73088555e+01 -1.00000000e+00 
978 949.05 7.72448842e+01 -1.00000000e+00 
979 949.81 7.69400123e+01 -1.00000000e+00 
980 950.57 7.64303705e+01 -1.00000000e+00 
981 951.33 7.54348496e+01 -1.00000000e+00 
982 952.09 7.41908445e+01 -1.00000000e+00 
983 952.85 7.31179973e+01 -1.00000000e+00 
984 953.61 7.24085153e+01 -1.00000000e+00 
985 954.38 7.21505128e+01 -1.00000000e+00 
986 955.14 7.19855256e+01 -1.00000000e+00 
987 955.90 7.18814130e+01 -1.00000000e+00 
988 956.66 7.15755133e+01 -1.00000000e+00 
989 957.42 7.10468676e+01 -1.00000000e+00 
990 958.18 7.03517868e+01 -1.00000000e+00 
991 958.94 6.95479891e+01 -1.00000000e+00 
992 959.70 6.89410516e+01 -1.00000000e+00 
993 960.46 6.85937277e+01 -1.00000000e+00 
994 961.22 6.82869229e+01 -1.00000000e+00 
995 961.98 6.79959381e+01 -1.00000000e+00 
996 962.74 6.73857328e+01 -1.00000000e+00 
997 963.50 6.64735497e+01 -1.00000000e+00 
998 964.26 6.54332614e+01 -1.00000000e+00 
999 965.02 6.45026855e+01 -1.00000000e+00 
1000 965.78 6.37513499e+01 -1.00000000e+00 
1001 966.54 6.33878040e+01 -1.00000000e+00 
1002 967.30 6.31036288e+01 -1.00000000e+00 
1003 968.06 6.29023222e+01 -1.00000000e+00 
1004 968.82 6.23237222e+01 -1.00000000e+00 
1005 969.58 6.14445916e+01 -1.00000000e+00 
1006 970.34 6.05498900e+01 -1.00000000e+00 
1007 971.10 5.99051666e+01 -1.00000000e+00 
1008 971.86 5.95647043e+01 -1.00000000e+00 
1009 972.62 5.93124699e+01 -1.00000000e+00 
1010 973.38 5.89368314e+01 -1.00000000e+00 
1011 974.14 5.83293370e+01 -1.00000000e+00 
1012 974.89 5.76512209e+01 -1.00000000e+00 
1013 975.65 5.67791806e+01 -1.00000000e+00 
1014 976.41 5.60996876e+01 -1.00000000e+00 
1015 977.17 5.58055760e+01 -1.00000000e+00 
1016 977.93 5.54299002e+01 -1.00000000e+00 
1017 978.69 5.49433656e+01 -1.00000000e+00 
1018 979.45 5.42729334e+01 -1.00000000e+00 
1019 980.20 5.35615355e+01 -1.00000000e+00 
1020 980.96 5.28814173e+01 -1.00000000e+00 
1021 981.72 5.24672062e+01 -1.00000000e+00 
1022 982.48 5.21667034e+01 -1.00000000e+00 
1023 983.24 5.16104336e+01 -1.00000000e+00 
1024 983.99 5.07469140e+01 -1.00000000e+00 
1025 984.75 4.99326857e+01 -1.00000000e+00 
1026 985.51 4.94388019e+01 -1.00000000e+00 
1027 986.26 4.91238831e+01 -1.00000000e+00 
1028 987.02 4.85409452e+01 -1.00000000e+00 
1029 987.78 4.76583908e+01 -1.00000000e+00 
1030 988.54 4.67981369e+01 -1.00000000e+00 
1031 989.29 4.62687653e+01 -1.00000000e+00 
1032 990.05 4.59116045e+01 -1.00000000e+00 
1033 990.81 4.51517635e+01 -1.00000000e+00 
1034 991.56 4.41782904e+01 -1.00000000e+00 
1035 992.32 4.34666340e+01 -1.00000000e+00 
1036 993.08 4.28622683e+01 -1.00000000e+00 
1037 993.83 4.19564664e+01 -1.00000000e+00 
1038 994.59 3.94095541e+01 -1.00000000e+00 
1039 995.35 3.86605279e+01 -1.00000000e+00 
1040 996.10 2.51589532e+00 -1.00000000e+00 
1041 996.86 1.51348207e-01 -1.00000000e+00 
1042 997.62 9.30041839e-02 -1.00000000e+00 
1043 998.37 9.37831633e-02 -1.00000000e+00 
