% C0 (TOA Count Rate, /ms) for 4STAR VIS spectrometer (1044 channels) derived from 4STAR_20161112starsun.mat and recorded on 2017-02-09 13:13:19.
% Data outside 2.0x the STD of 501 nm Langley residuals were screened out.
Pix Wavelength C0 C0err
0 173.18 -1.00000000e+00 -1.00000000e+00 
1 173.97 1.26967170e+04 3.80901509e+02 
2 174.77 8.94158277e+03 2.68247483e+02 
3 175.56 3.69150140e+03 1.10745042e+02 
4 176.36 2.28179754e+05 6.84539263e+03 
5 177.15 1.89474850e+05 5.68424551e+03 
6 177.94 1.74831159e+05 5.24493478e+03 
7 178.74 1.51199383e+05 4.53598150e+03 
8 179.53 1.25906609e+05 3.77719828e+03 
9 180.33 1.34744343e+05 4.04233030e+03 
10 181.12 1.09792851e+05 3.29378554e+03 
11 181.92 1.60201272e+05 4.80603817e+03 
12 182.71 4.51568709e+05 1.35470613e+04 
13 183.51 9.01849007e+05 2.70554702e+04 
14 184.30 2.73428085e+06 8.20284255e+04 
15 185.10 8.87269125e+06 2.66180738e+05 
16 185.89 6.02777330e+07 1.80833199e+06 
17 186.69 1.74978752e+08 5.24936256e+06 
18 187.49 1.24899144e+09 3.74697433e+07 
19 188.28 5.66583987e+09 1.69975196e+08 
20 189.08 2.15356402e+10 6.46069205e+08 
21 189.88 4.27481902e+10 1.28244571e+09 
22 190.67 7.40539412e+10 2.22161824e+09 
23 191.47 1.15227843e+11 3.45683528e+09 
24 192.27 1.76914449e+11 5.30743348e+09 
25 193.07 2.65481564e+11 7.96444691e+09 
26 193.86 3.44689418e+11 1.03406825e+10 
27 194.66 4.46552470e+11 1.33965741e+10 
28 195.46 5.41259570e+11 1.62377871e+10 
29 196.26 6.81800679e+11 2.04540204e+10 
30 197.05 8.14186317e+11 2.44255895e+10 
31 197.85 1.03558019e+12 3.10674058e+10 
32 198.65 1.22225293e+12 3.66675879e+10 
33 199.45 1.30316578e+12 3.90949734e+10 
34 200.25 1.66271535e+12 4.98814606e+10 
35 201.05 2.02846898e+12 6.08540695e+10 
36 201.85 2.46267715e+12 7.38803144e+10 
37 202.64 3.53709312e+12 1.06112794e+11 
38 203.44 4.14556979e+12 1.24367094e+11 
39 204.24 5.12040899e+12 1.53612270e+11 
40 205.04 6.81569443e+12 2.04470833e+11 
41 205.84 9.43805347e+12 2.83141604e+11 
42 206.64 1.47205450e+13 4.41616350e+11 
43 207.44 2.04662624e+13 6.13987873e+11 
44 208.24 3.36147242e+13 1.00844173e+12 
45 209.04 3.41387949e+13 1.02416385e+12 
46 209.84 3.41546976e+13 1.02464093e+12 
47 210.64 3.01892006e+13 9.05676018e+11 
48 211.44 1.98858851e+13 5.96576554e+11 
49 212.24 2.15155107e+13 6.45465321e+11 
50 213.05 1.27118003e+13 3.81354008e+11 
51 213.85 8.01164516e+12 2.40349355e+11 
52 214.65 1.01973282e+13 3.05919846e+11 
53 215.45 4.50093326e+12 1.35027998e+11 
54 216.25 1.99311258e+12 5.97933774e+10 
55 217.05 8.80912065e+11 2.64273620e+10 
56 217.85 3.84333200e+11 1.15299960e+10 
57 218.65 1.67950944e+11 5.03852831e+09 
58 219.46 7.35466038e+10 2.20639811e+09 
59 220.26 3.26971697e+10 9.80915090e+08 
60 221.06 1.43163949e+10 4.29491846e+08 
61 221.86 6.21571482e+09 1.86471444e+08 
62 222.66 2.75777757e+09 8.27333271e+07 
63 223.47 1.22927363e+09 3.68782090e+07 
64 224.27 5.35404643e+08 1.60621393e+07 
65 225.07 2.37392843e+08 7.12178530e+06 
66 225.87 1.05460413e+08 3.16381238e+06 
67 226.68 4.60200483e+07 1.38060145e+06 
68 227.48 2.10100447e+07 6.30301341e+05 
69 228.28 9.94605606e+06 2.98381682e+05 
70 229.09 5.36437565e+06 1.60931269e+05 
71 229.89 3.77594363e+06 1.13278309e+05 
72 230.69 3.71120394e+06 1.11336118e+05 
73 231.49 5.31248543e+06 1.59374563e+05 
74 232.30 1.04374638e+07 3.13123913e+05 
75 233.10 2.41404689e+07 7.24214067e+05 
76 233.91 6.16583174e+07 1.84974952e+06 
77 234.71 1.58175611e+08 4.74526834e+06 
78 235.51 4.18454310e+08 1.25536293e+07 
79 236.32 1.11722388e+09 3.35167164e+07 
80 237.12 2.92025877e+09 8.76077632e+07 
81 237.92 7.96629016e+09 2.38988705e+08 
82 238.73 2.14903232e+10 6.44709695e+08 
83 239.53 5.76311080e+10 1.72893324e+09 
84 240.34 1.53248929e+11 4.59746787e+09 
85 241.14 4.02962816e+11 1.20888845e+10 
86 241.94 1.01005365e+12 3.03016095e+10 
87 242.75 2.41243016e+12 7.23729047e+10 
88 243.55 5.66892124e+12 1.70067637e+11 
89 244.36 1.32283003e+13 3.96849009e+11 
90 245.16 1.50834474e+13 4.52503422e+11 
91 245.97 1.68128424e+13 5.04385273e+11 
92 246.77 2.44258670e+13 7.32776009e+11 
93 247.58 3.77544678e+13 1.13263403e+12 
94 248.38 3.36443081e+13 1.00932924e+12 
95 249.19 4.13168795e+13 1.23950638e+12 
96 249.99 5.90679280e+13 1.77203784e+12 
97 250.80 5.74389269e+13 1.72316781e+12 
98 251.60 7.03891262e+13 2.11167378e+12 
99 252.41 5.85176790e+13 1.75553037e+12 
100 253.21 6.44104066e+13 1.93231220e+12 
101 254.02 6.44244906e+13 1.93273472e+12 
102 254.83 6.73340030e+13 2.02002009e+12 
103 255.63 6.62964448e+13 1.98889334e+12 
104 256.44 6.63098315e+13 1.98929494e+12 
105 257.24 5.90653459e+13 1.77196038e+12 
106 258.05 7.04232362e+13 2.11269709e+12 
107 258.85 6.27416925e+13 1.88225077e+12 
108 259.66 5.97809966e+13 1.79342990e+12 
109 260.46 3.70118511e+13 1.11035553e+12 
110 261.27 4.09799767e+13 1.22939930e+12 
111 262.08 3.63696194e+13 1.09108858e+12 
112 262.88 2.34920541e+13 7.04761623e+11 
113 263.69 1.47771232e+13 4.43313695e+11 
114 264.50 2.19156044e+13 6.57468131e+11 
115 265.30 9.78264313e+12 2.93479294e+11 
116 266.11 4.18161062e+12 1.25448319e+11 
117 266.91 1.58522163e+12 4.75566488e+10 
118 267.72 6.06135780e+11 1.81840734e+10 
119 268.53 2.10473791e+11 6.31421373e+09 
120 269.33 7.79411123e+10 2.33823337e+09 
121 270.14 3.02717139e+10 9.08151416e+08 
122 270.95 1.07932106e+10 3.23796317e+08 
123 271.75 4.02646175e+09 1.20793852e+08 
124 272.56 1.38504098e+09 4.15512293e+07 
125 273.37 4.49085970e+08 1.34725791e+07 
126 274.17 1.49440181e+08 4.48320544e+06 
127 274.98 5.15202669e+07 1.54560801e+06 
128 275.79 1.94090790e+07 5.82272369e+05 
129 276.59 7.38009125e+06 2.21402737e+05 
130 277.40 2.85502123e+06 8.56506370e+04 
131 278.21 1.08831948e+06 3.26495843e+04 
132 279.01 4.33019358e+05 1.29905807e+04 
133 279.82 1.71007000e+05 5.13021000e+03 
134 280.63 6.92825492e+04 2.07847648e+03 
135 281.44 2.81125561e+04 8.43376682e+02 
136 282.24 1.22750369e+04 3.68251107e+02 
137 283.05 5.87213976e+03 1.76164193e+02 
138 283.86 2.89297588e+03 8.67892764e+01 
139 284.66 1.40213973e+03 4.20641920e+01 
140 285.47 7.44612889e+02 2.23383867e+01 
141 286.28 4.11656370e+02 1.23496911e+01 
142 287.09 2.33569090e+02 7.00707269e+00 
143 287.89 1.36212210e+02 4.08636630e+00 
144 288.70 8.04142414e+01 2.41242724e+00 
145 289.51 5.11546816e+01 1.53464045e+00 
146 290.32 3.45028550e+01 1.03508565e+00 
147 291.12 2.28302733e+01 6.84908198e-01 
148 291.93 1.56509136e+01 4.69527408e-01 
149 292.74 1.13222368e+01 3.39667105e-01 
150 293.55 8.21330315e+00 2.46399094e-01 
151 294.35 5.98618471e+00 1.79585541e-01 
152 295.16 4.82638814e+00 1.44791644e-01 
153 295.97 3.73992682e+00 1.12197804e-01 
154 296.78 3.02984108e+00 9.08952323e-02 
155 297.58 2.44058835e+00 7.32176506e-02 
156 298.39 2.07735435e+00 6.23206306e-02 
157 299.20 1.81058380e+00 5.43175140e-02 
158 300.01 1.51586595e+00 4.54759784e-02 
159 300.81 1.36635971e+00 4.09907913e-02 
160 301.62 1.19722844e+00 3.59168532e-02 
161 302.43 1.10323581e+00 3.30970744e-02 
162 303.24 9.97259924e-01 2.99177977e-02 
163 304.05 9.17637567e-01 2.75291270e-02 
164 304.85 8.68271432e-01 2.60481430e-02 
165 305.66 8.13780234e-01 2.44134070e-02 
166 306.47 7.74768404e-01 2.32430521e-02 
167 307.28 7.29576004e-01 2.18872801e-02 
168 308.08 7.09808429e-01 2.12942529e-02 
169 308.89 6.83416419e-01 2.05024926e-02 
170 309.70 6.43296931e-01 1.92989079e-02 
171 310.51 6.46175579e-01 1.93852674e-02 
172 311.32 6.18495410e-01 1.85548623e-02 
173 312.12 6.19419206e-01 1.85825762e-02 
174 312.93 5.99167614e-01 1.79750284e-02 
175 313.74 5.75846984e-01 1.72754095e-02 
176 314.55 5.74527982e-01 1.72358395e-02 
177 315.36 5.67172373e-01 1.70151712e-02 
178 316.16 5.78666455e-01 1.73599937e-02 
179 316.97 5.61640545e-01 1.68492163e-02 
180 317.78 5.77625038e-01 1.73287511e-02 
181 318.59 5.71305352e-01 1.71391606e-02 
182 319.39 5.89084463e-01 1.76725339e-02 
183 320.20 5.84166430e-01 1.75249929e-02 
184 321.01 5.84676007e-01 1.75402802e-02 
185 321.82 5.92323935e-01 1.77697180e-02 
186 322.63 6.01945355e-01 1.80583607e-02 
187 323.43 6.25669717e-01 1.87700915e-02 
188 324.24 6.26983801e-01 1.88095140e-02 
189 325.05 6.44264510e-01 1.93279353e-02 
190 325.86 6.62764399e-01 1.98829320e-02 
191 326.67 6.70677139e-01 2.01203142e-02 
192 327.48 6.98233406e-01 2.09470022e-02 
193 328.28 7.18035478e-01 2.15410643e-02 
194 329.09 7.36307766e-01 2.20892330e-02 
195 329.90 7.56225213e-01 2.26867564e-02 
196 330.71 7.92036131e-01 2.37610839e-02 
197 331.51 8.49239519e-01 2.54771856e-02 
198 332.32 9.32893303e-01 2.79867991e-02 
199 333.13 1.11105590e+00 3.33316771e-02 
200 333.94 1.40245877e+00 4.20737631e-02 
201 334.75 1.92105471e+00 5.76316413e-02 
202 335.56 2.69823076e+00 8.09469229e-02 
203 336.36 3.82582489e+00 1.14774747e-01 
204 337.17 5.66868809e+00 1.70060643e-01 
205 337.98 8.38242320e+00 2.51472696e-01 
206 338.79 1.19176000e+01 3.57528000e-01 
207 339.59 1.58823128e+01 4.76469385e-01 
208 340.40 1.96548564e+01 5.89645693e-01 
209 341.21 2.28703680e+01 6.86111041e-01 
210 342.02 2.65518284e+01 7.96554853e-01 
211 342.83 3.00183594e+01 9.00550782e-01 
212 343.64 3.10620823e+01 9.31862469e-01 
213 344.44 3.22535929e+01 9.67607788e-01 
214 345.25 3.61452075e+01 1.08435623e+00 
215 346.06 4.00111814e+01 1.20033544e+00 
216 346.87 4.25959182e+01 1.27787755e+00 
217 347.67 4.44230592e+01 1.33269178e+00 
218 348.48 4.62292307e+01 1.38687692e+00 
219 349.29 4.91645537e+01 1.47493661e+00 
220 350.10 5.41995514e+01 1.62598654e+00 
221 350.91 5.79144202e+01 1.73743261e+00 
222 351.71 5.82944319e+01 1.74883296e+00 
223 352.52 5.93128611e+01 1.77938583e+00 
224 353.33 6.46624438e+01 1.93987331e+00 
225 354.14 7.15970065e+01 2.14791019e+00 
226 354.94 7.50323743e+01 2.25097123e+00 
227 355.75 7.38608554e+01 2.21582566e+00 
228 356.56 6.96515219e+01 2.08954566e+00 
229 357.37 6.52878081e+01 1.95863424e+00 
230 358.18 6.43055690e+01 1.92916707e+00 
231 358.98 7.19023667e+01 2.15707100e+00 
232 359.79 8.35938356e+01 2.50781507e+00 
233 360.60 8.56332156e+01 2.56899647e+00 
234 361.41 8.42379780e+01 2.52713934e+00 
235 362.21 8.86998131e+01 2.66099439e+00 
236 363.02 9.41839019e+01 2.82551706e+00 
237 363.83 9.74486483e+01 2.92345945e+00 
238 364.64 1.02174083e+02 3.06522249e+00 
239 365.44 1.11349403e+02 3.34048209e+00 
240 366.25 1.19573621e+02 3.58720862e+00 
241 367.06 1.20899722e+02 3.62699167e+00 
242 367.87 1.18987207e+02 3.56961622e+00 
243 368.67 1.20379919e+02 3.61139757e+00 
244 369.48 1.25479429e+02 3.76438288e+00 
245 370.29 1.26919525e+02 3.80758574e+00 
246 371.10 1.25556048e+02 3.76668144e+00 
247 371.90 1.22393586e+02 3.67180758e+00 
248 372.71 1.15679409e+02 3.47038226e+00 
249 373.52 1.09135913e+02 3.27407740e+00 
250 374.33 1.08189911e+02 3.24569733e+00 
251 375.13 1.15444994e+02 3.46334983e+00 
252 375.94 1.25808168e+02 3.77424504e+00 
253 376.75 1.36995294e+02 4.10985883e+00 
254 377.55 1.49813666e+02 4.49440999e+00 
255 378.36 1.53959337e+02 4.61878010e+00 
256 379.17 1.46578550e+02 4.39735649e+00 
257 379.98 1.42750049e+02 4.28250146e+00 
258 380.78 1.42488271e+02 4.27464813e+00 
259 381.59 1.30715001e+02 3.92145002e+00 
260 382.40 1.11518236e+02 3.34554709e+00 
261 383.21 1.01956299e+02 3.05868898e+00 
262 384.01 1.09669970e+02 3.29009909e+00 
263 384.82 1.24012627e+02 3.72037880e+00 
264 385.63 1.30569468e+02 3.91708404e+00 
265 386.43 1.31806736e+02 3.95420207e+00 
266 387.24 1.32710403e+02 3.98131210e+00 
267 388.05 1.34736294e+02 4.04208883e+00 
268 388.85 1.42536327e+02 4.27608981e+00 
269 389.66 1.55603031e+02 4.66809093e+00 
270 390.47 1.66376472e+02 4.99129416e+00 
271 391.27 1.67485549e+02 5.02456647e+00 
272 392.08 1.50438554e+02 4.51315662e+00 
273 392.89 1.22789264e+02 3.68367793e+00 
274 393.69 1.14909986e+02 3.44729958e+00 
275 394.50 1.35647531e+02 4.06942593e+00 
276 395.31 1.52554877e+02 4.57664631e+00 
277 396.11 1.43758892e+02 4.31276676e+00 
278 396.92 1.35875215e+02 4.07625645e+00 
279 397.73 1.58545353e+02 4.75636059e+00 
280 398.53 1.95724296e+02 5.87172888e+00 
281 399.34 2.20470120e+02 6.61410359e+00 
282 400.15 2.32518496e+02 6.97555487e+00 
283 400.95 2.40668371e+02 7.22005113e+00 
284 401.76 2.47153595e+02 7.41460786e+00 
285 402.57 2.49388872e+02 7.48166617e+00 
286 403.37 2.48242913e+02 7.44728740e+00 
287 404.18 2.47133087e+02 7.41399261e+00 
288 404.98 2.46110727e+02 7.38332182e+00 
289 405.79 2.45045707e+02 7.35137122e+00 
290 406.60 2.45788439e+02 7.37365318e+00 
291 407.40 2.51517908e+02 7.54553725e+00 
292 408.21 2.60573274e+02 7.81719823e+00 
293 409.02 2.64353590e+02 7.93060769e+00 
294 409.82 2.61618841e+02 7.84856522e+00 
295 410.63 2.64042037e+02 7.92126112e+00 
296 411.44 2.74526744e+02 8.23580231e+00 
297 412.24 2.82060028e+02 8.46180084e+00 
298 413.05 2.82756048e+02 8.48268143e+00 
299 413.85 2.81955164e+02 8.45865492e+00 
300 414.66 2.81892987e+02 8.45678961e+00 
301 415.46 2.82444999e+02 8.47334996e+00 
302 416.27 2.82088879e+02 8.46266636e+00 
303 417.08 2.78322967e+02 8.34968902e+00 
304 417.88 2.73077279e+02 8.19231837e+00 
305 418.69 2.70320828e+02 8.10962485e+00 
306 419.49 2.70470122e+02 8.11410365e+00 
307 420.30 2.73493341e+02 8.20480023e+00 
308 421.11 2.76257643e+02 8.28772928e+00 
309 421.91 2.74383554e+02 8.23150663e+00 
310 422.72 2.70106080e+02 8.10318239e+00 
311 423.52 2.69708702e+02 8.09126106e+00 
312 424.33 2.72849446e+02 8.18548337e+00 
313 425.13 2.75315846e+02 8.25947538e+00 
314 425.94 2.75902091e+02 8.27706272e+00 
315 426.74 2.75920389e+02 8.27761168e+00 
316 427.55 2.75846575e+02 8.27539725e+00 
317 428.35 2.72903057e+02 8.18709170e+00 
318 429.16 2.63123413e+02 7.89370238e+00 
319 429.96 2.52641061e+02 7.57923184e+00 
320 430.77 2.58981185e+02 7.76943556e+00 
321 431.58 2.85487577e+02 8.56462730e+00 
322 432.38 3.14342569e+02 9.43027708e+00 
323 433.19 3.29594428e+02 9.88783284e+00 
324 433.99 3.37859895e+02 1.01357969e+01 
325 434.80 3.51498519e+02 1.05449556e+01 
326 435.60 3.70640637e+02 1.11192191e+01 
327 436.41 3.84632717e+02 1.15389815e+01 
328 437.21 3.86302088e+02 1.15890626e+01 
329 438.02 3.82418074e+02 1.14725422e+01 
330 438.82 3.84528491e+02 1.15358547e+01 
331 439.63 3.95726005e+02 1.18717801e+01 
332 440.43 4.12784259e+02 1.23835278e+01 
333 441.24 4.30496530e+02 1.29148959e+01 
334 442.04 4.46423592e+02 1.33927077e+01 
335 442.84 4.57914443e+02 1.37374333e+01 
336 443.65 4.64960244e+02 1.39488073e+01 
337 444.45 4.67844507e+02 1.40353352e+01 
338 445.26 4.68203624e+02 1.40461087e+01 
339 446.06 4.72199224e+02 1.41659767e+01 
340 446.87 4.82915546e+02 1.44874664e+01 
341 447.67 4.97018170e+02 1.49105451e+01 
342 448.48 5.08628278e+02 1.52588483e+01 
343 449.28 5.19051830e+02 1.55715549e+01 
344 450.09 5.30133038e+02 1.59039911e+01 
345 450.89 5.36809738e+02 1.61042921e+01 
346 451.69 5.33045542e+02 1.59913663e+01 
347 452.50 5.23531039e+02 1.57059312e+01 
348 453.30 5.18536265e+02 1.55560879e+01 
349 454.11 5.21158188e+02 1.56347456e+01 
350 454.91 5.29485722e+02 1.58845717e+01 
351 455.72 5.38665063e+02 1.61599519e+01 
352 456.52 5.46188276e+02 1.63856483e+01 
353 457.32 5.49732221e+02 1.64919666e+01 
354 458.13 5.49036154e+02 1.64710846e+01 
355 458.93 5.48274360e+02 1.64482308e+01 
356 459.74 5.51513758e+02 1.65454127e+01 
357 460.54 5.58799417e+02 1.67639825e+01 
358 461.34 5.66992291e+02 1.70097687e+01 
359 462.15 5.72663870e+02 1.71799161e+01 
360 462.95 5.73153492e+02 1.71946048e+01 
361 463.76 5.69781931e+02 1.70934579e+01 
362 464.56 5.66136023e+02 1.69840807e+01 
363 465.36 5.63432446e+02 1.69029734e+01 
364 466.17 5.62140076e+02 1.68642023e+01 
365 466.97 5.62994024e+02 1.68898207e+01 
366 467.77 5.65653171e+02 1.69695951e+01 
367 468.58 5.68779352e+02 1.70633805e+01 
368 469.38 5.69817446e+02 1.70945234e+01 
369 470.18 5.70871716e+02 1.71261515e+01 
370 470.99 5.76442689e+02 1.72932807e+01 
371 471.79 5.84817722e+02 1.75445317e+01 
372 472.59 5.92492269e+02 1.77747681e+01 
373 473.40 5.97865854e+02 1.79359756e+01 
374 474.20 6.01073501e+02 1.80322050e+01 
375 475.00 6.03234464e+02 1.80970339e+01 
376 475.81 6.05248536e+02 1.81574561e+01 
377 476.61 6.08718052e+02 1.82615416e+01 
378 477.41 6.14470444e+02 1.84341133e+01 
379 478.21 6.20273958e+02 1.86082187e+01 
380 479.02 6.24399311e+02 1.87319793e+01 
381 479.82 6.26768948e+02 1.88030684e+01 
382 480.62 6.29226814e+02 1.88768044e+01 
383 481.43 6.30429869e+02 1.89128961e+01 
384 482.23 6.29040330e+02 1.88712099e+01 
385 483.03 6.24242232e+02 1.87272670e+01 
386 483.84 6.13833326e+02 1.84149998e+01 
387 484.64 5.94585963e+02 1.78375789e+01 
388 485.44 5.71442035e+02 1.71432610e+01 
389 486.24 5.57771973e+02 1.67331592e+01 
390 487.05 5.59794002e+02 1.67938200e+01 
391 487.85 5.74936259e+02 1.72480878e+01 
392 488.65 5.93900625e+02 1.78170188e+01 
393 489.45 6.06994178e+02 1.82098254e+01 
394 490.26 6.11394062e+02 1.83418219e+01 
395 491.06 6.09480156e+02 1.82844047e+01 
396 491.86 6.05485591e+02 1.81645677e+01 
397 492.66 6.04802770e+02 1.81440831e+01 
398 493.46 6.10084136e+02 1.83025241e+01 
399 494.27 6.17045824e+02 1.85113747e+01 
400 495.07 6.21313733e+02 1.86394120e+01 
401 495.87 6.23320616e+02 1.86996185e+01 
402 496.67 6.21278266e+02 1.86383480e+01 
403 497.48 6.16785148e+02 1.85035544e+01 
404 498.28 6.12044621e+02 1.83613386e+01 
405 499.08 6.05974931e+02 1.81792479e+01 
406 499.88 5.99168675e+02 1.79750602e+01 
407 500.68 5.93484222e+02 1.78045267e+01 
408 501.48 5.90506249e+02 1.77151875e+01 
409 502.29 5.92018705e+02 1.77605611e+01 
410 503.09 5.96110908e+02 1.78833272e+01 
411 503.89 6.01707130e+02 1.80512139e+01 
412 504.69 6.08107795e+02 1.82432339e+01 
413 505.49 6.12960146e+02 1.83888044e+01 
414 506.29 6.14215119e+02 1.84264536e+01 
415 507.09 6.11865453e+02 1.83559636e+01 
416 507.90 6.08668630e+02 1.82600589e+01 
417 508.70 6.07233104e+02 1.82169931e+01 
418 509.50 6.07620248e+02 1.82286074e+01 
419 510.30 6.08734403e+02 1.82620321e+01 
420 511.10 6.07683960e+02 1.82305188e+01 
421 511.90 6.03617876e+02 1.81085363e+01 
422 512.70 5.97331623e+02 1.79199487e+01 
423 513.51 5.90467325e+02 1.77140197e+01 
424 514.31 5.84720622e+02 1.75416187e+01 
425 515.11 5.76246909e+02 1.72874073e+01 
426 515.91 5.62269614e+02 1.68680884e+01 
427 516.71 5.47876596e+02 1.64362979e+01 
428 517.51 5.39132541e+02 1.61739762e+01 
429 518.31 5.41678185e+02 1.62503456e+01 
430 519.11 5.54017003e+02 1.66205101e+01 
431 519.91 5.67482830e+02 1.70244849e+01 
432 520.71 5.77742542e+02 1.73322763e+01 
433 521.51 5.82430565e+02 1.74729170e+01 
434 522.32 5.85070796e+02 1.75521239e+01 
435 523.12 5.89284557e+02 1.76785367e+01 
436 523.92 5.93688516e+02 1.78106555e+01 
437 524.72 5.94028266e+02 1.78208480e+01 
438 525.52 5.86858442e+02 1.76057533e+01 
439 526.32 5.77308899e+02 1.73192670e+01 
440 527.12 5.74816994e+02 1.72445098e+01 
441 527.92 5.81574847e+02 1.74472454e+01 
442 528.72 5.93964309e+02 1.78189293e+01 
443 529.52 6.05605239e+02 1.81681572e+01 
444 530.32 6.11038764e+02 1.83311629e+01 
445 531.12 6.09176859e+02 1.82753058e+01 
446 531.92 6.03643856e+02 1.81093157e+01 
447 532.72 5.98463198e+02 1.79538960e+01 
448 533.52 5.97653198e+02 1.79295960e+01 
449 534.32 6.02153807e+02 1.80646142e+01 
450 535.12 6.07388165e+02 1.82216450e+01 
451 535.92 6.08894440e+02 1.82668332e+01 
452 536.72 6.07605853e+02 1.82281756e+01 
453 537.52 6.04751278e+02 1.81425383e+01 
454 538.32 6.00405297e+02 1.80121589e+01 
455 539.12 5.95141417e+02 1.78542425e+01 
456 539.92 5.90343627e+02 1.77103088e+01 
457 540.72 5.88300993e+02 1.76490298e+01 
458 541.52 5.89696284e+02 1.76908885e+01 
459 542.32 5.94096985e+02 1.78229096e+01 
460 543.12 5.98783120e+02 1.79634936e+01 
461 543.92 6.02246281e+02 1.80673884e+01 
462 544.72 6.04312755e+02 1.81293826e+01 
463 545.52 6.04191126e+02 1.81257338e+01 
464 546.31 6.01568201e+02 1.80470460e+01 
465 547.12 5.98271048e+02 1.79481314e+01 
466 547.91 5.96311970e+02 1.78893591e+01 
467 548.71 5.95862349e+02 1.78758705e+01 
468 549.51 5.96245796e+02 1.78873739e+01 
469 550.31 5.96210526e+02 1.78863158e+01 
470 551.11 5.95567446e+02 1.78670234e+01 
471 551.91 5.94927690e+02 1.78478307e+01 
472 552.71 5.94695483e+02 1.78408645e+01 
473 553.51 5.96183477e+02 1.78855043e+01 
474 554.31 5.97195540e+02 1.79158662e+01 
475 555.10 5.95540353e+02 1.78662106e+01 
476 555.90 5.92193988e+02 1.77658196e+01 
477 556.70 5.87654084e+02 1.76296225e+01 
478 557.50 5.81229972e+02 1.74368992e+01 
479 558.30 5.75821083e+02 1.72746325e+01 
480 559.10 5.74889722e+02 1.72466917e+01 
481 559.90 5.75564573e+02 1.72669372e+01 
482 560.70 5.77815214e+02 1.73344564e+01 
483 561.50 5.82613323e+02 1.74783997e+01 
484 562.29 5.86178167e+02 1.75853450e+01 
485 563.09 5.87413267e+02 1.76223980e+01 
486 563.89 5.88184860e+02 1.76455458e+01 
487 564.69 5.87916462e+02 1.76374939e+01 
488 565.49 5.86984944e+02 1.76095483e+01 
489 566.29 5.86762514e+02 1.76028754e+01 
490 567.08 5.89674732e+02 1.76902420e+01 
491 567.88 5.93287039e+02 1.77986112e+01 
492 568.68 5.94790705e+02 1.78437211e+01 
493 569.48 5.94255534e+02 1.78276660e+01 
494 570.27 5.92836808e+02 1.77851042e+01 
495 571.07 5.95267667e+02 1.78580300e+01 
496 571.87 6.02499164e+02 1.80749749e+01 
497 572.67 6.10226603e+02 1.83067981e+01 
498 573.47 6.15196278e+02 1.84558883e+01 
499 574.26 6.13937510e+02 1.84181253e+01 
500 575.06 6.10050045e+02 1.83015013e+01 
501 575.86 6.06632412e+02 1.81989724e+01 
502 576.66 6.02876474e+02 1.80862942e+01 
503 577.46 5.99268601e+02 1.79780580e+01 
504 578.25 5.96332009e+02 1.78899603e+01 
505 579.05 5.94452919e+02 1.78335876e+01 
506 579.85 5.94362636e+02 1.78308791e+01 
507 580.64 5.95476668e+02 1.78643000e+01 
508 581.44 5.96438544e+02 1.78931563e+01 
509 582.24 5.96736879e+02 1.79021064e+01 
510 583.04 5.96151531e+02 1.78845459e+01 
511 583.83 5.93313161e+02 1.77993948e+01 
512 584.63 5.88604900e+02 1.76581470e+01 
513 585.43 5.84087570e+02 1.75226271e+01 
514 586.23 5.80914470e+02 1.74274341e+01 
515 587.02 5.76532466e+02 1.72959740e+01 
516 587.82 5.68026912e+02 1.70408074e+01 
517 588.62 5.58138546e+02 1.67441564e+01 
518 589.41 5.52890930e+02 1.65867279e+01 
519 590.21 5.54716101e+02 1.66414830e+01 
520 591.01 5.61968441e+02 1.68590532e+01 
521 591.80 5.68755306e+02 1.70626592e+01 
522 592.60 5.71642665e+02 1.71492800e+01 
523 593.40 5.72093147e+02 1.71627944e+01 
524 594.19 5.71945347e+02 1.71583604e+01 
525 594.99 5.71942601e+02 1.71582780e+01 
526 595.79 5.72310722e+02 1.71693217e+01 
527 596.58 5.71833654e+02 1.71550096e+01 
528 597.38 5.70859924e+02 1.71257977e+01 
529 598.18 5.69165602e+02 1.70749680e+01 
530 598.97 5.66941602e+02 1.70082481e+01 
531 599.77 5.64655719e+02 1.69396716e+01 
532 600.56 5.62286920e+02 1.68686076e+01 
533 601.36 5.60283653e+02 1.68085096e+01 
534 602.16 5.60802221e+02 1.68240666e+01 
535 602.95 5.63318953e+02 1.68995686e+01 
536 603.75 5.66395918e+02 1.69918775e+01 
537 604.54 5.67904864e+02 1.70371459e+01 
538 605.34 5.67464285e+02 1.70239286e+01 
539 606.14 5.66230717e+02 1.69869215e+01 
540 606.93 5.64323809e+02 1.69297143e+01 
541 607.73 5.61807035e+02 1.68542111e+01 
542 608.52 5.58797370e+02 1.67639211e+01 
543 609.32 5.55790254e+02 1.66737076e+01 
544 610.12 5.53746887e+02 1.66124066e+01 
545 610.91 5.52620608e+02 1.65786182e+01 
546 611.71 5.50657626e+02 1.65197288e+01 
547 612.50 5.48174428e+02 1.64452328e+01 
548 613.30 5.45526604e+02 1.63657981e+01 
549 614.09 5.42945081e+02 1.62883524e+01 
550 614.89 5.39530827e+02 1.61859248e+01 
551 615.68 5.35876718e+02 1.60763015e+01 
552 616.48 5.34278500e+02 1.60283550e+01 
553 617.27 5.35437362e+02 1.60631209e+01 
554 618.07 5.39105608e+02 1.61731682e+01 
555 618.86 5.43074131e+02 1.62922239e+01 
556 619.66 5.45281844e+02 1.63584553e+01 
557 620.45 5.45315317e+02 1.63594595e+01 
558 621.25 5.43597713e+02 1.63079314e+01 
559 622.04 5.40044021e+02 1.62013206e+01 
560 622.84 5.35693204e+02 1.60707961e+01 
561 623.63 5.31471287e+02 1.59441386e+01 
562 624.43 5.27836677e+02 1.58351003e+01 
563 625.22 5.26676843e+02 1.58003053e+01 
564 626.02 5.26774006e+02 1.58032202e+01 
565 626.81 5.27411883e+02 1.58223565e+01 
566 627.61 5.26911056e+02 1.58073317e+01 
567 628.40 5.25031272e+02 1.57509382e+01 
568 629.19 5.22490545e+02 1.56747163e+01 
569 629.99 5.20102290e+02 1.56030687e+01 
570 630.78 5.17399717e+02 1.55219915e+01 
571 631.58 5.15959352e+02 1.54787806e+01 
572 632.37 5.14899796e+02 1.54469939e+01 
573 633.17 5.13931768e+02 1.54179530e+01 
574 633.96 5.12849742e+02 1.53854923e+01 
575 634.76 5.10896379e+02 1.53268914e+01 
576 635.55 5.09025058e+02 1.52707517e+01 
577 636.34 5.08118791e+02 1.52435637e+01 
578 637.14 5.07968397e+02 1.52390519e+01 
579 637.93 5.07138189e+02 1.52141457e+01 
580 638.73 5.04009186e+02 1.51202756e+01 
581 639.52 4.99446069e+02 1.49833821e+01 
582 640.31 4.94948132e+02 1.48484439e+01 
583 641.11 4.91968820e+02 1.47590646e+01 
584 641.90 4.91070846e+02 1.47321254e+01 
585 642.69 4.91217580e+02 1.47365274e+01 
586 643.49 4.90429365e+02 1.47128810e+01 
587 644.28 4.88488171e+02 1.46546451e+01 
588 645.07 4.85517796e+02 1.45655339e+01 
589 645.87 4.83343573e+02 1.45003072e+01 
590 646.66 4.82145240e+02 1.44643572e+01 
591 647.45 4.81087402e+02 1.44326221e+01 
592 648.25 4.77997048e+02 1.43399114e+01 
593 649.04 4.73462303e+02 1.42038691e+01 
594 649.83 4.70973044e+02 1.41291913e+01 
595 650.63 4.71841803e+02 1.41552541e+01 
596 651.42 4.73753002e+02 1.42125901e+01 
597 652.21 4.73785026e+02 1.42135508e+01 
598 653.00 4.72186595e+02 1.41655978e+01 
599 653.80 4.67500720e+02 1.40250216e+01 
600 654.59 4.55624905e+02 1.36687471e+01 
601 655.38 4.37023500e+02 1.31107050e+01 
602 656.17 4.23689893e+02 1.27106968e+01 
603 656.97 4.25949024e+02 1.27784707e+01 
604 657.76 4.40362034e+02 1.32108610e+01 
605 658.55 4.53919474e+02 1.36175842e+01 
606 659.34 4.60128356e+02 1.38038507e+01 
607 660.14 4.63032712e+02 1.38909814e+01 
608 660.93 4.65430616e+02 1.39629185e+01 
609 661.72 4.66751652e+02 1.40025496e+01 
610 662.51 4.65976200e+02 1.39792860e+01 
611 663.31 4.64354671e+02 1.39306401e+01 
612 664.10 4.63841262e+02 1.39152378e+01 
613 664.89 4.63997450e+02 1.39199235e+01 
614 665.68 4.63727261e+02 1.39118178e+01 
615 666.48 4.62478629e+02 1.38743589e+01 
616 667.27 4.61437953e+02 1.38431386e+01 
617 668.06 4.61486636e+02 1.38445991e+01 
618 668.85 4.61597417e+02 1.38479225e+01 
619 669.64 4.60648331e+02 1.38194499e+01 
620 670.43 4.58499246e+02 1.37549774e+01 
621 671.22 4.56093434e+02 1.36828030e+01 
622 672.02 4.54862906e+02 1.36458872e+01 
623 672.81 4.55077959e+02 1.36523388e+01 
624 673.60 4.55188201e+02 1.36556460e+01 
625 674.39 4.54209294e+02 1.36262788e+01 
626 675.18 4.52891940e+02 1.35867582e+01 
627 675.97 4.52079882e+02 1.35623965e+01 
628 676.76 4.51657944e+02 1.35497383e+01 
629 677.56 4.50856799e+02 1.35257040e+01 
630 678.35 4.49484526e+02 1.34845358e+01 
631 679.14 4.47971604e+02 1.34391481e+01 
632 679.93 4.46130006e+02 1.33839002e+01 
633 680.72 4.44445141e+02 1.33333542e+01 
634 681.51 4.42855667e+02 1.32856700e+01 
635 682.30 4.40848748e+02 1.32254624e+01 
636 683.09 4.37291384e+02 1.31187415e+01 
637 683.88 4.32808499e+02 1.29842550e+01 
638 684.67 4.28119977e+02 1.28435993e+01 
639 685.46 4.18624108e+02 1.25587232e+01 
640 686.26 3.99540371e+02 1.19862111e+01 
641 687.05 3.80752241e+02 1.14225672e+01 
642 687.84 3.76062082e+02 1.12818625e+01 
643 688.63 3.81837513e+02 1.14551254e+01 
644 689.42 3.87357858e+02 1.16207357e+01 
645 690.21 3.91478179e+02 1.17443454e+01 
646 691.00 3.95881976e+02 1.18764593e+01 
647 691.79 4.00142585e+02 1.20042776e+01 
648 692.58 4.03669024e+02 1.21100707e+01 
649 693.37 4.05693701e+02 1.21708110e+01 
650 694.16 4.06005312e+02 1.21801594e+01 
651 694.95 4.04999460e+02 1.21499838e+01 
652 695.74 4.04095301e+02 1.21228590e+01 
653 696.53 4.02423146e+02 1.20726944e+01 
654 697.32 3.99306391e+02 1.19791917e+01 
655 698.11 3.96500254e+02 1.18950076e+01 
656 698.90 3.95024845e+02 1.18507454e+01 
657 699.68 3.92955324e+02 1.17886597e+01 
658 700.47 3.89581990e+02 1.16874597e+01 
659 701.26 3.86480193e+02 1.15944058e+01 
660 702.05 3.84589710e+02 1.15376913e+01 
661 702.84 3.84384007e+02 1.15315202e+01 
662 703.63 3.85555446e+02 1.15666634e+01 
663 704.42 3.86990767e+02 1.16097230e+01 
664 705.21 3.86692392e+02 1.16007718e+01 
665 706.00 3.85039579e+02 1.15511874e+01 
666 706.79 3.83505775e+02 1.15051733e+01 
667 707.58 3.82593240e+02 1.14777972e+01 
668 708.37 3.80974796e+02 1.14292439e+01 
669 709.15 3.79607273e+02 1.13882182e+01 
670 709.94 3.79690156e+02 1.13907047e+01 
671 710.73 3.79389455e+02 1.13816837e+01 
672 711.52 3.77308205e+02 1.13192461e+01 
673 712.31 3.75247151e+02 1.12574145e+01 
674 713.10 3.74598954e+02 1.12379686e+01 
675 713.88 3.74189558e+02 1.12256868e+01 
676 714.67 3.72756228e+02 1.11826868e+01 
677 715.46 3.70143821e+02 1.11043146e+01 
678 716.25 3.66469565e+02 1.09940869e+01 
679 717.04 3.61456365e+02 1.08436910e+01 
680 717.83 3.54362076e+02 1.06308623e+01 
681 718.61 3.47458762e+02 1.04237629e+01 
682 719.40 3.45030176e+02 1.03509053e+01 
683 720.19 3.46830300e+02 1.04049090e+01 
684 720.98 3.50992959e+02 1.05297888e+01 
685 721.76 3.54984881e+02 1.06495464e+01 
686 722.55 3.54827782e+02 1.06448335e+01 
687 723.34 3.51952252e+02 1.05585676e+01 
688 724.13 3.49637307e+02 1.04891192e+01 
689 724.91 3.49254061e+02 1.04776218e+01 
690 725.70 3.49380097e+02 1.04814029e+01 
691 726.49 3.49135108e+02 1.04740532e+01 
692 727.28 3.47752096e+02 1.04325629e+01 
693 728.06 3.44856633e+02 1.03456990e+01 
694 728.85 3.42044016e+02 1.02613205e+01 
695 729.64 3.42813190e+02 1.02843957e+01 
696 730.42 3.45017007e+02 1.03505102e+01 
697 731.21 3.45978614e+02 1.03793584e+01 
698 732.00 3.46857364e+02 1.04057209e+01 
699 732.78 3.47244073e+02 1.04173222e+01 
700 733.57 3.48237666e+02 1.04471300e+01 
701 734.36 3.48032684e+02 1.04409805e+01 
702 735.15 3.45618984e+02 1.03685695e+01 
703 735.93 3.43030217e+02 1.02909065e+01 
704 736.72 3.41747903e+02 1.02524371e+01 
705 737.51 3.40308108e+02 1.02092432e+01 
706 738.29 3.36880930e+02 1.01064279e+01 
707 739.08 3.33524828e+02 1.00057448e+01 
708 739.86 3.31978747e+02 9.95936240e+00 
709 740.65 3.29290765e+02 9.87872296e+00 
710 741.44 3.26744171e+02 9.80232512e+00 
711 742.22 3.27325846e+02 9.81977538e+00 
712 743.01 3.29297159e+02 9.87891478e+00 
713 743.79 3.28938066e+02 9.86814198e+00 
714 744.58 3.26632172e+02 9.79896516e+00 
715 745.37 3.26155846e+02 9.78467537e+00 
716 746.15 3.26059745e+02 9.78179235e+00 
717 746.94 3.25195673e+02 9.75587018e+00 
718 747.72 3.23473030e+02 9.70419089e+00 
719 748.51 3.20788038e+02 9.62364115e+00 
720 749.29 3.18496156e+02 9.55488467e+00 
721 750.08 3.16889030e+02 9.50667090e+00 
722 750.86 3.15306917e+02 9.45920751e+00 
723 751.65 3.14119531e+02 9.42358594e+00 
724 752.43 3.13511518e+02 9.40534553e+00 
725 753.22 3.13761686e+02 9.41285057e+00 
726 754.00 3.14076468e+02 9.42229403e+00 
727 754.79 3.11926496e+02 9.35779488e+00 
728 755.57 3.08937210e+02 9.26811630e+00 
729 756.36 3.06922912e+02 9.20768737e+00 
730 757.14 3.05443216e+02 9.16329649e+00 
731 757.93 2.99794182e+02 8.99382547e+00 
732 758.71 2.73968875e+02 8.21906624e+00 
733 759.49 2.11795595e+02 6.35386784e+00 
734 760.28 1.51460264e+02 4.54380793e+00 
735 761.06 1.49077211e+02 4.47231632e+00 
736 761.85 1.77585525e+02 5.32756575e+00 
737 762.63 1.91065003e+02 5.73195008e+00 
738 763.41 1.95082838e+02 5.85248515e+00 
739 764.20 2.06285563e+02 6.18856688e+00 
740 764.98 2.22769490e+02 6.68308470e+00 
741 765.77 2.38631808e+02 7.15895425e+00 
742 766.55 2.53332071e+02 7.59996212e+00 
743 767.33 2.66763158e+02 8.00289475e+00 
744 768.12 2.75542601e+02 8.26627804e+00 
745 768.90 2.79547360e+02 8.38642079e+00 
746 769.68 2.81381313e+02 8.44143938e+00 
747 770.47 2.82293695e+02 8.46881084e+00 
748 771.25 2.81993274e+02 8.45979822e+00 
749 772.03 2.81904702e+02 8.45714105e+00 
750 772.82 2.82802124e+02 8.48406372e+00 
751 773.60 2.82740563e+02 8.48221689e+00 
752 774.38 2.80557453e+02 8.41672359e+00 
753 775.17 2.79133340e+02 8.37400021e+00 
754 775.95 2.79541601e+02 8.38624803e+00 
755 776.73 2.78913832e+02 8.36741497e+00 
756 777.51 2.77187827e+02 8.31563482e+00 
757 778.30 2.76097130e+02 8.28291389e+00 
758 779.08 2.74809626e+02 8.24428878e+00 
759 779.86 2.73417905e+02 8.20253716e+00 
760 780.64 2.72909058e+02 8.18727173e+00 
761 781.43 2.73733101e+02 8.21199303e+00 
762 782.21 2.73681995e+02 8.21045985e+00 
763 782.99 2.70951717e+02 8.12855151e+00 
764 783.77 2.69365899e+02 8.08097698e+00 
765 784.55 2.69144130e+02 8.07432391e+00 
766 785.34 2.68726160e+02 8.06178480e+00 
767 786.12 2.68208290e+02 8.04624871e+00 
768 786.90 2.67173595e+02 8.01520786e+00 
769 787.68 2.65205408e+02 7.95616225e+00 
770 788.46 2.63273471e+02 7.89820412e+00 
771 789.24 2.61992801e+02 7.85978404e+00 
772 790.03 2.60951115e+02 7.82853344e+00 
773 790.81 2.59381247e+02 7.78143740e+00 
774 791.59 2.56450176e+02 7.69350527e+00 
775 792.37 2.53111061e+02 7.59333184e+00 
776 793.15 2.50396398e+02 7.51189193e+00 
777 793.93 2.49082305e+02 7.47246915e+00 
778 794.71 2.49557513e+02 7.48672540e+00 
779 795.49 2.50455399e+02 7.51366196e+00 
780 796.27 2.50619279e+02 7.51857836e+00 
781 797.05 2.51147319e+02 7.53441958e+00 
782 797.83 2.51187738e+02 7.53563214e+00 
783 798.62 2.49676652e+02 7.49029957e+00 
784 799.40 2.47431482e+02 7.42294445e+00 
785 800.18 2.45110718e+02 7.35332154e+00 
786 800.96 2.43530508e+02 7.30591523e+00 
787 801.74 2.43205292e+02 7.29615876e+00 
788 802.52 2.43022478e+02 7.29067435e+00 
789 803.30 2.42115244e+02 7.26345733e+00 
790 804.08 2.39380570e+02 7.18141711e+00 
791 804.86 2.35898983e+02 7.07696950e+00 
792 805.64 2.34325679e+02 7.02977038e+00 
793 806.41 2.34946872e+02 7.04840617e+00 
794 807.20 2.35332120e+02 7.05996361e+00 
795 807.97 2.32992156e+02 6.98976467e+00 
796 808.75 2.28801573e+02 6.86404719e+00 
797 809.53 2.26006974e+02 6.78020922e+00 
798 810.31 2.26519778e+02 6.79559335e+00 
799 811.09 2.28330277e+02 6.84990831e+00 
800 811.87 2.28450145e+02 6.85350436e+00 
801 812.65 2.26496935e+02 6.79490805e+00 
802 813.43 2.23201305e+02 6.69603916e+00 
803 814.21 2.19192617e+02 6.57577852e+00 
804 814.99 2.16384041e+02 6.49152123e+00 
805 815.76 2.14622229e+02 6.43866687e+00 
806 816.54 2.13358170e+02 6.40074510e+00 
807 817.32 2.11277933e+02 6.33833798e+00 
808 818.10 2.08303864e+02 6.24911591e+00 
809 818.88 2.06084819e+02 6.18254457e+00 
810 819.66 2.05621362e+02 6.16864085e+00 
811 820.43 2.07274364e+02 6.21823092e+00 
812 821.21 2.08734355e+02 6.26203066e+00 
813 821.99 2.06212310e+02 6.18636929e+00 
814 822.77 2.02188038e+02 6.06564113e+00 
815 823.55 2.01202343e+02 6.03607028e+00 
816 824.32 2.02992049e+02 6.08976148e+00 
817 825.10 2.06021868e+02 6.18065605e+00 
818 825.88 2.08122191e+02 6.24366572e+00 
819 826.66 2.07071812e+02 6.21215435e+00 
820 827.43 2.04132407e+02 6.12397220e+00 
821 828.21 2.01062802e+02 6.03188405e+00 
822 828.99 1.99538071e+02 5.98614214e+00 
823 829.76 1.99844574e+02 5.99533723e+00 
824 830.54 2.00509573e+02 6.01528719e+00 
825 831.32 1.99388618e+02 5.98165853e+00 
826 832.10 1.96746251e+02 5.90238753e+00 
827 832.87 1.93374577e+02 5.80123732e+00 
828 833.65 1.91802026e+02 5.75406077e+00 
829 834.42 1.93378134e+02 5.80134402e+00 
830 835.20 1.96311364e+02 5.88934093e+00 
831 835.98 1.97363629e+02 5.92090888e+00 
832 836.75 1.95854233e+02 5.87562700e+00 
833 837.53 1.92635413e+02 5.77906238e+00 
834 838.30 1.90547027e+02 5.71641081e+00 
835 839.08 1.90827307e+02 5.72481922e+00 
836 839.86 1.92481090e+02 5.77443269e+00 
837 840.63 1.92913646e+02 5.78740937e+00 
838 841.41 1.91185679e+02 5.73557036e+00 
839 842.18 1.87953889e+02 5.63861667e+00 
840 842.96 1.84887318e+02 5.54661953e+00 
841 843.74 1.83808525e+02 5.51425575e+00 
842 844.51 1.84999014e+02 5.54997042e+00 
843 845.28 1.86585254e+02 5.59755763e+00 
844 846.06 1.87129320e+02 5.61387961e+00 
845 846.84 1.85232381e+02 5.55697142e+00 
846 847.61 1.81314086e+02 5.43942257e+00 
847 848.38 1.77120987e+02 5.31362960e+00 
848 849.16 1.75030617e+02 5.25091851e+00 
849 849.93 1.74414801e+02 5.23244402e+00 
850 850.71 1.74585134e+02 5.23755402e+00 
851 851.48 1.73151699e+02 5.19455096e+00 
852 852.26 1.69109405e+02 5.07328216e+00 
853 853.03 1.63888772e+02 4.91666316e+00 
854 853.81 1.59653360e+02 4.78960081e+00 
855 854.58 1.59277323e+02 4.77831970e+00 
856 855.35 1.62826230e+02 4.88478691e+00 
857 856.13 1.67716869e+02 5.03150606e+00 
858 856.90 1.70208838e+02 5.10626513e+00 
859 857.68 1.69482744e+02 5.08448231e+00 
860 858.45 1.67408883e+02 5.02226649e+00 
861 859.22 1.65621366e+02 4.96864099e+00 
862 860.00 1.65544441e+02 4.96633324e+00 
863 860.77 1.66753420e+02 5.00260261e+00 
864 861.54 1.67137519e+02 5.01412557e+00 
865 862.32 1.66012885e+02 4.98038656e+00 
866 863.09 1.63468024e+02 4.90404071e+00 
867 863.86 1.59124271e+02 4.77372813e+00 
868 864.63 1.55351053e+02 4.66053159e+00 
869 865.41 1.52646813e+02 4.57940438e+00 
870 866.18 1.51494094e+02 4.54482282e+00 
871 866.95 1.51662359e+02 4.54987077e+00 
872 867.73 1.52418045e+02 4.57254136e+00 
873 868.50 1.52624276e+02 4.57872828e+00 
874 869.27 1.52299408e+02 4.56898223e+00 
875 870.04 1.52426535e+02 4.57279606e+00 
876 870.81 1.53615522e+02 4.60846567e+00 
877 871.59 1.54475066e+02 4.63425197e+00 
878 872.36 1.54744393e+02 4.64233179e+00 
879 873.13 1.53607625e+02 4.60822874e+00 
880 873.90 1.51171726e+02 4.53515179e+00 
881 874.67 1.48242450e+02 4.44727349e+00 
882 875.44 1.46867150e+02 4.40601451e+00 
883 876.22 1.47493847e+02 4.42481542e+00 
884 876.99 1.48623950e+02 4.45871849e+00 
885 877.76 1.49281266e+02 4.47843799e+00 
886 878.53 1.48424126e+02 4.45272378e+00 
887 879.30 1.45911086e+02 4.37733257e+00 
888 880.07 1.43116435e+02 4.29349304e+00 
889 880.84 1.41634161e+02 4.24902483e+00 
890 881.61 1.42031922e+02 4.26095765e+00 
891 882.38 1.43281995e+02 4.29845985e+00 
892 883.15 1.44810910e+02 4.34432731e+00 
893 883.92 1.44560485e+02 4.33681456e+00 
894 884.69 1.42529711e+02 4.27589132e+00 
895 885.46 1.39914488e+02 4.19743464e+00 
896 886.24 1.37545406e+02 4.12636217e+00 
897 887.01 1.36439644e+02 4.09318933e+00 
898 887.77 1.36746859e+02 4.10240578e+00 
899 888.55 1.37856892e+02 4.13570675e+00 
900 889.31 1.38679523e+02 4.16038569e+00 
901 890.08 1.37652715e+02 4.12958146e+00 
902 890.85 1.35094066e+02 4.05282197e+00 
903 891.62 1.32429171e+02 3.97287514e+00 
904 892.39 1.30312305e+02 3.90936915e+00 
905 893.16 1.29815306e+02 3.89445918e+00 
906 893.93 1.30183976e+02 3.90551929e+00 
907 894.70 1.30004492e+02 3.90013475e+00 
908 895.47 1.28372332e+02 3.85116995e+00 
909 896.24 1.25453872e+02 3.76361615e+00 
910 897.01 1.22039372e+02 3.66118116e+00 
911 897.77 1.19356145e+02 3.58068436e+00 
912 898.54 1.18116549e+02 3.54349646e+00 
913 899.31 1.17849289e+02 3.53547868e+00 
914 900.08 1.17637977e+02 3.52913932e+00 
915 900.85 1.17339322e+02 3.52017965e+00 
916 901.62 1.16473902e+02 3.49421707e+00 
917 902.38 1.15605771e+02 3.46817314e+00 
918 903.15 1.15342106e+02 3.46026318e+00 
919 903.92 1.15710332e+02 3.47130995e+00 
920 904.69 1.16278779e+02 3.48836336e+00 
921 905.46 1.16684260e+02 3.50052779e+00 
922 906.22 1.16487033e+02 3.49461100e+00 
923 906.99 1.15173862e+02 3.45521585e+00 
924 907.76 1.13060427e+02 3.39181280e+00 
925 908.52 1.10777719e+02 3.32333156e+00 
926 909.29 1.09131940e+02 3.27395821e+00 
927 910.06 1.08521843e+02 3.25565529e+00 
928 910.83 1.08679827e+02 3.26039482e+00 
929 911.59 1.09116845e+02 3.27350535e+00 
930 912.36 1.09159093e+02 3.27477280e+00 
931 913.13 1.08519037e+02 3.25557112e+00 
932 913.89 1.07198789e+02 3.21596368e+00 
933 914.66 1.05577862e+02 3.16733585e+00 
934 915.43 1.04221230e+02 3.12663690e+00 
935 916.19 1.03424829e+02 3.10274486e+00 
936 916.96 1.03161256e+02 3.09483767e+00 
937 917.72 1.03225758e+02 3.09677273e+00 
938 918.49 1.03081324e+02 3.09243971e+00 
939 919.26 1.02432413e+02 3.07297240e+00 
940 920.02 1.01212827e+02 3.03638481e+00 
941 920.79 9.96240120e+01 2.98872036e+00 
942 921.55 9.80420255e+01 2.94126076e+00 
943 922.32 9.69150098e+01 2.90745030e+00 
944 923.08 9.62455362e+01 2.88736609e+00 
945 923.85 9.59665880e+01 2.87899764e+00 
946 924.61 9.56457432e+01 2.86937230e+00 
947 925.38 9.49509956e+01 2.84852987e+00 
948 926.14 9.36971071e+01 2.81091321e+00 
949 926.91 9.17892614e+01 2.75367784e+00 
950 927.67 8.94630871e+01 2.68389261e+00 
951 928.44 8.70334697e+01 2.61100409e+00 
952 929.20 8.46544459e+01 2.53963338e+00 
953 929.97 8.22431787e+01 2.46729536e+00 
954 930.73 7.96431468e+01 2.38929440e+00 
955 931.50 7.68149500e+01 2.30444850e+00 
956 932.26 7.37744837e+01 2.21323451e+00 
957 933.02 7.08839089e+01 2.12651727e+00 
958 933.79 6.84881015e+01 2.05464304e+00 
959 934.55 6.69481121e+01 2.00844336e+00 
960 935.32 6.62738403e+01 1.98821521e+00 
961 936.08 6.62747403e+01 1.98824221e+00 
962 936.84 6.67036967e+01 2.00111090e+00 
963 937.61 6.71893113e+01 2.01567934e+00 
964 938.37 6.74642049e+01 2.02392615e+00 
965 939.13 6.74122475e+01 2.02236742e+00 
966 939.89 6.71851901e+01 2.01555570e+00 
967 940.66 6.67147227e+01 2.00144168e+00 
968 941.42 6.63364635e+01 1.99009390e+00 
969 942.18 6.58778340e+01 1.97633502e+00 
970 942.95 6.53543835e+01 1.96063150e+00 
971 943.71 6.47210769e+01 1.94163231e+00 
972 944.47 6.39442558e+01 1.91832767e+00 
973 945.23 6.30905210e+01 1.89271563e+00 
974 946.00 6.24169234e+01 1.87250770e+00 
975 946.76 6.20337064e+01 1.86101119e+00 
976 947.52 6.19524358e+01 1.85857308e+00 
977 948.28 6.21639086e+01 1.86491726e+00 
978 949.05 6.24197979e+01 1.87259394e+00 
979 949.81 6.25349854e+01 1.87604956e+00 
980 950.57 6.23020034e+01 1.86906010e+00 
981 951.33 6.17374116e+01 1.85212235e+00 
982 952.09 6.09623079e+01 1.82886924e+00 
983 952.85 6.02661602e+01 1.80798481e+00 
984 953.61 5.98267184e+01 1.79480155e+00 
985 954.38 5.97668497e+01 1.79300549e+00 
986 955.14 5.97927776e+01 1.79378333e+00 
987 955.90 5.98143609e+01 1.79443083e+00 
988 956.66 5.97848988e+01 1.79354696e+00 
989 957.42 5.95524610e+01 1.78657383e+00 
990 958.18 5.91913141e+01 1.77573942e+00 
991 958.94 5.87802843e+01 1.76340853e+00 
992 959.70 5.86582111e+01 1.75974633e+00 
993 960.46 5.87086597e+01 1.76125979e+00 
994 961.22 5.89111042e+01 1.76733313e+00 
995 961.98 5.91420558e+01 1.77426167e+00 
996 962.74 5.91276725e+01 1.77383018e+00 
997 963.50 5.88940829e+01 1.76682249e+00 
998 964.26 5.84220259e+01 1.75266078e+00 
999 965.02 5.80052511e+01 1.74015753e+00 
1000 965.78 5.77490982e+01 1.73247295e+00 
1001 966.54 5.77449203e+01 1.73234761e+00 
1002 967.30 5.79269990e+01 1.73780997e+00 
1003 968.06 5.80466127e+01 1.74139838e+00 
1004 968.82 5.78003640e+01 1.73401092e+00 
1005 969.58 5.72051742e+01 1.71615523e+00 
1006 970.34 5.66252611e+01 1.69875783e+00 
1007 971.10 5.61298905e+01 1.68389671e+00 
1008 971.86 5.58231015e+01 1.67469304e+00 
1009 972.62 5.56477124e+01 1.66943137e+00 
1010 973.38 5.53158343e+01 1.65947503e+00 
1011 974.14 5.47477395e+01 1.64243218e+00 
1012 974.89 5.40632751e+01 1.62189825e+00 
1013 975.65 5.33864196e+01 1.60159259e+00 
1014 976.41 5.28522023e+01 1.58556607e+00 
1015 977.17 5.26071613e+01 1.57821484e+00 
1016 977.93 5.24682033e+01 1.57404610e+00 
1017 978.69 5.21906391e+01 1.56571917e+00 
1018 979.45 5.17292747e+01 1.55187824e+00 
1019 980.20 5.11299138e+01 1.53389741e+00 
1020 980.96 5.06533790e+01 1.51960137e+00 
1021 981.72 5.03951450e+01 1.51185435e+00 
1022 982.48 5.01871486e+01 1.50561446e+00 
1023 983.24 4.97779268e+01 1.49333780e+00 
1024 983.99 4.91009151e+01 1.47302745e+00 
1025 984.75 4.84096911e+01 1.45229073e+00 
1026 985.51 4.80090724e+01 1.44027217e+00 
1027 986.26 4.77892594e+01 1.43367778e+00 
1028 987.02 4.73405530e+01 1.42021659e+00 
1029 987.78 4.65521390e+01 1.39656417e+00 
1030 988.54 4.57669954e+01 1.37300986e+00 
1031 989.29 4.53110740e+01 1.35933222e+00 
1032 990.05 4.50075797e+01 1.35022739e+00 
1033 990.81 4.43335547e+01 1.33000664e+00 
1034 991.56 4.34245633e+01 1.30273690e+00 
1035 992.32 4.27513946e+01 1.28254184e+00 
1036 993.08 4.21498992e+01 1.26449698e+00 
1037 993.83 4.12729569e+01 1.23818871e+00 
1038 994.59 4.02657912e+01 1.20797373e+00 
1039 995.35 3.94891752e+01 1.18467525e+00 
1040 996.10 2.50338537e+00 7.51015611e-02 
1041 996.86 1.11357876e-01 3.34073629e-03 
1042 997.62 5.84373750e-02 1.75312125e-03 
1043 998.37 5.79050640e-02 1.73715192e-03 
