% C0 (TOA Count Rate, /ms) for 4STAR VIS spectrometer (1044 channels) derived from 4STAR_20161111starsun.mat and recorded on 2017-02-09 13:13:06.
% Data outside 2.0x the STD of 501 nm Langley residuals were screened out.
Pix Wavelength C0 C0err
0 173.18 -1.00000000e+00 -1.00000000e+00 
1 173.97 3.40909463e+06 1.02272839e+05 
2 174.77 -5.95187885e+05 -1.78556365e+04 
3 175.56 1.29954338e+06 3.89863013e+04 
4 176.36 2.63171507e+08 7.89514522e+06 
5 177.15 3.05486265e+08 9.16458795e+06 
6 177.94 3.29920367e+08 9.89761100e+06 
7 178.74 2.73118399e+08 8.19355197e+06 
8 179.53 2.25485448e+08 6.76456344e+06 
9 180.33 1.75293296e+08 5.25879888e+06 
10 181.12 1.36578902e+08 4.09736707e+06 
11 181.92 1.07502283e+08 3.22506850e+06 
12 182.71 8.65484476e+07 2.59645343e+06 
13 183.51 6.59392702e+07 1.97817810e+06 
14 184.30 5.10611037e+07 1.53183311e+06 
15 185.10 3.94262414e+07 1.18278724e+06 
16 185.89 3.13379584e+07 9.40138752e+05 
17 186.69 2.37105972e+07 7.11317916e+05 
18 187.49 1.83485674e+07 5.50457023e+05 
19 188.28 1.44809230e+07 4.34427691e+05 
20 189.08 1.16866532e+07 3.50599597e+05 
21 189.88 8.92521746e+06 2.67756524e+05 
22 190.67 6.93196662e+06 2.07958999e+05 
23 191.47 5.26311460e+06 1.57893438e+05 
24 192.27 4.12266264e+06 1.23679879e+05 
25 193.07 3.15291667e+06 9.45875000e+04 
26 193.86 2.59402293e+06 7.78206879e+04 
27 194.66 1.94978145e+06 5.84934434e+04 
28 195.46 1.52349202e+06 4.57047607e+04 
29 196.26 1.19847448e+06 3.59542343e+04 
30 197.05 9.28636528e+05 2.78590959e+04 
31 197.85 7.37997956e+05 2.21399387e+04 
32 198.65 5.62522851e+05 1.68756855e+04 
33 199.45 4.42500823e+05 1.32750247e+04 
34 200.25 3.48503620e+05 1.04551086e+04 
35 201.05 2.76540254e+05 8.29620763e+03 
36 201.85 2.14205674e+05 6.42617021e+03 
37 202.64 1.68321616e+05 5.04964849e+03 
38 203.44 1.28072087e+05 3.84216261e+03 
39 204.24 1.00111903e+05 3.00335709e+03 
40 205.04 8.35805062e+04 2.50741518e+03 
41 205.84 6.09578100e+04 1.82873430e+03 
42 206.64 5.03481609e+04 1.51044483e+03 
43 207.44 3.72210304e+04 1.11663091e+03 
44 208.24 3.05324858e+04 9.15974574e+02 
45 209.04 2.39695302e+04 7.19085907e+02 
46 209.84 1.83079179e+04 5.49237538e+02 
47 210.64 1.41730674e+04 4.25192022e+02 
48 211.44 1.11755883e+04 3.35267649e+02 
49 212.24 9.15258913e+03 2.74577674e+02 
50 213.05 6.86472042e+03 2.05941613e+02 
51 213.85 5.55812954e+03 1.66743886e+02 
52 214.65 4.30010077e+03 1.29003023e+02 
53 215.45 3.39766800e+03 1.01930040e+02 
54 216.25 2.58304115e+03 7.74912346e+01 
55 217.05 2.00735264e+03 6.02205793e+01 
56 217.85 1.59389929e+03 4.78169786e+01 
57 218.65 1.28016659e+03 3.84049976e+01 
58 219.46 9.93741083e+02 2.98122325e+01 
59 220.26 7.68512491e+02 2.30553747e+01 
60 221.06 5.84043285e+02 1.75212986e+01 
61 221.86 4.88736019e+02 1.46620806e+01 
62 222.66 3.70782835e+02 1.11234851e+01 
63 223.47 2.85547810e+02 8.56643431e+00 
64 224.27 2.39198018e+02 7.17594055e+00 
65 225.07 1.80324789e+02 5.40974367e+00 
66 225.87 1.42918354e+02 4.28755063e+00 
67 226.68 1.11304165e+02 3.33912494e+00 
68 227.48 9.01164449e+01 2.70349335e+00 
69 228.28 6.83513269e+01 2.05053981e+00 
70 229.09 6.00624723e+01 1.80187417e+00 
71 229.89 5.17650827e+01 1.55295248e+00 
72 230.69 5.28868771e+01 1.58660631e+00 
73 231.49 5.93596803e+01 1.78079041e+00 
74 232.30 7.09408688e+01 2.12822606e+00 
75 233.10 8.91837552e+01 2.67551266e+00 
76 233.91 1.21524879e+02 3.64574638e+00 
77 234.71 1.56772324e+02 4.70316973e+00 
78 235.51 2.20567816e+02 6.61703449e+00 
79 236.32 2.84321337e+02 8.52964010e+00 
80 237.12 3.69483952e+02 1.10845186e+01 
81 237.92 5.07455863e+02 1.52236759e+01 
82 238.73 6.97306306e+02 2.09191892e+01 
83 239.53 8.89178704e+02 2.66753611e+01 
84 240.34 1.22846154e+03 3.68538462e+01 
85 241.14 1.63872062e+03 4.91616187e+01 
86 241.94 2.08003396e+03 6.24010188e+01 
87 242.75 2.77196402e+03 8.31589207e+01 
88 243.55 3.37757965e+03 1.01327389e+02 
89 244.36 4.46570365e+03 1.33971109e+02 
90 245.16 5.31547713e+03 1.59464314e+02 
91 245.97 6.58589966e+03 1.97576990e+02 
92 246.77 8.60804143e+03 2.58241243e+02 
93 247.58 1.00834505e+04 3.02503515e+02 
94 248.38 1.19365702e+04 3.58097107e+02 
95 249.19 1.39280744e+04 4.17842233e+02 
96 249.99 1.60894791e+04 4.82684373e+02 
97 250.80 1.74831370e+04 5.24494111e+02 
98 251.60 1.96612490e+04 5.89837469e+02 
99 252.41 2.11743865e+04 6.35231596e+02 
100 253.21 2.27070050e+04 6.81210150e+02 
101 254.02 2.34177644e+04 7.02532933e+02 
102 254.83 2.44088455e+04 7.32265365e+02 
103 255.63 2.39842388e+04 7.19527165e+02 
104 256.44 2.26102482e+04 6.78307447e+02 
105 257.24 2.18548671e+04 6.55646013e+02 
106 258.05 1.94935122e+04 5.84805367e+02 
107 258.85 1.86676744e+04 5.60030233e+02 
108 259.66 1.64272485e+04 4.92817454e+02 
109 260.46 1.44136256e+04 4.32408768e+02 
110 261.27 1.17027734e+04 3.51083203e+02 
111 262.08 9.77296365e+03 2.93188909e+02 
112 262.88 8.51327680e+03 2.55398304e+02 
113 263.69 6.09135066e+03 1.82740520e+02 
114 264.50 5.23056684e+03 1.56917005e+02 
115 265.30 4.41259829e+03 1.32377949e+02 
116 266.11 3.10017249e+03 9.30051746e+01 
117 266.91 2.47267271e+03 7.41801813e+01 
118 267.72 1.81760327e+03 5.45280980e+01 
119 268.53 1.37262691e+03 4.11788074e+01 
120 269.33 9.90874515e+02 2.97262354e+01 
121 270.14 7.39025438e+02 2.21707631e+01 
122 270.95 5.55775167e+02 1.66732550e+01 
123 271.75 4.02286137e+02 1.20685841e+01 
124 272.56 2.91350527e+02 8.74051582e+00 
125 273.37 2.20857561e+02 6.62572682e+00 
126 274.17 1.50234205e+02 4.50702615e+00 
127 274.98 1.20369280e+02 3.61107841e+00 
128 275.79 8.35997148e+01 2.50799144e+00 
129 276.59 6.35869755e+01 1.90760926e+00 
130 277.40 5.04802017e+01 1.51440605e+00 
131 278.21 3.69029191e+01 1.10708757e+00 
132 279.01 2.73815431e+01 8.21446293e-01 
133 279.82 2.22419967e+01 6.67259902e-01 
134 280.63 1.76257581e+01 5.28772743e-01 
135 281.44 1.28823786e+01 3.86471357e-01 
136 282.24 1.00349872e+01 3.01049615e-01 
137 283.05 8.13231308e+00 2.43969392e-01 
138 283.86 6.30130598e+00 1.89039179e-01 
139 284.66 5.12723160e+00 1.53816948e-01 
140 285.47 4.18845656e+00 1.25653697e-01 
141 286.28 3.63675651e+00 1.09102695e-01 
142 287.09 3.07615478e+00 9.22846433e-02 
143 287.89 2.59850311e+00 7.79550933e-02 
144 288.70 2.20701759e+00 6.62105277e-02 
145 289.51 1.95461513e+00 5.86384539e-02 
146 290.32 1.62363536e+00 4.87090607e-02 
147 291.12 1.56539640e+00 4.69618920e-02 
148 291.93 1.30352128e+00 3.91056384e-02 
149 292.74 1.23676601e+00 3.71029802e-02 
150 293.55 1.20779106e+00 3.62337317e-02 
151 294.35 1.04837802e+00 3.14513407e-02 
152 295.16 9.78469344e-01 2.93540803e-02 
153 295.97 9.23685194e-01 2.77105558e-02 
154 296.78 8.68259717e-01 2.60477915e-02 
155 297.58 8.37980643e-01 2.51394193e-02 
156 298.39 7.38086587e-01 2.21425976e-02 
157 299.20 7.51765837e-01 2.25529751e-02 
158 300.01 6.88439269e-01 2.06531781e-02 
159 300.81 6.35488527e-01 1.90646558e-02 
160 301.62 6.59624026e-01 1.97887208e-02 
161 302.43 6.45363788e-01 1.93609136e-02 
162 303.24 6.34624292e-01 1.90387288e-02 
163 304.05 6.11582877e-01 1.83474863e-02 
164 304.85 5.89664109e-01 1.76899233e-02 
165 305.66 5.93589469e-01 1.78076841e-02 
166 306.47 5.65891361e-01 1.69767408e-02 
167 307.28 5.68752323e-01 1.70625697e-02 
168 308.08 5.51612081e-01 1.65483624e-02 
169 308.89 5.58878189e-01 1.67663457e-02 
170 309.70 5.46726319e-01 1.64017896e-02 
171 310.51 5.63035155e-01 1.68910546e-02 
172 311.32 5.64252592e-01 1.69275777e-02 
173 312.12 5.46623645e-01 1.63987094e-02 
174 312.93 5.81634687e-01 1.74490406e-02 
175 313.74 5.66872854e-01 1.70061856e-02 
176 314.55 5.61318675e-01 1.68395603e-02 
177 315.36 5.66593265e-01 1.69977980e-02 
178 316.16 5.74741574e-01 1.72422472e-02 
179 316.97 5.72103398e-01 1.71631019e-02 
180 317.78 5.93910530e-01 1.78173159e-02 
181 318.59 5.93099400e-01 1.77929820e-02 
182 319.39 6.21117430e-01 1.86335229e-02 
183 320.20 6.18006020e-01 1.85401806e-02 
184 321.01 6.37339612e-01 1.91201883e-02 
185 321.82 6.39482617e-01 1.91844785e-02 
186 322.63 6.74335853e-01 2.02300756e-02 
187 323.43 6.66339159e-01 1.99901748e-02 
188 324.24 7.09212092e-01 2.12763627e-02 
189 325.05 7.12176287e-01 2.13652886e-02 
190 325.86 7.38871503e-01 2.21661451e-02 
191 326.67 7.71457733e-01 2.31437320e-02 
192 327.48 7.80653061e-01 2.34195918e-02 
193 328.28 8.24828327e-01 2.47448498e-02 
194 329.09 8.35689132e-01 2.50706740e-02 
195 329.90 8.80601415e-01 2.64180424e-02 
196 330.71 9.11063477e-01 2.73319043e-02 
197 331.51 1.01180533e+00 3.03541599e-02 
198 332.32 1.11942680e+00 3.35828040e-02 
199 333.13 1.33009952e+00 3.99029857e-02 
200 333.94 1.76628867e+00 5.29886601e-02 
201 334.75 2.37594467e+00 7.12783402e-02 
202 335.56 3.35693013e+00 1.00707904e-01 
203 336.36 4.67925917e+00 1.40377775e-01 
204 337.17 6.83257089e+00 2.04977127e-01 
205 337.98 9.93792132e+00 2.98137640e-01 
206 338.79 1.37319703e+01 4.11959109e-01 
207 339.59 1.80908375e+01 5.42725124e-01 
208 340.40 2.20300232e+01 6.60900697e-01 
209 341.21 2.54194747e+01 7.62584240e-01 
210 342.02 2.91751583e+01 8.75254748e-01 
211 342.83 3.27385525e+01 9.82156576e-01 
212 343.64 3.37809056e+01 1.01342717e+00 
213 344.44 3.49877885e+01 1.04963366e+00 
214 345.25 3.89378114e+01 1.16813434e+00 
215 346.06 4.28164173e+01 1.28449252e+00 
216 346.87 4.54357524e+01 1.36307257e+00 
217 347.67 4.73158745e+01 1.41947624e+00 
218 348.48 4.90637018e+01 1.47191105e+00 
219 349.29 5.20558026e+01 1.56167408e+00 
220 350.10 5.71847762e+01 1.71554329e+00 
221 350.91 6.09620780e+01 1.82886234e+00 
222 351.71 6.13103188e+01 1.83930956e+00 
223 352.52 6.24152913e+01 1.87245874e+00 
224 353.33 6.77910627e+01 2.03373188e+00 
225 354.14 7.47313884e+01 2.24194165e+00 
226 354.94 7.81089374e+01 2.34326812e+00 
227 355.75 7.68906716e+01 2.30672015e+00 
228 356.56 7.24747329e+01 2.17424199e+00 
229 357.37 6.81066205e+01 2.04319862e+00 
230 358.18 6.69234216e+01 2.00770265e+00 
231 358.98 7.48420002e+01 2.24526001e+00 
232 359.79 8.65336219e+01 2.59600866e+00 
233 360.60 8.85750218e+01 2.65725065e+00 
234 361.41 8.71996129e+01 2.61598839e+00 
235 362.21 9.17238530e+01 2.75171559e+00 
236 363.02 9.71478482e+01 2.91443544e+00 
237 363.83 1.00487638e+02 3.01462915e+00 
238 364.64 1.05256905e+02 3.15770716e+00 
239 365.44 1.14599003e+02 3.43797010e+00 
240 366.25 1.22924498e+02 3.68773493e+00 
241 367.06 1.24248772e+02 3.72746317e+00 
242 367.87 1.22154404e+02 3.66463213e+00 
243 368.67 1.23462975e+02 3.70388925e+00 
244 369.48 1.28734619e+02 3.86203858e+00 
245 370.29 1.30117084e+02 3.90351253e+00 
246 371.10 1.28612508e+02 3.85837523e+00 
247 371.90 1.25411621e+02 3.76234863e+00 
248 372.71 1.18587650e+02 3.55762949e+00 
249 373.52 1.11921582e+02 3.35764746e+00 
250 374.33 1.10972904e+02 3.32918711e+00 
251 375.13 1.18347274e+02 3.55041823e+00 
252 375.94 1.28895489e+02 3.86686466e+00 
253 376.75 1.40202788e+02 4.20608363e+00 
254 377.55 1.53290222e+02 4.59870667e+00 
255 378.36 1.57429476e+02 4.72288428e+00 
256 379.17 1.49738532e+02 4.49215597e+00 
257 379.98 1.45955107e+02 4.37865320e+00 
258 380.78 1.45646984e+02 4.36940953e+00 
259 381.59 1.33620828e+02 4.00862484e+00 
260 382.40 1.13957229e+02 3.41871686e+00 
261 383.21 1.04331369e+02 3.12994108e+00 
262 384.01 1.12206047e+02 3.36618140e+00 
263 384.82 1.26875821e+02 3.80627464e+00 
264 385.63 1.33372405e+02 4.00117214e+00 
265 386.43 1.34524759e+02 4.03574278e+00 
266 387.24 1.35416820e+02 4.06250460e+00 
267 388.05 1.37483128e+02 4.12449385e+00 
268 388.85 1.45452911e+02 4.36358734e+00 
269 389.66 1.58741930e+02 4.76225789e+00 
270 390.47 1.69672654e+02 5.09017963e+00 
271 391.27 1.70696467e+02 5.12089400e+00 
272 392.08 1.53205760e+02 4.59617280e+00 
273 392.89 1.24965919e+02 3.74897758e+00 
274 393.69 1.17029482e+02 3.51088446e+00 
275 394.50 1.38446028e+02 4.15338083e+00 
276 395.31 1.55726776e+02 4.67180328e+00 
277 396.11 1.46476219e+02 4.39428658e+00 
278 396.92 1.38312183e+02 4.14936548e+00 
279 397.73 1.61632693e+02 4.84898079e+00 
280 398.53 1.99524810e+02 5.98574430e+00 
281 399.34 2.24545408e+02 6.73636223e+00 
282 400.15 2.36869383e+02 7.10608149e+00 
283 400.95 2.45110638e+02 7.35331914e+00 
284 401.76 2.51737557e+02 7.55212671e+00 
285 402.57 2.53934879e+02 7.61804637e+00 
286 403.37 2.52747551e+02 7.58242654e+00 
287 404.18 2.51528703e+02 7.54586110e+00 
288 404.98 2.50626929e+02 7.51880787e+00 
289 405.79 2.49609423e+02 7.48828270e+00 
290 406.60 2.50441746e+02 7.51325239e+00 
291 407.40 2.56169665e+02 7.68508994e+00 
292 408.21 2.65243966e+02 7.95731897e+00 
293 409.02 2.68912519e+02 8.06737558e+00 
294 409.82 2.65834137e+02 7.97502410e+00 
295 410.63 2.68195024e+02 8.04585073e+00 
296 411.44 2.78974327e+02 8.36922982e+00 
297 412.24 2.86591456e+02 8.59774369e+00 
298 413.05 2.87317512e+02 8.61952535e+00 
299 413.85 2.86429349e+02 8.59288046e+00 
300 414.66 2.86323626e+02 8.58970877e+00 
301 415.46 2.86891259e+02 8.60673776e+00 
302 416.27 2.86447379e+02 8.59342136e+00 
303 417.08 2.82535940e+02 8.47607820e+00 
304 417.88 2.77180234e+02 8.31540702e+00 
305 418.69 2.74417112e+02 8.23251337e+00 
306 419.49 2.74676591e+02 8.24029773e+00 
307 420.30 2.77852638e+02 8.33557913e+00 
308 421.11 2.80918664e+02 8.42755991e+00 
309 421.91 2.79200155e+02 8.37600464e+00 
310 422.72 2.74981532e+02 8.24944595e+00 
311 423.52 2.74843749e+02 8.24531248e+00 
312 424.33 2.78214741e+02 8.34644222e+00 
313 425.13 2.80797564e+02 8.42392693e+00 
314 425.94 2.81623645e+02 8.44870934e+00 
315 426.74 2.81816125e+02 8.45448376e+00 
316 427.55 2.82073161e+02 8.46219482e+00 
317 428.35 2.79249957e+02 8.37749871e+00 
318 429.16 2.69188175e+02 8.07564524e+00 
319 429.96 2.58194809e+02 7.74584426e+00 
320 430.77 2.64549095e+02 7.93647285e+00 
321 431.58 2.91802473e+02 8.75407420e+00 
322 432.38 3.21196535e+02 9.63589604e+00 
323 433.19 3.36591590e+02 1.00977477e+01 
324 433.99 3.44763569e+02 1.03429071e+01 
325 434.80 3.58637113e+02 1.07591134e+01 
326 435.60 3.78178875e+02 1.13453663e+01 
327 436.41 3.92391053e+02 1.17717316e+01 
328 437.21 3.93984264e+02 1.18195279e+01 
329 438.02 3.89733941e+02 1.16920182e+01 
330 438.82 3.91759903e+02 1.17527971e+01 
331 439.63 4.03073554e+02 1.20922066e+01 
332 440.43 4.20349391e+02 1.26104817e+01 
333 441.24 4.38321415e+02 1.31496424e+01 
334 442.04 4.54496683e+02 1.36349005e+01 
335 442.84 4.65984970e+02 1.39795491e+01 
336 443.65 4.72933814e+02 1.41880144e+01 
337 444.45 4.75725312e+02 1.42717594e+01 
338 445.26 4.75753961e+02 1.42726188e+01 
339 446.06 4.79484559e+02 1.43845368e+01 
340 446.87 4.90349623e+02 1.47104887e+01 
341 447.67 5.04792281e+02 1.51437684e+01 
342 448.48 5.16689881e+02 1.55006964e+01 
343 449.28 5.27393565e+02 1.58218069e+01 
344 450.09 5.38829746e+02 1.61648924e+01 
345 450.89 5.45594197e+02 1.63678259e+01 
346 451.69 5.41461317e+02 1.62438395e+01 
347 452.50 5.31308268e+02 1.59392480e+01 
348 453.30 5.25931613e+02 1.57779484e+01 
349 454.11 5.28440774e+02 1.58532232e+01 
350 454.91 5.36814595e+02 1.61044378e+01 
351 455.72 5.46227589e+02 1.63868277e+01 
352 456.52 5.54240893e+02 1.66272268e+01 
353 457.32 5.58104437e+02 1.67431331e+01 
354 458.13 5.57600772e+02 1.67280232e+01 
355 458.93 5.56793001e+02 1.67037900e+01 
356 459.74 5.59859563e+02 1.67957869e+01 
357 460.54 5.66740499e+02 1.70022150e+01 
358 461.34 5.74770704e+02 1.72431211e+01 
359 462.15 5.80337940e+02 1.74101382e+01 
360 462.95 5.80893965e+02 1.74268189e+01 
361 463.76 5.77677427e+02 1.73303228e+01 
362 464.56 5.74281598e+02 1.72284479e+01 
363 465.36 5.71961198e+02 1.71588359e+01 
364 466.17 5.70943806e+02 1.71283142e+01 
365 466.97 5.71738606e+02 1.71521582e+01 
366 467.77 5.73987244e+02 1.72196173e+01 
367 468.58 5.76770259e+02 1.73031078e+01 
368 469.38 5.77224041e+02 1.73167212e+01 
369 470.18 5.78103104e+02 1.73430931e+01 
370 470.99 5.84031737e+02 1.75209521e+01 
371 471.79 5.92993799e+02 1.77898140e+01 
372 472.59 6.01162240e+02 1.80348672e+01 
373 473.40 6.06702226e+02 1.82010668e+01 
374 474.20 6.10073801e+02 1.83022140e+01 
375 475.00 6.12146991e+02 1.83644097e+01 
376 475.81 6.13895956e+02 1.84168787e+01 
377 476.61 6.17077366e+02 1.85123210e+01 
378 477.41 6.22459366e+02 1.86737810e+01 
379 478.21 6.27828311e+02 1.88348493e+01 
380 479.02 6.31706549e+02 1.89511965e+01 
381 479.82 6.34179662e+02 1.90253899e+01 
382 480.62 6.37236448e+02 1.91170935e+01 
383 481.43 6.38944748e+02 1.91683424e+01 
384 482.23 6.38045371e+02 1.91413611e+01 
385 483.03 6.33308185e+02 1.89992456e+01 
386 483.84 6.22713664e+02 1.86814099e+01 
387 484.64 6.03029321e+02 1.80908796e+01 
388 485.44 5.79175451e+02 1.73752635e+01 
389 486.24 5.65018112e+02 1.69505434e+01 
390 487.05 5.67079095e+02 1.70123728e+01 
391 487.85 5.82640004e+02 1.74792001e+01 
392 488.65 6.01770791e+02 1.80531237e+01 
393 489.45 6.15230107e+02 1.84569032e+01 
394 490.26 6.20171382e+02 1.86051415e+01 
395 491.06 6.18650576e+02 1.85595173e+01 
396 491.86 6.14766950e+02 1.84430085e+01 
397 492.66 6.14035980e+02 1.84210794e+01 
398 493.46 6.19139175e+02 1.85741753e+01 
399 494.27 6.25699883e+02 1.87709965e+01 
400 495.07 6.29557036e+02 1.88867111e+01 
401 495.87 6.31205670e+02 1.89361701e+01 
402 496.67 6.28942238e+02 1.88682671e+01 
403 497.48 6.24277754e+02 1.87283326e+01 
404 498.28 6.19418476e+02 1.85825543e+01 
405 499.08 6.13547584e+02 1.84064275e+01 
406 499.88 6.07269771e+02 1.82180931e+01 
407 500.68 6.02008833e+02 1.80602650e+01 
408 501.48 5.99524133e+02 1.79857240e+01 
409 502.29 6.01352848e+02 1.80405854e+01 
410 503.09 6.05372075e+02 1.81611622e+01 
411 503.89 6.10663652e+02 1.83199096e+01 
412 504.69 6.16615669e+02 1.84984701e+01 
413 505.49 6.21084937e+02 1.86325481e+01 
414 506.29 6.21999678e+02 1.86599903e+01 
415 507.09 6.19336640e+02 1.85800992e+01 
416 507.90 6.16247888e+02 1.84874366e+01 
417 508.70 6.15106359e+02 1.84531908e+01 
418 509.50 6.16037646e+02 1.84811294e+01 
419 510.30 6.17649324e+02 1.85294797e+01 
420 511.10 6.16876358e+02 1.85062907e+01 
421 511.90 6.12708651e+02 1.83812595e+01 
422 512.70 6.05841187e+02 1.81752356e+01 
423 513.51 5.98254216e+02 1.79476265e+01 
424 514.31 5.91621587e+02 1.77486476e+01 
425 515.11 5.82463802e+02 1.74739141e+01 
426 515.91 5.68120282e+02 1.70436085e+01 
427 516.71 5.53564830e+02 1.66069449e+01 
428 517.51 5.45173949e+02 1.63552185e+01 
429 518.31 5.48295922e+02 1.64488777e+01 
430 519.11 5.61461758e+02 1.68438527e+01 
431 519.91 5.75678103e+02 1.72703431e+01 
432 520.71 5.86462086e+02 1.75938626e+01 
433 521.51 5.91364117e+02 1.77409235e+01 
434 522.32 5.93746868e+02 1.78124060e+01 
435 523.12 5.97472805e+02 1.79241842e+01 
436 523.92 6.01404553e+02 1.80421366e+01 
437 524.72 6.01171457e+02 1.80351437e+01 
438 525.52 5.93423110e+02 1.78026933e+01 
439 526.32 5.83293251e+02 1.74987975e+01 
440 527.12 5.80596949e+02 1.74179085e+01 
441 527.92 5.87875271e+02 1.76362581e+01 
442 528.72 6.01118064e+02 1.80335419e+01 
443 529.52 6.13674567e+02 1.84102370e+01 
444 530.32 6.19855099e+02 1.85956530e+01 
445 531.12 6.18394384e+02 1.85518315e+01 
446 531.92 6.12600302e+02 1.83780090e+01 
447 532.72 6.06846027e+02 1.82053808e+01 
448 533.52 6.05386563e+02 1.81615969e+01 
449 534.32 6.09456489e+02 1.82836947e+01 
450 535.12 6.14274370e+02 1.84282311e+01 
451 535.92 6.15378554e+02 1.84613566e+01 
452 536.72 6.13801956e+02 1.84140587e+01 
453 537.52 6.10765785e+02 1.83229735e+01 
454 538.32 6.06660109e+02 1.81998033e+01 
455 539.12 6.01783704e+02 1.80535111e+01 
456 539.92 5.97406163e+02 1.79221849e+01 
457 540.72 5.95887639e+02 1.78766292e+01 
458 541.52 5.97974152e+02 1.79392246e+01 
459 542.32 6.02812755e+02 1.80843826e+01 
460 543.12 6.07553578e+02 1.82266073e+01 
461 543.92 6.10736395e+02 1.83220918e+01 
462 544.72 6.12138375e+02 1.83641512e+01 
463 545.52 6.11213241e+02 1.83363972e+01 
464 546.31 6.07679562e+02 1.82303869e+01 
465 547.12 6.03860085e+02 1.81158026e+01 
466 547.91 6.01770158e+02 1.80531047e+01 
467 548.71 6.01588515e+02 1.80476555e+01 
468 549.51 6.02462565e+02 1.80738769e+01 
469 550.31 6.02940355e+02 1.80882107e+01 
470 551.11 6.02901033e+02 1.80870310e+01 
471 551.91 6.02811530e+02 1.80843459e+01 
472 552.71 6.02968535e+02 1.80890561e+01 
473 553.51 6.04616553e+02 1.81384966e+01 
474 554.31 6.05554119e+02 1.81666236e+01 
475 555.10 6.03577961e+02 1.81073388e+01 
476 555.90 5.99768684e+02 1.79930605e+01 
477 556.70 5.94635261e+02 1.78390578e+01 
478 557.50 5.87750394e+02 1.76325118e+01 
479 558.30 5.81984277e+02 1.74595283e+01 
480 559.10 5.80884747e+02 1.74265424e+01 
481 559.90 5.81530879e+02 1.74459264e+01 
482 560.70 5.83891791e+02 1.75167537e+01 
483 561.50 5.88920830e+02 1.76676249e+01 
484 562.29 5.92678968e+02 1.77803690e+01 
485 563.09 5.94269197e+02 1.78280759e+01 
486 563.89 5.95517052e+02 1.78655116e+01 
487 564.69 5.95539148e+02 1.78661744e+01 
488 565.49 5.94615264e+02 1.78384579e+01 
489 566.29 5.94375739e+02 1.78312722e+01 
490 567.08 5.97156660e+02 1.79146998e+01 
491 567.88 6.00378020e+02 1.80113406e+01 
492 568.68 6.01436590e+02 1.80430977e+01 
493 569.48 6.00566631e+02 1.80169989e+01 
494 570.27 5.98734279e+02 1.79620284e+01 
495 571.07 6.00893782e+02 1.80268134e+01 
496 571.87 6.08075177e+02 1.82422553e+01 
497 572.67 6.16199626e+02 1.84859888e+01 
498 573.47 6.21662251e+02 1.86498675e+01 
499 574.26 6.20981930e+02 1.86294579e+01 
500 575.06 6.17551859e+02 1.85265558e+01 
501 575.86 6.14404424e+02 1.84321327e+01 
502 576.66 6.10755630e+02 1.83226689e+01 
503 577.46 6.07130216e+02 1.82139065e+01 
504 578.25 6.04005879e+02 1.81201764e+01 
505 579.05 6.01937698e+02 1.80581309e+01 
506 579.85 6.01701346e+02 1.80510404e+01 
507 580.64 6.02469105e+02 1.80740732e+01 
508 581.44 6.03063791e+02 1.80919137e+01 
509 582.24 6.02992659e+02 1.80897798e+01 
510 583.04 6.01942706e+02 1.80582812e+01 
511 583.83 5.99009473e+02 1.79702842e+01 
512 584.63 5.94480150e+02 1.78344045e+01 
513 585.43 5.90399534e+02 1.77119860e+01 
514 586.23 5.87547518e+02 1.76264255e+01 
515 587.02 5.83334181e+02 1.75000254e+01 
516 587.82 5.74747659e+02 1.72424298e+01 
517 588.62 5.64798129e+02 1.69439439e+01 
518 589.41 5.59728725e+02 1.67918618e+01 
519 590.21 5.61766352e+02 1.68529906e+01 
520 591.01 5.69143611e+02 1.70743083e+01 
521 591.80 5.75867159e+02 1.72760148e+01 
522 592.60 5.78362445e+02 1.73508733e+01 
523 593.40 5.78462722e+02 1.73538817e+01 
524 594.19 5.78025248e+02 1.73407574e+01 
525 594.99 5.77947505e+02 1.73384252e+01 
526 595.79 5.78276012e+02 1.73482804e+01 
527 596.58 5.77725833e+02 1.73317750e+01 
528 597.38 5.76554830e+02 1.72966449e+01 
529 598.18 5.74737512e+02 1.72421254e+01 
530 598.97 5.72685358e+02 1.71805607e+01 
531 599.77 5.70719772e+02 1.71215932e+01 
532 600.56 5.68559005e+02 1.70567701e+01 
533 601.36 5.66836453e+02 1.70050936e+01 
534 602.16 5.67664325e+02 1.70299297e+01 
535 602.95 5.70547647e+02 1.71164294e+01 
536 603.75 5.73779448e+02 1.72133834e+01 
537 604.54 5.75206979e+02 1.72562094e+01 
538 605.34 5.74614943e+02 1.72384483e+01 
539 606.14 5.73161123e+02 1.71948337e+01 
540 606.93 5.71181276e+02 1.71354383e+01 
541 607.73 5.68378716e+02 1.70513615e+01 
542 608.52 5.65048037e+02 1.69514411e+01 
543 609.32 5.61687429e+02 1.68506229e+01 
544 610.12 5.59360858e+02 1.67808257e+01 
545 610.91 5.57879969e+02 1.67363991e+01 
546 611.71 5.55741030e+02 1.66722309e+01 
547 612.50 5.53164011e+02 1.65949203e+01 
548 613.30 5.50578914e+02 1.65173674e+01 
549 614.09 5.48280405e+02 1.64484121e+01 
550 614.89 5.45097139e+02 1.63529142e+01 
551 615.68 5.41435782e+02 1.62430735e+01 
552 616.48 5.39860828e+02 1.61958248e+01 
553 617.27 5.41358382e+02 1.62407515e+01 
554 618.07 5.45262898e+02 1.63578869e+01 
555 618.86 5.49373339e+02 1.64812002e+01 
556 619.66 5.51896497e+02 1.65568949e+01 
557 620.45 5.52085667e+02 1.65625700e+01 
558 621.25 5.50288298e+02 1.65086489e+01 
559 622.04 5.46231559e+02 1.63869468e+01 
560 622.84 5.41353025e+02 1.62405907e+01 
561 623.63 5.36692122e+02 1.61007637e+01 
562 624.43 5.32836507e+02 1.59850952e+01 
563 625.22 5.31672810e+02 1.59501843e+01 
564 626.02 5.32141466e+02 1.59642440e+01 
565 626.81 5.33463449e+02 1.60039035e+01 
566 627.61 5.33718212e+02 1.60115464e+01 
567 628.40 5.32473230e+02 1.59741969e+01 
568 629.19 5.30492736e+02 1.59147821e+01 
569 629.99 5.28148235e+02 1.58444471e+01 
570 630.78 5.25259086e+02 1.57577726e+01 
571 631.58 5.23256466e+02 1.56976940e+01 
572 632.37 5.21836758e+02 1.56551027e+01 
573 633.17 5.20766517e+02 1.56229955e+01 
574 633.96 5.19671038e+02 1.55901311e+01 
575 634.76 5.17626119e+02 1.55287836e+01 
576 635.55 5.15558041e+02 1.54667412e+01 
577 636.34 5.14447513e+02 1.54334254e+01 
578 637.14 5.14276831e+02 1.54283049e+01 
579 637.93 5.13176673e+02 1.53953002e+01 
580 638.73 5.09547783e+02 1.52864335e+01 
581 639.52 5.04463314e+02 1.51338994e+01 
582 640.31 4.99373528e+02 1.49812059e+01 
583 641.11 4.96130780e+02 1.48839234e+01 
584 641.90 4.95419808e+02 1.48625942e+01 
585 642.69 4.95917521e+02 1.48775256e+01 
586 643.49 4.95363701e+02 1.48609110e+01 
587 644.28 4.93570314e+02 1.48071094e+01 
588 645.07 4.90465048e+02 1.47139514e+01 
589 645.87 4.88261552e+02 1.46478466e+01 
590 646.66 4.87127545e+02 1.46138263e+01 
591 647.45 4.86410085e+02 1.45923026e+01 
592 648.25 4.83560307e+02 1.45068092e+01 
593 649.04 4.79198848e+02 1.43759654e+01 
594 649.83 4.76716031e+02 1.43014809e+01 
595 650.63 4.77392434e+02 1.43217730e+01 
596 651.42 4.79122460e+02 1.43736738e+01 
597 652.21 4.79035496e+02 1.43710649e+01 
598 653.00 4.77324922e+02 1.43197476e+01 
599 653.80 4.72478563e+02 1.41743569e+01 
600 654.59 4.60194245e+02 1.38058274e+01 
601 655.38 4.40946732e+02 1.32284020e+01 
602 656.17 4.27097891e+02 1.28129367e+01 
603 656.97 4.29255237e+02 1.28776571e+01 
604 657.76 4.43718377e+02 1.33115513e+01 
605 658.55 4.57099137e+02 1.37129741e+01 
606 659.34 4.63050658e+02 1.38915197e+01 
607 660.14 4.65999818e+02 1.39799945e+01 
608 660.93 4.68807350e+02 1.40642205e+01 
609 661.72 4.70521597e+02 1.41156479e+01 
610 662.51 4.69961959e+02 1.40988588e+01 
611 663.31 4.68452147e+02 1.40535644e+01 
612 664.10 4.68164647e+02 1.40449394e+01 
613 664.89 4.68747990e+02 1.40624397e+01 
614 665.68 4.68805377e+02 1.40641613e+01 
615 666.48 4.67749532e+02 1.40324860e+01 
616 667.27 4.66870980e+02 1.40061294e+01 
617 668.06 4.67128143e+02 1.40138443e+01 
618 668.85 4.67390634e+02 1.40217190e+01 
619 669.64 4.66330891e+02 1.39899267e+01 
620 670.43 4.63747463e+02 1.39124239e+01 
621 671.22 4.60814390e+02 1.38244317e+01 
622 672.02 4.59216548e+02 1.37764964e+01 
623 672.81 4.59160537e+02 1.37748161e+01 
624 673.60 4.58830608e+02 1.37649182e+01 
625 674.39 4.57551923e+02 1.37265577e+01 
626 675.18 4.56047602e+02 1.36814281e+01 
627 675.97 4.55197832e+02 1.36559350e+01 
628 676.76 4.55005882e+02 1.36501765e+01 
629 677.56 4.54529855e+02 1.36358956e+01 
630 678.35 4.53731454e+02 1.36119436e+01 
631 679.14 4.52745233e+02 1.35823570e+01 
632 679.93 4.51270359e+02 1.35381108e+01 
633 680.72 4.49797399e+02 1.34939220e+01 
634 681.51 4.48393159e+02 1.34517948e+01 
635 682.30 4.46614235e+02 1.33984270e+01 
636 683.09 4.43205323e+02 1.32961597e+01 
637 683.88 4.38884408e+02 1.31665322e+01 
638 684.67 4.34332237e+02 1.30299671e+01 
639 685.46 4.25834694e+02 1.27750408e+01 
640 686.26 4.09408909e+02 1.22822673e+01 
641 687.05 3.93195750e+02 1.17958725e+01 
642 687.84 3.89052852e+02 1.16715856e+01 
643 688.63 3.93500948e+02 1.18050284e+01 
644 689.42 3.97639693e+02 1.19291908e+01 
645 690.21 4.00626445e+02 1.20187934e+01 
646 691.00 4.03733488e+02 1.21120046e+01 
647 691.79 4.06500879e+02 1.21950264e+01 
648 692.58 4.08398882e+02 1.22519665e+01 
649 693.37 4.08828034e+02 1.22648410e+01 
650 694.16 4.07761769e+02 1.22328531e+01 
651 694.95 4.05897654e+02 1.21769296e+01 
652 695.74 4.05132153e+02 1.21539646e+01 
653 696.53 4.04136202e+02 1.21240861e+01 
654 697.32 4.01694129e+02 1.20508239e+01 
655 698.11 3.99034855e+02 1.19710457e+01 
656 698.90 3.97575176e+02 1.19272553e+01 
657 699.68 3.96040102e+02 1.18812030e+01 
658 700.47 3.93597122e+02 1.18079137e+01 
659 701.26 3.91113837e+02 1.17334151e+01 
660 702.05 3.89298204e+02 1.16789461e+01 
661 702.84 3.88869110e+02 1.16660733e+01 
662 703.63 3.89846822e+02 1.16954047e+01 
663 704.42 3.91391382e+02 1.17417415e+01 
664 705.21 3.91272690e+02 1.17381807e+01 
665 706.00 3.89450206e+02 1.16835062e+01 
666 706.79 3.87554823e+02 1.16266447e+01 
667 707.58 3.86425719e+02 1.15927716e+01 
668 708.37 3.84399670e+02 1.15319901e+01 
669 709.15 3.82461295e+02 1.14738388e+01 
670 709.94 3.82401798e+02 1.14720539e+01 
671 710.73 3.82181600e+02 1.14654480e+01 
672 711.52 3.79906470e+02 1.13971941e+01 
673 712.31 3.77523214e+02 1.13256964e+01 
674 713.10 3.76966158e+02 1.13089847e+01 
675 713.88 3.76856467e+02 1.13056940e+01 
676 714.67 3.75546046e+02 1.12663814e+01 
677 715.46 3.72059754e+02 1.11617926e+01 
678 716.25 3.65939815e+02 1.09781944e+01 
679 717.04 3.57547429e+02 1.07264229e+01 
680 717.83 3.47830752e+02 1.04349226e+01 
681 718.61 3.40030025e+02 1.02009007e+01 
682 719.40 3.38205200e+02 1.01461560e+01 
683 720.19 3.42139194e+02 1.02641758e+01 
684 720.98 3.49627068e+02 1.04888120e+01 
685 721.76 3.56005440e+02 1.06801632e+01 
686 722.55 3.55396866e+02 1.06619060e+01 
687 723.34 3.49966137e+02 1.04989841e+01 
688 724.13 3.45324571e+02 1.03597371e+01 
689 724.91 3.44323452e+02 1.03297036e+01 
690 725.70 3.44750121e+02 1.03425036e+01 
691 726.49 3.44893962e+02 1.03468188e+01 
692 727.28 3.43700933e+02 1.03110280e+01 
693 728.06 3.41163305e+02 1.02348991e+01 
694 728.85 3.39102005e+02 1.01730601e+01 
695 729.64 3.40309426e+02 1.02092828e+01 
696 730.42 3.42839845e+02 1.02851954e+01 
697 731.21 3.44548370e+02 1.03364511e+01 
698 732.00 3.46455819e+02 1.03936746e+01 
699 732.78 3.47756084e+02 1.04326825e+01 
700 733.57 3.49535158e+02 1.04860547e+01 
701 734.36 3.49682057e+02 1.04904617e+01 
702 735.15 3.47333906e+02 1.04200172e+01 
703 735.93 3.44807416e+02 1.03442225e+01 
704 736.72 3.43703840e+02 1.03111152e+01 
705 737.51 3.42516953e+02 1.02755086e+01 
706 738.29 3.39462847e+02 1.01838854e+01 
707 739.08 3.36214051e+02 1.00864215e+01 
708 739.86 3.35048873e+02 1.00514662e+01 
709 740.65 3.32906505e+02 9.98719516e+00 
710 741.44 3.30787193e+02 9.92361580e+00 
711 742.22 3.31715381e+02 9.95146143e+00 
712 743.01 3.33981984e+02 1.00194595e+01 
713 743.79 3.33786456e+02 1.00135937e+01 
714 744.58 3.31639455e+02 9.94918364e+00 
715 745.37 3.31038327e+02 9.93114981e+00 
716 746.15 3.30682224e+02 9.92046671e+00 
717 746.94 3.29499722e+02 9.88499166e+00 
718 747.72 3.27323339e+02 9.81970018e+00 
719 748.51 3.24425974e+02 9.73277922e+00 
720 749.29 3.21966588e+02 9.65899765e+00 
721 750.08 3.19986963e+02 9.59960890e+00 
722 750.86 3.17792430e+02 9.53377289e+00 
723 751.65 3.16289404e+02 9.48868212e+00 
724 752.43 3.15910003e+02 9.47730009e+00 
725 753.22 3.16558472e+02 9.49675416e+00 
726 754.00 3.16989967e+02 9.50969900e+00 
727 754.79 3.14554601e+02 9.43663803e+00 
728 755.57 3.11242766e+02 9.33728297e+00 
729 756.36 3.09222500e+02 9.27667500e+00 
730 757.14 3.08057448e+02 9.24172345e+00 
731 757.93 3.03057983e+02 9.09173948e+00 
732 758.71 2.80048693e+02 8.40146079e+00 
733 759.49 2.25366498e+02 6.76099494e+00 
734 760.28 1.75276041e+02 5.25828124e+00 
735 761.06 1.76212892e+02 5.28638676e+00 
736 761.85 2.00403377e+02 6.01210131e+00 
737 762.63 2.11640039e+02 6.34920118e+00 
738 763.41 2.14820641e+02 6.44461924e+00 
739 764.20 2.24344375e+02 6.73033124e+00 
740 764.98 2.37856229e+02 7.13568688e+00 
741 765.77 2.50132148e+02 7.50396443e+00 
742 766.55 2.61738995e+02 7.85216985e+00 
743 767.33 2.73047144e+02 8.19141432e+00 
744 768.12 2.80314663e+02 8.40943988e+00 
745 768.90 2.83336788e+02 8.50010363e+00 
746 769.68 2.84541328e+02 8.53623983e+00 
747 770.47 2.85143292e+02 8.55429876e+00 
748 771.25 2.84620567e+02 8.53861702e+00 
749 772.03 2.84260785e+02 8.52782354e+00 
750 772.82 2.84819342e+02 8.54458027e+00 
751 773.60 2.84368536e+02 8.53105608e+00 
752 774.38 2.82060811e+02 8.46182434e+00 
753 775.17 2.80730863e+02 8.42192589e+00 
754 775.95 2.81010134e+02 8.43030403e+00 
755 776.73 2.80149280e+02 8.40447839e+00 
756 777.51 2.78241447e+02 8.34724341e+00 
757 778.30 2.77057762e+02 8.31173286e+00 
758 779.08 2.75758712e+02 8.27276135e+00 
759 779.86 2.74579546e+02 8.23738638e+00 
760 780.64 2.74375660e+02 8.23126981e+00 
761 781.43 2.75566886e+02 8.26700659e+00 
762 782.21 2.75938891e+02 8.27816672e+00 
763 782.99 2.73610426e+02 8.20831279e+00 
764 783.77 2.72365648e+02 8.17096944e+00 
765 784.55 2.72369867e+02 8.17109600e+00 
766 785.34 2.72195739e+02 8.16587216e+00 
767 786.12 2.71964302e+02 8.15892906e+00 
768 786.90 2.71037095e+02 8.13111286e+00 
769 787.68 2.69063707e+02 8.07191122e+00 
770 788.46 2.66779814e+02 8.00339441e+00 
771 789.24 2.64836375e+02 7.94509124e+00 
772 790.03 2.63476714e+02 7.90430141e+00 
773 790.81 2.62040885e+02 7.86122654e+00 
774 791.59 2.59234575e+02 7.77703724e+00 
775 792.37 2.55829969e+02 7.67489908e+00 
776 793.15 2.53180779e+02 7.59542337e+00 
777 793.93 2.51779180e+02 7.55337540e+00 
778 794.71 2.51840982e+02 7.55522946e+00 
779 795.49 2.52383896e+02 7.57151688e+00 
780 796.27 2.52542341e+02 7.57627024e+00 
781 797.05 2.53023907e+02 7.59071721e+00 
782 797.83 2.52778824e+02 7.58336472e+00 
783 798.62 2.50958100e+02 7.52874300e+00 
784 799.40 2.48544042e+02 7.45632127e+00 
785 800.18 2.45797699e+02 7.37393098e+00 
786 800.96 2.43873704e+02 7.31621113e+00 
787 801.74 2.43636743e+02 7.30910228e+00 
788 802.52 2.43941091e+02 7.31823274e+00 
789 803.30 2.43466175e+02 7.30398525e+00 
790 804.08 2.40694766e+02 7.22084299e+00 
791 804.86 2.37022496e+02 7.11067487e+00 
792 805.64 2.35359409e+02 7.06078227e+00 
793 806.41 2.36003885e+02 7.08011655e+00 
794 807.20 2.36499084e+02 7.09497251e+00 
795 807.97 2.34244008e+02 7.02732025e+00 
796 808.75 2.30132585e+02 6.90397756e+00 
797 809.53 2.27558258e+02 6.82674774e+00 
798 810.31 2.28422347e+02 6.85267040e+00 
799 811.09 2.30434416e+02 6.91303249e+00 
800 811.87 2.30287890e+02 6.90863670e+00 
801 812.65 2.27440913e+02 6.82322739e+00 
802 813.43 2.22879667e+02 6.68639000e+00 
803 814.21 2.17623445e+02 6.52870336e+00 
804 814.99 2.13621436e+02 6.40864307e+00 
805 815.76 2.10983132e+02 6.32949397e+00 
806 816.54 2.09411187e+02 6.28233562e+00 
807 817.32 2.07572951e+02 6.22718853e+00 
808 818.10 2.04930029e+02 6.14790087e+00 
809 818.88 2.03044067e+02 6.09132200e+00 
810 819.66 2.03008372e+02 6.09025116e+00 
811 820.43 2.05158437e+02 6.15475311e+00 
812 821.21 2.06146767e+02 6.18440301e+00 
813 821.99 2.01898226e+02 6.05694677e+00 
814 822.77 1.96498178e+02 5.89494535e+00 
815 823.55 1.95719193e+02 5.87157578e+00 
816 824.32 1.98909714e+02 5.96729141e+00 
817 825.10 2.03133178e+02 6.09399535e+00 
818 825.88 2.05406770e+02 6.16220309e+00 
819 826.66 2.04083117e+02 6.12249350e+00 
820 827.43 2.00824615e+02 6.02473846e+00 
821 828.21 1.97535048e+02 5.92605145e+00 
822 828.99 1.96099042e+02 5.88297126e+00 
823 829.76 1.96682275e+02 5.90046824e+00 
824 830.54 1.97723467e+02 5.93170401e+00 
825 831.32 1.96947720e+02 5.90843161e+00 
826 832.10 1.94723185e+02 5.84169554e+00 
827 832.87 1.92007922e+02 5.76023766e+00 
828 833.65 1.91320988e+02 5.73962963e+00 
829 834.42 1.93648019e+02 5.80944056e+00 
830 835.20 1.97056220e+02 5.91168659e+00 
831 835.98 1.98460291e+02 5.95380872e+00 
832 836.75 1.97168049e+02 5.91504146e+00 
833 837.53 1.94174403e+02 5.82523209e+00 
834 838.30 1.92406594e+02 5.77219783e+00 
835 839.08 1.93007308e+02 5.79021925e+00 
836 839.86 1.94866139e+02 5.84598418e+00 
837 840.63 1.95382821e+02 5.86148464e+00 
838 841.41 1.93615577e+02 5.80846730e+00 
839 842.18 1.90380807e+02 5.71142422e+00 
840 842.96 1.87217860e+02 5.61653579e+00 
841 843.74 1.86058434e+02 5.58175302e+00 
842 844.51 1.87106328e+02 5.61318984e+00 
843 845.28 1.88544260e+02 5.65632781e+00 
844 846.06 1.88927418e+02 5.66782254e+00 
845 846.84 1.86962084e+02 5.60886251e+00 
846 847.61 1.82953061e+02 5.48859182e+00 
847 848.38 1.78514662e+02 5.35543986e+00 
848 849.16 1.76164463e+02 5.28493389e+00 
849 849.93 1.75333990e+02 5.26001970e+00 
850 850.71 1.75227442e+02 5.25682326e+00 
851 851.48 1.73600362e+02 5.20801086e+00 
852 852.26 1.69529774e+02 5.08589323e+00 
853 853.03 1.64293402e+02 4.92880206e+00 
854 853.81 1.60093193e+02 4.80279578e+00 
855 854.58 1.59785588e+02 4.79356763e+00 
856 855.35 1.63380138e+02 4.90140414e+00 
857 856.13 1.68223898e+02 5.04671693e+00 
858 856.90 1.70743002e+02 5.12229006e+00 
859 857.68 1.70084801e+02 5.10254403e+00 
860 858.45 1.68154174e+02 5.04462521e+00 
861 859.22 1.66561069e+02 4.99683207e+00 
862 860.00 1.66718960e+02 5.00156880e+00 
863 860.77 1.68178165e+02 5.04534496e+00 
864 861.54 1.68763125e+02 5.06289374e+00 
865 862.32 1.67858492e+02 5.03575475e+00 
866 863.09 1.65435695e+02 4.96307085e+00 
867 863.86 1.61116552e+02 4.83349656e+00 
868 864.63 1.57329873e+02 4.71989620e+00 
869 865.41 1.54633133e+02 4.63899398e+00 
870 866.18 1.53545267e+02 4.60635801e+00 
871 866.95 1.53744357e+02 4.61233072e+00 
872 867.73 1.54536010e+02 4.63608029e+00 
873 868.50 1.54830058e+02 4.64490174e+00 
874 869.27 1.54554604e+02 4.63663811e+00 
875 870.04 1.54626831e+02 4.63880493e+00 
876 870.81 1.55692482e+02 4.67077447e+00 
877 871.59 1.56483540e+02 4.69450620e+00 
878 872.36 1.56606890e+02 4.69820669e+00 
879 873.13 1.55358071e+02 4.66074213e+00 
880 873.90 1.52755679e+02 4.58267036e+00 
881 874.67 1.49650959e+02 4.48952876e+00 
882 875.44 1.48020578e+02 4.44061735e+00 
883 876.22 1.48386751e+02 4.45160252e+00 
884 876.99 1.49278645e+02 4.47835935e+00 
885 877.76 1.49735944e+02 4.49207831e+00 
886 878.53 1.48689096e+02 4.46067288e+00 
887 879.30 1.46095782e+02 4.38287347e+00 
888 880.07 1.43248993e+02 4.29746978e+00 
889 880.84 1.41798237e+02 4.25394712e+00 
890 881.61 1.42190216e+02 4.26570647e+00 
891 882.38 1.43492782e+02 4.30478346e+00 
892 883.15 1.45073501e+02 4.35220502e+00 
893 883.92 1.44890962e+02 4.34672885e+00 
894 884.69 1.42957839e+02 4.28873517e+00 
895 885.46 1.40509739e+02 4.21529218e+00 
896 886.24 1.38219999e+02 4.14659996e+00 
897 887.01 1.37215233e+02 4.11645698e+00 
898 887.77 1.37643801e+02 4.12931403e+00 
899 888.55 1.38810949e+02 4.16432847e+00 
900 889.31 1.39702717e+02 4.19108152e+00 
901 890.08 1.38676156e+02 4.16028469e+00 
902 890.85 1.36108998e+02 4.08326995e+00 
903 891.62 1.33251847e+02 3.99755542e+00 
904 892.39 1.30890623e+02 3.92671868e+00 
905 893.16 1.30154124e+02 3.90462371e+00 
906 893.93 1.30068422e+02 3.90205266e+00 
907 894.70 1.29340459e+02 3.88021378e+00 
908 895.47 1.27013846e+02 3.81041537e+00 
909 896.24 1.23523726e+02 3.70571177e+00 
910 897.01 1.19496471e+02 3.58489412e+00 
911 897.77 1.16377578e+02 3.49132735e+00 
912 898.54 1.14850302e+02 3.44550905e+00 
913 899.31 1.14423046e+02 3.43269137e+00 
914 900.08 1.14282060e+02 3.42846181e+00 
915 900.85 1.14390948e+02 3.43172845e+00 
916 901.62 1.14091304e+02 3.42273911e+00 
917 902.38 1.13789432e+02 3.41368297e+00 
918 903.15 1.13939266e+02 3.41817798e+00 
919 903.92 1.14445216e+02 3.43335647e+00 
920 904.69 1.14936777e+02 3.44810330e+00 
921 905.46 1.15101838e+02 3.45305513e+00 
922 906.22 1.14489945e+02 3.43469834e+00 
923 906.99 1.12736634e+02 3.38209903e+00 
924 907.76 1.10307189e+02 3.30921568e+00 
925 908.52 1.07788416e+02 3.23365247e+00 
926 909.29 1.06008742e+02 3.18026225e+00 
927 910.06 1.05415766e+02 3.16247297e+00 
928 910.83 1.05516520e+02 3.16549559e+00 
929 911.59 1.05888516e+02 3.17665547e+00 
930 912.36 1.05864340e+02 3.17593020e+00 
931 913.13 1.05112039e+02 3.15336118e+00 
932 913.89 1.03698353e+02 3.11095059e+00 
933 914.66 1.01969911e+02 3.05909732e+00 
934 915.43 1.00672558e+02 3.02017673e+00 
935 916.19 1.00039827e+02 3.00119482e+00 
936 916.96 9.99223376e+01 2.99767013e+00 
937 917.72 1.00202172e+02 3.00606515e+00 
938 918.49 1.00290672e+02 3.00872015e+00 
939 919.26 9.99549719e+01 2.99864916e+00 
940 920.02 9.90499780e+01 2.97149934e+00 
941 920.79 9.77456106e+01 2.93236832e+00 
942 921.55 9.64036272e+01 2.89210882e+00 
943 922.32 9.54891828e+01 2.86467548e+00 
944 923.08 9.49428316e+01 2.84828495e+00 
945 923.85 9.47461250e+01 2.84238375e+00 
946 924.61 9.44804163e+01 2.83441249e+00 
947 925.38 9.37388049e+01 2.81216415e+00 
948 926.14 9.22150478e+01 2.76645143e+00 
949 926.91 8.99489285e+01 2.69846785e+00 
950 927.67 8.71030097e+01 2.61309029e+00 
951 928.44 8.40232179e+01 2.52069654e+00 
952 929.20 8.07831171e+01 2.42349351e+00 
953 929.97 7.76066244e+01 2.32819873e+00 
954 930.73 7.42331782e+01 2.22699535e+00 
955 931.50 7.06742421e+01 2.12022726e+00 
956 932.26 6.71421225e+01 2.01426368e+00 
957 933.02 6.38808174e+01 1.91642452e+00 
958 933.79 6.12563214e+01 1.83768964e+00 
959 934.55 5.95771969e+01 1.78731591e+00 
960 935.32 5.89115161e+01 1.76734548e+00 
961 936.08 5.90166260e+01 1.77049878e+00 
962 936.84 5.95971800e+01 1.78791540e+00 
963 937.61 6.04267495e+01 1.81280249e+00 
964 938.37 6.10595401e+01 1.83178620e+00 
965 939.13 6.14454628e+01 1.84336388e+00 
966 939.89 6.16193816e+01 1.84858145e+00 
967 940.66 6.14249517e+01 1.84274855e+00 
968 941.42 6.12037189e+01 1.83611157e+00 
969 942.18 6.07745426e+01 1.82323628e+00 
970 942.95 6.01159116e+01 1.80347735e+00 
971 943.71 5.92406189e+01 1.77721857e+00 
972 944.47 5.82811759e+01 1.74843528e+00 
973 945.23 5.72866575e+01 1.71859972e+00 
974 946.00 5.65552378e+01 1.69665713e+00 
975 946.76 5.61619473e+01 1.68485842e+00 
976 947.52 5.61096273e+01 1.68328882e+00 
977 948.28 5.64109987e+01 1.69232996e+00 
978 949.05 5.67444665e+01 1.70233399e+00 
979 949.81 5.70232577e+01 1.71069773e+00 
980 950.57 5.69138923e+01 1.70741677e+00 
981 951.33 5.65799690e+01 1.69739907e+00 
982 952.09 5.60227452e+01 1.68068236e+00 
983 952.85 5.54433924e+01 1.66330177e+00 
984 953.61 5.51351966e+01 1.65405590e+00 
985 954.38 5.51463257e+01 1.65438977e+00 
986 955.14 5.52045496e+01 1.65613649e+00 
987 955.90 5.53104565e+01 1.65931370e+00 
988 956.66 5.53488593e+01 1.66046578e+00 
989 957.42 5.52500482e+01 1.65750145e+00 
990 958.18 5.50773061e+01 1.65231918e+00 
991 958.94 5.48937853e+01 1.64681356e+00 
992 959.70 5.49725291e+01 1.64917587e+00 
993 960.46 5.52202302e+01 1.65660691e+00 
994 961.22 5.56551353e+01 1.66965406e+00 
995 961.98 5.60988926e+01 1.68296678e+00 
996 962.74 5.63353960e+01 1.69006188e+00 
997 963.50 5.63111597e+01 1.68933479e+00 
998 964.26 5.61293252e+01 1.68387976e+00 
999 965.02 5.59465709e+01 1.67839713e+00 
1000 965.78 5.58979443e+01 1.67693833e+00 
1001 966.54 5.60924318e+01 1.68277295e+00 
1002 967.30 5.64774960e+01 1.69432488e+00 
1003 968.06 5.67686064e+01 1.70305819e+00 
1004 968.82 5.66806559e+01 1.70041968e+00 
1005 969.58 5.62822676e+01 1.68846803e+00 
1006 970.34 5.57539921e+01 1.67261976e+00 
1007 971.10 5.53388751e+01 1.66016625e+00 
1008 971.86 5.49630018e+01 1.64889005e+00 
1009 972.62 5.47557405e+01 1.64267221e+00 
1010 973.38 5.43938082e+01 1.63181425e+00 
1011 974.14 5.37617108e+01 1.61285132e+00 
1012 974.89 5.30790235e+01 1.59237071e+00 
1013 975.65 5.23839821e+01 1.57151946e+00 
1014 976.41 5.19043057e+01 1.55712917e+00 
1015 977.17 5.17127939e+01 1.55138382e+00 
1016 977.93 5.15937225e+01 1.54781168e+00 
1017 978.69 5.13495887e+01 1.54048766e+00 
1018 979.45 5.09303072e+01 1.52790922e+00 
1019 980.20 5.04132902e+01 1.51239871e+00 
1020 980.96 4.99932550e+01 1.49979765e+00 
1021 981.72 4.97652477e+01 1.49295743e+00 
1022 982.48 4.96222901e+01 1.48866870e+00 
1023 983.24 4.93128041e+01 1.47938412e+00 
1024 983.99 4.87167640e+01 1.46150292e+00 
1025 984.75 4.81030945e+01 1.44309284e+00 
1026 985.51 4.77956625e+01 1.43386987e+00 
1027 986.26 4.75893063e+01 1.42767919e+00 
1028 987.02 4.72081201e+01 1.41624360e+00 
1029 987.78 4.65424763e+01 1.39627429e+00 
1030 988.54 4.58205139e+01 1.37461542e+00 
1031 989.29 4.54038412e+01 1.36211524e+00 
1032 990.05 4.51046135e+01 1.35313841e+00 
1033 990.81 4.45053098e+01 1.33515929e+00 
1034 991.56 4.36297225e+01 1.30889167e+00 
1035 992.32 4.29876963e+01 1.28963089e+00 
1036 993.08 4.24231411e+01 1.27269423e+00 
1037 993.83 4.15855253e+01 1.24756576e+00 
1038 994.59 4.06188889e+01 1.21856667e+00 
1039 995.35 3.98429310e+01 1.19528793e+00 
1040 996.10 2.56613693e+00 7.69841079e-02 
1041 996.86 1.36214401e-01 4.08643204e-03 
1042 997.62 8.82344782e-02 2.64703434e-03 
1043 998.37 7.03143971e-02 2.10943191e-03 
