% C0 (TOA Count Rate, /ms) for 4STAR VIS spectrometer (1044 channels) derived from 20160702starsun.mat and recorded on 2016-08-23 12:19:08.
% Modified Langley processed for 0.8823-0.9945 micron region
Pix Wavelength C0 C0err
0 173.18 -1.00000000e+00 -1.00000000e+00 
1 173.97 2.46306602e+09 -1.00000000e+00 
2 174.77 3.37591644e+09 -1.00000000e+00 
3 175.56 3.32523972e+09 -1.00000000e+00 
4 176.36 1.95275327e+11 -1.00000000e+00 
5 177.15 2.50421868e+11 -1.00000000e+00 
6 177.94 3.04838265e+11 -1.00000000e+00 
7 178.74 3.17001943e+11 -1.00000000e+00 
8 179.53 3.06385239e+11 -1.00000000e+00 
9 180.33 2.92330849e+11 -1.00000000e+00 
10 181.12 3.12428137e+11 -1.00000000e+00 
11 181.92 3.62098453e+11 -1.00000000e+00 
12 182.71 4.60913583e+11 -1.00000000e+00 
13 183.51 6.06894735e+11 -1.00000000e+00 
14 184.30 7.91418812e+11 -1.00000000e+00 
15 185.10 1.06144515e+12 -1.00000000e+00 
16 185.89 1.34730187e+12 -1.00000000e+00 
17 186.69 1.82172775e+12 -1.00000000e+00 
18 187.49 2.25250653e+12 -1.00000000e+00 
19 188.28 2.62846005e+12 -1.00000000e+00 
20 189.08 2.98066241e+12 -1.00000000e+00 
21 189.88 4.15181206e+12 -1.00000000e+00 
22 190.67 6.07268319e+12 -1.00000000e+00 
23 191.47 9.49301830e+12 -1.00000000e+00 
24 192.27 1.43317547e+13 -1.00000000e+00 
25 193.07 2.29046317e+13 -1.00000000e+00 
26 193.86 3.16492913e+13 -1.00000000e+00 
27 194.66 4.26362284e+13 -1.00000000e+00 
28 195.46 7.30596955e+13 -1.00000000e+00 
29 196.26 1.39112452e+14 -1.00000000e+00 
30 197.05 2.29176239e+14 -1.00000000e+00 
31 197.85 4.04036839e+14 -1.00000000e+00 
32 198.65 7.54522946e+14 -1.00000000e+00 
33 199.45 1.38592743e+15 -1.00000000e+00 
34 200.25 2.54866536e+15 -1.00000000e+00 
35 201.05 4.39520654e+15 -1.00000000e+00 
36 201.85 8.80720785e+15 -1.00000000e+00 
37 202.64 2.00639563e+16 -1.00000000e+00 
38 203.44 4.88740546e+16 -1.00000000e+00 
39 204.24 9.33365050e+16 -1.00000000e+00 
40 205.04 1.97453774e+17 -1.00000000e+00 
41 205.84 4.29939647e+17 -1.00000000e+00 
42 206.64 7.80142000e+17 -1.00000000e+00 
43 207.44 1.23011668e+18 -1.00000000e+00 
44 208.24 2.49283760e+18 -1.00000000e+00 
45 209.04 4.60929734e+18 -1.00000000e+00 
46 209.84 1.60868964e+19 -1.00000000e+00 
47 210.64 1.36594294e+19 -1.00000000e+00 
48 211.44 2.86782551e+19 -1.00000000e+00 
49 212.24 2.07022380e+19 -1.00000000e+00 
50 213.05 6.54787801e+18 -1.00000000e+00 
51 213.85 2.01774732e+18 -1.00000000e+00 
52 214.65 6.42176881e+17 -1.00000000e+00 
53 215.45 1.98586358e+17 -1.00000000e+00 
54 216.25 6.27569334e+16 -1.00000000e+00 
55 217.05 1.95737378e+16 -1.00000000e+00 
56 217.85 6.05403238e+15 -1.00000000e+00 
57 218.65 1.91117834e+15 -1.00000000e+00 
58 219.46 5.91468124e+14 -1.00000000e+00 
59 220.26 1.89491606e+14 -1.00000000e+00 
60 221.06 5.87558098e+13 -1.00000000e+00 
61 221.86 1.80977336e+13 -1.00000000e+00 
62 222.66 5.83471540e+12 -1.00000000e+00 
63 223.47 1.79896944e+12 -1.00000000e+00 
64 224.27 5.58426960e+11 -1.00000000e+00 
65 225.07 1.78351214e+11 -1.00000000e+00 
66 225.87 5.49888188e+10 -1.00000000e+00 
67 226.68 1.71844778e+10 -1.00000000e+00 
68 227.48 5.63949314e+09 -1.00000000e+00 
69 228.28 2.01249790e+09 -1.00000000e+00 
70 229.09 8.45092595e+08 -1.00000000e+00 
71 229.89 5.19502607e+08 -1.00000000e+00 
72 230.69 5.03542819e+08 -1.00000000e+00 
73 231.49 8.44567109e+08 -1.00000000e+00 
74 232.30 2.13421376e+09 -1.00000000e+00 
75 233.10 6.92987744e+09 -1.00000000e+00 
76 233.91 2.60568807e+10 -1.00000000e+00 
77 234.71 9.86261897e+10 -1.00000000e+00 
78 235.51 3.97138391e+11 -1.00000000e+00 
79 236.32 1.61278431e+12 -1.00000000e+00 
80 237.12 6.29301268e+12 -1.00000000e+00 
81 237.92 2.50080786e+13 -1.00000000e+00 
82 238.73 1.01427723e+14 -1.00000000e+00 
83 239.53 4.20739429e+14 -1.00000000e+00 
84 240.34 1.70069858e+15 -1.00000000e+00 
85 241.14 6.38727348e+15 -1.00000000e+00 
86 241.94 2.36512224e+16 -1.00000000e+00 
87 242.75 8.34550420e+16 -1.00000000e+00 
88 243.55 2.81173296e+17 -1.00000000e+00 
89 244.36 8.86202668e+17 -1.00000000e+00 
90 245.16 2.72281774e+18 -1.00000000e+00 
91 245.97 7.50306775e+18 -1.00000000e+00 
92 246.77 1.94718267e+19 -1.00000000e+00 
93 247.58 4.76853979e+19 -1.00000000e+00 
94 248.38 1.13314091e+20 -1.00000000e+00 
95 249.19 7.21123607e+19 -1.00000000e+00 
96 249.99 3.98942441e+19 -1.00000000e+00 
97 250.80 4.16719824e+19 -1.00000000e+00 
98 251.60 4.10772166e+19 -1.00000000e+00 
99 252.41 4.09115445e+19 -1.00000000e+00 
100 253.21 4.83403775e+19 -1.00000000e+00 
101 254.02 5.24051363e+19 -1.00000000e+00 
102 254.83 5.16423788e+19 -1.00000000e+00 
103 255.63 5.45829441e+19 -1.00000000e+00 
104 256.44 5.03770551e+19 -1.00000000e+00 
105 257.24 4.28137102e+19 -1.00000000e+00 
106 258.05 4.57091172e+19 -1.00000000e+00 
107 258.85 4.79400690e+19 -1.00000000e+00 
108 259.66 4.66817552e+19 -1.00000000e+00 
109 260.46 1.45302614e+20 -1.00000000e+00 
110 261.27 9.56358496e+19 -1.00000000e+00 
111 262.08 4.00929591e+19 -1.00000000e+00 
112 262.88 1.44913204e+19 -1.00000000e+00 
113 263.69 5.26109839e+18 -1.00000000e+00 
114 264.50 1.81388762e+18 -1.00000000e+00 
115 265.30 6.04334152e+17 -1.00000000e+00 
116 266.11 1.72834464e+17 -1.00000000e+00 
117 266.91 4.58954258e+16 -1.00000000e+00 
118 267.72 1.13383667e+16 -1.00000000e+00 
119 268.53 2.54724393e+15 -1.00000000e+00 
120 269.33 6.03939923e+14 -1.00000000e+00 
121 270.14 1.58313313e+14 -1.00000000e+00 
122 270.95 3.95197779e+13 -1.00000000e+00 
123 271.75 9.36554563e+12 -1.00000000e+00 
124 272.56 2.10100269e+12 -1.00000000e+00 
125 273.37 4.33775086e+11 -1.00000000e+00 
126 274.17 8.79589887e+10 -1.00000000e+00 
127 274.98 1.92859821e+10 -1.00000000e+00 
128 275.79 4.85184741e+09 -1.00000000e+00 
129 276.59 1.23614070e+09 -1.00000000e+00 
130 277.40 3.30161835e+08 -1.00000000e+00 
131 278.21 8.56496199e+07 -1.00000000e+00 
132 279.01 2.25845523e+07 -1.00000000e+00 
133 279.82 5.96951469e+06 -1.00000000e+00 
134 280.63 1.72179702e+06 -1.00000000e+00 
135 281.44 4.86672371e+05 -1.00000000e+00 
136 282.24 1.50889208e+05 -1.00000000e+00 
137 283.05 5.33474793e+04 -1.00000000e+00 
138 283.86 1.96625180e+04 -1.00000000e+00 
139 284.66 6.97202787e+03 -1.00000000e+00 
140 285.47 2.75468203e+03 -1.00000000e+00 
141 286.28 1.21474195e+03 -1.00000000e+00 
142 287.09 5.59764715e+02 -1.00000000e+00 
143 287.89 2.52163661e+02 -1.00000000e+00 
144 288.70 1.25898777e+02 -1.00000000e+00 
145 289.51 6.70816729e+01 -1.00000000e+00 
146 290.32 3.63139970e+01 -1.00000000e+00 
147 291.12 2.23606906e+01 -1.00000000e+00 
148 291.93 1.37679040e+01 -1.00000000e+00 
149 292.74 8.78450883e+00 -1.00000000e+00 
150 293.55 5.91591373e+00 -1.00000000e+00 
151 294.35 4.19708282e+00 -1.00000000e+00 
152 295.16 3.22814247e+00 -1.00000000e+00 
153 295.97 2.39227983e+00 -1.00000000e+00 
154 296.78 1.94745386e+00 -1.00000000e+00 
155 297.58 1.59610298e+00 -1.00000000e+00 
156 298.39 1.35398462e+00 -1.00000000e+00 
157 299.20 1.16879563e+00 -1.00000000e+00 
158 300.01 1.03193604e+00 -1.00000000e+00 
159 300.81 9.41325994e-01 -1.00000000e+00 
160 301.62 8.53856086e-01 -1.00000000e+00 
161 302.43 8.06311361e-01 -1.00000000e+00 
162 303.24 7.46967528e-01 -1.00000000e+00 
163 304.05 7.21460502e-01 -1.00000000e+00 
164 304.85 6.85649824e-01 -1.00000000e+00 
165 305.66 6.56801533e-01 -1.00000000e+00 
166 306.47 6.46891263e-01 -1.00000000e+00 
167 307.28 6.14777101e-01 -1.00000000e+00 
168 308.08 5.96992386e-01 -1.00000000e+00 
169 308.89 5.95851288e-01 -1.00000000e+00 
170 309.70 5.75941224e-01 -1.00000000e+00 
171 310.51 5.73269086e-01 -1.00000000e+00 
172 311.32 5.63752642e-01 -1.00000000e+00 
173 312.12 5.64110717e-01 -1.00000000e+00 
174 312.93 5.62225764e-01 -1.00000000e+00 
175 313.74 5.47321745e-01 -1.00000000e+00 
176 314.55 5.54487124e-01 -1.00000000e+00 
177 315.36 5.55908049e-01 -1.00000000e+00 
178 316.16 5.66401535e-01 -1.00000000e+00 
179 316.97 5.71753621e-01 -1.00000000e+00 
180 317.78 5.77556704e-01 -1.00000000e+00 
181 318.59 5.81199631e-01 -1.00000000e+00 
182 319.39 5.99269780e-01 -1.00000000e+00 
183 320.20 6.08907860e-01 -1.00000000e+00 
184 321.01 6.04086821e-01 -1.00000000e+00 
185 321.82 6.31925304e-01 -1.00000000e+00 
186 322.63 6.44073268e-01 -1.00000000e+00 
187 323.43 6.58092203e-01 -1.00000000e+00 
188 324.24 6.76458113e-01 -1.00000000e+00 
189 325.05 7.03279382e-01 -1.00000000e+00 
190 325.86 7.14573079e-01 -1.00000000e+00 
191 326.67 7.41919839e-01 -1.00000000e+00 
192 327.48 7.65062878e-01 -1.00000000e+00 
193 328.28 7.90641997e-01 -1.00000000e+00 
194 329.09 8.30590639e-01 -1.00000000e+00 
195 329.90 8.67901782e-01 -1.00000000e+00 
196 330.71 9.20185204e-01 -1.00000000e+00 
197 331.51 9.95606769e-01 -1.00000000e+00 
198 332.32 1.13524879e+00 -1.00000000e+00 
199 333.13 1.35899179e+00 -1.00000000e+00 
200 333.94 1.79784339e+00 -1.00000000e+00 
201 334.75 2.54354811e+00 -1.00000000e+00 
202 335.56 3.57509065e+00 -1.00000000e+00 
203 336.36 5.06013408e+00 -1.00000000e+00 
204 337.17 7.41397832e+00 -1.00000000e+00 
205 337.98 1.08052356e+01 -1.00000000e+00 
206 338.79 1.49048925e+01 -1.00000000e+00 
207 339.59 1.94517513e+01 -1.00000000e+00 
208 340.40 2.36733119e+01 -1.00000000e+00 
209 341.21 2.71258014e+01 -1.00000000e+00 
210 342.02 3.11707313e+01 -1.00000000e+00 
211 342.83 3.48013313e+01 -1.00000000e+00 
212 343.64 3.58618461e+01 -1.00000000e+00 
213 344.44 3.70715166e+01 -1.00000000e+00 
214 345.25 4.12797027e+01 -1.00000000e+00 
215 346.06 4.52918502e+01 -1.00000000e+00 
216 346.87 4.79599589e+01 -1.00000000e+00 
217 347.67 4.98337162e+01 -1.00000000e+00 
218 348.48 5.15467172e+01 -1.00000000e+00 
219 349.29 5.46118395e+01 -1.00000000e+00 
220 350.10 5.99757789e+01 -1.00000000e+00 
221 350.91 6.37718602e+01 -1.00000000e+00 
222 351.71 6.40545573e+01 -1.00000000e+00 
223 352.52 6.52070279e+01 -1.00000000e+00 
224 353.33 7.08458285e+01 -1.00000000e+00 
225 354.14 7.81688501e+01 -1.00000000e+00 
226 354.94 8.15507787e+01 -1.00000000e+00 
227 355.75 8.01743585e+01 -1.00000000e+00 
228 356.56 7.55017833e+01 -1.00000000e+00 
229 357.37 7.08638554e+01 -1.00000000e+00 
230 358.18 6.97565475e+01 -1.00000000e+00 
231 358.98 7.80304286e+01 -1.00000000e+00 
232 359.79 9.01701518e+01 -1.00000000e+00 
233 360.60 9.21922799e+01 -1.00000000e+00 
234 361.41 9.07033815e+01 -1.00000000e+00 
235 362.21 9.53965023e+01 -1.00000000e+00 
236 363.02 1.01129570e+02 -1.00000000e+00 
237 363.83 1.04601480e+02 -1.00000000e+00 
238 364.64 1.09598367e+02 -1.00000000e+00 
239 365.44 1.19255935e+02 -1.00000000e+00 
240 366.25 1.27930917e+02 -1.00000000e+00 
241 367.06 1.29202264e+02 -1.00000000e+00 
242 367.87 1.27168629e+02 -1.00000000e+00 
243 368.67 1.28752816e+02 -1.00000000e+00 
244 369.48 1.34104165e+02 -1.00000000e+00 
245 370.29 1.35606454e+02 -1.00000000e+00 
246 371.10 1.34019291e+02 -1.00000000e+00 
247 371.90 1.30582506e+02 -1.00000000e+00 
248 372.71 1.23482422e+02 -1.00000000e+00 
249 373.52 1.16544347e+02 -1.00000000e+00 
250 374.33 1.15695542e+02 -1.00000000e+00 
251 375.13 1.23370958e+02 -1.00000000e+00 
252 375.94 1.34361551e+02 -1.00000000e+00 
253 376.75 1.46322872e+02 -1.00000000e+00 
254 377.55 1.59835721e+02 -1.00000000e+00 
255 378.36 1.64024464e+02 -1.00000000e+00 
256 379.17 1.56235770e+02 -1.00000000e+00 
257 379.98 1.52304443e+02 -1.00000000e+00 
258 380.78 1.51738265e+02 -1.00000000e+00 
259 381.59 1.39035442e+02 -1.00000000e+00 
260 382.40 1.18755337e+02 -1.00000000e+00 
261 383.21 1.08881386e+02 -1.00000000e+00 
262 384.01 1.17288087e+02 -1.00000000e+00 
263 384.82 1.32439497e+02 -1.00000000e+00 
264 385.63 1.39415523e+02 -1.00000000e+00 
265 386.43 1.40690111e+02 -1.00000000e+00 
266 387.24 1.41658033e+02 -1.00000000e+00 
267 388.05 1.43961226e+02 -1.00000000e+00 
268 388.85 1.52419857e+02 -1.00000000e+00 
269 389.66 1.66402317e+02 -1.00000000e+00 
270 390.47 1.77867222e+02 -1.00000000e+00 
271 391.27 1.78883945e+02 -1.00000000e+00 
272 392.08 1.60391639e+02 -1.00000000e+00 
273 392.89 1.31251227e+02 -1.00000000e+00 
274 393.69 1.23427155e+02 -1.00000000e+00 
275 394.50 1.45632384e+02 -1.00000000e+00 
276 395.31 1.63342150e+02 -1.00000000e+00 
277 396.11 1.54090558e+02 -1.00000000e+00 
278 396.92 1.46329372e+02 -1.00000000e+00 
279 397.73 1.70745904e+02 -1.00000000e+00 
280 398.53 2.10306087e+02 -1.00000000e+00 
281 399.34 2.36716637e+02 -1.00000000e+00 
282 400.15 2.49611921e+02 -1.00000000e+00 
283 400.95 2.58383572e+02 -1.00000000e+00 
284 401.76 2.65326074e+02 -1.00000000e+00 
285 402.57 2.67735984e+02 -1.00000000e+00 
286 403.37 2.66358270e+02 -1.00000000e+00 
287 404.18 2.65017739e+02 -1.00000000e+00 
288 404.98 2.63745052e+02 -1.00000000e+00 
289 405.79 2.62480777e+02 -1.00000000e+00 
290 406.60 2.63403801e+02 -1.00000000e+00 
291 407.40 2.69712116e+02 -1.00000000e+00 
292 408.21 2.79468971e+02 -1.00000000e+00 
293 409.02 2.83448808e+02 -1.00000000e+00 
294 409.82 2.80858387e+02 -1.00000000e+00 
295 410.63 2.83658881e+02 -1.00000000e+00 
296 411.44 2.94784094e+02 -1.00000000e+00 
297 412.24 3.02973998e+02 -1.00000000e+00 
298 413.05 3.04079088e+02 -1.00000000e+00 
299 413.85 3.03588090e+02 -1.00000000e+00 
300 414.66 3.03912891e+02 -1.00000000e+00 
301 415.46 3.04785873e+02 -1.00000000e+00 
302 416.27 3.04496354e+02 -1.00000000e+00 
303 417.08 3.00555781e+02 -1.00000000e+00 
304 417.88 2.95109038e+02 -1.00000000e+00 
305 418.69 2.92238630e+02 -1.00000000e+00 
306 419.49 2.92672944e+02 -1.00000000e+00 
307 420.30 2.96005974e+02 -1.00000000e+00 
308 421.11 2.98844632e+02 -1.00000000e+00 
309 421.91 2.96877309e+02 -1.00000000e+00 
310 422.72 2.92299097e+02 -1.00000000e+00 
311 423.52 2.91638965e+02 -1.00000000e+00 
312 424.33 2.94657702e+02 -1.00000000e+00 
313 425.13 2.96976865e+02 -1.00000000e+00 
314 425.94 2.97266518e+02 -1.00000000e+00 
315 426.74 2.96956832e+02 -1.00000000e+00 
316 427.55 2.96390983e+02 -1.00000000e+00 
317 428.35 2.92468419e+02 -1.00000000e+00 
318 429.16 2.81377505e+02 -1.00000000e+00 
319 429.96 2.70046345e+02 -1.00000000e+00 
320 430.77 2.76622792e+02 -1.00000000e+00 
321 431.58 3.03814474e+02 -1.00000000e+00 
322 432.38 3.33539794e+02 -1.00000000e+00 
323 433.19 3.49189607e+02 -1.00000000e+00 
324 433.99 3.57540321e+02 -1.00000000e+00 
325 434.80 3.71487867e+02 -1.00000000e+00 
326 435.60 3.90981658e+02 -1.00000000e+00 
327 436.41 4.04916392e+02 -1.00000000e+00 
328 437.21 4.06024199e+02 -1.00000000e+00 
329 438.02 4.01564865e+02 -1.00000000e+00 
330 438.82 4.03245828e+02 -1.00000000e+00 
331 439.63 4.14401380e+02 -1.00000000e+00 
332 440.43 4.32042527e+02 -1.00000000e+00 
333 441.24 4.50336448e+02 -1.00000000e+00 
334 442.04 4.66629489e+02 -1.00000000e+00 
335 442.84 4.78388213e+02 -1.00000000e+00 
336 443.65 4.85194244e+02 -1.00000000e+00 
337 444.45 4.87522769e+02 -1.00000000e+00 
338 445.26 4.87553846e+02 -1.00000000e+00 
339 446.06 4.91659476e+02 -1.00000000e+00 
340 446.87 5.02407163e+02 -1.00000000e+00 
341 447.67 5.16660090e+02 -1.00000000e+00 
342 448.48 5.28574815e+02 -1.00000000e+00 
343 449.28 5.39365455e+02 -1.00000000e+00 
344 450.09 5.50613877e+02 -1.00000000e+00 
345 450.89 5.57173802e+02 -1.00000000e+00 
346 451.69 5.53084253e+02 -1.00000000e+00 
347 452.50 5.43242094e+02 -1.00000000e+00 
348 453.30 5.37812016e+02 -1.00000000e+00 
349 454.11 5.40031993e+02 -1.00000000e+00 
350 454.91 5.48388797e+02 -1.00000000e+00 
351 455.72 5.57824714e+02 -1.00000000e+00 
352 456.52 5.65569159e+02 -1.00000000e+00 
353 457.32 5.69396686e+02 -1.00000000e+00 
354 458.13 5.68884419e+02 -1.00000000e+00 
355 458.93 5.68151284e+02 -1.00000000e+00 
356 459.74 5.71525036e+02 -1.00000000e+00 
357 460.54 5.79000080e+02 -1.00000000e+00 
358 461.34 5.87468548e+02 -1.00000000e+00 
359 462.15 5.93215424e+02 -1.00000000e+00 
360 462.95 5.93487527e+02 -1.00000000e+00 
361 463.76 5.89985275e+02 -1.00000000e+00 
362 464.56 5.86263642e+02 -1.00000000e+00 
363 465.36 5.83434117e+02 -1.00000000e+00 
364 466.17 5.82162708e+02 -1.00000000e+00 
365 466.97 5.83202572e+02 -1.00000000e+00 
366 467.77 5.85933505e+02 -1.00000000e+00 
367 468.58 5.89024301e+02 -1.00000000e+00 
368 469.38 5.90041478e+02 -1.00000000e+00 
369 470.18 5.91227992e+02 -1.00000000e+00 
370 470.99 5.96891504e+02 -1.00000000e+00 
371 471.79 6.05285088e+02 -1.00000000e+00 
372 472.59 6.13418562e+02 -1.00000000e+00 
373 473.40 6.19401740e+02 -1.00000000e+00 
374 474.20 6.22858717e+02 -1.00000000e+00 
375 475.00 6.25177859e+02 -1.00000000e+00 
376 475.81 6.27447443e+02 -1.00000000e+00 
377 476.61 6.31165521e+02 -1.00000000e+00 
378 477.41 6.36990436e+02 -1.00000000e+00 
379 478.21 6.42997097e+02 -1.00000000e+00 
380 479.02 6.47223614e+02 -1.00000000e+00 
381 479.82 6.49497495e+02 -1.00000000e+00 
382 480.62 6.52179443e+02 -1.00000000e+00 
383 481.43 6.53430977e+02 -1.00000000e+00 
384 482.23 6.52073409e+02 -1.00000000e+00 
385 483.03 6.47168282e+02 -1.00000000e+00 
386 483.84 6.36206815e+02 -1.00000000e+00 
387 484.64 6.15744719e+02 -1.00000000e+00 
388 485.44 5.91926098e+02 -1.00000000e+00 
389 486.24 5.78263249e+02 -1.00000000e+00 
390 487.05 5.80148930e+02 -1.00000000e+00 
391 487.85 5.95529560e+02 -1.00000000e+00 
392 488.65 6.15118721e+02 -1.00000000e+00 
393 489.45 6.28377286e+02 -1.00000000e+00 
394 490.26 6.32601464e+02 -1.00000000e+00 
395 491.06 6.30815044e+02 -1.00000000e+00 
396 491.86 6.27088321e+02 -1.00000000e+00 
397 492.66 6.26662435e+02 -1.00000000e+00 
398 493.46 6.32318217e+02 -1.00000000e+00 
399 494.27 6.39493147e+02 -1.00000000e+00 
400 495.07 6.43681743e+02 -1.00000000e+00 
401 495.87 6.45528245e+02 -1.00000000e+00 
402 496.67 6.42894279e+02 -1.00000000e+00 
403 497.48 6.38048129e+02 -1.00000000e+00 
404 498.28 6.33236329e+02 -1.00000000e+00 
405 499.08 6.26933494e+02 -1.00000000e+00 
406 499.88 6.20001683e+02 -1.00000000e+00 
407 500.68 6.14469334e+02 -1.00000000e+00 
408 501.48 6.11689629e+02 -1.00000000e+00 
409 502.29 6.13239022e+02 -1.00000000e+00 
410 503.09 6.17351920e+02 -1.00000000e+00 
411 503.89 6.23294888e+02 -1.00000000e+00 
412 504.69 6.29898528e+02 -1.00000000e+00 
413 505.49 6.34666165e+02 -1.00000000e+00 
414 506.29 6.35890920e+02 -1.00000000e+00 
415 507.09 6.33554150e+02 -1.00000000e+00 
416 507.90 6.30409723e+02 -1.00000000e+00 
417 508.70 6.28744849e+02 -1.00000000e+00 
418 509.50 6.29159104e+02 -1.00000000e+00 
419 510.30 6.30519953e+02 -1.00000000e+00 
420 511.10 6.29497067e+02 -1.00000000e+00 
421 511.90 6.25361189e+02 -1.00000000e+00 
422 512.70 6.19015570e+02 -1.00000000e+00 
423 513.51 6.11938959e+02 -1.00000000e+00 
424 514.31 6.05704830e+02 -1.00000000e+00 
425 515.11 5.96249794e+02 -1.00000000e+00 
426 515.91 5.81268284e+02 -1.00000000e+00 
427 516.71 5.66381890e+02 -1.00000000e+00 
428 517.51 5.57423965e+02 -1.00000000e+00 
429 518.31 5.60146088e+02 -1.00000000e+00 
430 519.11 5.73120169e+02 -1.00000000e+00 
431 519.91 5.87113094e+02 -1.00000000e+00 
432 520.71 5.97815543e+02 -1.00000000e+00 
433 521.51 6.02667031e+02 -1.00000000e+00 
434 522.32 6.05510968e+02 -1.00000000e+00 
435 523.12 6.10012844e+02 -1.00000000e+00 
436 523.92 6.14093790e+02 -1.00000000e+00 
437 524.72 6.13757304e+02 -1.00000000e+00 
438 525.52 6.05994943e+02 -1.00000000e+00 
439 526.32 5.96213536e+02 -1.00000000e+00 
440 527.12 5.93937838e+02 -1.00000000e+00 
441 527.92 6.00871173e+02 -1.00000000e+00 
442 528.72 6.13738325e+02 -1.00000000e+00 
443 529.52 6.26066061e+02 -1.00000000e+00 
444 530.32 6.31794394e+02 -1.00000000e+00 
445 531.12 6.29732617e+02 -1.00000000e+00 
446 531.92 6.24180691e+02 -1.00000000e+00 
447 532.72 6.19180597e+02 -1.00000000e+00 
448 533.52 6.18286201e+02 -1.00000000e+00 
449 534.32 6.22487069e+02 -1.00000000e+00 
450 535.12 6.27146441e+02 -1.00000000e+00 
451 535.92 6.28128788e+02 -1.00000000e+00 
452 536.72 6.26750681e+02 -1.00000000e+00 
453 537.52 6.23753927e+02 -1.00000000e+00 
454 538.32 6.19293185e+02 -1.00000000e+00 
455 539.12 6.14248500e+02 -1.00000000e+00 
456 539.92 6.09878770e+02 -1.00000000e+00 
457 540.72 6.08022942e+02 -1.00000000e+00 
458 541.52 6.09442206e+02 -1.00000000e+00 
459 542.32 6.14003799e+02 -1.00000000e+00 
460 543.12 6.18885870e+02 -1.00000000e+00 
461 543.92 6.22271980e+02 -1.00000000e+00 
462 544.72 6.24243798e+02 -1.00000000e+00 
463 545.52 6.23980765e+02 -1.00000000e+00 
464 546.31 6.21143297e+02 -1.00000000e+00 
465 547.12 6.17782383e+02 -1.00000000e+00 
466 547.91 6.15845523e+02 -1.00000000e+00 
467 548.71 6.15313467e+02 -1.00000000e+00 
468 549.51 6.15690322e+02 -1.00000000e+00 
469 550.31 6.15707429e+02 -1.00000000e+00 
470 551.11 6.15162371e+02 -1.00000000e+00 
471 551.91 6.14704469e+02 -1.00000000e+00 
472 552.71 6.14670278e+02 -1.00000000e+00 
473 553.51 6.16156396e+02 -1.00000000e+00 
474 554.31 6.17048791e+02 -1.00000000e+00 
475 555.10 6.15343162e+02 -1.00000000e+00 
476 555.90 6.11976463e+02 -1.00000000e+00 
477 556.70 6.07333861e+02 -1.00000000e+00 
478 557.50 6.00556831e+02 -1.00000000e+00 
479 558.30 5.94783499e+02 -1.00000000e+00 
480 559.10 5.93696641e+02 -1.00000000e+00 
481 559.90 5.94117214e+02 -1.00000000e+00 
482 560.70 5.96199079e+02 -1.00000000e+00 
483 561.50 6.01273180e+02 -1.00000000e+00 
484 562.29 6.05053426e+02 -1.00000000e+00 
485 563.09 6.06537757e+02 -1.00000000e+00 
486 563.89 6.07824814e+02 -1.00000000e+00 
487 564.69 6.08031726e+02 -1.00000000e+00 
488 565.49 6.07319170e+02 -1.00000000e+00 
489 566.29 6.07247099e+02 -1.00000000e+00 
490 567.08 6.10209543e+02 -1.00000000e+00 
491 567.88 6.13602541e+02 -1.00000000e+00 
492 568.68 6.14796413e+02 -1.00000000e+00 
493 569.48 6.13949898e+02 -1.00000000e+00 
494 570.27 6.12411638e+02 -1.00000000e+00 
495 571.07 6.15094273e+02 -1.00000000e+00 
496 571.87 6.22271164e+02 -1.00000000e+00 
497 572.67 6.29997496e+02 -1.00000000e+00 
498 573.47 6.35184382e+02 -1.00000000e+00 
499 574.26 6.34041206e+02 -1.00000000e+00 
500 575.06 6.30156200e+02 -1.00000000e+00 
501 575.86 6.26638567e+02 -1.00000000e+00 
502 576.66 6.22550635e+02 -1.00000000e+00 
503 577.46 6.18807980e+02 -1.00000000e+00 
504 578.25 6.15815854e+02 -1.00000000e+00 
505 579.05 6.13710810e+02 -1.00000000e+00 
506 579.85 6.13367711e+02 -1.00000000e+00 
507 580.64 6.14333483e+02 -1.00000000e+00 
508 581.44 6.15367929e+02 -1.00000000e+00 
509 582.24 6.15591860e+02 -1.00000000e+00 
510 583.04 6.14874736e+02 -1.00000000e+00 
511 583.83 6.11749209e+02 -1.00000000e+00 
512 584.63 6.06664907e+02 -1.00000000e+00 
513 585.43 6.01971660e+02 -1.00000000e+00 
514 586.23 5.98602652e+02 -1.00000000e+00 
515 587.02 5.93792934e+02 -1.00000000e+00 
516 587.82 5.84840775e+02 -1.00000000e+00 
517 588.62 5.74998853e+02 -1.00000000e+00 
518 589.41 5.69912146e+02 -1.00000000e+00 
519 590.21 5.71838283e+02 -1.00000000e+00 
520 591.01 5.79511301e+02 -1.00000000e+00 
521 591.80 5.86880885e+02 -1.00000000e+00 
522 592.60 5.89909294e+02 -1.00000000e+00 
523 593.40 5.90215820e+02 -1.00000000e+00 
524 594.19 5.89924576e+02 -1.00000000e+00 
525 594.99 5.89913777e+02 -1.00000000e+00 
526 595.79 5.90321501e+02 -1.00000000e+00 
527 596.58 5.89899930e+02 -1.00000000e+00 
528 597.38 5.88885231e+02 -1.00000000e+00 
529 598.18 5.87138272e+02 -1.00000000e+00 
530 598.97 5.84910766e+02 -1.00000000e+00 
531 599.77 5.82704024e+02 -1.00000000e+00 
532 600.56 5.80445308e+02 -1.00000000e+00 
533 601.36 5.78626846e+02 -1.00000000e+00 
534 602.16 5.79370540e+02 -1.00000000e+00 
535 602.95 5.82127626e+02 -1.00000000e+00 
536 603.75 5.85406591e+02 -1.00000000e+00 
537 604.54 5.87131937e+02 -1.00000000e+00 
538 605.34 5.86881603e+02 -1.00000000e+00 
539 606.14 5.85730743e+02 -1.00000000e+00 
540 606.93 5.83822729e+02 -1.00000000e+00 
541 607.73 5.81150682e+02 -1.00000000e+00 
542 608.52 5.77903328e+02 -1.00000000e+00 
543 609.32 5.74625521e+02 -1.00000000e+00 
544 610.12 5.72435528e+02 -1.00000000e+00 
545 610.91 5.71023306e+02 -1.00000000e+00 
546 611.71 5.68745930e+02 -1.00000000e+00 
547 612.50 5.66015789e+02 -1.00000000e+00 
548 613.30 5.63114694e+02 -1.00000000e+00 
549 614.09 5.60398647e+02 -1.00000000e+00 
550 614.89 5.56851539e+02 -1.00000000e+00 
551 615.68 5.53320233e+02 -1.00000000e+00 
552 616.48 5.52076916e+02 -1.00000000e+00 
553 617.27 5.53497390e+02 -1.00000000e+00 
554 618.07 5.57312073e+02 -1.00000000e+00 
555 618.86 5.61442303e+02 -1.00000000e+00 
556 619.66 5.63693715e+02 -1.00000000e+00 
557 620.45 5.63562435e+02 -1.00000000e+00 
558 621.25 5.61766163e+02 -1.00000000e+00 
559 622.04 5.58021833e+02 -1.00000000e+00 
560 622.84 5.53372003e+02 -1.00000000e+00 
561 623.63 5.49002239e+02 -1.00000000e+00 
562 624.43 5.45344203e+02 -1.00000000e+00 
563 625.22 5.44286868e+02 -1.00000000e+00 
564 626.02 5.44457562e+02 -1.00000000e+00 
565 626.81 5.45457249e+02 -1.00000000e+00 
566 627.61 5.45456796e+02 -1.00000000e+00 
567 628.40 5.43807450e+02 -1.00000000e+00 
568 629.19 5.41006200e+02 -1.00000000e+00 
569 629.99 5.38070158e+02 -1.00000000e+00 
570 630.78 5.34870963e+02 -1.00000000e+00 
571 631.58 5.32991144e+02 -1.00000000e+00 
572 632.37 5.31743368e+02 -1.00000000e+00 
573 633.17 5.30829515e+02 -1.00000000e+00 
574 633.96 5.29873352e+02 -1.00000000e+00 
575 634.76 5.27967554e+02 -1.00000000e+00 
576 635.55 5.26248027e+02 -1.00000000e+00 
577 636.34 5.25533054e+02 -1.00000000e+00 
578 637.14 5.25476542e+02 -1.00000000e+00 
579 637.93 5.24613247e+02 -1.00000000e+00 
580 638.73 5.21195345e+02 -1.00000000e+00 
581 639.52 5.16208331e+02 -1.00000000e+00 
582 640.31 5.10999656e+02 -1.00000000e+00 
583 641.11 5.07467577e+02 -1.00000000e+00 
584 641.90 5.06250360e+02 -1.00000000e+00 
585 642.69 5.06100756e+02 -1.00000000e+00 
586 643.49 5.05224291e+02 -1.00000000e+00 
587 644.28 5.03449499e+02 -1.00000000e+00 
588 645.07 5.00715457e+02 -1.00000000e+00 
589 645.87 4.98653201e+02 -1.00000000e+00 
590 646.66 4.97340825e+02 -1.00000000e+00 
591 647.45 4.96070962e+02 -1.00000000e+00 
592 648.25 4.92841046e+02 -1.00000000e+00 
593 649.04 4.88480649e+02 -1.00000000e+00 
594 649.83 4.86284266e+02 -1.00000000e+00 
595 650.63 4.87298738e+02 -1.00000000e+00 
596 651.42 4.89516025e+02 -1.00000000e+00 
597 652.21 4.89897450e+02 -1.00000000e+00 
598 653.00 4.88420704e+02 -1.00000000e+00 
599 653.80 4.83452192e+02 -1.00000000e+00 
600 654.59 4.70558086e+02 -1.00000000e+00 
601 655.38 4.51102561e+02 -1.00000000e+00 
602 656.17 4.37655340e+02 -1.00000000e+00 
603 656.97 4.39916449e+02 -1.00000000e+00 
604 657.76 4.54534080e+02 -1.00000000e+00 
605 658.55 4.68727843e+02 -1.00000000e+00 
606 659.34 4.75487485e+02 -1.00000000e+00 
607 660.14 4.78477751e+02 -1.00000000e+00 
608 660.93 4.80786125e+02 -1.00000000e+00 
609 661.72 4.82077758e+02 -1.00000000e+00 
610 662.51 4.81494809e+02 -1.00000000e+00 
611 663.31 4.80084429e+02 -1.00000000e+00 
612 664.10 4.79648870e+02 -1.00000000e+00 
613 664.89 4.79914083e+02 -1.00000000e+00 
614 665.68 4.79872344e+02 -1.00000000e+00 
615 666.48 4.78923429e+02 -1.00000000e+00 
616 667.27 4.78150352e+02 -1.00000000e+00 
617 668.06 4.78457288e+02 -1.00000000e+00 
618 668.85 4.78670861e+02 -1.00000000e+00 
619 669.64 4.77639066e+02 -1.00000000e+00 
620 670.43 4.74984070e+02 -1.00000000e+00 
621 671.22 4.72125236e+02 -1.00000000e+00 
622 672.02 4.70658673e+02 -1.00000000e+00 
623 672.81 4.70683182e+02 -1.00000000e+00 
624 673.60 4.70587081e+02 -1.00000000e+00 
625 674.39 4.69498306e+02 -1.00000000e+00 
626 675.18 4.68104632e+02 -1.00000000e+00 
627 675.97 4.66987026e+02 -1.00000000e+00 
628 676.76 4.66258239e+02 -1.00000000e+00 
629 677.56 4.65089275e+02 -1.00000000e+00 
630 678.35 4.63489746e+02 -1.00000000e+00 
631 679.14 4.62029179e+02 -1.00000000e+00 
632 679.93 4.60317875e+02 -1.00000000e+00 
633 680.72 4.58673599e+02 -1.00000000e+00 
634 681.51 4.56955223e+02 -1.00000000e+00 
635 682.30 4.54785152e+02 -1.00000000e+00 
636 683.09 4.51246757e+02 -1.00000000e+00 
637 683.88 4.46986677e+02 -1.00000000e+00 
638 684.67 4.42529115e+02 -1.00000000e+00 
639 685.46 4.33712627e+02 -1.00000000e+00 
640 686.26 4.16610921e+02 -1.00000000e+00 
641 687.05 3.99874752e+02 -1.00000000e+00 
642 687.84 3.95231519e+02 -1.00000000e+00 
643 688.63 3.99928970e+02 -1.00000000e+00 
644 689.42 4.04560022e+02 -1.00000000e+00 
645 690.21 4.07770711e+02 -1.00000000e+00 
646 691.00 4.11076992e+02 -1.00000000e+00 
647 691.79 4.14151792e+02 -1.00000000e+00 
648 692.58 4.16264240e+02 -1.00000000e+00 
649 693.37 4.16736579e+02 -1.00000000e+00 
650 694.16 4.15859002e+02 -1.00000000e+00 
651 694.95 4.14519006e+02 -1.00000000e+00 
652 695.74 4.13987793e+02 -1.00000000e+00 
653 696.53 4.13077998e+02 -1.00000000e+00 
654 697.32 4.10710818e+02 -1.00000000e+00 
655 698.11 4.08063761e+02 -1.00000000e+00 
656 698.90 4.06243977e+02 -1.00000000e+00 
657 699.68 4.04140194e+02 -1.00000000e+00 
658 700.47 4.00941542e+02 -1.00000000e+00 
659 701.26 3.97897314e+02 -1.00000000e+00 
660 702.05 3.96078801e+02 -1.00000000e+00 
661 702.84 3.96033047e+02 -1.00000000e+00 
662 703.63 3.97497270e+02 -1.00000000e+00 
663 704.42 3.99266562e+02 -1.00000000e+00 
664 705.21 3.99373277e+02 -1.00000000e+00 
665 706.00 3.98298518e+02 -1.00000000e+00 
666 706.79 3.97212087e+02 -1.00000000e+00 
667 707.58 3.96431096e+02 -1.00000000e+00 
668 708.37 3.94653551e+02 -1.00000000e+00 
669 709.15 3.92929351e+02 -1.00000000e+00 
670 709.94 3.92517743e+02 -1.00000000e+00 
671 710.73 3.91655163e+02 -1.00000000e+00 
672 711.52 3.89175543e+02 -1.00000000e+00 
673 712.31 3.86784761e+02 -1.00000000e+00 
674 713.10 3.85832694e+02 -1.00000000e+00 
675 713.88 3.85278652e+02 -1.00000000e+00 
676 714.67 3.83830139e+02 -1.00000000e+00 
677 715.46 3.80859686e+02 -1.00000000e+00 
678 716.25 3.75689968e+02 -1.00000000e+00 
679 717.04 3.68143822e+02 -1.00000000e+00 
680 717.83 3.58950447e+02 -1.00000000e+00 
681 718.61 3.51311220e+02 -1.00000000e+00 
682 719.40 3.48982201e+02 -1.00000000e+00 
683 720.19 3.51928198e+02 -1.00000000e+00 
684 720.98 3.58441016e+02 -1.00000000e+00 
685 721.76 3.64184195e+02 -1.00000000e+00 
686 722.55 3.63877482e+02 -1.00000000e+00 
687 723.34 3.59565586e+02 -1.00000000e+00 
688 724.13 3.56204567e+02 -1.00000000e+00 
689 724.91 3.55718014e+02 -1.00000000e+00 
690 725.70 3.56265827e+02 -1.00000000e+00 
691 726.49 3.56372687e+02 -1.00000000e+00 
692 727.28 3.55059641e+02 -1.00000000e+00 
693 728.06 3.52205945e+02 -1.00000000e+00 
694 728.85 3.49604666e+02 -1.00000000e+00 
695 729.64 3.50345077e+02 -1.00000000e+00 
696 730.42 3.52578280e+02 -1.00000000e+00 
697 731.21 3.53832087e+02 -1.00000000e+00 
698 732.00 3.55149655e+02 -1.00000000e+00 
699 732.78 3.56269421e+02 -1.00000000e+00 
700 733.57 3.57957546e+02 -1.00000000e+00 
701 734.36 3.58198258e+02 -1.00000000e+00 
702 735.15 3.55911072e+02 -1.00000000e+00 
703 735.93 3.53290597e+02 -1.00000000e+00 
704 736.72 3.51976618e+02 -1.00000000e+00 
705 737.51 3.50563587e+02 -1.00000000e+00 
706 738.29 3.47080874e+02 -1.00000000e+00 
707 739.08 3.43951679e+02 -1.00000000e+00 
708 739.86 3.42793438e+02 -1.00000000e+00 
709 740.65 3.40549571e+02 -1.00000000e+00 
710 741.44 3.38407001e+02 -1.00000000e+00 
711 742.22 3.39195773e+02 -1.00000000e+00 
712 743.01 3.41100547e+02 -1.00000000e+00 
713 743.79 3.40675129e+02 -1.00000000e+00 
714 744.58 3.38703863e+02 -1.00000000e+00 
715 745.37 3.38597421e+02 -1.00000000e+00 
716 746.15 3.38453878e+02 -1.00000000e+00 
717 746.94 3.37381017e+02 -1.00000000e+00 
718 747.72 3.35157320e+02 -1.00000000e+00 
719 748.51 3.32209865e+02 -1.00000000e+00 
720 749.29 3.29770326e+02 -1.00000000e+00 
721 750.08 3.28091826e+02 -1.00000000e+00 
722 750.86 3.26193949e+02 -1.00000000e+00 
723 751.65 3.24631056e+02 -1.00000000e+00 
724 752.43 3.23950132e+02 -1.00000000e+00 
725 753.22 3.24035063e+02 -1.00000000e+00 
726 754.00 3.24181703e+02 -1.00000000e+00 
727 754.79 3.21967941e+02 -1.00000000e+00 
728 755.57 3.19020811e+02 -1.00000000e+00 
729 756.36 3.17134747e+02 -1.00000000e+00 
730 757.14 3.15610451e+02 -1.00000000e+00 
731 757.93 3.09971864e+02 -1.00000000e+00 
732 758.71 2.85248104e+02 -1.00000000e+00 
733 759.49 2.27182030e+02 -1.00000000e+00 
734 760.28 1.73637071e+02 -1.00000000e+00 
735 761.06 1.73760976e+02 -1.00000000e+00 
736 761.85 1.99910939e+02 -1.00000000e+00 
737 762.63 2.12045783e+02 -1.00000000e+00 
738 763.41 2.15704702e+02 -1.00000000e+00 
739 764.20 2.25960204e+02 -1.00000000e+00 
740 764.98 2.40572460e+02 -1.00000000e+00 
741 765.77 2.54024246e+02 -1.00000000e+00 
742 766.55 2.66814774e+02 -1.00000000e+00 
743 767.33 2.79171522e+02 -1.00000000e+00 
744 768.12 2.87292120e+02 -1.00000000e+00 
745 768.90 2.90713400e+02 -1.00000000e+00 
746 769.68 2.92000369e+02 -1.00000000e+00 
747 770.47 2.92624441e+02 -1.00000000e+00 
748 771.25 2.91925122e+02 -1.00000000e+00 
749 772.03 2.91551131e+02 -1.00000000e+00 
750 772.82 2.92289071e+02 -1.00000000e+00 
751 773.60 2.91946154e+02 -1.00000000e+00 
752 774.38 2.89478338e+02 -1.00000000e+00 
753 775.17 2.88128118e+02 -1.00000000e+00 
754 775.95 2.88670527e+02 -1.00000000e+00 
755 776.73 2.87955844e+02 -1.00000000e+00 
756 777.51 2.86174129e+02 -1.00000000e+00 
757 778.30 2.85116417e+02 -1.00000000e+00 
758 779.08 2.83813291e+02 -1.00000000e+00 
759 779.86 2.82369403e+02 -1.00000000e+00 
760 780.64 2.81979400e+02 -1.00000000e+00 
761 781.43 2.83010326e+02 -1.00000000e+00 
762 782.21 2.83008575e+02 -1.00000000e+00 
763 782.99 2.80301634e+02 -1.00000000e+00 
764 783.77 2.78625457e+02 -1.00000000e+00 
765 784.55 2.78247673e+02 -1.00000000e+00 
766 785.34 2.77813960e+02 -1.00000000e+00 
767 786.12 2.77479408e+02 -1.00000000e+00 
768 786.90 2.76758464e+02 -1.00000000e+00 
769 787.68 2.75003601e+02 -1.00000000e+00 
770 788.46 2.72914884e+02 -1.00000000e+00 
771 789.24 2.71488288e+02 -1.00000000e+00 
772 790.03 2.70416777e+02 -1.00000000e+00 
773 790.81 2.68629680e+02 -1.00000000e+00 
774 791.59 2.65334054e+02 -1.00000000e+00 
775 792.37 2.61809907e+02 -1.00000000e+00 
776 793.15 2.59181198e+02 -1.00000000e+00 
777 793.93 2.57870131e+02 -1.00000000e+00 
778 794.71 2.58115122e+02 -1.00000000e+00 
779 795.49 2.58477875e+02 -1.00000000e+00 
780 796.27 2.58113578e+02 -1.00000000e+00 
781 797.05 2.58389742e+02 -1.00000000e+00 
782 797.83 2.58437337e+02 -1.00000000e+00 
783 798.62 2.57128435e+02 -1.00000000e+00 
784 799.40 2.54929778e+02 -1.00000000e+00 
785 800.18 2.52419528e+02 -1.00000000e+00 
786 800.96 2.50799947e+02 -1.00000000e+00 
787 801.74 2.50590005e+02 -1.00000000e+00 
788 802.52 2.50440316e+02 -1.00000000e+00 
789 803.30 2.49470062e+02 -1.00000000e+00 
790 804.08 2.46811671e+02 -1.00000000e+00 
791 804.86 2.43513343e+02 -1.00000000e+00 
792 805.64 2.42120074e+02 -1.00000000e+00 
793 806.41 2.42872392e+02 -1.00000000e+00 
794 807.20 2.43369869e+02 -1.00000000e+00 
795 807.97 2.41134664e+02 -1.00000000e+00 
796 808.75 2.37068814e+02 -1.00000000e+00 
797 809.53 2.34416838e+02 -1.00000000e+00 
798 810.31 2.34983320e+02 -1.00000000e+00 
799 811.09 2.36704628e+02 -1.00000000e+00 
800 811.87 2.36463182e+02 -1.00000000e+00 
801 812.65 2.33583079e+02 -1.00000000e+00 
802 813.43 2.28958523e+02 -1.00000000e+00 
803 814.21 2.23807171e+02 -1.00000000e+00 
804 814.99 2.20284420e+02 -1.00000000e+00 
805 815.76 2.18130455e+02 -1.00000000e+00 
806 816.54 2.16849791e+02 -1.00000000e+00 
807 817.32 2.14976474e+02 -1.00000000e+00 
808 818.10 2.12219690e+02 -1.00000000e+00 
809 818.88 2.10181046e+02 -1.00000000e+00 
810 819.66 2.09993825e+02 -1.00000000e+00 
811 820.43 2.12007893e+02 -1.00000000e+00 
812 821.21 2.13300552e+02 -1.00000000e+00 
813 821.99 2.09712406e+02 -1.00000000e+00 
814 822.77 2.04616681e+02 -1.00000000e+00 
815 823.55 2.03782474e+02 -1.00000000e+00 
816 824.32 2.06409074e+02 -1.00000000e+00 
817 825.10 2.09811173e+02 -1.00000000e+00 
818 825.88 2.11789007e+02 -1.00000000e+00 
819 826.66 2.10435633e+02 -1.00000000e+00 
820 827.43 2.07167790e+02 -1.00000000e+00 
821 828.21 2.03907970e+02 -1.00000000e+00 
822 828.99 2.02551898e+02 -1.00000000e+00 
823 829.76 2.03362906e+02 -1.00000000e+00 
824 830.54 2.04535796e+02 -1.00000000e+00 
825 831.32 2.03689068e+02 -1.00000000e+00 
826 832.10 2.01194367e+02 -1.00000000e+00 
827 832.87 1.98053151e+02 -1.00000000e+00 
828 833.65 1.97004264e+02 -1.00000000e+00 
829 834.42 1.99167880e+02 -1.00000000e+00 
830 835.20 2.02620189e+02 -1.00000000e+00 
831 835.98 2.04017688e+02 -1.00000000e+00 
832 836.75 2.02729037e+02 -1.00000000e+00 
833 837.53 1.99675408e+02 -1.00000000e+00 
834 838.30 1.97723996e+02 -1.00000000e+00 
835 839.08 1.98186132e+02 -1.00000000e+00 
836 839.86 1.99987859e+02 -1.00000000e+00 
837 840.63 2.00402601e+02 -1.00000000e+00 
838 841.41 1.98358021e+02 -1.00000000e+00 
839 842.18 1.94707774e+02 -1.00000000e+00 
840 842.96 1.91325918e+02 -1.00000000e+00 
841 843.74 1.90205056e+02 -1.00000000e+00 
842 844.51 1.91451669e+02 -1.00000000e+00 
843 845.28 1.93124893e+02 -1.00000000e+00 
844 846.06 1.93531107e+02 -1.00000000e+00 
845 846.84 1.91318128e+02 -1.00000000e+00 
846 847.61 1.87073129e+02 -1.00000000e+00 
847 848.38 1.82712828e+02 -1.00000000e+00 
848 849.16 1.80472192e+02 -1.00000000e+00 
849 849.93 1.79808511e+02 -1.00000000e+00 
850 850.71 1.80077791e+02 -1.00000000e+00 
851 851.48 1.78653940e+02 -1.00000000e+00 
852 852.26 1.74507944e+02 -1.00000000e+00 
853 853.03 1.68987121e+02 -1.00000000e+00 
854 853.81 1.64630827e+02 -1.00000000e+00 
855 854.58 1.64501674e+02 -1.00000000e+00 
856 855.35 1.68620648e+02 -1.00000000e+00 
857 856.13 1.73925227e+02 -1.00000000e+00 
858 856.90 1.76390940e+02 -1.00000000e+00 
859 857.68 1.75524197e+02 -1.00000000e+00 
860 858.45 1.73333501e+02 -1.00000000e+00 
861 859.22 1.71545975e+02 -1.00000000e+00 
862 860.00 1.71707968e+02 -1.00000000e+00 
863 860.77 1.73169809e+02 -1.00000000e+00 
864 861.54 1.73700069e+02 -1.00000000e+00 
865 862.32 1.72532142e+02 -1.00000000e+00 
866 863.09 1.69806797e+02 -1.00000000e+00 
867 863.86 1.65242133e+02 -1.00000000e+00 
868 864.63 1.61355652e+02 -1.00000000e+00 
869 865.41 1.58396582e+02 -1.00000000e+00 
870 866.18 1.57066003e+02 -1.00000000e+00 
871 866.95 1.57420868e+02 -1.00000000e+00 
872 867.73 1.58376945e+02 -1.00000000e+00 
873 868.50 1.58589106e+02 -1.00000000e+00 
874 869.27 1.58211747e+02 -1.00000000e+00 
875 870.04 1.58321640e+02 -1.00000000e+00 
876 870.81 1.59607505e+02 -1.00000000e+00 
877 871.59 1.60514936e+02 -1.00000000e+00 
878 872.36 1.60751553e+02 -1.00000000e+00 
879 873.13 1.59424769e+02 -1.00000000e+00 
880 873.90 1.56656940e+02 -1.00000000e+00 
881 874.67 1.53432184e+02 -1.00000000e+00 
882 875.44 1.51864033e+02 -1.00000000e+00 
883 876.22 1.52487810e+02 -1.00000000e+00 
884 876.99 1.53648965e+02 -1.00000000e+00 
885 877.76 1.54309679e+02 -1.00000000e+00 
886 878.53 1.53374229e+02 -1.00000000e+00 
887 879.30 1.50760820e+02 -1.00000000e+00 
888 880.07 1.47947909e+02 -1.00000000e+00 
889 880.84 1.46443208e+02 -1.00000000e+00 
890 881.61 1.46858866e+02 -1.00000000e+00 
891 882.38 1.43930688e+02 -1.00000000e+00 
892 883.15 1.45271739e+02 -1.00000000e+00 
893 883.92 1.44950803e+02 -1.00000000e+00 
894 884.69 1.42808351e+02 -1.00000000e+00 
895 885.46 1.39963179e+02 -1.00000000e+00 
896 886.24 1.37534995e+02 -1.00000000e+00 
897 887.01 1.36446084e+02 -1.00000000e+00 
898 887.77 1.36819123e+02 -1.00000000e+00 
899 888.55 1.38007247e+02 -1.00000000e+00 
900 889.31 1.38812234e+02 -1.00000000e+00 
901 890.08 1.37686785e+02 -1.00000000e+00 
902 890.85 1.35046384e+02 -1.00000000e+00 
903 891.62 1.32164457e+02 -1.00000000e+00 
904 892.39 1.28839496e+02 -1.00000000e+00 
905 893.16 1.27890017e+02 -1.00000000e+00 
906 893.93 1.27910014e+02 -1.00000000e+00 
907 894.70 1.27561940e+02 -1.00000000e+00 
908 895.47 1.25925620e+02 -1.00000000e+00 
909 896.24 1.23243333e+02 -1.00000000e+00 
910 897.01 1.20253243e+02 -1.00000000e+00 
911 897.77 1.18153293e+02 -1.00000000e+00 
912 898.54 1.17538713e+02 -1.00000000e+00 
913 899.31 1.17724297e+02 -1.00000000e+00 
914 900.08 1.17690816e+02 -1.00000000e+00 
915 900.85 1.17258993e+02 -1.00000000e+00 
916 901.62 1.16110905e+02 -1.00000000e+00 
917 902.38 1.14860556e+02 -1.00000000e+00 
918 903.15 1.14258335e+02 -1.00000000e+00 
919 903.92 1.14276227e+02 -1.00000000e+00 
920 904.69 1.14590772e+02 -1.00000000e+00 
921 905.46 1.14913832e+02 -1.00000000e+00 
922 906.22 1.14764900e+02 -1.00000000e+00 
923 906.99 1.13613820e+02 -1.00000000e+00 
924 907.76 1.11695570e+02 -1.00000000e+00 
925 908.52 1.09566396e+02 -1.00000000e+00 
926 909.29 1.07966605e+02 -1.00000000e+00 
927 910.06 1.07400680e+02 -1.00000000e+00 
928 910.83 1.07564738e+02 -1.00000000e+00 
929 911.59 1.08080917e+02 -1.00000000e+00 
930 912.36 1.08290212e+02 -1.00000000e+00 
931 913.13 1.07814219e+02 -1.00000000e+00 
932 913.89 1.06698962e+02 -1.00000000e+00 
933 914.66 1.05163711e+02 -1.00000000e+00 
934 915.43 1.03790366e+02 -1.00000000e+00 
935 916.19 1.02988318e+02 -1.00000000e+00 
936 916.96 1.02626597e+02 -1.00000000e+00 
937 917.72 1.02613494e+02 -1.00000000e+00 
938 918.49 1.02325370e+02 -1.00000000e+00 
939 919.26 1.01536174e+02 -1.00000000e+00 
940 920.02 1.00210117e+02 -1.00000000e+00 
941 920.79 9.85743508e+01 -1.00000000e+00 
942 921.55 9.70508647e+01 -1.00000000e+00 
943 922.32 9.60093426e+01 -1.00000000e+00 
944 923.08 9.53841221e+01 -1.00000000e+00 
945 923.85 9.51371278e+01 -1.00000000e+00 
946 924.61 9.48117970e+01 -1.00000000e+00 
947 925.38 9.40865903e+01 -1.00000000e+00 
948 926.14 9.28768008e+01 -1.00000000e+00 
949 926.91 9.12366609e+01 -1.00000000e+00 
950 927.67 8.94480444e+01 -1.00000000e+00 
951 928.44 8.79074209e+01 -1.00000000e+00 
952 929.20 8.69194203e+01 -1.00000000e+00 
953 929.97 8.64990194e+01 -1.00000000e+00 
954 930.73 8.57100417e+01 -1.00000000e+00 
955 931.50 8.49073700e+01 -1.00000000e+00 
956 932.26 8.35156815e+01 -1.00000000e+00 
957 933.02 8.18470548e+01 -1.00000000e+00 
958 933.79 8.02166453e+01 -1.00000000e+00 
959 934.55 7.88562871e+01 -1.00000000e+00 
960 935.32 7.79920651e+01 -1.00000000e+00 
961 936.08 7.75875693e+01 -1.00000000e+00 
962 936.84 7.73908256e+01 -1.00000000e+00 
963 937.61 7.70945074e+01 -1.00000000e+00 
964 938.37 7.62531380e+01 -1.00000000e+00 
965 939.13 7.51086292e+01 -1.00000000e+00 
966 939.89 7.38919507e+01 -1.00000000e+00 
967 940.66 7.28903045e+01 -1.00000000e+00 
968 941.42 7.24359530e+01 -1.00000000e+00 
969 942.18 7.20901515e+01 -1.00000000e+00 
970 942.95 7.19738918e+01 -1.00000000e+00 
971 943.71 7.16648856e+01 -1.00000000e+00 
972 944.47 7.10949645e+01 -1.00000000e+00 
973 945.23 7.01771551e+01 -1.00000000e+00 
974 946.00 6.93621455e+01 -1.00000000e+00 
975 946.76 6.87460417e+01 -1.00000000e+00 
976 947.52 6.83381175e+01 -1.00000000e+00 
977 948.28 6.83386908e+01 -1.00000000e+00 
978 949.05 6.84221826e+01 -1.00000000e+00 
979 949.81 6.82837268e+01 -1.00000000e+00 
980 950.57 6.79054742e+01 -1.00000000e+00 
981 951.33 6.72376034e+01 -1.00000000e+00 
982 952.09 6.62301739e+01 -1.00000000e+00 
983 952.85 6.52003456e+01 -1.00000000e+00 
984 953.61 6.44906681e+01 -1.00000000e+00 
985 954.38 6.42085125e+01 -1.00000000e+00 
986 955.14 6.40157420e+01 -1.00000000e+00 
987 955.90 6.38203165e+01 -1.00000000e+00 
988 956.66 6.34673790e+01 -1.00000000e+00 
989 957.42 6.30855069e+01 -1.00000000e+00 
990 958.18 6.25227864e+01 -1.00000000e+00 
991 958.94 6.19851120e+01 -1.00000000e+00 
992 959.70 6.16757708e+01 -1.00000000e+00 
993 960.46 6.15239103e+01 -1.00000000e+00 
994 961.22 6.15315969e+01 -1.00000000e+00 
995 961.98 6.14404190e+01 -1.00000000e+00 
996 962.74 6.11388388e+01 -1.00000000e+00 
997 963.50 6.05269539e+01 -1.00000000e+00 
998 964.26 5.97864574e+01 -1.00000000e+00 
999 965.02 5.89640541e+01 -1.00000000e+00 
1000 965.78 5.84116241e+01 -1.00000000e+00 
1001 966.54 5.82684045e+01 -1.00000000e+00 
1002 967.30 5.81221454e+01 -1.00000000e+00 
1003 968.06 5.80247543e+01 -1.00000000e+00 
1004 968.82 5.75822437e+01 -1.00000000e+00 
1005 969.58 5.69399775e+01 -1.00000000e+00 
1006 970.34 5.61645782e+01 -1.00000000e+00 
1007 971.10 5.55989917e+01 -1.00000000e+00 
1008 971.86 5.52612332e+01 -1.00000000e+00 
1009 972.62 5.50078087e+01 -1.00000000e+00 
1010 973.38 5.46213304e+01 -1.00000000e+00 
1011 974.14 5.40429121e+01 -1.00000000e+00 
1012 974.89 5.33492211e+01 -1.00000000e+00 
1013 975.65 5.25682205e+01 -1.00000000e+00 
1014 976.41 5.19610047e+01 -1.00000000e+00 
1015 977.17 5.16991452e+01 -1.00000000e+00 
1016 977.93 5.14185036e+01 -1.00000000e+00 
1017 978.69 5.10655702e+01 -1.00000000e+00 
1018 979.45 5.05169783e+01 -1.00000000e+00 
1019 980.20 4.98986993e+01 -1.00000000e+00 
1020 980.96 4.94490657e+01 -1.00000000e+00 
1021 981.72 4.91538487e+01 -1.00000000e+00 
1022 982.48 4.89196378e+01 -1.00000000e+00 
1023 983.24 4.85124502e+01 -1.00000000e+00 
1024 983.99 4.78216595e+01 -1.00000000e+00 
1025 984.75 4.71349367e+01 -1.00000000e+00 
1026 985.51 4.67642748e+01 -1.00000000e+00 
1027 986.26 4.65558188e+01 -1.00000000e+00 
1028 987.02 4.61168693e+01 -1.00000000e+00 
1029 987.78 4.53747805e+01 -1.00000000e+00 
1030 988.54 4.45936021e+01 -1.00000000e+00 
1031 989.29 4.41483059e+01 -1.00000000e+00 
1032 990.05 4.38838323e+01 -1.00000000e+00 
1033 990.81 4.32065878e+01 -1.00000000e+00 
1034 991.56 4.23189534e+01 -1.00000000e+00 
1035 992.32 4.17018224e+01 -1.00000000e+00 
1036 993.08 4.11025171e+01 -1.00000000e+00 
1037 993.83 4.03115880e+01 -1.00000000e+00 
1038 994.59 4.19409469e+01 -1.00000000e+00 
1039 995.35 4.11701774e+01 -1.00000000e+00 
1040 996.10 2.65270307e+00 -1.00000000e+00 
1041 996.86 1.36340926e-01 -1.00000000e+00 
1042 997.62 8.41606748e-02 -1.00000000e+00 
1043 998.37 8.15767617e-02 -1.00000000e+00 
