% C0 (TOA Count Rate, /ms) for 4STAR VIS spectrometer (1044 channels) derived from (SEE Original files for sources) and recorded on 2017-06-16 15:35:24.
% Langley at MLO and airborne Data outside 2.0x the STD of 501 nm Langley residuals were screened out. 
% Including high Altitude rate spectra, matched to splined stratospheric AOD measured at MLO.
% Averages of c0 from multiple days including: , infl-ig-ht, high- a-lt, high- a-lt, high- a-lt, high- a-lt. See the list of files below
% 20160908_VIS_C0_refined_Langley_airborne_ORACLES_v1.dat
% 20160902_VIS_C0_refined_high_alt_low_m.dat
% 20160904_VIS_C0_refined_high_alt_low_m.dat
% 20160908_VIS_C0_refined_high_alt_low_m.dat
% 20160831_VIS_C0_refined_high_alt_low_m.dat
Pix Wavelength C0 C0err
0 173.18 -2.00000000e-01 4.47213595e-01 
1 173.98 -1.00000000e+00 0.00000000e+00 
2 174.77 -1.00000000e+00 0.00000000e+00 
3 175.56 -1.00000000e+00 0.00000000e+00 
4 176.36 -1.00000000e+00 0.00000000e+00 
5 177.15 -1.00000000e+00 0.00000000e+00 
6 177.94 -1.00000000e+00 0.00000000e+00 
7 178.74 -1.00000000e+00 0.00000000e+00 
8 179.53 -1.00000000e+00 0.00000000e+00 
9 180.33 -1.00000000e+00 0.00000000e+00 
10 181.12 -1.00000000e+00 0.00000000e+00 
11 181.92 -1.00000000e+00 0.00000000e+00 
12 182.71 -1.00000000e+00 0.00000000e+00 
13 183.51 -1.00000000e+00 0.00000000e+00 
14 184.30 -1.00000000e+00 0.00000000e+00 
15 185.10 -1.00000000e+00 0.00000000e+00 
16 185.89 -1.00000000e+00 0.00000000e+00 
17 186.69 -1.00000000e+00 0.00000000e+00 
18 187.49 -1.00000000e+00 0.00000000e+00 
19 188.28 -1.00000000e+00 0.00000000e+00 
20 189.08 -1.00000000e+00 0.00000000e+00 
21 189.88 -1.00000000e+00 0.00000000e+00 
22 190.67 -1.00000000e+00 0.00000000e+00 
23 191.47 -1.00000000e+00 0.00000000e+00 
24 192.27 -1.00000000e+00 0.00000000e+00 
25 193.07 -1.00000000e+00 0.00000000e+00 
26 193.86 -1.00000000e+00 0.00000000e+00 
27 194.66 -1.00000000e+00 0.00000000e+00 
28 195.46 -1.00000000e+00 0.00000000e+00 
29 196.26 -1.00000000e+00 0.00000000e+00 
30 197.05 -1.00000000e+00 0.00000000e+00 
31 197.85 -1.00000000e+00 0.00000000e+00 
32 198.65 -1.00000000e+00 0.00000000e+00 
33 199.45 -1.00000000e+00 0.00000000e+00 
34 200.25 -1.00000000e+00 0.00000000e+00 
35 201.05 -1.00000000e+00 0.00000000e+00 
36 201.85 -1.00000000e+00 0.00000000e+00 
37 202.65 -1.00000000e+00 0.00000000e+00 
38 203.44 -1.00000000e+00 0.00000000e+00 
39 204.24 -1.00000000e+00 0.00000000e+00 
40 205.04 -1.00000000e+00 0.00000000e+00 
41 205.84 -1.00000000e+00 0.00000000e+00 
42 206.64 -1.00000000e+00 0.00000000e+00 
43 207.44 -1.00000000e+00 0.00000000e+00 
44 208.24 -1.00000000e+00 0.00000000e+00 
45 209.04 -8.00000000e-01 4.47213595e-01 
46 209.84 3.56436768e+34 7.97016843e+34 
47 210.64 5.36557726e+33 1.19977955e+34 
48 211.44 8.26226932e+32 1.84749958e+33 
49 212.24 4.67610325e+34 1.04209861e+35 
50 213.04 1.74927768e+35 3.74116497e+35 
51 213.85 2.10709607e+34 4.48663396e+34 
52 214.65 2.64992741e+33 5.62489801e+33 
53 215.45 3.22237626e+32 6.80601533e+32 
54 216.25 3.88529904e+31 8.16376430e+31 
55 217.05 4.86402177e+30 1.01738134e+31 
56 217.85 5.99132190e+29 1.24566109e+30 
57 218.65 7.44812250e+28 1.53972413e+29 
58 219.46 9.31591968e+27 1.91497704e+28 
59 220.26 1.15262295e+27 2.34957644e+27 
60 221.06 1.43777302e+26 2.91897511e+26 
61 221.86 1.80381441e+25 3.63365543e+25 
62 222.66 2.24761929e+24 4.49313845e+24 
63 223.47 2.80697568e+23 5.56693443e+23 
64 224.27 3.50101952e+22 6.85835267e+22 
65 225.07 4.36500652e+21 8.44595310e+21 
66 225.87 5.65281414e+20 1.08835366e+21 
67 226.68 3.74121642e+34 8.36561423e+34 
68 227.48 1.13441755e+33 2.53663476e+33 
69 228.28 4.42106958e+31 9.88581211e+31 
70 229.08 3.20313914e+30 7.16243686e+30 
71 229.89 6.74672546e+29 1.50861368e+30 
72 230.69 6.37095142e+29 1.42458805e+30 
73 231.49 3.03919720e+30 6.79585154e+30 
74 232.30 5.25516146e+31 1.17508983e+32 
75 233.10 2.04219514e+33 4.56648716e+33 
76 233.90 1.08091267e+35 2.41699422e+35 
77 234.71 1.26786633e+21 2.43727632e+21 
78 235.51 1.41132659e+22 2.74615033e+22 
79 236.32 1.61546645e+23 3.17858001e+23 
80 237.12 1.84031090e+24 3.65546950e+24 
81 237.92 2.16924794e+25 4.35668721e+25 
82 238.73 2.54285119e+26 5.14198235e+26 
83 239.53 2.99732344e+27 6.11965242e+27 
84 240.34 3.41899524e+28 7.01333924e+28 
85 241.14 3.66524402e+29 7.57075669e+29 
86 241.94 3.52705148e+30 7.33204199e+30 
87 242.75 3.18798592e+31 6.64444913e+31 
88 243.55 2.79625840e+32 5.87440722e+32 
89 244.36 2.12345221e+33 4.47716632e+33 
90 245.16 1.47269226e+34 3.11190417e+34 
91 245.97 9.23341535e+34 1.95854538e+35 
92 246.77 1.92307588e+34 4.28538126e+34 
93 247.58 8.87319636e+34 1.97805344e+35 
94 248.38 8.26918940e+32 1.84904696e+33 
95 249.19 2.80109188e+33 6.26343185e+33 
96 249.99 7.49048798e+33 1.67492403e+34 
97 250.80 1.56135891e+34 3.49130465e+34 
98 251.60 3.11996522e+34 6.97645432e+34 
99 252.41 5.65670224e+34 1.26487707e+35 
100 253.21 8.41238450e+34 1.88106636e+35 
101 254.02 1.13785609e+35 2.54432357e+35 
102 254.82 1.82126526e+01 4.29607972e+01 
103 255.63 1.27639905e+35 2.85411505e+35 
104 256.44 8.98009944e+34 2.00801128e+35 
105 257.24 5.25018254e+34 1.17397651e+35 
106 258.05 3.24445902e+34 7.25483092e+34 
107 258.85 1.70570311e+34 3.81406810e+34 
108 259.66 6.25031470e+33 1.39761285e+34 
109 260.46 1.84208387e+33 4.11902475e+33 
110 261.27 5.26046774e+32 1.17627635e+33 
111 262.08 5.19074950e+34 1.15720884e+35 
112 262.88 2.27089605e+35 4.81860324e+35 
113 263.69 3.47441464e+34 7.34062050e+34 
114 264.49 5.55016237e+33 1.16811823e+34 
115 265.30 7.59110044e+32 1.58949220e+33 
116 266.11 8.20093759e+31 1.70643563e+32 
117 266.91 7.97372752e+30 1.65495903e+31 
118 267.72 6.72007385e+29 1.38534772e+30 
119 268.53 4.68346374e+28 9.54516729e+28 
120 269.33 3.70382912e+27 7.50395248e+27 
121 270.14 3.32045020e+26 6.64910171e+26 
122 270.95 2.82797024e+25 5.62921671e+25 
123 271.75 2.15539697e+24 4.24310775e+24 
124 272.56 1.51032496e+23 2.93638218e+23 
125 273.37 9.42916357e+21 1.80764368e+22 
126 274.17 5.78448518e+20 1.08959830e+21 
127 274.98 2.95028406e+34 6.59703571e+34 
128 275.79 3.71818354e+32 8.31411115e+32 
129 276.59 5.46292398e+30 1.22154694e+31 
130 277.40 8.70277666e+28 1.94600002e+29 
131 278.21 1.30122719e+27 2.90963245e+27 
132 279.01 2.20357610e+25 4.92734595e+25 
133 279.82 4.13016634e+23 9.23533269e+23 
134 280.63 7.74840984e+21 1.73259711e+22 
135 281.43 1.58900013e+20 3.55311231e+20 
136 282.24 4.43957906e+18 9.92720046e+18 
137 283.05 1.73077361e+17 3.87012728e+17 
138 283.86 7.71580664e+15 1.72530654e+16 
139 284.66 3.53404658e+14 7.90236358e+14 
140 285.47 2.01497364e+13 4.50560875e+13 
141 286.28 1.58207267e+12 3.53760013e+12 
142 287.09 1.35776873e+11 3.03600774e+11 
143 287.89 1.21271495e+10 2.71157401e+10 
144 288.70 1.28033577e+09 2.86251998e+09 
145 289.51 1.76060591e+08 3.93554988e+08 
146 290.32 2.87235233e+07 6.41809919e+07 
147 291.12 5.07250280e+06 1.13249565e+07 
148 291.93 9.60155423e+05 2.14003770e+06 
149 292.74 2.20550873e+05 4.90156777e+05 
150 293.55 5.65327107e+04 1.24994197e+05 
151 294.35 1.68875833e+04 3.70459751e+04 
152 295.16 5.49630373e+03 1.19104644e+04 
153 295.97 1.97857312e+03 4.21238244e+03 
154 296.78 7.70506305e+02 1.59852529e+03 
155 297.58 3.26726073e+02 6.55422890e+02 
156 298.39 1.55474085e+02 2.98795910e+02 
157 299.20 8.10620408e+01 1.47825332e+02 
158 300.01 4.54883276e+01 7.81682020e+01 
159 300.81 2.72343841e+01 4.34600456e+01 
160 301.62 1.77102913e+01 2.63526577e+01 
161 302.43 1.18195950e+01 1.61455395e+01 
162 303.24 8.60614752e+00 1.10131921e+01 
163 304.04 6.40058938e+00 7.44246054e+00 
164 304.85 4.98999475e+00 5.39199786e+00 
165 305.66 3.95514573e+00 3.89685473e+00 
166 306.47 3.22985322e+00 2.92868772e+00 
167 307.28 2.70447348e+00 2.24356046e+00 
168 308.08 2.32611044e+00 1.77748769e+00 
169 308.89 2.06671429e+00 1.48474804e+00 
170 309.70 1.83413678e+00 1.20710428e+00 
171 310.51 1.64169673e+00 9.92795911e-01 
172 311.32 1.48924662e+00 8.15967806e-01 
173 312.12 1.35753487e+00 6.69854412e-01 
174 312.93 1.26213706e+00 5.85675076e-01 
175 313.74 1.19264998e+00 5.27671701e-01 
176 314.55 1.14306527e+00 4.66451917e-01 
177 315.36 1.08271679e+00 4.21500812e-01 
178 316.16 1.06344422e+00 3.81728844e-01 
179 316.97 1.04126638e+00 3.58076885e-01 
180 317.78 1.02278366e+00 3.33532692e-01 
181 318.59 1.00216458e+00 3.10019157e-01 
182 319.40 9.98088457e-01 2.92607404e-01 
183 320.20 9.90991938e-01 2.60948690e-01 
184 321.01 9.78202761e-01 2.55514469e-01 
185 321.82 9.85651504e-01 2.47464921e-01 
186 322.63 9.92321622e-01 2.33991415e-01 
187 323.43 9.94612978e-01 2.12522321e-01 
188 324.24 9.90927946e-01 2.18125545e-01 
189 325.05 1.01682298e+00 2.05229163e-01 
190 325.86 1.03689222e+00 1.88693009e-01 
191 326.67 1.04129846e+00 1.91339506e-01 
192 327.48 1.06672107e+00 1.83319925e-01 
193 328.28 1.08808208e+00 1.79733857e-01 
194 329.09 1.12281973e+00 1.77395405e-01 
195 329.90 1.16093802e+00 1.68134699e-01 
196 330.71 1.22149493e+00 1.72847104e-01 
197 331.52 1.30515628e+00 1.73092802e-01 
198 332.32 1.46411130e+00 1.81194528e-01 
199 333.13 1.74467745e+00 1.81304844e-01 
200 333.94 2.24954381e+00 2.17669742e-01 
201 334.75 3.05334883e+00 2.48225906e-01 
202 335.55 4.14470353e+00 2.56890420e-01 
203 336.36 5.66460447e+00 3.20915182e-01 
204 337.17 8.03442125e+00 3.77957986e-01 
205 337.98 1.13218058e+01 4.49666518e-01 
206 338.79 1.51658237e+01 5.00549486e-01 
207 339.60 1.94720531e+01 5.45707319e-01 
208 340.40 2.33199169e+01 5.76416457e-01 
209 341.21 2.65235954e+01 5.67314434e-01 
210 342.02 3.03303116e+01 5.53893467e-01 
211 342.83 3.36989738e+01 5.58281389e-01 
212 343.63 3.45442192e+01 5.54122850e-01 
213 344.44 3.57625626e+01 5.27313867e-01 
214 345.25 3.96479233e+01 5.53026363e-01 
215 346.06 4.33531067e+01 5.79219829e-01 
216 346.87 4.57631981e+01 5.91621940e-01 
217 347.67 4.74564377e+01 5.78509104e-01 
218 348.48 4.90659439e+01 5.74287151e-01 
219 349.29 5.19494133e+01 5.81756141e-01 
220 350.10 5.69725327e+01 6.29028178e-01 
221 350.90 6.03719574e+01 6.85200025e-01 
222 351.71 6.04688194e+01 6.96518544e-01 
223 352.52 6.15608170e+01 6.70711644e-01 
224 353.33 6.69042618e+01 7.02061794e-01 
225 354.14 7.36208328e+01 7.85391550e-01 
226 354.94 7.65535324e+01 8.42394734e-01 
227 355.75 7.51086487e+01 8.53481700e-01 
228 356.56 7.06472931e+01 8.16952732e-01 
229 357.37 6.63109131e+01 7.36611414e-01 
230 358.18 6.53743881e+01 7.20813429e-01 
231 358.98 7.32955811e+01 7.82665825e-01 
232 359.79 8.44719544e+01 8.71799805e-01 
233 360.60 8.58866623e+01 9.32226350e-01 
234 361.41 8.44770950e+01 9.02898889e-01 
235 362.21 8.90299820e+01 9.52308746e-01 
236 363.02 9.42472855e+01 9.78067808e-01 
237 363.83 9.73559448e+01 9.89202401e-01 
238 364.64 1.02127508e+02 1.02839562e+00 
239 365.44 1.11328049e+02 1.11632350e+00 
240 366.25 1.19368573e+02 1.15341622e+00 
241 367.06 1.20406401e+02 1.17559341e+00 
242 367.87 1.18486815e+02 1.12270943e+00 
243 368.67 1.20248166e+02 1.12433072e+00 
244 369.48 1.25613483e+02 1.13534940e+00 
245 370.29 1.26856407e+02 1.14531698e+00 
246 371.10 1.25527132e+02 1.14682631e+00 
247 371.90 1.22482790e+02 1.18876209e+00 
248 372.71 1.15735712e+02 1.10832558e+00 
249 373.52 1.09431564e+02 1.03989086e+00 
250 374.33 1.08886005e+02 8.72287320e-01 
251 375.13 1.16706986e+02 9.19446164e-01 
252 375.94 1.27316646e+02 1.08759326e+00 
253 376.75 1.38641415e+02 1.12669993e+00 
254 377.56 1.51934579e+02 1.54163612e+00 
255 378.36 1.55650430e+02 1.98031860e+00 
256 379.17 1.47589502e+02 1.65553910e+00 
257 379.98 1.44439719e+02 1.60508228e+00 
258 380.78 1.44462070e+02 2.09446906e+00 
259 381.59 1.31865381e+02 2.12379533e+00 
260 382.40 1.12171245e+02 1.56824005e+00 
261 383.20 1.03089153e+02 1.06578050e+00 
262 384.01 1.12030357e+02 1.20333065e+00 
263 384.82 1.26955838e+02 1.82565128e+00 
264 385.63 1.32972867e+02 1.91892447e+00 
265 386.43 1.34005286e+02 1.87581443e+00 
266 387.24 1.34900281e+02 1.95670096e+00 
267 388.05 1.36806653e+02 1.72629947e+00 
268 388.85 1.44923584e+02 1.74462837e+00 
269 389.66 1.58365894e+02 2.08828989e+00 
270 390.47 1.69003689e+02 2.38794513e+00 
271 391.27 1.69779089e+02 2.89024966e+00 
272 392.08 1.51382788e+02 2.89617577e+00 
273 392.89 1.22236903e+02 1.55854407e+00 
274 393.69 1.15142558e+02 1.11318184e+00 
275 394.50 1.37900720e+02 1.47276806e+00 
276 395.31 1.54502090e+02 2.49645784e+00 
277 396.11 1.43535181e+02 1.95290589e+00 
278 396.92 1.35004154e+02 1.62837235e+00 
279 397.73 1.59523383e+02 1.78680399e+00 
280 398.53 1.97088177e+02 2.22537647e+00 
281 399.34 2.20350919e+02 2.61189098e+00 
282 400.15 2.31329157e+02 2.79433269e+00 
283 400.95 2.39011997e+02 2.95525773e+00 
284 401.76 2.45119644e+02 3.11014268e+00 
285 402.57 2.46745294e+02 3.20934367e+00 
286 403.37 2.44929779e+02 3.32631865e+00 
287 404.18 2.43517337e+02 3.42652590e+00 
288 404.99 2.42201437e+02 3.53293519e+00 
289 405.79 2.40820371e+02 3.62448705e+00 
290 406.60 2.41351596e+02 3.82383081e+00 
291 407.40 2.47216159e+02 4.08186230e+00 
292 408.21 2.56483035e+02 4.17553355e+00 
293 409.02 2.60025653e+02 4.17019114e+00 
294 409.82 2.56470209e+02 4.54565881e+00 
295 410.63 2.59146774e+02 4.83815139e+00 
296 411.43 2.70424201e+02 4.73728454e+00 
297 412.24 2.77700867e+02 4.89759460e+00 
298 413.05 2.78121997e+02 5.11886154e+00 
299 413.85 2.77649475e+02 5.15893083e+00 
300 414.66 2.77916986e+02 5.13673594e+00 
301 415.46 2.78566016e+02 5.23333204e+00 
302 416.27 2.78670770e+02 4.97424625e+00 
303 417.08 2.74736597e+02 5.01145526e+00 
304 417.88 2.69575488e+02 5.00288046e+00 
305 418.69 2.67342651e+02 4.91826490e+00 
306 419.49 2.67784094e+02 4.95652543e+00 
307 420.30 2.71152545e+02 4.87662267e+00 
308 421.11 2.74344946e+02 4.61357687e+00 
309 421.91 2.72190253e+02 4.50617304e+00 
310 422.72 2.67518164e+02 4.54410258e+00 
311 423.52 2.67634418e+02 4.29533400e+00 
312 424.33 2.71077857e+02 4.05087079e+00 
313 425.13 2.73253119e+02 3.97802256e+00 
314 425.94 2.73863159e+02 3.72503317e+00 
315 426.74 2.73877045e+02 3.53152920e+00 
316 427.55 2.73827075e+02 3.36634990e+00 
317 428.36 2.71090314e+02 3.03025793e+00 
318 429.16 2.60914282e+02 2.83311723e+00 
319 429.96 2.49831717e+02 2.91885283e+00 
320 430.77 2.56942847e+02 3.24263653e+00 
321 431.58 2.85589209e+02 2.64381748e+00 
322 432.38 3.15155707e+02 2.82360765e+00 
323 433.19 3.29226459e+02 2.89796226e+00 
324 433.99 3.37041010e+02 2.84126333e+00 
325 434.80 3.51204376e+02 2.92145515e+00 
326 435.60 3.71423065e+02 3.05244207e+00 
327 436.41 3.85371307e+02 3.45237845e+00 
328 437.21 3.86436584e+02 3.60619813e+00 
329 438.02 3.81407245e+02 3.18848438e+00 
330 438.82 3.84261829e+02 3.15946720e+00 
331 439.63 3.96212232e+02 3.46955662e+00 
332 440.43 4.13589343e+02 3.64361313e+00 
333 441.24 4.31598126e+02 3.90357021e+00 
334 442.04 4.48151355e+02 4.46134319e+00 
335 442.85 4.59179419e+02 4.38615015e+00 
336 443.65 4.66088123e+02 4.52418931e+00 
337 444.45 4.68906079e+02 4.89813714e+00 
338 445.26 4.68096167e+02 4.41448123e+00 
339 446.06 4.72058472e+02 4.27546320e+00 
340 446.87 4.82973077e+02 4.43480584e+00 
341 447.67 4.97675501e+02 5.26067606e+00 
342 448.48 5.08111835e+02 4.93173953e+00 
343 449.28 5.18371210e+02 5.01365105e+00 
344 450.09 5.29127930e+02 4.90783618e+00 
345 450.89 5.36155542e+02 5.76638203e+00 
346 451.70 5.30758032e+02 5.20451009e+00 
347 452.50 5.20487720e+02 4.83166877e+00 
348 453.30 5.15263080e+02 4.54251403e+00 
349 454.11 5.17766956e+02 4.44738357e+00 
350 454.91 5.25777136e+02 4.45985332e+00 
351 455.72 5.34704932e+02 4.56666358e+00 
352 456.52 5.42056836e+02 4.80590721e+00 
353 457.32 5.44763794e+02 4.83400536e+00 
354 458.13 5.43039246e+02 4.71076041e+00 
355 458.93 5.41697559e+02 4.62076885e+00 
356 459.74 5.45199915e+02 4.70844534e+00 
357 460.54 5.52346020e+02 4.77545871e+00 
358 461.34 5.60309326e+02 4.89398820e+00 
359 462.15 5.65225623e+02 4.94486194e+00 
360 462.95 5.65228369e+02 5.03749494e+00 
361 463.76 5.61127820e+02 5.01818121e+00 
362 464.56 5.57109497e+02 5.00414180e+00 
363 465.36 5.54409814e+02 5.02526260e+00 
364 466.17 5.52891492e+02 5.04671464e+00 
365 466.97 5.53442456e+02 5.12531298e+00 
366 467.77 5.55777148e+02 5.35322946e+00 
367 468.58 5.59611279e+02 5.24562255e+00 
368 469.38 5.60006433e+02 5.21538227e+00 
369 470.18 5.60190088e+02 5.36442215e+00 
370 470.99 5.65540039e+02 5.48267478e+00 
371 471.79 5.73852771e+02 5.59976705e+00 
372 472.59 5.82309204e+02 5.34323802e+00 
373 473.40 5.87393030e+02 5.42640050e+00 
374 474.20 5.90356140e+02 5.50920516e+00 
375 475.00 5.93311011e+02 5.42479714e+00 
376 475.81 5.94443457e+02 5.73117383e+00 
377 476.61 5.98283289e+02 5.69605398e+00 
378 477.41 6.04175183e+02 5.86462804e+00 
379 478.21 6.10849585e+02 5.64905898e+00 
380 479.02 6.14811878e+02 5.68868450e+00 
381 479.82 6.17247046e+02 5.65762512e+00 
382 480.62 6.20326880e+02 5.55860759e+00 
383 481.43 6.21755066e+02 5.41872918e+00 
384 482.23 6.20441943e+02 5.41535653e+00 
385 483.03 6.16871960e+02 5.29505269e+00 
386 483.84 6.06598169e+02 5.03375373e+00 
387 484.64 5.87292419e+02 4.87506372e+00 
388 485.44 5.63517444e+02 4.64219546e+00 
389 486.24 5.49852246e+02 4.59738348e+00 
390 487.04 5.53125732e+02 4.40810849e+00 
391 487.85 5.70076147e+02 4.37356276e+00 
392 488.65 5.88315015e+02 4.43355621e+00 
393 489.45 6.01645398e+02 4.30957135e+00 
394 490.26 6.06904370e+02 4.40549417e+00 
395 491.06 6.05322144e+02 4.56859405e+00 
396 491.86 6.01228442e+02 4.32425181e+00 
397 492.66 6.01204553e+02 4.13420675e+00 
398 493.46 6.07846594e+02 4.31870851e+00 
399 494.27 6.14881824e+02 4.25015315e+00 
400 495.07 6.18976160e+02 4.33272883e+00 
401 495.87 6.21530176e+02 4.91403821e+00 
402 496.67 6.18865442e+02 4.58172757e+00 
403 497.48 6.13938806e+02 4.24331268e+00 
404 498.28 6.09440466e+02 4.10142253e+00 
405 499.08 6.04381238e+02 4.30190501e+00 
406 499.88 5.98891675e+02 4.80841292e+00 
407 500.68 5.92630115e+02 3.95346951e+00 
408 501.48 5.90322229e+02 3.85201121e+00 
409 502.29 5.92652026e+02 4.00672739e+00 
410 503.09 5.97590686e+02 4.46869697e+00 
411 503.89 6.03601379e+02 4.83043067e+00 
412 504.69 6.10064026e+02 4.68714275e+00 
413 505.49 6.14896521e+02 4.60328914e+00 
414 506.29 6.16918237e+02 5.35844965e+00 
415 507.09 6.13767139e+02 4.86361874e+00 
416 507.90 6.10382068e+02 4.65703911e+00 
417 508.70 6.09143872e+02 4.61054335e+00 
418 509.50 6.10057300e+02 4.78521821e+00 
419 510.30 6.10952222e+02 4.38441178e+00 
420 511.10 6.09869788e+02 4.40775360e+00 
421 511.90 6.07023926e+02 5.29182281e+00 
422 512.71 5.99958923e+02 4.67042020e+00 
423 513.51 5.93298950e+02 5.00695694e+00 
424 514.31 5.87189185e+02 4.75754180e+00 
425 515.11 5.78500415e+02 5.18746014e+00 
426 515.91 5.63260144e+02 4.86952977e+00 
427 516.71 5.47507092e+02 3.99953632e+00 
428 517.51 5.38908911e+02 3.86653356e+00 
429 518.31 5.42349744e+02 3.76594910e+00 
430 519.11 5.55709338e+02 4.06315335e+00 
431 519.91 5.69031873e+02 4.09271133e+00 
432 520.71 5.79723596e+02 4.63291402e+00 
433 521.52 5.84169690e+02 4.87499102e+00 
434 522.32 5.85806250e+02 4.29229416e+00 
435 523.12 5.89420593e+02 4.12302739e+00 
436 523.92 5.93666931e+02 4.38672007e+00 
437 524.72 5.94313306e+02 5.21593066e+00 
438 525.52 5.86101440e+02 5.32979129e+00 
439 526.32 5.74511536e+02 4.22966068e+00 
440 527.12 5.72466712e+02 4.27602723e+00 
441 527.92 5.80148731e+02 4.42549170e+00 
442 528.72 5.93889880e+02 4.98166818e+00 
443 529.52 6.04676319e+02 4.86182339e+00 
444 530.32 6.09404993e+02 4.94639414e+00 
445 531.12 6.07401099e+02 5.04709087e+00 
446 531.92 6.01598413e+02 5.06592522e+00 
447 532.72 5.95608252e+02 4.86766571e+00 
448 533.52 5.93759033e+02 4.93902758e+00 
449 534.32 5.98182288e+02 4.96294329e+00 
450 535.12 6.03496521e+02 4.90889818e+00 
451 535.92 6.04650073e+02 5.09783654e+00 
452 536.72 6.02708752e+02 5.10498314e+00 
453 537.52 5.99671655e+02 5.20201985e+00 
454 538.32 5.95456201e+02 5.24750729e+00 
455 539.12 5.90136865e+02 5.29323465e+00 
456 539.92 5.84796631e+02 5.44195591e+00 
457 540.72 5.82926208e+02 5.54087779e+00 
458 541.52 5.85115088e+02 5.55471517e+00 
459 542.32 5.89571643e+02 5.63530900e+00 
460 543.12 5.93435583e+02 5.85793937e+00 
461 543.92 5.96807007e+02 5.86112865e+00 
462 544.72 5.98415234e+02 5.98667894e+00 
463 545.52 5.97870410e+02 6.14830832e+00 
464 546.32 5.94781238e+02 6.35214514e+00 
465 547.12 5.92065967e+02 6.06708538e+00 
466 547.91 5.90058264e+02 6.16128520e+00 
467 548.71 5.89665735e+02 6.18299494e+00 
468 549.51 5.90013415e+02 6.20170049e+00 
469 550.31 5.90049207e+02 6.15619361e+00 
470 551.11 5.89548975e+02 6.13542230e+00 
471 551.91 5.88631103e+02 6.32548682e+00 
472 552.71 5.88404065e+02 6.49441462e+00 
473 553.51 5.90325806e+02 6.33577665e+00 
474 554.31 5.92181543e+02 6.06145148e+00 
475 555.10 5.90172729e+02 6.24146084e+00 
476 555.90 5.87484033e+02 5.93695674e+00 
477 556.70 5.82949658e+02 5.96999802e+00 
478 557.50 5.76336328e+02 6.06393933e+00 
479 558.30 5.71611487e+02 5.59847629e+00 
480 559.10 5.69860364e+02 6.14629249e+00 
481 559.90 5.71186523e+02 5.70171513e+00 
482 560.70 5.73631323e+02 5.88925405e+00 
483 561.49 5.79394372e+02 5.79538838e+00 
484 562.29 5.82474841e+02 6.27400349e+00 
485 563.09 5.84730298e+02 6.07507992e+00 
486 563.89 5.84882470e+02 6.63162676e+00 
487 564.69 5.84974707e+02 6.62922785e+00 
488 565.49 5.83171179e+02 7.18368461e+00 
489 566.29 5.82906580e+02 7.42214063e+00 
490 567.08 5.85795923e+02 7.61316319e+00 
491 567.88 5.88431787e+02 8.03591016e+00 
492 568.68 5.88931519e+02 8.42170460e+00 
493 569.48 5.87301489e+02 8.97255492e+00 
494 570.28 5.85540295e+02 9.29268171e+00 
495 571.07 5.88128808e+02 9.61138750e+00 
496 571.87 5.95834961e+02 9.67477397e+00 
497 572.67 6.04095642e+02 9.40315657e+00 
498 573.47 6.08757788e+02 9.40214966e+00 
499 574.26 6.07900098e+02 8.81364098e+00 
500 575.06 6.03959790e+02 8.88308144e+00 
501 575.86 6.01388953e+02 8.46686766e+00 
502 576.66 5.98723450e+02 7.90284881e+00 
503 577.45 5.96219373e+02 7.36952013e+00 
504 578.25 5.94448413e+02 6.62284780e+00 
505 579.05 5.93151917e+02 6.38825344e+00 
506 579.85 5.94349377e+02 5.74548109e+00 
507 580.65 5.96910083e+02 5.11082667e+00 
508 581.44 5.99494226e+02 4.60719076e+00 
509 582.24 6.00722961e+02 4.32614879e+00 
510 583.04 6.01306055e+02 4.07562664e+00 
511 583.83 5.98376465e+02 3.88613807e+00 
512 584.63 5.93424792e+02 3.78923571e+00 
513 585.43 5.88628601e+02 3.69971098e+00 
514 586.22 5.86007983e+02 3.78580386e+00 
515 587.02 5.81411865e+02 3.79044929e+00 
516 587.82 5.73327564e+02 4.16620307e+00 
517 588.62 5.62081482e+02 3.47717554e+00 
518 589.41 5.56089111e+02 3.36951294e+00 
519 590.21 5.58554224e+02 3.58812138e+00 
520 591.01 5.65885730e+02 4.00168814e+00 
521 591.80 5.72463061e+02 4.51665045e+00 
522 592.60 5.73289490e+02 4.50818668e+00 
523 593.40 5.72911169e+02 4.79588392e+00 
524 594.19 5.71430554e+02 5.08616321e+00 
525 594.99 5.70225635e+02 5.46572242e+00 
526 595.79 5.68860315e+02 6.17868099e+00 
527 596.58 5.68050745e+02 6.37773797e+00 
528 597.38 5.65975659e+02 7.02793363e+00 
529 598.18 5.63704724e+02 7.30916351e+00 
530 598.97 5.60797668e+02 7.81035481e+00 
531 599.77 5.57997534e+02 8.29104114e+00 
532 600.56 5.55876990e+02 8.17272910e+00 
533 601.36 5.54038416e+02 8.38219126e+00 
534 602.16 5.54385535e+02 9.01509582e+00 
535 602.95 5.57842359e+02 8.69665034e+00 
536 603.75 5.61118140e+02 9.00970258e+00 
537 604.54 5.62970056e+02 8.92357746e+00 
538 605.34 5.62910559e+02 8.51448852e+00 
539 606.14 5.61182812e+02 8.73762572e+00 
540 606.93 5.59516846e+02 8.23259985e+00 
541 607.73 5.56859888e+02 8.18848621e+00 
542 608.52 5.53903113e+02 8.11286736e+00 
543 609.32 5.51685730e+02 7.54395030e+00 
544 610.11 5.49639685e+02 7.85392870e+00 
545 610.91 5.49259949e+02 7.20928465e+00 
546 611.71 5.47269177e+02 7.18005306e+00 
547 612.50 5.44970056e+02 6.89635814e+00 
548 613.30 5.42541260e+02 6.59121376e+00 
549 614.09 5.40462085e+02 6.35181485e+00 
550 614.89 5.37663501e+02 5.92147024e+00 
551 615.68 5.34981445e+02 5.31145609e+00 
552 616.48 5.33388684e+02 5.58723878e+00 
553 617.27 5.35197351e+02 5.43668492e+00 
554 618.07 5.39677075e+02 4.87169253e+00 
555 618.86 5.43652918e+02 4.67184349e+00 
556 619.66 5.45975867e+02 4.29949865e+00 
557 620.45 5.46162646e+02 4.05818685e+00 
558 621.25 5.44095923e+02 4.13738533e+00 
559 622.04 5.40457312e+02 4.26526926e+00 
560 622.84 5.36744885e+02 4.03494434e+00 
561 623.63 5.33161792e+02 3.94710054e+00 
562 624.43 5.29457605e+02 3.92917819e+00 
563 625.22 5.27724731e+02 4.07874342e+00 
564 626.02 5.27901306e+02 3.85468700e+00 
565 626.81 5.29578137e+02 3.48667649e+00 
566 627.61 5.29947437e+02 3.52826937e+00 
567 628.40 5.27984131e+02 3.03622821e+00 
568 629.19 5.25775427e+02 3.17351988e+00 
569 629.99 5.23208423e+02 3.20393276e+00 
570 630.78 5.19777771e+02 2.75135604e+00 
571 631.58 5.19138989e+02 2.78577748e+00 
572 632.37 5.18602600e+02 2.59438321e+00 
573 633.17 5.18241358e+02 2.39977902e+00 
574 633.96 5.17813318e+02 2.25794432e+00 
575 634.76 5.16128198e+02 2.27737049e+00 
576 635.55 5.15457837e+02 2.10365764e+00 
577 636.34 5.15198169e+02 2.16147960e+00 
578 637.14 5.15276331e+02 2.20675669e+00 
579 637.93 5.15114233e+02 2.41703508e+00 
580 638.72 5.12043854e+02 2.61154886e+00 
581 639.52 5.07874811e+02 3.01386065e+00 
582 640.31 5.03114404e+02 3.03804516e+00 
583 641.11 4.99666321e+02 2.97894916e+00 
584 641.90 4.99194641e+02 3.70080489e+00 
585 642.69 4.99136127e+02 3.82645691e+00 
586 643.49 4.98331757e+02 3.88302628e+00 
587 644.28 4.96803723e+02 4.08429643e+00 
588 645.07 4.93630829e+02 3.50037496e+00 
589 645.87 4.91474151e+02 3.36094395e+00 
590 646.66 4.90614124e+02 3.80718627e+00 
591 647.45 4.89149799e+02 3.87161646e+00 
592 648.25 4.85254541e+02 3.78258833e+00 
593 649.04 4.80032751e+02 3.39840127e+00 
594 649.83 4.77088495e+02 2.85871321e+00 
595 650.63 4.78288751e+02 3.12166650e+00 
596 651.42 4.80030957e+02 3.27960305e+00 
597 652.21 4.79267230e+02 3.08533411e+00 
598 653.00 4.76771637e+02 2.90776221e+00 
599 653.80 4.71251129e+02 3.07321618e+00 
600 654.59 4.58033795e+02 3.39430055e+00 
601 655.38 4.37572778e+02 3.02364529e+00 
602 656.17 4.22535358e+02 2.29348736e+00 
603 656.97 4.24744342e+02 2.48582647e+00 
604 657.76 4.39679932e+02 2.74330698e+00 
605 658.55 4.51741028e+02 3.08067638e+00 
606 659.34 4.56389587e+02 3.38928203e+00 
607 660.14 4.58163892e+02 3.75214743e+00 
608 660.93 4.59971436e+02 4.06804463e+00 
609 661.72 4.60406458e+02 4.40628612e+00 
610 662.52 4.58922302e+02 4.75836986e+00 
611 663.31 4.56539148e+02 5.29289881e+00 
612 664.10 4.55233063e+02 5.88319657e+00 
613 664.89 4.55444507e+02 5.93029030e+00 
614 665.68 4.54592273e+02 6.49115903e+00 
615 666.47 4.53449823e+02 6.67091778e+00 
616 667.27 4.52887787e+02 6.56619417e+00 
617 668.06 4.53019501e+02 6.60330577e+00 
618 668.85 4.53055670e+02 6.59971990e+00 
619 669.64 4.51605640e+02 6.98189647e+00 
620 670.43 4.49748077e+02 6.68090114e+00 
621 671.23 4.47468445e+02 6.65657832e+00 
622 672.02 4.46393567e+02 6.78489962e+00 
623 672.81 4.47197864e+02 6.42172899e+00 
624 673.60 4.47693634e+02 6.03639787e+00 
625 674.39 4.46664258e+02 6.21240001e+00 
626 675.18 4.45954754e+02 5.99327291e+00 
627 675.97 4.45732068e+02 5.65061141e+00 
628 676.77 4.45660663e+02 5.41902480e+00 
629 677.56 4.45285980e+02 5.14092675e+00 
630 678.35 4.44887738e+02 4.54438288e+00 
631 679.14 4.44561157e+02 4.02711558e+00 
632 679.93 4.43390668e+02 3.98797773e+00 
633 680.72 4.42633734e+02 3.76057184e+00 
634 681.51 4.42159296e+02 3.19610797e+00 
635 682.30 4.40865533e+02 2.88696100e+00 
636 683.09 4.38031678e+02 2.51158970e+00 
637 683.88 4.34424573e+02 2.32246619e+00 
638 684.67 4.31167096e+02 1.99647674e+00 
639 685.46 4.25055682e+02 2.25381549e+00 
640 686.26 4.11080737e+02 5.23083224e+00 
641 687.04 3.96358838e+02 8.80808171e+00 
642 687.84 3.92173438e+02 1.02909531e+01 
643 688.63 3.96638190e+02 1.03821905e+01 
644 689.42 4.00721618e+02 9.52214047e+00 
645 690.21 4.03563348e+02 7.74216391e+00 
646 691.00 4.06910248e+02 6.78468521e+00 
647 691.79 4.10045026e+02 5.85808054e+00 
648 692.58 4.12792084e+02 5.07838519e+00 
649 693.37 4.14277557e+02 4.70708035e+00 
650 694.16 4.14198096e+02 4.75447481e+00 
651 694.95 4.12870361e+02 4.75846341e+00 
652 695.74 4.11660138e+02 4.69849231e+00 
653 696.53 4.09582519e+02 4.63233703e+00 
654 697.32 4.06045129e+02 4.27322567e+00 
655 698.10 4.03538464e+02 4.32490992e+00 
656 698.89 4.01965833e+02 4.31293113e+00 
657 699.68 3.99024664e+02 4.17065493e+00 
658 700.47 3.94595294e+02 3.74807621e+00 
659 701.26 3.90746167e+02 3.16996130e+00 
660 702.05 3.88961877e+02 3.22187168e+00 
661 702.84 3.88389313e+02 2.54541759e+00 
662 703.63 3.89243115e+02 2.49602882e+00 
663 704.42 3.89709326e+02 2.21825521e+00 
664 705.21 3.88386695e+02 1.92356462e+00 
665 706.00 3.86227954e+02 1.55640708e+00 
666 706.79 3.84856879e+02 1.62152999e+00 
667 707.58 3.83669769e+02 1.60501871e+00 
668 708.37 3.81237561e+02 1.66759827e+00 
669 709.15 3.79223974e+02 1.80499405e+00 
670 709.94 3.78663532e+02 1.87613364e+00 
671 710.73 3.77316614e+02 2.06545601e+00 
672 711.52 3.74709003e+02 2.26796398e+00 
673 712.31 3.72294537e+02 2.55539048e+00 
674 713.10 3.71319922e+02 2.59121193e+00 
675 713.88 3.70584338e+02 2.51559911e+00 
676 714.67 3.68442291e+02 2.90056600e+00 
677 715.46 3.66418408e+02 2.72612022e+00 
678 716.25 3.64173907e+02 2.63502890e+00 
679 717.04 3.61825147e+02 2.25717190e+00 
680 717.83 3.57924237e+02 1.79250505e+00 
681 718.61 3.53147333e+02 1.75653390e+00 
682 719.40 3.51303448e+02 1.87198610e+00 
683 720.19 3.51698193e+02 2.09688231e+00 
684 720.98 3.53208838e+02 2.51592465e+00 
685 721.76 3.54718347e+02 2.94833779e+00 
686 722.55 3.54929901e+02 2.97351229e+00 
687 723.34 3.54614954e+02 2.77320413e+00 
688 724.13 3.54231671e+02 2.61953585e+00 
689 724.92 3.53761731e+02 2.66577508e+00 
690 725.70 3.52875110e+02 2.85214650e+00 
691 726.49 3.52517633e+02 2.69734671e+00 
692 727.28 3.51318048e+02 2.69370239e+00 
693 728.06 3.48537195e+02 2.64903130e+00 
694 728.85 3.45918970e+02 2.69966089e+00 
695 729.64 3.46864795e+02 2.68096724e+00 
696 730.42 3.48567554e+02 2.63615763e+00 
697 731.21 3.49056274e+02 2.48797447e+00 
698 732.00 3.49037067e+02 2.50460910e+00 
699 732.78 3.48818878e+02 2.40715688e+00 
700 733.57 3.49726453e+02 2.08628602e+00 
701 734.36 3.49499713e+02 2.01940758e+00 
702 735.14 3.47620947e+02 1.87924341e+00 
703 735.93 3.45376947e+02 2.01579749e+00 
704 736.72 3.44695471e+02 1.81769005e+00 
705 737.51 3.43157104e+02 1.72698281e+00 
706 738.29 3.39424695e+02 1.70293787e+00 
707 739.08 3.36642206e+02 1.68019130e+00 
708 739.86 3.35981463e+02 1.71102607e+00 
709 740.65 3.33722351e+02 1.79278502e+00 
710 741.44 3.31741858e+02 1.95181196e+00 
711 742.22 3.32358899e+02 1.99858447e+00 
712 743.01 3.33903351e+02 2.03141300e+00 
713 743.79 3.33142029e+02 1.95679465e+00 
714 744.58 3.31278113e+02 1.90325339e+00 
715 745.37 3.31225622e+02 1.94605154e+00 
716 746.15 3.31051483e+02 2.05164922e+00 
717 746.94 3.29930676e+02 1.98730593e+00 
718 747.72 3.28164520e+02 2.02937332e+00 
719 748.51 3.25082550e+02 1.85464664e+00 
720 749.29 3.22359540e+02 1.75174147e+00 
721 750.08 3.20444861e+02 1.61943770e+00 
722 750.86 3.18682934e+02 1.59368430e+00 
723 751.65 3.17386438e+02 1.61329848e+00 
724 752.43 3.16366217e+02 1.48225772e+00 
725 753.22 3.16055957e+02 1.41720872e+00 
726 754.00 3.15845795e+02 1.39635490e+00 
727 754.79 3.13681152e+02 1.36204887e+00 
728 755.57 3.10895136e+02 1.35057743e+00 
729 756.36 3.09135284e+02 1.37705179e+00 
730 757.14 3.07517700e+02 1.42434599e+00 
731 757.93 3.02500140e+02 1.66214096e+00 
732 758.71 2.82638721e+02 4.88198380e+00 
733 759.49 2.38132990e+02 1.39863371e+01 
734 760.28 1.96095093e+02 2.46852331e+01 
735 761.06 1.92429593e+02 2.67440416e+01 
736 761.85 2.08948300e+02 2.28136127e+01 
737 762.63 2.15084988e+02 2.16271993e+01 
738 763.41 2.17415805e+02 2.09857268e+01 
739 764.20 2.27711526e+02 1.78037068e+01 
740 764.98 2.40866470e+02 1.31668490e+01 
741 765.77 2.51727042e+02 8.50415777e+00 
742 766.55 2.62097894e+02 4.87458219e+00 
743 767.33 2.72390069e+02 2.79840197e+00 
744 768.12 2.78824164e+02 1.91867469e+00 
745 768.90 2.80902368e+02 1.65462096e+00 
746 769.68 2.81147553e+02 1.82506589e+00 
747 770.47 2.80625104e+02 2.15317363e+00 
748 771.25 2.79560199e+02 2.32813265e+00 
749 772.03 2.79060870e+02 2.57622682e+00 
750 772.82 2.79693677e+02 2.69512870e+00 
751 773.60 2.78974915e+02 2.91267196e+00 
752 774.38 2.76522211e+02 2.89280332e+00 
753 775.17 2.75299347e+02 3.15209940e+00 
754 775.95 2.76093201e+02 3.27698420e+00 
755 776.73 2.75570813e+02 3.33220364e+00 
756 777.51 2.73940375e+02 3.27062296e+00 
757 778.30 2.73020215e+02 3.41403756e+00 
758 779.08 2.71957715e+02 3.44347027e+00 
759 779.86 2.70766608e+02 3.43017208e+00 
760 780.64 2.70495837e+02 3.47414640e+00 
761 781.43 2.71326361e+02 3.63035568e+00 
762 782.21 2.71087127e+02 3.57262617e+00 
763 782.99 2.68583533e+02 3.26187250e+00 
764 783.77 2.67130170e+02 3.23326727e+00 
765 784.55 2.66776855e+02 3.21106362e+00 
766 785.34 2.66697418e+02 2.95420174e+00 
767 786.12 2.66742017e+02 2.76520770e+00 
768 786.90 2.66192450e+02 2.63261656e+00 
769 787.68 2.64649658e+02 2.39853679e+00 
770 788.46 2.63085449e+02 2.35611085e+00 
771 789.24 2.62364453e+02 2.20092656e+00 
772 790.03 2.61357703e+02 2.14293579e+00 
773 790.81 2.59219067e+02 2.01679814e+00 
774 791.59 2.55776794e+02 1.90457421e+00 
775 792.37 2.52437582e+02 1.83012820e+00 
776 793.15 2.49989319e+02 1.72354972e+00 
777 793.93 2.48975632e+02 1.69330560e+00 
778 794.71 2.49709912e+02 1.78024624e+00 
779 795.49 2.50648999e+02 1.70227446e+00 
780 796.27 2.50603375e+02 1.60467801e+00 
781 797.05 2.51132245e+02 1.56311421e+00 
782 797.84 2.51161819e+02 1.61127710e+00 
783 798.61 2.49439282e+02 1.70134153e+00 
784 799.40 2.47422156e+02 1.59023603e+00 
785 800.18 2.45589426e+02 1.63702495e+00 
786 800.96 2.44514154e+02 1.66623478e+00 
787 801.74 2.44375082e+02 1.60946793e+00 
788 802.52 2.44060599e+02 1.62414515e+00 
789 803.30 2.43074765e+02 1.67671726e+00 
790 804.08 2.40790244e+02 1.63122002e+00 
791 804.86 2.38097192e+02 1.59372660e+00 
792 805.64 2.37212763e+02 1.67391385e+00 
793 806.42 2.38200559e+02 1.69221698e+00 
794 807.20 2.38652228e+02 1.56409660e+00 
795 807.97 2.36380676e+02 1.40068402e+00 
796 808.75 2.32575223e+02 1.26417946e+00 
797 809.53 2.30288446e+02 1.28907318e+00 
798 810.31 2.31115964e+02 1.30102842e+00 
799 811.09 2.32959253e+02 1.29177552e+00 
800 811.87 2.33180734e+02 1.23461316e+00 
801 812.65 2.31477618e+02 1.25303880e+00 
802 813.43 2.28746350e+02 1.30551300e+00 
803 814.21 2.25613803e+02 1.42289179e+00 
804 814.99 2.23944086e+02 1.58861889e+00 
805 815.76 2.23260925e+02 1.73807645e+00 
806 816.54 2.22517560e+02 1.85274155e+00 
807 817.32 2.20272138e+02 1.90215094e+00 
808 818.10 2.16828754e+02 1.92627780e+00 
809 818.88 2.13918790e+02 1.82229950e+00 
810 819.66 2.12186679e+02 1.58183104e+00 
811 820.43 2.12550992e+02 1.35786836e+00 
812 821.21 2.13710391e+02 1.28477822e+00 
813 821.99 2.12468103e+02 1.39311863e+00 
814 822.77 2.09621496e+02 1.54281091e+00 
815 823.55 2.08042386e+02 1.35369515e+00 
816 824.32 2.07825763e+02 1.05215631e+00 
817 825.10 2.09248123e+02 9.19640645e-01 
818 825.88 2.10571741e+02 9.38853888e-01 
819 826.66 2.09655884e+02 8.62878222e-01 
820 827.43 2.07264911e+02 8.24659271e-01 
821 828.21 2.04696964e+02 8.51888855e-01 
822 828.99 2.03474686e+02 8.85266552e-01 
823 829.76 2.03953735e+02 9.39354091e-01 
824 830.54 2.04764346e+02 9.91346109e-01 
825 831.32 2.03837799e+02 1.00096392e+00 
826 832.10 2.01230359e+02 1.04273095e+00 
827 832.87 1.97733984e+02 1.06206979e+00 
828 833.65 1.95976809e+02 1.13544906e+00 
829 834.42 1.97384116e+02 1.29385422e+00 
830 835.20 2.00241965e+02 1.37522939e+00 
831 835.98 2.01242917e+02 1.38993168e+00 
832 836.75 1.99800238e+02 1.28095247e+00 
833 837.53 1.96692209e+02 1.18722952e+00 
834 838.30 1.94661722e+02 1.15240575e+00 
835 839.08 1.94976697e+02 1.12155151e+00 
836 839.86 1.96464416e+02 1.14798677e+00 
837 840.63 1.96692450e+02 1.05525748e+00 
838 841.41 1.94614422e+02 9.81563575e-01 
839 842.18 1.91069775e+02 1.00979493e+00 
840 842.96 1.87839755e+02 1.02979251e+00 
841 843.73 1.86658948e+02 1.07207196e+00 
842 844.51 1.87631756e+02 1.09259655e+00 
843 845.28 1.88871234e+02 1.08602192e+00 
844 846.06 1.88863852e+02 1.05786893e+00 
845 846.84 1.86477878e+02 1.03452413e+00 
846 847.61 1.82247134e+02 1.00848175e+00 
847 848.38 1.78275913e+02 9.73350637e-01 
848 849.16 1.76519318e+02 9.51651748e-01 
849 849.93 1.76133841e+02 9.22901323e-01 
850 850.71 1.76219556e+02 8.77192544e-01 
851 851.48 1.74459854e+02 8.52822527e-01 
852 852.26 1.70231702e+02 7.91897365e-01 
853 853.03 1.65152060e+02 8.04928123e-01 
854 853.81 1.61423364e+02 8.46426826e-01 
855 854.58 1.61484262e+02 7.33959205e-01 
856 855.35 1.65102566e+02 7.96961014e-01 
857 856.13 1.69729218e+02 9.99165434e-01 
858 856.90 1.71955014e+02 9.13581696e-01 
859 857.68 1.71116907e+02 8.26157341e-01 
860 858.45 1.69084854e+02 8.22344397e-01 
861 859.22 1.67490259e+02 8.28761639e-01 
862 860.00 1.67634457e+02 9.09539231e-01 
863 860.77 1.68863174e+02 1.07085210e+00 
864 861.54 1.69238144e+02 1.08439397e+00 
865 862.32 1.67977637e+02 1.06884495e+00 
866 863.09 1.65282529e+02 1.07658241e+00 
867 863.86 1.60952859e+02 1.03570105e+00 
868 864.64 1.57453775e+02 9.74846091e-01 
869 865.41 1.54982107e+02 9.34217401e-01 
870 866.18 1.54053400e+02 8.89148779e-01 
871 866.95 1.54337347e+02 9.87892035e-01 
872 867.73 1.55000799e+02 1.08580567e+00 
873 868.50 1.55110641e+02 1.04845442e+00 
874 869.27 1.54750497e+02 9.94815709e-01 
875 870.04 1.54862997e+02 1.00802455e+00 
876 870.81 1.56029953e+02 1.07163465e+00 
877 871.59 1.56717639e+02 1.07925536e+00 
878 872.36 1.56788159e+02 1.03262358e+00 
879 873.13 1.55385556e+02 9.72752173e-01 
880 873.90 1.52800198e+02 8.88889301e-01 
881 874.67 1.49877301e+02 8.41640972e-01 
882 875.44 1.48460935e+02 8.38784902e-01 
883 876.22 1.49045584e+02 8.54155748e-01 
884 876.99 1.50011566e+02 8.83958050e-01 
885 877.76 1.50494623e+02 8.53075509e-01 
886 878.53 1.49518488e+02 7.81715891e-01 
887 879.30 1.46991544e+02 7.10183712e-01 
888 880.07 1.44218805e+02 6.85452445e-01 
889 880.84 1.42699008e+02 6.78470035e-01 
890 881.61 1.42928708e+02 7.19829953e-01 
891 882.38 1.43898572e+02 8.15101286e-01 
892 883.15 1.45086969e+02 8.77102773e-01 
893 883.92 1.44586508e+02 8.38901151e-01 
894 884.69 1.42488385e+02 7.77677062e-01 
895 885.47 1.39978903e+02 7.38977340e-01 
896 886.23 1.37756500e+02 7.62178877e-01 
897 887.00 1.36808932e+02 8.50134900e-01 
898 887.78 1.37190070e+02 1.00586878e+00 
899 888.54 1.38288657e+02 1.14460141e+00 
900 889.31 1.39090399e+02 1.17256502e+00 
901 890.08 1.38085522e+02 1.07621673e+00 
902 890.85 1.35723324e+02 9.60090715e-01 
903 891.62 1.33364593e+02 9.04321450e-01 
904 892.39 1.31627127e+02 9.47976541e-01 
905 893.16 1.31542514e+02 1.01289437e+00 
906 893.93 1.32341959e+02 1.07726116e+00 
907 894.70 1.32678006e+02 1.04987830e+00 
908 895.47 1.31707605e+02 9.32364323e-01 
909 896.24 1.29622827e+02 7.69672049e-01 
910 897.01 1.27106691e+02 6.92874154e-01 
911 897.78 1.25243587e+02 7.03741395e-01 
912 898.54 1.24653888e+02 7.71681483e-01 
913 899.31 1.24689093e+02 8.23890464e-01 
914 900.08 1.24452353e+02 8.25457802e-01 
915 900.85 1.23795169e+02 8.05049887e-01 
916 901.62 1.22353650e+02 7.62418568e-01 
917 902.38 1.20819864e+02 7.13340758e-01 
918 903.15 1.19967760e+02 7.03028149e-01 
919 903.92 1.19886560e+02 7.18073282e-01 
920 904.69 1.20212237e+02 7.38605801e-01 
921 905.46 1.20592662e+02 7.45509582e-01 
922 906.22 1.20527747e+02 7.46317888e-01 
923 906.99 1.19459975e+02 7.60967297e-01 
924 907.76 1.17573245e+02 8.23541698e-01 
925 908.52 1.15493643e+02 8.91964255e-01 
926 909.29 1.13865629e+02 8.98339975e-01 
927 910.06 1.13289491e+02 9.08080742e-01 
928 910.83 1.13349335e+02 8.44608821e-01 
929 911.59 1.13711257e+02 8.16025687e-01 
930 912.36 1.13766789e+02 8.34487086e-01 
931 913.13 1.13208824e+02 8.96573433e-01 
932 913.89 1.11985950e+02 9.53701312e-01 
933 914.66 1.10382242e+02 9.89903443e-01 
934 915.42 1.08957724e+02 1.01637827e+00 
935 916.19 1.08057585e+02 9.52762175e-01 
936 916.96 1.07645642e+02 8.46872238e-01 
937 917.72 1.07531279e+02 7.72275741e-01 
938 918.49 1.07194379e+02 7.29447358e-01 
939 919.26 1.06390755e+02 6.72171615e-01 
940 920.02 1.05012613e+02 6.55769664e-01 
941 920.79 1.03322880e+02 6.37304460e-01 
942 921.55 1.01709787e+02 5.98652387e-01 
943 922.32 1.00547734e+02 5.50045924e-01 
944 923.08 9.99053880e+01 5.35749109e-01 
945 923.85 9.96535629e+01 5.13022243e-01 
946 924.61 9.94480376e+01 5.41483299e-01 
947 925.38 9.89421646e+01 5.92597000e-01 
948 926.14 9.80159699e+01 6.62622195e-01 
949 926.91 9.66877975e+01 7.87604544e-01 
950 927.67 9.51908722e+01 9.01453196e-01 
951 928.44 9.38399902e+01 1.06717738e+00 
952 929.20 9.27352249e+01 1.24093189e+00 
953 929.97 9.17139542e+01 1.47961485e+00 
954 930.73 9.04546234e+01 1.76825620e+00 
955 931.49 8.88438629e+01 2.05536789e+00 
956 932.26 8.68139160e+01 2.34786691e+00 
957 933.02 8.46852677e+01 2.62119892e+00 
958 933.79 8.26981232e+01 2.77670992e+00 
959 934.55 8.12783753e+01 2.84802753e+00 
960 935.32 8.04629745e+01 2.82215412e+00 
961 936.08 8.00328156e+01 2.74756057e+00 
962 936.84 7.98627106e+01 2.65928864e+00 
963 937.61 7.95944443e+01 2.53810807e+00 
964 938.37 7.90050171e+01 2.42023777e+00 
965 939.13 7.81116318e+01 2.29119239e+00 
966 939.89 7.71278305e+01 2.15286060e+00 
967 940.66 7.61265259e+01 2.05913273e+00 
968 941.42 7.54644272e+01 2.01169835e+00 
969 942.18 7.49671875e+01 1.98460282e+00 
970 942.95 7.45701141e+01 2.01683988e+00 
971 943.71 7.41473663e+01 2.06292895e+00 
972 944.47 7.35164459e+01 2.10786195e+00 
973 945.23 7.26588394e+01 2.12000278e+00 
974 946.00 7.18586670e+01 2.11283307e+00 
975 946.76 7.12758179e+01 2.06127469e+00 
976 947.52 7.09071762e+01 1.97488873e+00 
977 948.28 7.08694031e+01 1.88895377e+00 
978 949.04 7.09368057e+01 1.82677011e+00 
979 949.81 7.08385254e+01 1.77388870e+00 
980 950.57 7.03591782e+01 1.72893752e+00 
981 951.33 6.95640396e+01 1.70162297e+00 
982 952.09 6.85696411e+01 1.65360268e+00 
983 952.85 6.76508621e+01 1.58547553e+00 
984 953.61 6.70334641e+01 1.48981140e+00 
985 954.38 6.67901199e+01 1.40348073e+00 
986 955.14 6.67008560e+01 1.31835512e+00 
987 955.90 6.65640137e+01 1.25241676e+00 
988 956.66 6.63255264e+01 1.18560377e+00 
989 957.42 6.58081909e+01 1.12276204e+00 
990 958.18 6.51212784e+01 1.05838803e+00 
991 958.94 6.43973022e+01 9.65173052e-01 
992 959.70 6.39343231e+01 8.66038756e-01 
993 960.46 6.36551468e+01 7.56083480e-01 
994 961.22 6.35351883e+01 6.73875270e-01 
995 961.98 6.34191681e+01 6.00199189e-01 
996 962.74 6.30627853e+01 5.45630822e-01 
997 963.50 6.24721550e+01 4.99646545e-01 
998 964.26 6.16678566e+01 4.53556244e-01 
999 965.02 6.09000358e+01 3.99458493e-01 
1000 965.78 6.03328323e+01 3.32856174e-01 
1001 966.54 6.00373947e+01 2.80801270e-01 
1002 967.30 5.99190987e+01 2.72844462e-01 
1003 968.06 5.97810066e+01 2.75777233e-01 
1004 968.82 5.93088791e+01 3.01087699e-01 
1005 969.58 5.85601158e+01 3.14295762e-01 
1006 970.34 5.78548531e+01 3.25449880e-01 
1007 971.10 5.72440582e+01 3.21635867e-01 
1008 971.86 5.68794312e+01 3.35775029e-01 
1009 972.62 5.66509926e+01 3.39503640e-01 
1010 973.38 5.62775696e+01 3.30697916e-01 
1011 974.14 5.57053955e+01 3.15668296e-01 
1012 974.90 5.49758598e+01 3.05455868e-01 
1013 975.65 5.42628494e+01 2.97480800e-01 
1014 976.41 5.36614693e+01 3.04240053e-01 
1015 977.17 5.33368034e+01 3.21881471e-01 
1016 977.93 5.31050758e+01 3.35071689e-01 
1017 978.69 5.27427841e+01 3.42441832e-01 
1018 979.45 5.22002815e+01 3.49215539e-01 
1019 980.20 5.15389191e+01 3.57298769e-01 
1020 980.96 5.10266334e+01 3.64206383e-01 
1021 981.72 5.06941269e+01 3.87298954e-01 
1022 982.48 5.04286575e+01 3.99057046e-01 
1023 983.23 4.99717461e+01 3.81929264e-01 
1024 983.99 4.92436676e+01 3.86054750e-01 
1025 984.75 4.85397965e+01 3.97380569e-01 
1026 985.51 4.81106979e+01 4.09886397e-01 
1027 986.27 4.78408638e+01 4.14942206e-01 
1028 987.02 4.73635322e+01 4.05724753e-01 
1029 987.78 4.65779053e+01 3.91960068e-01 
1030 988.54 4.57925354e+01 3.96066015e-01 
1031 989.29 4.53066803e+01 4.02851061e-01 
1032 990.05 4.49654014e+01 4.06740311e-01 
1033 990.81 4.42714584e+01 4.00260616e-01 
1034 991.56 4.33807838e+01 3.99427844e-01 
1035 992.32 4.27218063e+01 4.01900709e-01 
1036 993.08 4.21295944e+01 4.01889771e-01 
1037 993.83 4.12746422e+01 3.95036290e-01 
1038 994.59 4.02889076e+01 3.85289357e-01 
1039 995.35 3.95194198e+01 3.84989365e-01 
1040 996.10 2.53131747e+00 2.71797818e-02 
1041 996.86 1.26513153e-01 1.06173946e-02 
1042 997.62 7.89445400e-02 3.08275987e-03 
1043 998.37 6.71367742e-02 1.17424171e-02 
