% C0 (TOA Count Rate, /ms) for 4STAR VIS spectrometer (1044 channels) derived from 4STAR_20161110starsun.mat and recorded on 2016-11-11 19:02:37.
% Data outside 2.0x the STD of 501 nm Langley residuals were screened out.
Pix Wavelength C0 C0err
0 173.18 -1.00000000e+00 -1.00000000e+00 
1 173.97 3.65453262e+05 1.09635978e+04 
2 174.77 3.24678003e+05 9.74034008e+03 
3 175.56 7.21373577e+05 2.16412073e+04 
4 176.36 2.67474878e+07 8.02424635e+05 
5 177.15 3.07019073e+07 9.21057218e+05 
6 177.94 3.45405186e+07 1.03621556e+06 
7 178.74 4.13736126e+07 1.24120838e+06 
8 179.53 4.90937690e+07 1.47281307e+06 
9 180.33 5.55570798e+07 1.66671239e+06 
10 181.12 6.56773212e+07 1.97031964e+06 
11 181.92 7.63467740e+07 2.29040322e+06 
12 182.71 8.92013023e+07 2.67603907e+06 
13 183.51 1.09013087e+08 3.27039260e+06 
14 184.30 1.28005529e+08 3.84016588e+06 
15 185.10 1.53869141e+08 4.61607423e+06 
16 185.89 1.87233180e+08 5.61699540e+06 
17 186.69 2.29921832e+08 6.89765496e+06 
18 187.49 2.79161389e+08 8.37484168e+06 
19 188.28 3.24415319e+08 9.73245957e+06 
20 189.08 3.68282095e+08 1.10484629e+07 
21 189.88 4.49714442e+08 1.34914333e+07 
22 190.67 5.77677733e+08 1.73303320e+07 
23 191.47 7.84428335e+08 2.35328500e+07 
24 192.27 8.28518335e+08 2.48555500e+07 
25 193.07 6.80677872e+08 2.04203362e+07 
26 193.86 5.82617376e+08 1.74785213e+07 
27 194.66 5.01092114e+08 1.50327634e+07 
28 195.46 4.08990255e+08 1.22697077e+07 
29 196.26 3.22910926e+08 9.68732778e+06 
30 197.05 2.73020261e+08 8.19060784e+06 
31 197.85 1.99675984e+08 5.99027953e+06 
32 198.65 1.40847757e+08 4.22543270e+06 
33 199.45 9.85041823e+07 2.95512547e+06 
34 200.25 7.04789692e+07 2.11436907e+06 
35 201.05 4.95713220e+07 1.48713966e+06 
36 201.85 3.68215095e+07 1.10464528e+06 
37 202.64 2.51529972e+07 7.54589916e+05 
38 203.44 1.81687479e+07 5.45062438e+05 
39 204.24 1.29822944e+07 3.89468832e+05 
40 205.04 9.32812230e+06 2.79843669e+05 
41 205.84 6.44833736e+06 1.93450121e+05 
42 206.64 4.63254721e+06 1.38976416e+05 
43 207.44 3.35203619e+06 1.00561086e+05 
44 208.24 2.34462442e+06 7.03387327e+04 
45 209.04 1.66102696e+06 4.98308087e+04 
46 209.84 1.20647927e+06 3.61943781e+04 
47 210.64 8.34315679e+05 2.50294704e+04 
48 211.44 6.03129249e+05 1.80938775e+04 
49 212.24 4.21585455e+05 1.26475636e+04 
50 213.05 3.05456937e+05 9.16370810e+03 
51 213.85 2.17493229e+05 6.52479688e+03 
52 214.65 1.54569975e+05 4.63709924e+03 
53 215.45 1.11953643e+05 3.35860930e+03 
54 216.25 7.89052117e+04 2.36715635e+03 
55 217.05 5.57094840e+04 1.67128452e+03 
56 217.85 3.97558053e+04 1.19267416e+03 
57 218.65 2.79498831e+04 8.38496494e+02 
58 219.46 2.04707042e+04 6.14121127e+02 
59 220.26 1.44935614e+04 4.34806842e+02 
60 221.06 1.02392903e+04 3.07178708e+02 
61 221.86 7.24086090e+03 2.17225827e+02 
62 222.66 5.22252064e+03 1.56675619e+02 
63 223.47 3.70367818e+03 1.11110345e+02 
64 224.27 2.64022809e+03 7.92068427e+01 
65 225.07 1.91835937e+03 5.75507810e+01 
66 225.87 1.33659062e+03 4.00977185e+01 
67 226.68 9.52623164e+02 2.85786949e+01 
68 227.48 6.95764470e+02 2.08729341e+01 
69 228.28 5.05115366e+02 1.51534610e+01 
70 229.09 3.99881508e+02 1.19964452e+01 
71 229.89 3.38879213e+02 1.01663764e+01 
72 230.69 3.40340532e+02 1.02102160e+01 
73 231.49 3.92845185e+02 1.17853555e+01 
74 232.30 5.13515860e+02 1.54054758e+01 
75 233.10 7.26754057e+02 2.18026217e+01 
76 233.91 1.05060364e+03 3.15181091e+01 
77 234.71 1.62346497e+03 4.87039491e+01 
78 235.51 2.36058602e+03 7.08175806e+01 
79 236.32 3.53281668e+03 1.05984500e+02 
80 237.12 5.23367113e+03 1.57010134e+02 
81 237.92 8.09208955e+03 2.42762686e+02 
82 238.73 1.17942831e+04 3.53828493e+02 
83 239.53 1.74865599e+04 5.24596797e+02 
84 240.34 2.72995379e+04 8.18986137e+02 
85 241.14 4.01512499e+04 1.20453750e+03 
86 241.94 5.84010229e+04 1.75203069e+03 
87 242.75 8.23104467e+04 2.46931340e+03 
88 243.55 1.17437893e+05 3.52313678e+03 
89 244.36 1.61539330e+05 4.84617989e+03 
90 245.16 2.30077818e+05 6.90233455e+03 
91 245.97 3.16288192e+05 9.48864575e+03 
92 246.77 4.11780663e+05 1.23534199e+04 
93 247.58 5.33400200e+05 1.60020060e+04 
94 248.38 6.81951879e+05 2.04585564e+04 
95 249.19 8.46410287e+05 2.53923086e+04 
96 249.99 1.05040535e+06 3.15121605e+04 
97 250.80 1.18154130e+06 3.54462391e+04 
98 251.60 1.33700184e+06 4.01100552e+04 
99 252.41 1.45166547e+06 4.35499640e+04 
100 253.21 1.62455145e+06 4.87365434e+04 
101 254.02 1.70988784e+06 5.12966353e+04 
102 254.83 1.73967071e+06 5.21901214e+04 
103 255.63 1.81651818e+06 5.44955453e+04 
104 256.44 1.65274586e+06 4.95823758e+04 
105 257.24 1.54298528e+06 4.62895584e+04 
106 258.05 1.38446383e+06 4.15339149e+04 
107 258.85 1.22066876e+06 3.66200627e+04 
108 259.66 1.01922421e+06 3.05767262e+04 
109 260.46 7.86634272e+05 2.35990282e+04 
110 261.27 6.47615093e+05 1.94284528e+04 
111 262.08 4.82993736e+05 1.44898121e+04 
112 262.88 3.82505568e+05 1.14751670e+04 
113 263.69 2.81162654e+05 8.43487962e+03 
114 264.50 2.03313945e+05 6.09941836e+03 
115 265.30 1.48353039e+05 4.45059118e+03 
116 266.11 1.03878122e+05 3.11634365e+03 
117 266.91 7.02038236e+04 2.10611471e+03 
118 267.72 4.71513833e+04 1.41454150e+03 
119 268.53 3.07185856e+04 9.21557569e+02 
120 269.33 2.00106176e+04 6.00318529e+02 
121 270.14 1.33883233e+04 4.01649699e+02 
122 270.95 9.21414947e+03 2.76424484e+02 
123 271.75 5.81181504e+03 1.74354451e+02 
124 272.56 3.75219574e+03 1.12565872e+02 
125 273.37 2.49069914e+03 7.47209742e+01 
126 274.17 1.53249597e+03 4.59748790e+01 
127 274.98 9.87381187e+02 2.96214356e+01 
128 275.79 6.57425734e+02 1.97227720e+01 
129 276.59 4.47362321e+02 1.34208696e+01 
130 277.40 2.97689491e+02 8.93068473e+00 
131 278.21 2.05770383e+02 6.17311148e+00 
132 279.01 1.39468188e+02 4.18404563e+00 
133 279.82 9.38664801e+01 2.81599440e+00 
134 280.63 6.39250603e+01 1.91775181e+00 
135 281.44 4.41339210e+01 1.32401763e+00 
136 282.24 3.12935114e+01 9.38805342e-01 
137 283.05 2.35787651e+01 7.07362952e-01 
138 283.86 1.77501281e+01 5.32503842e-01 
139 284.66 1.32367800e+01 3.97103399e-01 
140 285.47 1.00684189e+01 3.02052568e-01 
141 286.28 7.83311424e+00 2.34993427e-01 
142 287.09 6.33101437e+00 1.89930431e-01 
143 287.89 4.97623477e+00 1.49287043e-01 
144 288.70 4.13148099e+00 1.23944430e-01 
145 289.51 3.34809247e+00 1.00442774e-01 
146 290.32 2.83474534e+00 8.50423601e-02 
147 291.12 2.46411195e+00 7.39233585e-02 
148 291.93 2.07642481e+00 6.22927444e-02 
149 292.74 1.80373393e+00 5.41120180e-02 
150 293.55 1.57892909e+00 4.73678727e-02 
151 294.35 1.46372334e+00 4.39117001e-02 
152 295.16 1.25459213e+00 3.76377638e-02 
153 295.97 1.15355551e+00 3.46066652e-02 
154 296.78 1.07536336e+00 3.22609009e-02 
155 297.58 9.85975473e-01 2.95792642e-02 
156 298.39 9.25164462e-01 2.77549339e-02 
157 299.20 8.62480409e-01 2.58744123e-02 
158 300.01 8.14200676e-01 2.44260203e-02 
159 300.81 7.62622530e-01 2.28786759e-02 
160 301.62 7.48623278e-01 2.24586983e-02 
161 302.43 7.24320498e-01 2.17296149e-02 
162 303.24 6.84590101e-01 2.05377030e-02 
163 304.05 6.86451950e-01 2.05935585e-02 
164 304.85 6.39774418e-01 1.91932325e-02 
165 305.66 6.34858862e-01 1.90457659e-02 
166 306.47 6.12535431e-01 1.83760629e-02 
167 307.28 6.21775278e-01 1.86532583e-02 
168 308.08 5.99335112e-01 1.79800534e-02 
169 308.89 5.84323710e-01 1.75297113e-02 
170 309.70 6.00704338e-01 1.80211301e-02 
171 310.51 5.68865582e-01 1.70659675e-02 
172 311.32 5.68017202e-01 1.70405160e-02 
173 312.12 5.97468534e-01 1.79240560e-02 
174 312.93 5.75154401e-01 1.72546320e-02 
175 313.74 5.76329237e-01 1.72898771e-02 
176 314.55 5.82522176e-01 1.74756653e-02 
177 315.36 5.87185503e-01 1.76155651e-02 
178 316.16 5.74059253e-01 1.72217776e-02 
179 316.97 5.93276477e-01 1.77982943e-02 
180 317.78 5.89923004e-01 1.76976901e-02 
181 318.59 5.92865127e-01 1.77859538e-02 
182 319.39 6.20033089e-01 1.86009927e-02 
183 320.20 6.34474807e-01 1.90342442e-02 
184 321.01 6.13356991e-01 1.84007097e-02 
185 321.82 6.53213738e-01 1.95964121e-02 
186 322.63 6.62669205e-01 1.98800762e-02 
187 323.43 6.59528666e-01 1.97858600e-02 
188 324.24 6.89334266e-01 2.06800280e-02 
189 325.05 7.10781874e-01 2.13234562e-02 
190 325.86 7.30059067e-01 2.19017720e-02 
191 326.67 7.75752858e-01 2.32725857e-02 
192 327.48 8.11348950e-01 2.43404685e-02 
193 328.28 8.16798983e-01 2.45039695e-02 
194 329.09 8.58841289e-01 2.57652387e-02 
195 329.90 8.81511888e-01 2.64453566e-02 
196 330.71 9.21367644e-01 2.76410293e-02 
197 331.51 9.94492243e-01 2.98347673e-02 
198 332.32 1.10442428e+00 3.31327284e-02 
199 333.13 1.31592876e+00 3.94778627e-02 
200 333.94 1.66342150e+00 4.99026449e-02 
201 334.75 2.32453398e+00 6.97360195e-02 
202 335.56 3.23844540e+00 9.71533620e-02 
203 336.36 4.53389732e+00 1.36016920e-01 
204 337.17 6.63042916e+00 1.98912875e-01 
205 337.98 9.66998539e+00 2.90099562e-01 
206 338.79 1.34181905e+01 4.02545715e-01 
207 339.59 1.77073008e+01 5.31219023e-01 
208 340.40 2.16351927e+01 6.49055781e-01 
209 341.21 2.49370750e+01 7.48112251e-01 
210 342.02 2.87120334e+01 8.61361002e-01 
211 342.83 3.23421594e+01 9.70264781e-01 
212 343.64 3.33841890e+01 1.00152567e+00 
213 344.44 3.46253495e+01 1.03876049e+00 
214 345.25 3.85336130e+01 1.15600839e+00 
215 346.06 4.24311859e+01 1.27293558e+00 
216 346.87 4.50008065e+01 1.35002420e+00 
217 347.67 4.68965258e+01 1.40689577e+00 
218 348.48 4.85643538e+01 1.45693061e+00 
219 349.29 5.14465337e+01 1.54339601e+00 
220 350.10 5.65517006e+01 1.69655102e+00 
221 350.91 6.02595380e+01 1.80778614e+00 
222 351.71 6.05911529e+01 1.81773459e+00 
223 352.52 6.16477991e+01 1.84943397e+00 
224 353.33 6.69574809e+01 2.00872443e+00 
225 354.14 7.39208446e+01 2.21762534e+00 
226 354.94 7.72652412e+01 2.31795724e+00 
227 355.75 7.61426725e+01 2.28428018e+00 
228 356.56 7.17950457e+01 2.15385137e+00 
229 357.37 6.73704049e+01 2.02111215e+00 
230 358.18 6.62578397e+01 1.98773519e+00 
231 358.98 7.39082857e+01 2.21724857e+00 
232 359.79 8.56866349e+01 2.57059905e+00 
233 360.60 8.77804642e+01 2.63341393e+00 
234 361.41 8.63342077e+01 2.59002623e+00 
235 362.21 9.08005982e+01 2.72401795e+00 
236 363.02 9.62361119e+01 2.88708336e+00 
237 363.83 9.94915020e+01 2.98474506e+00 
238 364.64 1.04172958e+02 3.12518875e+00 
239 365.44 1.13405355e+02 3.40216066e+00 
240 366.25 1.21791295e+02 3.65373886e+00 
241 367.06 1.23116762e+02 3.69350286e+00 
242 367.87 1.21129375e+02 3.63388124e+00 
243 368.67 1.22448197e+02 3.67344590e+00 
244 369.48 1.27583014e+02 3.82749043e+00 
245 370.29 1.28962219e+02 3.86886658e+00 
246 371.10 1.27575297e+02 3.82725890e+00 
247 371.90 1.24401192e+02 3.73203577e+00 
248 372.71 1.17632409e+02 3.52897226e+00 
249 373.52 1.11012230e+02 3.33036690e+00 
250 374.33 1.09924582e+02 3.29773747e+00 
251 375.13 1.17211727e+02 3.51635182e+00 
252 375.94 1.27685624e+02 3.83056872e+00 
253 376.75 1.38859405e+02 4.16578216e+00 
254 377.55 1.51956941e+02 4.55870822e+00 
255 378.36 1.56267022e+02 4.68801065e+00 
256 379.17 1.48688889e+02 4.46066666e+00 
257 379.98 1.44789379e+02 4.34368138e+00 
258 380.78 1.44571739e+02 4.33715218e+00 
259 381.59 1.32618533e+02 3.97855599e+00 
260 382.40 1.13135278e+02 3.39405834e+00 
261 383.21 1.03385653e+02 3.10156959e+00 
262 384.01 1.11218577e+02 3.33655731e+00 
263 384.82 1.25846872e+02 3.77540617e+00 
264 385.63 1.32375151e+02 3.97125453e+00 
265 386.43 1.33480682e+02 4.00442047e+00 
266 387.24 1.34350869e+02 4.03052608e+00 
267 388.05 1.36283332e+02 4.08849995e+00 
268 388.85 1.44168009e+02 4.32504026e+00 
269 389.66 1.57491884e+02 4.72475652e+00 
270 390.47 1.68426642e+02 5.05279926e+00 
271 391.27 1.69727330e+02 5.09181989e+00 
272 392.08 1.52454504e+02 4.57363513e+00 
273 392.89 1.24130476e+02 3.72391427e+00 
274 393.69 1.15889563e+02 3.47668689e+00 
275 394.50 1.37233271e+02 4.11699812e+00 
276 395.31 1.54705719e+02 4.64117156e+00 
277 396.11 1.45650292e+02 4.36950877e+00 
278 396.92 1.37212635e+02 4.11637906e+00 
279 397.73 1.60113241e+02 4.80339724e+00 
280 398.53 1.97834276e+02 5.93502829e+00 
281 399.34 2.22766986e+02 6.68300958e+00 
282 400.15 2.35000294e+02 7.05000883e+00 
283 400.95 2.43343868e+02 7.30031604e+00 
284 401.76 2.50192674e+02 7.50578022e+00 
285 402.57 2.52532881e+02 7.57598644e+00 
286 403.37 2.51254361e+02 7.53763084e+00 
287 404.18 2.49969023e+02 7.49907069e+00 
288 404.98 2.48814612e+02 7.46443835e+00 
289 405.79 2.47619616e+02 7.42858848e+00 
290 406.60 2.48331037e+02 7.44993112e+00 
291 407.40 2.54150838e+02 7.62452513e+00 
292 408.21 2.63391504e+02 7.90174511e+00 
293 409.02 2.67334767e+02 8.02004301e+00 
294 409.82 2.64308149e+02 7.92924448e+00 
295 410.63 2.66458698e+02 7.99376093e+00 
296 411.44 2.77081955e+02 8.31245866e+00 
297 412.24 2.84603315e+02 8.53809944e+00 
298 413.05 2.85139733e+02 8.55419200e+00 
299 413.85 2.84499250e+02 8.53497749e+00 
300 414.66 2.84574773e+02 8.53724319e+00 
301 415.46 2.85218265e+02 8.55654795e+00 
302 416.27 2.84991297e+02 8.54973891e+00 
303 417.08 2.81088564e+02 8.43265692e+00 
304 417.88 2.75610598e+02 8.26831794e+00 
305 418.69 2.72770948e+02 8.18312845e+00 
306 419.49 2.72999706e+02 8.18999119e+00 
307 420.30 2.76257157e+02 8.28771472e+00 
308 421.11 2.79529738e+02 8.38589215e+00 
309 421.91 2.77891393e+02 8.33674179e+00 
310 422.72 2.73559628e+02 8.20678883e+00 
311 423.52 2.73255605e+02 8.19766816e+00 
312 424.33 2.76448259e+02 8.29344778e+00 
313 425.13 2.78930688e+02 8.36792064e+00 
314 425.94 2.79536333e+02 8.38608998e+00 
315 426.74 2.79699906e+02 8.39099717e+00 
316 427.55 2.79835871e+02 8.39507613e+00 
317 428.35 2.77159952e+02 8.31479857e+00 
318 429.16 2.67364074e+02 8.02092223e+00 
319 429.96 2.56317041e+02 7.68951122e+00 
320 430.77 2.62382561e+02 7.87147683e+00 
321 431.58 2.89340036e+02 8.68020108e+00 
322 432.38 3.18615131e+02 9.55845393e+00 
323 433.19 3.33696292e+02 1.00108888e+01 
324 433.99 3.41710036e+02 1.02513011e+01 
325 434.80 3.55537425e+02 1.06661228e+01 
326 435.60 3.75198713e+02 1.12559614e+01 
327 436.41 3.89527124e+02 1.16858137e+01 
328 437.21 3.91100976e+02 1.17330293e+01 
329 438.02 3.86686741e+02 1.16006022e+01 
330 438.82 3.88340924e+02 1.16502277e+01 
331 439.63 3.99387857e+02 1.19816357e+01 
332 440.43 4.16322485e+02 1.24896746e+01 
333 441.24 4.34074625e+02 1.30222388e+01 
334 442.04 4.50245365e+02 1.35073610e+01 
335 442.84 4.61953112e+02 1.38585934e+01 
336 443.65 4.69116718e+02 1.40735015e+01 
337 444.45 4.72147586e+02 1.41644276e+01 
338 445.26 4.72279715e+02 1.41683915e+01 
339 446.06 4.75892386e+02 1.42767716e+01 
340 446.87 4.86516992e+02 1.45955098e+01 
341 447.67 5.00723473e+02 1.50217042e+01 
342 448.48 5.12225918e+02 1.53667776e+01 
343 449.28 5.22619932e+02 1.56785980e+01 
344 450.09 5.34002881e+02 1.60200864e+01 
345 450.89 5.41001325e+02 1.62300397e+01 
346 451.69 5.37241811e+02 1.61172543e+01 
347 452.50 5.27464238e+02 1.58239271e+01 
348 453.30 5.22260136e+02 1.56678041e+01 
349 454.11 5.24819576e+02 1.57445873e+01 
350 454.91 5.33034042e+02 1.59910212e+01 
351 455.72 5.42164615e+02 1.62649385e+01 
352 456.52 5.49721219e+02 1.64916366e+01 
353 457.32 5.53349326e+02 1.66004798e+01 
354 458.13 5.52607304e+02 1.65782191e+01 
355 458.93 5.51833718e+02 1.65550115e+01 
356 459.74 5.55154810e+02 1.66546443e+01 
357 460.54 5.62524239e+02 1.68757272e+01 
358 461.34 5.70730432e+02 1.71219130e+01 
359 462.15 5.76240431e+02 1.72872129e+01 
360 462.95 5.76575966e+02 1.72972790e+01 
361 463.76 5.72989446e+02 1.71896834e+01 
362 464.56 5.69270657e+02 1.70781197e+01 
363 465.36 5.66603809e+02 1.69981143e+01 
364 466.17 5.65424936e+02 1.69627481e+01 
365 466.97 5.66326630e+02 1.69897989e+01 
366 467.77 5.69235934e+02 1.70770780e+01 
367 468.58 5.72631959e+02 1.71789588e+01 
368 469.38 5.73558608e+02 1.72067582e+01 
369 470.18 5.74263779e+02 1.72279134e+01 
370 470.99 5.79699829e+02 1.73909949e+01 
371 471.79 5.88188087e+02 1.76456426e+01 
372 472.59 5.95834863e+02 1.78750459e+01 
373 473.40 6.01046448e+02 1.80313934e+01 
374 474.20 6.04299049e+02 1.81289715e+01 
375 475.00 6.06580843e+02 1.81974253e+01 
376 475.81 6.08690804e+02 1.82607241e+01 
377 476.61 6.12369504e+02 1.83710851e+01 
378 477.41 6.18308457e+02 1.85492537e+01 
379 478.21 6.24151583e+02 1.87245475e+01 
380 479.02 6.28073678e+02 1.88422103e+01 
381 479.82 6.30136492e+02 1.89040948e+01 
382 480.62 6.32568724e+02 1.89770617e+01 
383 481.43 6.33625818e+02 1.90087745e+01 
384 482.23 6.32189455e+02 1.89656837e+01 
385 483.03 6.27393907e+02 1.88218172e+01 
386 483.84 6.17252037e+02 1.85175611e+01 
387 484.64 5.98141328e+02 1.79442398e+01 
388 485.44 5.74746495e+02 1.72423948e+01 
389 486.24 5.60623944e+02 1.68187183e+01 
390 487.05 5.62824786e+02 1.68847436e+01 
391 487.85 5.78305458e+02 1.73491638e+01 
392 488.65 5.97212465e+02 1.79163739e+01 
393 489.45 6.10293758e+02 1.83088127e+01 
394 490.26 6.14813474e+02 1.84444042e+01 
395 491.06 6.12742699e+02 1.83822810e+01 
396 491.86 6.08475963e+02 1.82542789e+01 
397 492.66 6.07891361e+02 1.82367408e+01 
398 493.46 6.13522049e+02 1.84056615e+01 
399 494.27 6.20796826e+02 1.86239048e+01 
400 495.07 6.25197399e+02 1.87559220e+01 
401 495.87 6.27225996e+02 1.88167799e+01 
402 496.67 6.25087761e+02 1.87526328e+01 
403 497.48 6.20462300e+02 1.86138690e+01 
404 498.28 6.15372270e+02 1.84611681e+01 
405 499.08 6.09170606e+02 1.82751182e+01 
406 499.88 6.02200367e+02 1.80660110e+01 
407 500.68 5.96271004e+02 1.78881301e+01 
408 501.48 5.93311187e+02 1.77993356e+01 
409 502.29 5.95019257e+02 1.78505777e+01 
410 503.09 5.99233594e+02 1.79770078e+01 
411 503.89 6.04840557e+02 1.81452167e+01 
412 504.69 6.11213706e+02 1.83364112e+01 
413 505.49 6.16159954e+02 1.84847986e+01 
414 506.29 6.17390407e+02 1.85217122e+01 
415 507.09 6.14678065e+02 1.84403420e+01 
416 507.90 6.11230990e+02 1.83369297e+01 
417 508.70 6.09709056e+02 1.82912717e+01 
418 509.50 6.10165269e+02 1.83049581e+01 
419 510.30 6.11414013e+02 1.83424204e+01 
420 511.10 6.10624665e+02 1.83187399e+01 
421 511.90 6.06846240e+02 1.82053872e+01 
422 512.70 6.00547352e+02 1.80164206e+01 
423 513.51 5.93598047e+02 1.78079414e+01 
424 514.31 5.87765648e+02 1.76329694e+01 
425 515.11 5.79282821e+02 1.73784846e+01 
426 515.91 5.65027094e+02 1.69508128e+01 
427 516.71 5.50217332e+02 1.65065200e+01 
428 517.51 5.41208029e+02 1.62362409e+01 
429 518.31 5.43768984e+02 1.63130695e+01 
430 519.11 5.56419862e+02 1.66925959e+01 
431 519.91 5.70152122e+02 1.71045637e+01 
432 520.71 5.80617929e+02 1.74185379e+01 
433 521.51 5.85460010e+02 1.75638003e+01 
434 522.32 5.87939620e+02 1.76381886e+01 
435 523.12 5.92071755e+02 1.77621527e+01 
436 523.92 5.96423512e+02 1.78927054e+01 
437 524.72 5.96748419e+02 1.79024526e+01 
438 525.52 5.89318901e+02 1.76795670e+01 
439 526.32 5.79145054e+02 1.73743516e+01 
440 527.12 5.76285867e+02 1.72885760e+01 
441 527.92 5.83175736e+02 1.74952721e+01 
442 528.72 5.95966674e+02 1.78790002e+01 
443 529.52 6.07775920e+02 1.82332776e+01 
444 530.32 6.13534302e+02 1.84060291e+01 
445 531.12 6.11879398e+02 1.83563819e+01 
446 531.92 6.06236541e+02 1.81870962e+01 
447 532.72 6.00824386e+02 1.80247316e+01 
448 533.52 5.99805798e+02 1.79941739e+01 
449 534.32 6.04402025e+02 1.81320607e+01 
450 535.12 6.09780656e+02 1.82934197e+01 
451 535.92 6.11305846e+02 1.83391754e+01 
452 536.72 6.09797781e+02 1.82939334e+01 
453 537.52 6.06779200e+02 1.82033760e+01 
454 538.32 6.02445880e+02 1.80733764e+01 
455 539.12 5.97119674e+02 1.79135902e+01 
456 539.92 5.92235577e+02 1.77670673e+01 
457 540.72 5.90254671e+02 1.77076401e+01 
458 541.52 5.91891349e+02 1.77567405e+01 
459 542.32 5.96483608e+02 1.78945082e+01 
460 543.12 6.01204719e+02 1.80361416e+01 
461 543.92 6.04437309e+02 1.81331193e+01 
462 544.72 6.06304116e+02 1.81891235e+01 
463 545.52 6.05836844e+02 1.81751053e+01 
464 546.31 6.02912118e+02 1.80873636e+01 
465 547.12 5.99335482e+02 1.79800645e+01 
466 547.91 5.97378642e+02 1.79213593e+01 
467 548.71 5.97230371e+02 1.79169111e+01 
468 549.51 5.98021648e+02 1.79406494e+01 
469 550.31 5.98213463e+02 1.79464039e+01 
470 551.11 5.97727847e+02 1.79318354e+01 
471 551.91 5.97265869e+02 1.79179761e+01 
472 552.71 5.97112599e+02 1.79133780e+01 
473 553.51 5.98478798e+02 1.79543639e+01 
474 554.31 5.99446648e+02 1.79833994e+01 
475 555.10 5.97731455e+02 1.79319436e+01 
476 555.90 5.94075654e+02 1.78222696e+01 
477 556.70 5.89256497e+02 1.76776949e+01 
478 557.50 5.82630632e+02 1.74789190e+01 
479 558.30 5.76983497e+02 1.73095049e+01 
480 559.10 5.75912171e+02 1.72773651e+01 
481 559.90 5.76771099e+02 1.73031330e+01 
482 560.70 5.79336269e+02 1.73800881e+01 
483 561.50 5.84407961e+02 1.75322388e+01 
484 562.29 5.88078476e+02 1.76423543e+01 
485 563.09 5.89277278e+02 1.76783183e+01 
486 563.89 5.90049875e+02 1.77014962e+01 
487 564.69 5.89708719e+02 1.76912616e+01 
488 565.49 5.88660747e+02 1.76598224e+01 
489 566.29 5.88368189e+02 1.76510457e+01 
490 567.08 5.91212112e+02 1.77363633e+01 
491 567.88 5.94532710e+02 1.78359813e+01 
492 568.68 5.95721692e+02 1.78716508e+01 
493 569.48 5.95008600e+02 1.78502580e+01 
494 570.27 5.93470141e+02 1.78041042e+01 
495 571.07 5.95813656e+02 1.78744097e+01 
496 571.87 6.03187545e+02 1.80956264e+01 
497 572.67 6.11342488e+02 1.83402746e+01 
498 573.47 6.16709160e+02 1.85012748e+01 
499 574.26 6.15731644e+02 1.84719493e+01 
500 575.06 6.11957181e+02 1.83587154e+01 
501 575.86 6.08609725e+02 1.82582918e+01 
502 576.66 6.04862276e+02 1.81458683e+01 
503 577.46 6.01265693e+02 1.80379708e+01 
504 578.25 5.98249895e+02 1.79474969e+01 
505 579.05 5.96237703e+02 1.78871311e+01 
506 579.85 5.96034382e+02 1.78810315e+01 
507 580.64 5.96757109e+02 1.79027133e+01 
508 581.44 5.97389788e+02 1.79216936e+01 
509 582.24 5.97416758e+02 1.79225028e+01 
510 583.04 5.96707182e+02 1.79012155e+01 
511 583.83 5.94017372e+02 1.78205212e+01 
512 584.63 5.89587037e+02 1.76876111e+01 
513 585.43 5.85354002e+02 1.75606201e+01 
514 586.23 5.82400046e+02 1.74720014e+01 
515 587.02 5.78167297e+02 1.73450189e+01 
516 587.82 5.69299701e+02 1.70789910e+01 
517 588.62 5.58683154e+02 1.67604946e+01 
518 589.41 5.52973643e+02 1.65892093e+01 
519 590.21 5.54792299e+02 1.66437690e+01 
520 591.01 5.62093350e+02 1.68628005e+01 
521 591.80 5.68722064e+02 1.70616619e+01 
522 592.60 5.71120005e+02 1.71336002e+01 
523 593.40 5.71103595e+02 1.71331079e+01 
524 594.19 5.70711540e+02 1.71213462e+01 
525 594.99 5.70790786e+02 1.71237236e+01 
526 595.79 5.71595120e+02 1.71478536e+01 
527 596.58 5.71645467e+02 1.71493640e+01 
528 597.38 5.70879601e+02 1.71263880e+01 
529 598.18 5.69356045e+02 1.70806814e+01 
530 598.97 5.67397609e+02 1.70219283e+01 
531 599.77 5.65492618e+02 1.69647786e+01 
532 600.56 5.63380147e+02 1.69014044e+01 
533 601.36 5.61546938e+02 1.68464081e+01 
534 602.16 5.62284800e+02 1.68685440e+01 
535 602.95 5.65071283e+02 1.69521385e+01 
536 603.75 5.68268486e+02 1.70480546e+01 
537 604.54 5.69690336e+02 1.70907101e+01 
538 605.34 5.69041783e+02 1.70712535e+01 
539 606.14 5.67462120e+02 1.70238636e+01 
540 606.93 5.65341295e+02 1.69602388e+01 
541 607.73 5.62555836e+02 1.68766751e+01 
542 608.52 5.59286548e+02 1.67785964e+01 
543 609.32 5.56032915e+02 1.66809875e+01 
544 610.12 5.53800311e+02 1.66140093e+01 
545 610.91 5.52641664e+02 1.65792499e+01 
546 611.71 5.50701072e+02 1.65210322e+01 
547 612.50 5.48359923e+02 1.64507977e+01 
548 613.30 5.45797596e+02 1.63739279e+01 
549 614.09 5.43518267e+02 1.63055480e+01 
550 614.89 5.40399389e+02 1.62119817e+01 
551 615.68 5.36986324e+02 1.61095897e+01 
552 616.48 5.35570662e+02 1.60671199e+01 
553 617.27 5.37058352e+02 1.61117506e+01 
554 618.07 5.40892701e+02 1.62267810e+01 
555 618.86 5.44854890e+02 1.63456467e+01 
556 619.66 5.47095533e+02 1.64128660e+01 
557 620.45 5.47114234e+02 1.64134270e+01 
558 621.25 5.45290212e+02 1.63587063e+01 
559 622.04 5.41540939e+02 1.62462282e+01 
560 622.84 5.36852361e+02 1.61055708e+01 
561 623.63 5.32302551e+02 1.59690765e+01 
562 624.43 5.28362114e+02 1.58508634e+01 
563 625.22 5.27118100e+02 1.58135430e+01 
564 626.02 5.27462532e+02 1.58238759e+01 
565 626.81 5.28699004e+02 1.58609701e+01 
566 627.61 5.28762788e+02 1.58628836e+01 
567 628.40 5.27250536e+02 1.58175161e+01 
568 629.19 5.24940712e+02 1.57482214e+01 
569 629.99 5.22621471e+02 1.56786441e+01 
570 630.78 5.19934315e+02 1.55980295e+01 
571 631.58 5.18300031e+02 1.55490009e+01 
572 632.37 5.17181247e+02 1.55154374e+01 
573 633.17 5.16288271e+02 1.54886481e+01 
574 633.96 5.15212685e+02 1.54563805e+01 
575 634.76 5.13298764e+02 1.53989629e+01 
576 635.55 5.11504894e+02 1.53451468e+01 
577 636.34 5.10512649e+02 1.53153795e+01 
578 637.14 5.10317208e+02 1.53095162e+01 
579 637.93 5.09276909e+02 1.52783073e+01 
580 638.73 5.05797513e+02 1.51739254e+01 
581 639.52 5.00905835e+02 1.50271751e+01 
582 640.31 4.96000154e+02 1.48800046e+01 
583 641.11 4.92728417e+02 1.47818525e+01 
584 641.90 4.91775501e+02 1.47532650e+01 
585 642.69 4.91765778e+02 1.47529733e+01 
586 643.49 4.90956525e+02 1.47286958e+01 
587 644.28 4.89060005e+02 1.46718001e+01 
588 645.07 4.86024947e+02 1.45807484e+01 
589 645.87 4.83727299e+02 1.45118190e+01 
590 646.66 4.82274825e+02 1.44682448e+01 
591 647.45 4.81149643e+02 1.44344893e+01 
592 648.25 4.78040601e+02 1.43412180e+01 
593 649.04 4.73641733e+02 1.42092520e+01 
594 649.83 4.71534581e+02 1.41460374e+01 
595 650.63 4.72625422e+02 1.41787627e+01 
596 651.42 4.74565375e+02 1.42369613e+01 
597 652.21 4.74631814e+02 1.42389544e+01 
598 653.00 4.73046915e+02 1.41914074e+01 
599 653.80 4.68332720e+02 1.40499816e+01 
600 654.59 4.56191242e+02 1.36857373e+01 
601 655.38 4.37087196e+02 1.31126159e+01 
602 656.17 4.23129897e+02 1.26938969e+01 
603 656.97 4.25249156e+02 1.27574747e+01 
604 657.76 4.39790162e+02 1.31937049e+01 
605 658.55 4.53258121e+02 1.35977436e+01 
606 659.34 4.59467900e+02 1.37840370e+01 
607 660.14 4.62564648e+02 1.38769394e+01 
608 660.93 4.65258961e+02 1.39577688e+01 
609 661.72 4.66868796e+02 1.40060639e+01 
610 662.51 4.66378357e+02 1.39913507e+01 
611 663.31 4.64964458e+02 1.39489337e+01 
612 664.10 4.64681578e+02 1.39404473e+01 
613 664.89 4.65339887e+02 1.39601966e+01 
614 665.68 4.65471629e+02 1.39641489e+01 
615 666.48 4.64566741e+02 1.39370022e+01 
616 667.27 4.63874551e+02 1.39162365e+01 
617 668.06 4.64329778e+02 1.39298933e+01 
618 668.85 4.64516714e+02 1.39355014e+01 
619 669.64 4.63439211e+02 1.39031763e+01 
620 670.43 4.60865164e+02 1.38259549e+01 
621 671.22 4.58004214e+02 1.37401264e+01 
622 672.02 4.56267491e+02 1.36880247e+01 
623 672.81 4.56149912e+02 1.36844974e+01 
624 673.60 4.55820535e+02 1.36746160e+01 
625 674.39 4.54425243e+02 1.36327573e+01 
626 675.18 4.52854996e+02 1.35856499e+01 
627 675.97 4.51899026e+02 1.35569708e+01 
628 676.76 4.51496782e+02 1.35449035e+01 
629 677.56 4.50912294e+02 1.35273688e+01 
630 678.35 4.49761415e+02 1.34928425e+01 
631 679.14 4.48421784e+02 1.34526535e+01 
632 679.93 4.46810488e+02 1.34043146e+01 
633 680.72 4.45490512e+02 1.33647154e+01 
634 681.51 4.44404144e+02 1.33321243e+01 
635 682.30 4.42835750e+02 1.32850725e+01 
636 683.09 4.39766905e+02 1.31930072e+01 
637 683.88 4.35585608e+02 1.30675683e+01 
638 684.67 4.31359813e+02 1.29407944e+01 
639 685.46 4.23136197e+02 1.26940859e+01 
640 686.26 4.06211720e+02 1.21863516e+01 
641 687.05 3.89183615e+02 1.16755084e+01 
642 687.84 3.84774146e+02 1.15432244e+01 
643 688.63 3.89683721e+02 1.16905116e+01 
644 689.42 3.93964027e+02 1.18189208e+01 
645 690.21 3.96961088e+02 1.19088326e+01 
646 691.00 3.99856400e+02 1.19956920e+01 
647 691.79 4.02183376e+02 1.20655013e+01 
648 692.58 4.03236907e+02 1.20971072e+01 
649 693.37 4.02441947e+02 1.20732584e+01 
650 694.16 4.00447235e+02 1.20134171e+01 
651 694.95 3.98611736e+02 1.19583521e+01 
652 695.74 3.98573736e+02 1.19572121e+01 
653 696.53 3.98890134e+02 1.19667040e+01 
654 697.32 3.97428539e+02 1.19228562e+01 
655 698.11 3.94748122e+02 1.18424437e+01 
656 698.90 3.92673616e+02 1.17802085e+01 
657 699.68 3.90704946e+02 1.17211484e+01 
658 700.47 3.88196004e+02 1.16458801e+01 
659 701.26 3.85835440e+02 1.15750632e+01 
660 702.05 3.84285148e+02 1.15285544e+01 
661 702.84 3.84341438e+02 1.15302431e+01 
662 703.63 3.85874981e+02 1.15762494e+01 
663 704.42 3.87699560e+02 1.16309868e+01 
664 705.21 3.87658404e+02 1.16297521e+01 
665 706.00 3.86180175e+02 1.15854052e+01 
666 706.79 3.84753687e+02 1.15426106e+01 
667 707.58 3.83820415e+02 1.15146124e+01 
668 708.37 3.81943052e+02 1.14582916e+01 
669 709.15 3.80182364e+02 1.14054709e+01 
670 709.94 3.80136015e+02 1.14040805e+01 
671 710.73 3.79704857e+02 1.13911457e+01 
672 711.52 3.77305302e+02 1.13191590e+01 
673 712.31 3.74892509e+02 1.12467753e+01 
674 713.10 3.74037645e+02 1.12211294e+01 
675 713.88 3.73586378e+02 1.12075914e+01 
676 714.67 3.71818671e+02 1.11545601e+01 
677 715.46 3.67638472e+02 1.10291542e+01 
678 716.25 3.59609379e+02 1.07882814e+01 
679 717.04 3.47942338e+02 1.04382701e+01 
680 717.83 3.35556104e+02 1.00666831e+01 
681 718.61 3.26346195e+02 9.79038585e+00 
682 719.40 3.24124583e+02 9.72373748e+00 
683 720.19 3.29144923e+02 9.87434770e+00 
684 720.98 3.39471270e+02 1.01841381e+01 
685 721.76 3.48566968e+02 1.04570090e+01 
686 722.55 3.48292120e+02 1.04487636e+01 
687 723.34 3.41498747e+02 1.02449624e+01 
688 724.13 3.36072855e+02 1.00821857e+01 
689 724.91 3.35141068e+02 1.00542320e+01 
690 725.70 3.36015298e+02 1.00804589e+01 
691 726.49 3.36472333e+02 1.00941700e+01 
692 727.28 3.34994058e+02 1.00498217e+01 
693 728.06 3.32393127e+02 9.97179381e+00 
694 728.85 3.30209394e+02 9.90628183e+00 
695 729.64 3.31185544e+02 9.93556631e+00 
696 730.42 3.33974116e+02 1.00192235e+01 
697 731.21 3.36187804e+02 1.00856341e+01 
698 732.00 3.38991067e+02 1.01697320e+01 
699 732.78 3.41524049e+02 1.02457215e+01 
700 733.57 3.44174957e+02 1.03252487e+01 
701 734.36 3.45028520e+02 1.03508556e+01 
702 735.15 3.43027226e+02 1.02908168e+01 
703 735.93 3.40500626e+02 1.02150188e+01 
704 736.72 3.39490691e+02 1.01847207e+01 
705 737.51 3.38886018e+02 1.01665805e+01 
706 738.29 3.36284045e+02 1.00885213e+01 
707 739.08 3.33565332e+02 1.00069600e+01 
708 739.86 3.32666846e+02 9.98000539e+00 
709 740.65 3.30480246e+02 9.91440738e+00 
710 741.44 3.28238839e+02 9.84716517e+00 
711 742.22 3.29069384e+02 9.87208151e+00 
712 743.01 3.31461149e+02 9.94383446e+00 
713 743.79 3.31430376e+02 9.94291128e+00 
714 744.58 3.29338563e+02 9.88015688e+00 
715 745.37 3.28909235e+02 9.86727704e+00 
716 746.15 3.28586225e+02 9.85758674e+00 
717 746.94 3.27430085e+02 9.82290255e+00 
718 747.72 3.25426760e+02 9.76280280e+00 
719 748.51 3.22506821e+02 9.67520463e+00 
720 749.29 3.19986496e+02 9.59959487e+00 
721 750.08 3.18140148e+02 9.54420444e+00 
722 750.86 3.16149106e+02 9.48447318e+00 
723 751.65 3.14441402e+02 9.43324206e+00 
724 752.43 3.13654663e+02 9.40963989e+00 
725 753.22 3.13717454e+02 9.41152363e+00 
726 754.00 3.14009333e+02 9.42028000e+00 
727 754.79 3.11873977e+02 9.35621931e+00 
728 755.57 3.08822208e+02 9.26466625e+00 
729 756.36 3.06800055e+02 9.20400166e+00 
730 757.14 3.05435795e+02 9.16307384e+00 
731 757.93 3.00438071e+02 9.01314212e+00 
732 758.71 2.77533583e+02 8.32600750e+00 
733 759.49 2.22076653e+02 6.66229960e+00 
734 760.28 1.69683029e+02 5.09049086e+00 
735 761.06 1.69181026e+02 5.07543078e+00 
736 761.85 1.94184374e+02 5.82553122e+00 
737 762.63 2.06235661e+02 6.18706982e+00 
738 763.41 2.09677373e+02 6.29032119e+00 
739 764.20 2.19395658e+02 6.58186974e+00 
740 764.98 2.33545914e+02 7.00637741e+00 
741 765.77 2.46831796e+02 7.40495387e+00 
742 766.55 2.59220244e+02 7.77660732e+00 
743 767.33 2.71018769e+02 8.13056307e+00 
744 768.12 2.78717289e+02 8.36151868e+00 
745 768.90 2.82077868e+02 8.46233605e+00 
746 769.68 2.83460475e+02 8.50381426e+00 
747 770.47 2.84070953e+02 8.52212859e+00 
748 771.25 2.83512055e+02 8.50536166e+00 
749 772.03 2.83019391e+02 8.49058172e+00 
750 772.82 2.83542303e+02 8.50626908e+00 
751 773.60 2.82980560e+02 8.48941679e+00 
752 774.38 2.80429799e+02 8.41289396e+00 
753 775.17 2.78761562e+02 8.36284685e+00 
754 775.95 2.78994341e+02 8.36983022e+00 
755 776.73 2.78286306e+02 8.34858919e+00 
756 777.51 2.76491785e+02 8.29475354e+00 
757 778.30 2.75328780e+02 8.25986339e+00 
758 779.08 2.74095005e+02 8.22285015e+00 
759 779.86 2.72904657e+02 8.18713972e+00 
760 780.64 2.72572406e+02 8.17717217e+00 
761 781.43 2.73497179e+02 8.20491537e+00 
762 782.21 2.73643932e+02 8.20931796e+00 
763 782.99 2.71285218e+02 8.13855653e+00 
764 783.77 2.70099449e+02 8.10298346e+00 
765 784.55 2.70160333e+02 8.10480999e+00 
766 785.34 2.70084172e+02 8.10252517e+00 
767 786.12 2.69794753e+02 8.09384260e+00 
768 786.90 2.68754332e+02 8.06262996e+00 
769 787.68 2.66668268e+02 8.00004805e+00 
770 788.46 2.64246765e+02 7.92740296e+00 
771 789.24 2.62257094e+02 7.86771283e+00 
772 790.03 2.60744200e+02 7.82232601e+00 
773 790.81 2.59253890e+02 7.77761671e+00 
774 791.59 2.56542289e+02 7.69626868e+00 
775 792.37 2.53297969e+02 7.59893907e+00 
776 793.15 2.50830871e+02 7.52492614e+00 
777 793.93 2.49891226e+02 7.49673679e+00 
778 794.71 2.50267885e+02 7.50803655e+00 
779 795.49 2.50463627e+02 7.51390882e+00 
780 796.27 2.50135808e+02 7.50407423e+00 
781 797.05 2.50706404e+02 7.52119212e+00 
782 797.83 2.50786080e+02 7.52358239e+00 
783 798.62 2.49254253e+02 7.47762760e+00 
784 799.40 2.46879080e+02 7.40637240e+00 
785 800.18 2.44184266e+02 7.32552799e+00 
786 800.96 2.42330061e+02 7.26990182e+00 
787 801.74 2.41915513e+02 7.25746538e+00 
788 802.52 2.41934039e+02 7.25802117e+00 
789 803.30 2.41180627e+02 7.23541880e+00 
790 804.08 2.38610675e+02 7.15832024e+00 
791 804.86 2.35273573e+02 7.05820720e+00 
792 805.64 2.33804794e+02 7.01414382e+00 
793 806.41 2.34516608e+02 7.03549825e+00 
794 807.20 2.35011961e+02 7.05035883e+00 
795 807.97 2.32737841e+02 6.98213522e+00 
796 808.75 2.28620676e+02 6.85862027e+00 
797 809.53 2.25816611e+02 6.77449834e+00 
798 810.31 2.26277171e+02 6.78831513e+00 
799 811.09 2.27712886e+02 6.83138657e+00 
800 811.87 2.26901696e+02 6.80705088e+00 
801 812.65 2.23025220e+02 6.69075659e+00 
802 813.43 2.17285696e+02 6.51857089e+00 
803 814.21 2.11039017e+02 6.33117052e+00 
804 814.99 2.06476489e+02 6.19429466e+00 
805 815.76 2.03576128e+02 6.10728384e+00 
806 816.54 2.01959154e+02 6.05877463e+00 
807 817.32 2.00437561e+02 6.01312684e+00 
808 818.10 1.98680328e+02 5.96040985e+00 
809 818.88 1.97815678e+02 5.93447035e+00 
810 819.66 1.98712848e+02 5.96138543e+00 
811 820.43 2.01352217e+02 6.04056650e+00 
812 821.21 2.02327783e+02 6.06983348e+00 
813 821.99 1.97351005e+02 5.92053015e+00 
814 822.77 1.90943253e+02 5.72829760e+00 
815 823.55 1.90161943e+02 5.70485829e+00 
816 824.32 1.94357903e+02 5.83073709e+00 
817 825.10 1.99558802e+02 5.98676405e+00 
818 825.88 2.02306038e+02 6.06918113e+00 
819 826.66 2.00935580e+02 6.02806739e+00 
820 827.43 1.97332135e+02 5.91996406e+00 
821 828.21 1.93788396e+02 5.81365189e+00 
822 828.99 1.92341395e+02 5.77024185e+00 
823 829.76 1.93087764e+02 5.79263291e+00 
824 830.54 1.94257135e+02 5.82771404e+00 
825 831.32 1.93539655e+02 5.80618966e+00 
826 832.10 1.91363574e+02 5.74090722e+00 
827 832.87 1.88739528e+02 5.66218584e+00 
828 833.65 1.88157777e+02 5.64473331e+00 
829 834.42 1.90586172e+02 5.71758517e+00 
830 835.20 1.94284033e+02 5.82852099e+00 
831 835.98 1.96014393e+02 5.88043179e+00 
832 836.75 1.95040363e+02 5.85121089e+00 
833 837.53 1.92371301e+02 5.77113902e+00 
834 838.30 1.90805006e+02 5.72415019e+00 
835 839.08 1.91441382e+02 5.74324147e+00 
836 839.86 1.93266965e+02 5.79800894e+00 
837 840.63 1.93817923e+02 5.81453768e+00 
838 841.41 1.92073932e+02 5.76221795e+00 
839 842.18 1.88853118e+02 5.66559353e+00 
840 842.96 1.85800317e+02 5.57400951e+00 
841 843.74 1.84716594e+02 5.54149783e+00 
842 844.51 1.85768357e+02 5.57305070e+00 
843 845.28 1.87247099e+02 5.61741298e+00 
844 846.06 1.87728401e+02 5.63185203e+00 
845 846.84 1.85799461e+02 5.57398382e+00 
846 847.61 1.81805235e+02 5.45415704e+00 
847 848.38 1.77511383e+02 5.32534149e+00 
848 849.16 1.75331435e+02 5.25994306e+00 
849 849.93 1.74509049e+02 5.23527148e+00 
850 850.71 1.74471710e+02 5.23415129e+00 
851 851.48 1.72895789e+02 5.18687368e+00 
852 852.26 1.68806259e+02 5.06418776e+00 
853 853.03 1.63594344e+02 4.90783033e+00 
854 853.81 1.59485993e+02 4.78457978e+00 
855 854.58 1.59097436e+02 4.77292308e+00 
856 855.35 1.62549663e+02 4.87648990e+00 
857 856.13 1.67366364e+02 5.02099091e+00 
858 856.90 1.69893953e+02 5.09681860e+00 
859 857.68 1.69340510e+02 5.08021531e+00 
860 858.45 1.67392897e+02 5.02178690e+00 
861 859.22 1.65751038e+02 4.97253113e+00 
862 860.00 1.65806035e+02 4.97418104e+00 
863 860.77 1.67153960e+02 5.01461881e+00 
864 861.54 1.67673011e+02 5.03019033e+00 
865 862.32 1.66623038e+02 4.99869115e+00 
866 863.09 1.64161762e+02 4.92485285e+00 
867 863.86 1.59822638e+02 4.79467913e+00 
868 864.63 1.56100624e+02 4.68301873e+00 
869 865.41 1.53469659e+02 4.60408976e+00 
870 866.18 1.52330922e+02 4.56992767e+00 
871 866.95 1.52445938e+02 4.57337813e+00 
872 867.73 1.53181028e+02 4.59543084e+00 
873 868.50 1.53446931e+02 4.60340792e+00 
874 869.27 1.53204310e+02 4.59612929e+00 
875 870.04 1.53287961e+02 4.59863882e+00 
876 870.81 1.54438808e+02 4.63316424e+00 
877 871.59 1.55234163e+02 4.65702489e+00 
878 872.36 1.55418246e+02 4.66254739e+00 
879 873.13 1.54152956e+02 4.62458867e+00 
880 873.90 1.51659683e+02 4.54979048e+00 
881 874.67 1.48665788e+02 4.45997363e+00 
882 875.44 1.47105448e+02 4.41316344e+00 
883 876.22 1.47575264e+02 4.42725791e+00 
884 876.99 1.48556141e+02 4.45668424e+00 
885 877.76 1.49117731e+02 4.47353193e+00 
886 878.53 1.48237401e+02 4.44712204e+00 
887 879.30 1.45714584e+02 4.37143752e+00 
888 880.07 1.42956911e+02 4.28870732e+00 
889 880.84 1.41423334e+02 4.24270003e+00 
890 881.61 1.41709345e+02 4.25128036e+00 
891 882.38 1.42934446e+02 4.28803339e+00 
892 883.15 1.44471397e+02 4.33414190e+00 
893 883.92 1.44321006e+02 4.32963018e+00 
894 884.69 1.42417185e+02 4.27251554e+00 
895 885.46 1.39882960e+02 4.19648880e+00 
896 886.24 1.37562767e+02 4.12688301e+00 
897 887.01 1.36495840e+02 4.09487519e+00 
898 887.77 1.36751043e+02 4.10253128e+00 
899 888.55 1.37804462e+02 4.13413387e+00 
900 889.31 1.38608237e+02 4.15824712e+00 
901 890.08 1.37533183e+02 4.12599548e+00 
902 890.85 1.34825003e+02 4.04475010e+00 
903 891.62 1.31841938e+02 3.95525815e+00 
904 892.39 1.29196191e+02 3.87588573e+00 
905 893.16 1.27954049e+02 3.83862147e+00 
906 893.93 1.27359885e+02 3.82079654e+00 
907 894.70 1.26145493e+02 3.78436478e+00 
908 895.47 1.23413826e+02 3.70241478e+00 
909 896.24 1.19550040e+02 3.58650119e+00 
910 897.01 1.15344576e+02 3.46033729e+00 
911 897.77 1.12018877e+02 3.36056631e+00 
912 898.54 1.10369468e+02 3.31108403e+00 
913 899.31 1.09830443e+02 3.29491328e+00 
914 900.08 1.09767675e+02 3.29303024e+00 
915 900.85 1.10008135e+02 3.30024406e+00 
916 901.62 1.09933552e+02 3.29800657e+00 
917 902.38 1.09897528e+02 3.29692583e+00 
918 903.15 1.10239741e+02 3.30719223e+00 
919 903.92 1.10898920e+02 3.32696759e+00 
920 904.69 1.11436133e+02 3.34308400e+00 
921 905.46 1.11567496e+02 3.34702489e+00 
922 906.22 1.10849202e+02 3.32547607e+00 
923 906.99 1.08959520e+02 3.26878560e+00 
924 907.76 1.06402150e+02 3.19206450e+00 
925 908.52 1.03789403e+02 3.11368210e+00 
926 909.29 1.01900784e+02 3.05702351e+00 
927 910.06 1.01152131e+02 3.03456393e+00 
928 910.83 1.01200839e+02 3.03602518e+00 
929 911.59 1.01574845e+02 3.04724536e+00 
930 912.36 1.01563943e+02 3.04691829e+00 
931 913.13 1.00818992e+02 3.02456975e+00 
932 913.89 9.94797958e+01 2.98439388e+00 
933 914.66 9.79190355e+01 2.93757106e+00 
934 915.43 9.67263094e+01 2.90178928e+00 
935 916.19 9.62451437e+01 2.88735431e+00 
936 916.96 9.63712005e+01 2.89113601e+00 
937 917.72 9.68503863e+01 2.90551159e+00 
938 918.49 9.71730659e+01 2.91519198e+00 
939 919.26 9.71019928e+01 2.91305978e+00 
940 920.02 9.64498443e+01 2.89349533e+00 
941 920.79 9.53621047e+01 2.86086314e+00 
942 921.55 9.41275856e+01 2.82382757e+00 
943 922.32 9.31680370e+01 2.79504111e+00 
944 923.08 9.24935056e+01 2.77480517e+00 
945 923.85 9.20696875e+01 2.76209062e+00 
946 924.61 9.14878713e+01 2.74463614e+00 
947 925.38 9.04104104e+01 2.71231231e+00 
948 926.14 8.86115790e+01 2.65834737e+00 
949 926.91 8.59915478e+01 2.57974643e+00 
950 927.67 8.27516422e+01 2.48254927e+00 
951 928.44 7.91580070e+01 2.37474021e+00 
952 929.20 7.54434991e+01 2.26330497e+00 
953 929.97 7.17716341e+01 2.15314902e+00 
954 930.73 6.79819911e+01 2.03945973e+00 
955 931.50 6.42195943e+01 1.92658783e+00 
956 932.26 6.05042629e+01 1.81512789e+00 
957 933.02 5.70990532e+01 1.71297159e+00 
958 933.79 5.44943743e+01 1.63483123e+00 
959 934.55 5.28888471e+01 1.58666541e+00 
960 935.32 5.22877789e+01 1.56863337e+00 
961 936.08 5.25051609e+01 1.57515483e+00 
962 936.84 5.32684575e+01 1.59805373e+00 
963 937.61 5.42032046e+01 1.62609614e+00 
964 938.37 5.50529336e+01 1.65158801e+00 
965 939.13 5.56952749e+01 1.67085825e+00 
966 939.89 5.60997610e+01 1.68299283e+00 
967 940.66 5.62335152e+01 1.68700546e+00 
968 941.42 5.61868835e+01 1.68560650e+00 
969 942.18 5.58128812e+01 1.67438643e+00 
970 942.95 5.51414281e+01 1.65424284e+00 
971 943.71 5.42624567e+01 1.62787370e+00 
972 944.47 5.32776457e+01 1.59832937e+00 
973 945.23 5.23092358e+01 1.56927707e+00 
974 946.00 5.15794459e+01 1.54738338e+00 
975 946.76 5.12144572e+01 1.53643371e+00 
976 947.52 5.11677128e+01 1.53503138e+00 
977 948.28 5.14651438e+01 1.54395431e+00 
978 949.05 5.18319571e+01 1.55495871e+00 
979 949.81 5.21307292e+01 1.56392188e+00 
980 950.57 5.21408426e+01 1.56422528e+00 
981 951.33 5.18991493e+01 1.55697448e+00 
982 952.09 5.14577126e+01 1.54373138e+00 
983 952.85 5.10369621e+01 1.53110886e+00 
984 953.61 5.08115249e+01 1.52434575e+00 
985 954.38 5.08654403e+01 1.52596321e+00 
986 955.14 5.09928457e+01 1.52978537e+00 
987 955.90 5.11005102e+01 1.53301531e+00 
988 956.66 5.12136347e+01 1.53640904e+00 
989 957.42 5.11471044e+01 1.53441313e+00 
990 958.18 5.09542008e+01 1.52862602e+00 
991 958.94 5.08049184e+01 1.52414755e+00 
992 959.70 5.09090682e+01 1.52727205e+00 
993 960.46 5.12239235e+01 1.53671771e+00 
994 961.22 5.16917698e+01 1.55075309e+00 
995 961.98 5.22065575e+01 1.56619672e+00 
996 962.74 5.25548165e+01 1.57664449e+00 
997 963.50 5.27191485e+01 1.58157445e+00 
998 964.26 5.27097868e+01 1.58129360e+00 
999 965.02 5.26894594e+01 1.58068378e+00 
1000 965.78 5.28338850e+01 1.58501655e+00 
1001 966.54 5.31852259e+01 1.59555678e+00 
1002 967.30 5.37296354e+01 1.61188906e+00 
1003 968.06 5.42115994e+01 1.62634798e+00 
1004 968.82 5.43008075e+01 1.62902422e+00 
1005 969.58 5.40662983e+01 1.62198895e+00 
1006 970.34 5.37463918e+01 1.61239175e+00 
1007 971.10 5.34401405e+01 1.60320422e+00 
1008 971.86 5.31763799e+01 1.59529140e+00 
1009 972.62 5.30068197e+01 1.59020459e+00 
1010 973.38 5.26770240e+01 1.58031072e+00 
1011 974.14 5.20894902e+01 1.56268471e+00 
1012 974.89 5.14495823e+01 1.54348747e+00 
1013 975.65 5.08335810e+01 1.52500743e+00 
1014 976.41 5.03620428e+01 1.51086128e+00 
1015 977.17 5.02000648e+01 1.50600194e+00 
1016 977.93 5.01626934e+01 1.50488080e+00 
1017 978.69 5.00562348e+01 1.50168705e+00 
1018 979.45 4.97544497e+01 1.49263349e+00 
1019 980.20 4.93494084e+01 1.48048225e+00 
1020 980.96 4.90609065e+01 1.47182720e+00 
1021 981.72 4.89773644e+01 1.46932093e+00 
1022 982.48 4.89444608e+01 1.46833382e+00 
1023 983.24 4.87195469e+01 1.46158641e+00 
1024 983.99 4.82019935e+01 1.44605981e+00 
1025 984.75 4.76621908e+01 1.42986573e+00 
1026 985.51 4.74157378e+01 1.42247213e+00 
1027 986.26 4.72713837e+01 1.41814151e+00 
1028 987.02 4.69073807e+01 1.40722142e+00 
1029 987.78 4.62644306e+01 1.38793292e+00 
1030 988.54 4.55574700e+01 1.36672410e+00 
1031 989.29 4.51619500e+01 1.35485850e+00 
1032 990.05 4.48851635e+01 1.34655490e+00 
1033 990.81 4.42539515e+01 1.32761854e+00 
1034 991.56 4.33974103e+01 1.30192231e+00 
1035 992.32 4.27482174e+01 1.28244652e+00 
1036 993.08 4.21562963e+01 1.26468889e+00 
1037 993.83 4.13290854e+01 1.23987256e+00 
1038 994.59 4.03416888e+01 1.21025066e+00 
1039 995.35 3.95527482e+01 1.18658245e+00 
1040 996.10 2.53001503e+00 7.59004509e-02 
1041 996.86 1.42066094e-01 4.26198283e-03 
1042 997.62 8.13190558e-02 2.43957167e-03 
1043 998.37 8.01561612e-02 2.40468484e-03 
