% C0 (TOA Count Rate, /ms) for 4STAR VIS spectrometer (1044 channels) derived from 4STAR_20160902starsun.mat and recorded on 2017-05-23 19:38:21.
% Using the MLO from September 2016 high altitude AOD for stratospheric AOD component, calculating the c0 from the AOD at low airmass. 
Pix Wavelength C0 C0err
0 173.18 0.00000000e+00 0.00000000e+00 
1 173.98 -1.00000000e+00 0.00000000e+00 
2 174.77 -1.00000000e+00 0.00000000e+00 
3 175.56 -1.00000000e+00 0.00000000e+00 
4 176.36 -1.00000000e+00 0.00000000e+00 
5 177.15 -1.00000000e+00 0.00000000e+00 
6 177.94 -1.00000000e+00 0.00000000e+00 
7 178.74 -1.00000000e+00 0.00000000e+00 
8 179.53 -1.00000000e+00 0.00000000e+00 
9 180.33 -1.00000000e+00 0.00000000e+00 
10 181.12 -1.00000000e+00 0.00000000e+00 
11 181.92 -1.00000000e+00 0.00000000e+00 
12 182.71 -1.00000000e+00 0.00000000e+00 
13 183.51 -1.00000000e+00 0.00000000e+00 
14 184.30 -1.00000000e+00 0.00000000e+00 
15 185.10 -1.00000000e+00 0.00000000e+00 
16 185.89 -1.00000000e+00 0.00000000e+00 
17 186.69 -1.00000000e+00 0.00000000e+00 
18 187.49 -1.00000000e+00 0.00000000e+00 
19 188.28 -1.00000000e+00 0.00000000e+00 
20 189.08 -1.00000000e+00 0.00000000e+00 
21 189.88 -1.00000000e+00 0.00000000e+00 
22 190.67 -1.00000000e+00 0.00000000e+00 
23 191.47 -1.00000000e+00 0.00000000e+00 
24 192.27 -1.00000000e+00 0.00000000e+00 
25 193.07 -1.00000000e+00 0.00000000e+00 
26 193.86 -1.00000000e+00 0.00000000e+00 
27 194.66 -1.00000000e+00 0.00000000e+00 
28 195.46 -1.00000000e+00 0.00000000e+00 
29 196.26 -1.00000000e+00 0.00000000e+00 
30 197.05 -1.00000000e+00 0.00000000e+00 
31 197.85 -1.00000000e+00 0.00000000e+00 
32 198.65 -1.00000000e+00 0.00000000e+00 
33 199.45 -1.00000000e+00 0.00000000e+00 
34 200.25 -1.00000000e+00 0.00000000e+00 
35 201.05 -1.00000000e+00 0.00000000e+00 
36 201.85 -1.00000000e+00 0.00000000e+00 
37 202.65 -1.00000000e+00 0.00000000e+00 
38 203.44 -1.00000000e+00 0.00000000e+00 
39 204.24 -1.00000000e+00 0.00000000e+00 
40 205.04 -1.00000000e+00 0.00000000e+00 
41 205.84 -1.00000000e+00 0.00000000e+00 
42 206.64 -1.00000000e+00 0.00000000e+00 
43 207.44 -1.00000000e+00 0.00000000e+00 
44 208.24 -1.00000000e+00 0.00000000e+00 
45 209.04 -1.00000000e+00 0.00000000e+00 
46 209.84 -1.00000000e+00 0.00000000e+00 
47 210.64 -1.00000000e+00 0.00000000e+00 
48 211.44 -1.00000000e+00 -1.00000000e+00 
49 212.24 -1.00000000e+00 -1.00000000e+00 
50 213.04 8.43743248e+35 -1.00000000e+00 
51 213.85 1.01268467e+35 -1.00000000e+00 
52 214.65 1.27032443e+34 -1.00000000e+00 
53 215.45 1.53844704e+33 -1.00000000e+00 
54 216.25 1.84705838e+32 -1.00000000e+00 
55 217.05 2.30367972e+31 -1.00000000e+00 
56 217.85 2.82352453e+30 -1.00000000e+00 
57 218.65 3.49348810e+29 -1.00000000e+00 
58 219.46 4.34906152e+28 -1.00000000e+00 
59 220.26 5.34345153e+27 -1.00000000e+00 
60 221.06 6.64284299e+26 -1.00000000e+00 
61 221.86 8.27964122e+25 -1.00000000e+00 
62 222.66 1.02504060e+25 -1.00000000e+00 
63 223.47 1.27157168e+24 -1.00000000e+00 
64 224.27 1.56940593e+23 -1.00000000e+00 
65 225.07 1.93609523e+22 -1.00000000e+00 
66 225.87 2.49673624e+21 -1.00000000e+00 
67 226.68 3.15866258e+20 -1.00000000e+00 
68 227.48 4.11020932e+19 -1.00000000e+00 
69 228.28 6.21943205e+18 4.94083967e+17 
70 229.08 1.33180655e+18 1.07900754e+17 
71 229.89 5.36419803e+17 4.34614097e+16 
72 230.69 5.07642079e+17 3.86603922e+16 
73 231.49 1.25679704e+18 1.05372324e+17 
74 232.30 6.51507973e+18 5.63302794e+17 
75 233.10 5.27636763e+19 -1.00000000e+00 
76 233.90 5.19019380e+20 -1.00000000e+00 
77 234.71 5.59222437e+21 -1.00000000e+00 
78 235.51 6.29011230e+22 -1.00000000e+00 
79 236.32 7.26876440e+23 -1.00000000e+00 
80 237.12 8.34739035e+24 -1.00000000e+00 
81 237.92 9.93172978e+25 -1.00000000e+00 
82 238.73 1.17091859e+27 -1.00000000e+00 
83 239.53 1.39137834e+28 -1.00000000e+00 
84 240.34 1.59332570e+29 -1.00000000e+00 
85 241.14 1.71796338e+30 -1.00000000e+00 
86 241.94 1.66197984e+31 -1.00000000e+00 
87 242.75 1.50544089e+32 -1.00000000e+00 
88 243.55 1.32912825e+33 -1.00000000e+00 
89 244.36 1.01234063e+34 -1.00000000e+00 
90 245.16 7.03362224e+34 -1.00000000e+00 
91 245.97 4.42372901e+35 -1.00000000e+00 
92 246.77 -1.00000000e+00 -1.00000000e+00 
93 247.58 -1.00000000e+00 -1.00000000e+00 
94 248.38 -1.00000000e+00 -1.00000000e+00 
95 249.19 -1.00000000e+00 -1.00000000e+00 
96 249.99 -1.00000000e+00 0.00000000e+00 
97 250.80 -1.00000000e+00 0.00000000e+00 
98 251.60 -1.00000000e+00 0.00000000e+00 
99 252.41 -1.00000000e+00 0.00000000e+00 
100 253.21 -1.00000000e+00 0.00000000e+00 
101 254.02 -1.00000000e+00 0.00000000e+00 
102 254.82 -1.00000000e+00 0.00000000e+00 
103 255.63 -1.00000000e+00 0.00000000e+00 
104 256.44 -1.00000000e+00 0.00000000e+00 
105 257.24 -1.00000000e+00 0.00000000e+00 
106 258.05 -1.00000000e+00 0.00000000e+00 
107 258.85 -1.00000000e+00 0.00000000e+00 
108 259.66 -1.00000000e+00 0.00000000e+00 
109 260.46 -1.00000000e+00 -1.00000000e+00 
110 261.27 -1.00000000e+00 -1.00000000e+00 
111 262.08 -1.00000000e+00 -1.00000000e+00 
112 262.88 1.08829911e+36 -1.00000000e+00 
113 263.69 1.65919202e+35 -1.00000000e+00 
114 264.49 2.64209309e+34 -1.00000000e+00 
115 265.30 3.59842213e+33 -1.00000000e+00 
116 266.11 3.86738116e+32 -1.00000000e+00 
117 266.91 3.75236019e+31 -1.00000000e+00 
118 267.72 3.14467386e+30 -1.00000000e+00 
119 268.53 2.17080878e+29 -1.00000000e+00 
120 269.33 1.70822682e+28 -1.00000000e+00 
121 270.14 1.51639984e+27 -1.00000000e+00 
122 270.95 1.28499097e+26 -1.00000000e+00 
123 271.75 9.70184830e+24 -1.00000000e+00 
124 272.56 6.72603093e+23 -1.00000000e+00 
125 273.37 4.14852367e+22 -1.00000000e+00 
126 274.17 2.50622899e+21 -1.00000000e+00 
127 274.98 1.80787595e+20 -1.00000000e+00 
128 275.79 1.41220768e+19 1.12820043e+18 
129 276.59 1.26306027e+18 9.39046839e+16 
130 277.40 1.14661943e+17 8.83503603e+15 
131 278.21 1.01938418e+16 6.87879076e+14 
132 279.01 9.68298565e+14 5.86003996e+13 
133 279.82 9.67973305e+13 6.49051714e+12 
134 280.63 9.78495891e+12 6.13420958e+11 
135 281.43 1.02232909e+12 5.97880095e+10 
136 282.24 1.31509387e+11 6.93736243e+09 
137 283.05 1.99616573e+10 1.08225894e+09 
138 283.86 3.33061581e+09 1.75874800e+08 
139 284.66 5.71081152e+08 3.00758220e+07 
140 285.47 1.05955376e+08 5.42240500e+06 
141 286.28 2.42792220e+07 1.31983500e+06 
142 287.09 6.00358250e+06 2.74537500e+05 
143 287.89 1.43805088e+06 7.22777734e+04 
144 288.70 4.04534219e+05 1.94371309e+04 
145 289.51 1.27524547e+05 5.59688965e+03 
146 290.32 4.48970078e+04 2.16774487e+03 
147 291.12 1.61447764e+04 7.53706421e+02 
148 291.93 6.24167871e+03 2.86525452e+02 
149 292.74 2.62777710e+03 1.14519272e+02 
150 293.55 1.21804919e+03 5.38875465e+01 
151 294.35 5.94562744e+02 2.28801537e+01 
152 295.16 3.07902863e+02 1.34281015e+01 
153 295.97 1.68902832e+02 6.88691330e+00 
154 296.78 9.68593826e+01 4.04561567e+00 
155 297.58 5.72529373e+01 2.44968915e+00 
156 298.39 3.66782570e+01 1.53327453e+00 
157 299.20 2.47536068e+01 9.90639925e-01 
158 300.01 1.73356571e+01 7.53618538e-01 
159 300.81 1.25389128e+01 5.08159935e-01 
160 301.62 9.37315464e+00 3.76725137e-01 
161 302.43 7.24972010e+00 2.95293212e-01 
162 303.24 5.65832806e+00 2.38788515e-01 
163 304.04 4.68531513e+00 1.85030177e-01 
164 304.85 3.83411789e+00 1.54662207e-01 
165 305.66 3.23632813e+00 1.31811112e-01 
166 306.47 2.75433302e+00 1.18939310e-01 
167 307.28 2.43684578e+00 9.01189372e-02 
168 308.08 2.12773156e+00 9.26511586e-02 
169 308.89 1.96529531e+00 7.48985261e-02 
170 309.70 1.78602839e+00 6.87963068e-02 
171 310.51 1.60512197e+00 6.66749924e-02 
172 311.32 1.51259792e+00 5.49557470e-02 
173 312.12 1.38513231e+00 5.52361570e-02 
174 312.93 1.31181061e+00 4.39965948e-02 
175 313.74 1.25240910e+00 5.11012636e-02 
176 314.55 1.17674446e+00 4.76285592e-02 
177 315.36 1.15249622e+00 4.34477925e-02 
178 316.16 1.12964439e+00 4.61592302e-02 
179 316.97 1.10447598e+00 4.06033397e-02 
180 317.78 1.09200692e+00 4.22614254e-02 
181 318.59 1.06136715e+00 4.06979546e-02 
182 319.40 1.05818260e+00 3.80346812e-02 
183 320.20 1.05768013e+00 3.48009542e-02 
184 321.01 1.05109680e+00 3.70010585e-02 
185 321.82 1.05967295e+00 3.69227715e-02 
186 322.63 1.06636727e+00 3.73971649e-02 
187 323.43 1.05089664e+00 3.09252515e-02 
188 324.24 1.05848491e+00 3.50727439e-02 
189 325.05 1.07890904e+00 3.13211717e-02 
190 325.86 1.10338175e+00 3.22456844e-02 
191 326.67 1.10429370e+00 3.21970694e-02 
192 327.48 1.12562358e+00 3.38907503e-02 
193 328.28 1.15576065e+00 2.97887921e-02 
194 329.09 1.17385447e+00 3.31249163e-02 
195 329.90 1.21172702e+00 3.33684087e-02 
196 330.71 1.28338790e+00 3.25138383e-02 
197 331.52 1.34520793e+00 3.28502692e-02 
198 332.32 1.51190019e+00 3.25203314e-02 
199 333.13 1.78810668e+00 3.21911313e-02 
200 333.94 2.28027010e+00 3.47709879e-02 
201 334.75 3.06027794e+00 4.27212380e-02 
202 335.55 4.11753464e+00 4.52035293e-02 
203 336.36 5.61533689e+00 4.43189554e-02 
204 337.17 7.95786285e+00 5.26437797e-02 
205 337.98 1.11913080e+01 6.16133437e-02 
206 338.79 1.49746313e+01 7.73616657e-02 
207 339.60 1.92295494e+01 8.47706124e-02 
208 340.40 2.30112019e+01 1.01442315e-01 
209 341.21 2.61898994e+01 9.23251659e-02 
210 342.02 2.99409389e+01 1.05438225e-01 
211 342.83 3.32791252e+01 1.15146838e-01 
212 343.63 3.40790520e+01 1.09889723e-01 
213 344.44 3.53755379e+01 1.11247219e-01 
214 345.25 3.92700233e+01 1.21834032e-01 
215 346.06 4.29169312e+01 1.16750687e-01 
216 346.87 4.52682266e+01 1.19028024e-01 
217 347.67 4.69597244e+01 1.23198211e-01 
218 348.48 4.85620308e+01 1.24772735e-01 
219 349.29 5.14857903e+01 1.41973898e-01 
220 350.10 5.64808807e+01 1.38507977e-01 
221 350.90 5.97659874e+01 1.43458426e-01 
222 351.71 5.98692055e+01 1.36768505e-01 
223 352.52 6.10572968e+01 1.32696226e-01 
224 353.33 6.64490662e+01 1.49306983e-01 
225 354.14 7.30700455e+01 1.64285511e-01 
226 354.94 7.59150772e+01 1.65802971e-01 
227 355.75 7.44378052e+01 1.49004161e-01 
228 356.56 7.00365829e+01 1.53710067e-01 
229 357.37 6.57911530e+01 1.50475755e-01 
230 358.18 6.50598907e+01 1.50796950e-01 
231 358.98 7.31255951e+01 1.47568017e-01 
232 359.79 8.40899811e+01 1.73171401e-01 
233 360.60 8.53509140e+01 1.73836544e-01 
234 361.41 8.41248932e+01 1.68029025e-01 
235 362.21 8.86935501e+01 1.57521382e-01 
236 363.02 9.38685760e+01 1.63443089e-01 
237 363.83 9.69742661e+01 1.85575306e-01 
238 364.64 1.01863342e+02 2.01594785e-01 
239 365.44 1.11013367e+02 2.02207446e-01 
240 366.25 1.18831322e+02 1.96817994e-01 
241 367.06 1.19813591e+02 2.04342872e-01 
242 367.87 1.18009537e+02 1.94484308e-01 
243 368.67 1.19892334e+02 2.10477337e-01 
244 369.48 1.25021332e+02 2.09007114e-01 
245 370.29 1.26197121e+02 2.02958554e-01 
246 371.10 1.24780785e+02 1.90722167e-01 
247 371.90 1.21619072e+02 1.94514066e-01 
248 372.71 1.14887093e+02 1.84637144e-01 
249 373.52 1.08659531e+02 1.83146656e-01 
250 374.33 1.08363686e+02 1.92602724e-01 
251 375.13 1.16079788e+02 1.84149936e-01 
252 375.94 1.26486397e+02 1.97183177e-01 
253 376.75 1.37872498e+02 2.02662334e-01 
254 377.56 1.50630768e+02 2.36957639e-01 
255 378.36 1.53908417e+02 2.35873610e-01 
256 379.17 1.46156815e+02 2.09897071e-01 
257 379.98 1.43077026e+02 2.20862538e-01 
258 380.78 1.42557678e+02 2.13101104e-01 
259 381.59 1.29886215e+02 1.97709531e-01 
260 382.40 1.10704262e+02 1.87941685e-01 
261 383.20 1.02179596e+02 1.81766391e-01 
262 384.01 1.11013947e+02 1.90386549e-01 
263 384.82 1.25302299e+02 2.05272302e-01 
264 385.63 1.31230072e+02 2.11990520e-01 
265 386.43 1.32316559e+02 2.02040240e-01 
266 387.24 1.33104492e+02 2.22122312e-01 
267 388.05 1.35278580e+02 2.15731397e-01 
268 388.85 1.43373703e+02 2.07078412e-01 
269 389.66 1.56456543e+02 2.15329409e-01 
270 390.47 1.66767883e+02 2.45083854e-01 
271 391.27 1.66996506e+02 2.42440119e-01 
272 392.08 1.48554642e+02 2.13688567e-01 
273 392.89 1.20845024e+02 1.90640807e-01 
274 393.69 1.14959526e+02 1.80189595e-01 
275 394.50 1.36814850e+02 1.99691162e-01 
276 395.31 1.52130554e+02 2.12827504e-01 
277 396.11 1.41828613e+02 1.96454510e-01 
278 396.92 1.34972900e+02 2.05689549e-01 
279 397.73 1.59364944e+02 2.19213754e-01 
280 398.53 1.95917542e+02 2.58331001e-01 
281 399.34 2.19073364e+02 2.65064806e-01 
282 400.15 2.30268936e+02 2.80088723e-01 
283 400.95 2.38058365e+02 2.75860488e-01 
284 401.76 2.44162567e+02 2.88998395e-01 
285 402.57 2.45818619e+02 2.83211470e-01 
286 403.37 2.44252960e+02 2.87166685e-01 
287 404.18 2.43005234e+02 2.69422024e-01 
288 404.99 2.41813889e+02 2.75152832e-01 
289 405.79 2.40597092e+02 2.75015920e-01 
290 406.60 2.41478577e+02 2.83416778e-01 
291 407.40 2.47576447e+02 2.84179330e-01 
292 408.21 2.56677368e+02 2.90670961e-01 
293 409.02 2.59953613e+02 3.20831716e-01 
294 409.82 2.56989777e+02 3.03509742e-01 
295 410.63 2.60059387e+02 2.90377319e-01 
296 411.43 2.70834259e+02 3.16168636e-01 
297 412.24 2.77984589e+02 3.39316368e-01 
298 413.05 2.78654297e+02 3.30062389e-01 
299 413.85 2.78256317e+02 3.20997775e-01 
300 414.66 2.78516205e+02 2.84415066e-01 
301 415.46 2.79271606e+02 3.02418351e-01 
302 416.27 2.78952881e+02 3.15924257e-01 
303 417.08 2.75167572e+02 3.08639020e-01 
304 417.88 2.70241791e+02 3.38276088e-01 
305 418.69 2.67944519e+02 3.21676284e-01 
306 419.49 2.68611481e+02 2.88444579e-01 
307 420.30 2.72044373e+02 3.35543990e-01 
308 421.11 2.74906494e+02 3.00772369e-01 
309 421.91 2.72738342e+02 3.03996593e-01 
310 422.72 2.68517456e+02 3.01433295e-01 
311 423.52 2.68512848e+02 3.02169263e-01 
312 424.33 2.71744812e+02 3.09873402e-01 
313 425.13 2.73984222e+02 2.89947838e-01 
314 425.94 2.74414246e+02 3.20584923e-01 
315 426.74 2.74480408e+02 2.76729465e-01 
316 427.55 2.74451630e+02 2.99899310e-01 
317 428.36 2.71161499e+02 3.25999796e-01 
318 429.16 2.60914215e+02 3.20950508e-01 
319 429.96 2.50734985e+02 3.05417597e-01 
320 430.77 2.58567017e+02 3.01189989e-01 
321 431.58 2.86060547e+02 3.37210596e-01 
322 432.38 3.14455811e+02 3.27705830e-01 
323 433.19 3.28672791e+02 3.67470771e-01 
324 433.99 3.36960419e+02 3.72110963e-01 
325 434.80 3.51287201e+02 3.56679052e-01 
326 435.60 3.70661896e+02 3.99069250e-01 
327 436.41 3.83805450e+02 4.11496073e-01 
328 437.21 3.84414673e+02 4.09743011e-01 
329 438.02 3.80176300e+02 3.50957334e-01 
330 438.82 3.82765015e+02 3.66201282e-01 
331 439.63 3.94414368e+02 3.88498038e-01 
332 440.43 4.11595032e+02 4.04837400e-01 
333 441.24 4.29349121e+02 4.26387519e-01 
334 442.04 4.45088013e+02 4.24030125e-01 
335 442.85 4.56318024e+02 4.08655107e-01 
336 443.65 4.62952393e+02 4.10308093e-01 
337 444.45 4.65318909e+02 4.57764030e-01 
338 445.26 4.65221497e+02 4.16778833e-01 
339 446.06 4.69233551e+02 4.52796727e-01 
340 446.87 4.80058197e+02 4.11130369e-01 
341 447.67 4.93838257e+02 4.55457360e-01 
342 448.48 5.04711975e+02 4.30421144e-01 
343 449.28 5.14912659e+02 4.55233574e-01 
344 450.09 5.25940918e+02 4.61081922e-01 
345 450.89 5.31859741e+02 4.67815608e-01 
346 451.70 5.27103882e+02 4.50836599e-01 
347 452.50 5.17280334e+02 4.68918920e-01 
348 453.30 5.12456543e+02 4.53149706e-01 
349 454.11 5.15280396e+02 4.44367409e-01 
350 454.91 5.23421570e+02 4.47476566e-01 
351 455.72 5.32210693e+02 4.60315168e-01 
352 456.52 5.39178589e+02 4.54769701e-01 
353 457.32 5.42047241e+02 4.85739022e-01 
354 458.13 5.40802429e+02 4.83399719e-01 
355 458.93 5.39914551e+02 5.04322767e-01 
356 459.74 5.43302185e+02 4.82359946e-01 
357 460.54 5.50528137e+02 4.85618562e-01 
358 461.34 5.58456848e+02 5.02880752e-01 
359 462.15 5.63580322e+02 4.93555158e-01 
360 462.95 5.63376892e+02 4.70582724e-01 
361 463.76 5.59604553e+02 5.06431520e-01 
362 464.56 5.55748352e+02 4.77364689e-01 
363 465.36 5.53072815e+02 5.13100803e-01 
364 466.17 5.51911011e+02 4.73802596e-01 
365 466.97 5.53023010e+02 5.18482268e-01 
366 467.77 5.55872192e+02 4.61584240e-01 
367 468.58 5.58916809e+02 4.68957603e-01 
368 469.38 5.59548157e+02 4.81659502e-01 
369 470.18 5.60587158e+02 4.98384476e-01 
370 470.99 5.66204407e+02 5.16782641e-01 
371 471.79 5.74620728e+02 4.70163912e-01 
372 472.59 5.82128540e+02 5.19450545e-01 
373 473.40 5.87519531e+02 5.59971690e-01 
374 474.20 5.90912903e+02 5.07912993e-01 
375 475.00 5.93151489e+02 4.83687460e-01 
376 475.81 5.95281311e+02 5.44438958e-01 
377 476.61 5.99105835e+02 4.90734816e-01 
378 477.41 6.05181885e+02 5.00961125e-01 
379 478.21 6.11182373e+02 4.58370119e-01 
380 479.02 6.15330872e+02 5.21361351e-01 
381 479.82 6.17729309e+02 5.24957478e-01 
382 480.62 6.20565857e+02 5.47150195e-01 
383 481.43 6.21852783e+02 5.17724812e-01 
384 482.23 6.20736328e+02 5.31165302e-01 
385 483.03 6.16246277e+02 5.12610018e-01 
386 483.84 6.05865601e+02 5.12949109e-01 
387 484.64 5.86268188e+02 5.06294370e-01 
388 485.44 5.63478271e+02 5.05217910e-01 
389 486.24 5.50790344e+02 4.68983650e-01 
390 487.04 5.53934509e+02 4.62708771e-01 
391 487.85 5.69892822e+02 4.72495914e-01 
392 488.65 5.88926636e+02 5.26261806e-01 
393 489.45 6.01722168e+02 5.24957299e-01 
394 490.26 6.05891357e+02 4.94171739e-01 
395 491.06 6.03963196e+02 4.80529934e-01 
396 491.86 6.00274658e+02 5.07020652e-01 
397 492.66 6.00382629e+02 4.81750399e-01 
398 493.46 6.06525146e+02 5.00840127e-01 
399 494.27 6.13650940e+02 4.91702080e-01 
400 495.07 6.17576294e+02 5.02188146e-01 
401 495.87 6.19296326e+02 5.13286471e-01 
402 496.67 6.16897339e+02 4.80226517e-01 
403 497.48 6.12537964e+02 5.22169292e-01 
404 498.28 6.08234314e+02 5.28297067e-01 
405 499.08 6.02550537e+02 5.11494339e-01 
406 499.88 5.96325867e+02 5.02642512e-01 
407 500.68 5.91145508e+02 5.16955674e-01 
408 501.48 5.88755798e+02 5.18425345e-01 
409 502.29 5.90807312e+02 5.22586048e-01 
410 503.09 5.94995667e+02 5.31873345e-01 
411 503.89 6.00724182e+02 5.16495109e-01 
412 504.69 6.07234436e+02 5.07922769e-01 
413 505.49 6.12083862e+02 5.01027644e-01 
414 506.29 6.13138855e+02 5.34922957e-01 
415 507.09 6.10509033e+02 4.77788866e-01 
416 507.90 6.07374634e+02 4.61468041e-01 
417 508.70 6.06232971e+02 4.64122683e-01 
418 509.50 6.07031982e+02 5.06666899e-01 
419 510.30 6.08413818e+02 4.90410149e-01 
420 511.10 6.07414307e+02 4.87685710e-01 
421 511.90 6.03410522e+02 4.95191246e-01 
422 512.71 5.97009888e+02 4.99790967e-01 
423 513.51 5.89991211e+02 4.85713005e-01 
424 514.31 5.84098206e+02 4.85551447e-01 
425 515.11 5.74794678e+02 5.33474207e-01 
426 515.91 5.59941284e+02 4.71556544e-01 
427 516.71 5.45145203e+02 5.13224125e-01 
428 517.51 5.36727844e+02 4.90023494e-01 
429 518.31 5.40326843e+02 4.60588962e-01 
430 519.11 5.53335388e+02 4.39177245e-01 
431 519.91 5.66689697e+02 4.77692664e-01 
432 520.71 5.76637451e+02 4.75000143e-01 
433 521.52 5.80836853e+02 4.73522156e-01 
434 522.32 5.83297302e+02 4.96137500e-01 
435 523.12 5.87385132e+02 5.03444254e-01 
436 523.92 5.91248169e+02 4.94533181e-01 
437 524.72 5.90588379e+02 5.02936721e-01 
438 525.52 5.82230347e+02 4.74386215e-01 
439 526.32 5.72488892e+02 4.89607990e-01 
440 527.12 5.70714722e+02 4.79799747e-01 
441 527.92 5.78164795e+02 4.43851113e-01 
442 528.72 5.90978394e+02 4.96970087e-01 
443 529.52 6.02324341e+02 5.23005903e-01 
444 530.32 6.07244995e+02 4.94155943e-01 
445 531.12 6.04885010e+02 5.05957127e-01 
446 531.92 5.99192810e+02 5.28098047e-01 
447 532.72 5.93984314e+02 5.57558835e-01 
448 533.52 5.93289185e+02 5.12784421e-01 
449 534.32 5.97633850e+02 5.29396474e-01 
450 535.12 6.02073914e+02 5.35530746e-01 
451 535.92 6.02770874e+02 5.13706565e-01 
452 536.72 6.01152954e+02 5.12170911e-01 
453 537.52 5.98151855e+02 4.69883770e-01 
454 538.32 5.93809631e+02 5.19669175e-01 
455 539.12 5.88679565e+02 5.18417716e-01 
456 539.92 5.84148315e+02 4.89973336e-01 
457 540.72 5.82548950e+02 4.78459835e-01 
458 541.52 5.84359802e+02 4.87458557e-01 
459 542.32 5.88848938e+02 5.00782073e-01 
460 543.12 5.93290649e+02 4.97651547e-01 
461 543.92 5.96338440e+02 5.05443990e-01 
462 544.72 5.98302368e+02 5.34443796e-01 
463 545.52 5.98044495e+02 5.02373576e-01 
464 546.32 5.95289185e+02 5.43920875e-01 
465 547.12 5.92044312e+02 5.49168050e-01 
466 547.91 5.90082458e+02 5.16256869e-01 
467 548.71 5.89522156e+02 5.00811517e-01 
468 549.51 5.89861084e+02 5.20272970e-01 
469 550.31 5.89751099e+02 4.96557623e-01 
470 551.11 5.89200317e+02 5.08484721e-01 
471 551.91 5.88753784e+02 4.75694120e-01 
472 552.71 5.88821838e+02 4.67602253e-01 
473 553.51 5.90521973e+02 5.33913791e-01 
474 554.31 5.91601440e+02 4.67982411e-01 
475 555.10 5.90218933e+02 4.65283394e-01 
476 555.90 5.87200134e+02 4.74918097e-01 
477 556.70 5.82991821e+02 4.65644419e-01 
478 557.50 5.76662903e+02 4.86403257e-01 
479 558.30 5.71431030e+02 4.72685397e-01 
480 559.10 5.70630737e+02 4.57036793e-01 
481 559.90 5.71096191e+02 5.00098348e-01 
482 560.70 5.73583496e+02 4.72304285e-01 
483 561.49 5.78710510e+02 4.83866870e-01 
484 562.29 5.82297058e+02 5.23067117e-01 
485 563.09 5.83616455e+02 5.31349838e-01 
486 563.89 5.84413818e+02 4.85638350e-01 
487 564.69 5.83980713e+02 4.94201273e-01 
488 565.49 5.82848572e+02 5.12904584e-01 
489 566.29 5.82443665e+02 4.99140471e-01 
490 567.08 5.85298767e+02 4.79343325e-01 
491 567.88 5.88470947e+02 4.90642369e-01 
492 568.68 5.89385803e+02 5.08457959e-01 
493 569.48 5.88480896e+02 5.02088249e-01 
494 570.28 5.87264526e+02 4.61342663e-01 
495 571.07 5.90446594e+02 5.09284019e-01 
496 571.87 5.98348267e+02 5.08296847e-01 
497 572.67 6.06399109e+02 4.82117891e-01 
498 573.47 6.11176880e+02 4.70654726e-01 
499 574.26 6.09858215e+02 4.48977262e-01 
500 575.06 6.06508179e+02 5.18770576e-01 
501 575.86 6.03966492e+02 4.78916109e-01 
502 576.66 6.01002136e+02 5.10758698e-01 
503 577.45 5.98276611e+02 4.83608484e-01 
504 578.25 5.96131958e+02 4.58477557e-01 
505 579.05 5.94774658e+02 5.00244439e-01 
506 579.85 5.95398804e+02 4.71036375e-01 
507 580.65 5.97297424e+02 5.02854288e-01 
508 581.44 5.99196289e+02 4.86188948e-01 
509 582.24 6.00185303e+02 5.43267071e-01 
510 583.04 5.99997437e+02 4.88055676e-01 
511 583.83 5.96933777e+02 4.63709712e-01 
512 584.63 5.91775879e+02 4.88220215e-01 
513 585.43 5.87008179e+02 4.47717249e-01 
514 586.22 5.83699707e+02 4.99720544e-01 
515 587.02 5.79095886e+02 5.11408806e-01 
516 587.82 5.70126465e+02 4.45197910e-01 
517 588.62 5.60141663e+02 4.90540862e-01 
518 589.41 5.54819092e+02 4.70707983e-01 
519 590.21 5.56630615e+02 4.53445703e-01 
520 591.01 5.63500610e+02 5.05084038e-01 
521 591.80 5.69300415e+02 4.91570860e-01 
522 592.60 5.71125244e+02 4.73500043e-01 
523 593.40 5.70570068e+02 5.08554399e-01 
524 594.19 5.69419983e+02 4.49869275e-01 
525 594.99 5.68652161e+02 4.85070646e-01 
526 595.79 5.68407288e+02 4.54210281e-01 
527 596.58 5.67594666e+02 4.61632758e-01 
528 597.38 5.66244812e+02 5.02001286e-01 
529 598.18 5.64192810e+02 4.67909187e-01 
530 598.97 5.61807251e+02 4.66794252e-01 
531 599.77 5.59513184e+02 4.42845166e-01 
532 600.56 5.57363098e+02 4.80420053e-01 
533 601.36 5.55763977e+02 4.21248078e-01 
534 602.16 5.56897461e+02 4.79440749e-01 
535 602.95 5.59973328e+02 4.57589686e-01 
536 603.75 5.63544312e+02 4.45710629e-01 
537 604.54 5.65318542e+02 4.47484136e-01 
538 605.34 5.65042175e+02 4.76588339e-01 
539 606.14 5.63653198e+02 4.58681017e-01 
540 606.93 5.61696289e+02 5.09535968e-01 
541 607.73 5.59244934e+02 4.77556258e-01 
542 608.52 5.56391052e+02 4.57310796e-01 
543 609.32 5.53630310e+02 4.09126014e-01 
544 610.11 5.51989136e+02 4.29678708e-01 
545 610.91 5.51155762e+02 4.29295748e-01 
546 611.71 5.49477234e+02 5.00123739e-01 
547 612.50 5.47214600e+02 5.14219165e-01 
548 613.30 5.44845215e+02 5.00661969e-01 
549 614.09 5.42648315e+02 4.98353183e-01 
550 614.89 5.39512878e+02 4.67335284e-01 
551 615.68 5.36404053e+02 4.34221268e-01 
552 616.48 5.35625183e+02 4.80026484e-01 
553 617.27 5.37420593e+02 4.80182022e-01 
554 618.07 5.41385437e+02 5.03332376e-01 
555 618.86 5.45206116e+02 4.78045851e-01 
556 619.66 5.46969055e+02 4.48643535e-01 
557 620.45 5.46650513e+02 4.37836409e-01 
558 621.25 5.44783264e+02 4.77861404e-01 
559 622.04 5.41213684e+02 4.40624744e-01 
560 622.84 5.37071045e+02 4.45992559e-01 
561 623.63 5.33148682e+02 4.67832983e-01 
562 624.43 5.29625427e+02 4.20155466e-01 
563 625.22 5.28529236e+02 4.38561291e-01 
564 626.02 5.28596008e+02 4.88890201e-01 
565 626.81 5.29558777e+02 4.81616378e-01 
566 627.61 5.29563660e+02 4.38318431e-01 
567 628.40 5.27986206e+02 4.97744173e-01 
568 629.19 5.25498474e+02 4.76155967e-01 
569 629.99 5.23029663e+02 4.21938360e-01 
570 630.78 5.20494751e+02 4.39444304e-01 
571 631.58 5.19517273e+02 4.02741581e-01 
572 632.37 5.19076111e+02 4.05741125e-01 
573 633.17 5.18798462e+02 4.05764967e-01 
574 633.96 5.18375793e+02 3.92881423e-01 
575 634.76 5.17044983e+02 4.37888324e-01 
576 635.55 5.15670044e+02 4.44707960e-01 
577 636.34 5.15144958e+02 4.30986285e-01 
578 637.14 5.15405457e+02 4.12583321e-01 
579 637.93 5.14806946e+02 3.92556101e-01 
580 638.72 5.11516022e+02 3.79850954e-01 
581 639.52 5.06783051e+02 4.14066195e-01 
582 640.31 5.01916870e+02 4.33144182e-01 
583 641.11 4.98489166e+02 4.44901645e-01 
584 641.90 4.97235779e+02 5.16048074e-01 
585 642.69 4.96950409e+02 4.96830791e-01 
586 643.49 4.96056030e+02 4.35642630e-01 
587 644.28 4.94324219e+02 3.98920596e-01 
588 645.07 4.91658417e+02 4.42155570e-01 
589 645.87 4.89577911e+02 3.90838146e-01 
590 646.66 4.88307159e+02 4.26477790e-01 
591 647.45 4.86790222e+02 4.11190152e-01 
592 648.25 4.82970917e+02 4.40179884e-01 
593 649.04 4.78146240e+02 4.00043339e-01 
594 649.83 4.75887054e+02 4.58513409e-01 
595 650.63 4.76851410e+02 4.50295538e-01 
596 651.42 4.78418671e+02 4.21130180e-01 
597 652.21 4.77826080e+02 4.27491426e-01 
598 653.00 4.75532806e+02 4.40137714e-01 
599 653.80 4.69762451e+02 4.14757490e-01 
600 654.59 4.56149109e+02 4.05969530e-01 
601 655.38 4.36084442e+02 3.97610545e-01 
602 656.17 4.22486542e+02 3.66469026e-01 
603 656.97 4.25219727e+02 4.01301116e-01 
604 657.76 4.39539154e+02 4.33533043e-01 
605 658.55 4.51764740e+02 4.79217529e-01 
606 659.34 4.56885315e+02 4.37431872e-01 
607 660.14 4.59029572e+02 4.48805511e-01 
608 660.93 4.60826050e+02 4.16786969e-01 
609 661.72 4.61546082e+02 4.31201935e-01 
610 662.52 4.60445496e+02 3.90822291e-01 
611 663.31 4.58780304e+02 4.19996917e-01 
612 664.10 4.58231232e+02 4.03880060e-01 
613 664.89 4.58457520e+02 4.23138231e-01 
614 665.68 4.58277832e+02 3.82510215e-01 
615 666.47 4.57491516e+02 3.83325666e-01 
616 667.27 4.56905212e+02 3.93494546e-01 
617 668.06 4.57326660e+02 4.03070956e-01 
618 668.85 4.57497131e+02 3.97921920e-01 
619 669.64 4.56573792e+02 3.84654880e-01 
620 670.43 4.54650696e+02 3.83103490e-01 
621 671.23 4.52598572e+02 3.85370135e-01 
622 672.02 4.51874054e+02 3.47869217e-01 
623 672.81 4.52630341e+02 3.65195274e-01 
624 673.60 4.52948090e+02 4.16262895e-01 
625 674.39 4.52262054e+02 3.96900713e-01 
626 675.18 4.51433136e+02 4.22979027e-01 
627 675.97 4.50975555e+02 4.17384177e-01 
628 676.77 4.50790253e+02 3.94245595e-01 
629 677.56 4.50202545e+02 4.04202700e-01 
630 678.35 4.49336212e+02 4.11764860e-01 
631 679.14 4.48611389e+02 4.09920067e-01 
632 679.93 4.47646454e+02 4.07597214e-01 
633 680.72 4.46835754e+02 3.92093152e-01 
634 681.51 4.45928955e+02 3.92666787e-01 
635 682.30 4.44402374e+02 4.10485655e-01 
636 683.09 4.41283783e+02 3.56498867e-01 
637 683.88 4.37638153e+02 4.28306282e-01 
638 684.67 4.34112793e+02 3.95118654e-01 
639 685.46 4.26566345e+02 4.10588831e-01 
640 686.26 4.10797577e+02 4.02636528e-01 
641 687.04 3.94489532e+02 4.09435213e-01 
642 687.84 3.89469818e+02 4.18676078e-01 
643 688.63 3.93572571e+02 4.12653297e-01 
644 689.42 3.98078522e+02 4.12285805e-01 
645 690.21 4.01903992e+02 4.11181271e-01 
646 691.00 4.05731171e+02 4.30549145e-01 
647 691.79 4.09160522e+02 4.02131736e-01 
648 692.58 4.12182831e+02 3.72595996e-01 
649 693.37 4.13758575e+02 3.83154452e-01 
650 694.16 4.13526062e+02 3.49870235e-01 
651 694.95 4.11974243e+02 3.61546993e-01 
652 695.74 4.10651062e+02 4.29635733e-01 
653 696.53 4.08405243e+02 4.10437703e-01 
654 697.32 4.05020630e+02 3.93686891e-01 
655 698.10 4.02397766e+02 3.71077359e-01 
656 698.89 4.00781799e+02 4.30534095e-01 
657 699.68 3.97715607e+02 3.32783401e-01 
658 700.47 3.93297241e+02 3.50076675e-01 
659 701.26 3.89759796e+02 3.17816406e-01 
660 702.05 3.87957092e+02 3.54876727e-01 
661 702.84 3.87904755e+02 3.89253587e-01 
662 703.63 3.88828094e+02 3.67533535e-01 
663 704.42 3.89580139e+02 3.66795212e-01 
664 705.21 3.88613770e+02 3.48756462e-01 
665 706.00 3.87012207e+02 3.50752234e-01 
666 706.79 3.85769592e+02 3.16556633e-01 
667 707.58 3.84847351e+02 3.24931562e-01 
668 708.37 3.83030029e+02 3.34519565e-01 
669 709.15 3.81309509e+02 3.69697958e-01 
670 709.94 3.80764893e+02 3.69987935e-01 
671 710.73 3.79753571e+02 3.63009363e-01 
672 711.52 3.77467804e+02 3.44691038e-01 
673 712.31 3.75389130e+02 3.50304782e-01 
674 713.10 3.74348816e+02 3.42665017e-01 
675 713.88 3.73403473e+02 3.41776609e-01 
676 714.67 3.71629028e+02 3.39455247e-01 
677 715.46 3.69423187e+02 3.26673925e-01 
678 716.25 3.67261078e+02 3.47528905e-01 
679 717.04 3.64760223e+02 3.56814355e-01 
680 717.83 3.60565155e+02 3.63262206e-01 
681 718.61 3.55947205e+02 3.54165077e-01 
682 719.40 3.54151611e+02 3.36223990e-01 
683 720.19 3.54849396e+02 3.81365567e-01 
684 720.98 3.56676086e+02 3.57001483e-01 
685 721.76 3.58361206e+02 3.41990322e-01 
686 722.55 3.58650391e+02 3.61730814e-01 
687 723.34 3.58459106e+02 3.56542528e-01 
688 724.13 3.57971375e+02 3.36975515e-01 
689 724.92 3.57565338e+02 3.28115016e-01 
690 725.70 3.56934509e+02 3.55261087e-01 
691 726.49 3.56365631e+02 3.60924721e-01 
692 727.28 3.55270416e+02 3.45281541e-01 
693 728.06 3.52518341e+02 3.23879749e-01 
694 728.85 3.50044922e+02 3.34582657e-01 
695 729.64 3.51026886e+02 3.31914008e-01 
696 730.42 3.52716217e+02 2.93115675e-01 
697 731.21 3.53101135e+02 3.32378387e-01 
698 732.00 3.53111420e+02 3.29499871e-01 
699 732.78 3.52793335e+02 3.18935990e-01 
700 733.57 3.53306885e+02 3.25209141e-01 
701 734.36 3.52995575e+02 3.15670609e-01 
702 735.14 3.50949249e+02 3.31395745e-01 
703 735.93 3.48866577e+02 3.60996991e-01 
704 736.72 3.47709778e+02 3.71191651e-01 
705 737.51 3.45860809e+02 3.29955101e-01 
706 738.29 3.41989899e+02 3.32262456e-01 
707 739.08 3.39029816e+02 3.55388343e-01 
708 739.86 3.38002350e+02 3.24240416e-01 
709 740.65 3.35567352e+02 3.35973054e-01 
710 741.44 3.33313965e+02 3.20526212e-01 
711 742.22 3.33804962e+02 3.65138799e-01 
712 743.01 3.35150879e+02 3.59294534e-01 
713 743.79 3.34213654e+02 3.88044715e-01 
714 744.58 3.32159027e+02 3.35600644e-01 
715 745.37 3.32043518e+02 3.21302593e-01 
716 746.15 3.31795959e+02 3.48285615e-01 
717 746.94 3.30798401e+02 3.09717506e-01 
718 747.72 3.28989960e+02 3.42521667e-01 
719 748.51 3.26149841e+02 3.38322490e-01 
720 749.29 3.23313690e+02 3.03425133e-01 
721 750.08 3.21341919e+02 3.21722180e-01 
722 750.86 3.19559540e+02 2.91706055e-01 
723 751.65 3.18277649e+02 2.76898384e-01 
724 752.43 3.17450928e+02 2.90197939e-01 
725 753.22 3.17353424e+02 3.04912478e-01 
726 754.00 3.17250854e+02 3.28186482e-01 
727 754.79 3.15012024e+02 3.38169813e-01 
728 755.57 3.12460480e+02 3.13193887e-01 
729 756.36 3.10777557e+02 3.17679048e-01 
730 757.14 3.09237701e+02 3.48155797e-01 
731 757.93 3.03687836e+02 3.40187818e-01 
732 758.71 2.81491547e+02 3.47422808e-01 
733 759.49 2.31832886e+02 4.02554572e-01 
734 760.28 1.84742279e+02 5.14037371e-01 
735 761.06 1.81020248e+02 5.06181300e-01 
736 761.85 1.99797440e+02 4.24892515e-01 
737 762.63 2.06201889e+02 4.03938532e-01 
738 763.41 2.08803940e+02 3.93037200e-01 
739 764.20 2.20755554e+02 4.02699679e-01 
740 764.98 2.36099579e+02 3.87896001e-01 
741 765.77 2.49198257e+02 3.60338479e-01 
742 766.55 2.61491913e+02 3.20733726e-01 
743 767.33 2.72990173e+02 3.02089155e-01 
744 768.12 2.80093597e+02 3.20197523e-01 
745 768.90 2.82687195e+02 2.95514554e-01 
746 769.68 2.83185883e+02 2.76558906e-01 
747 770.47 2.82984222e+02 2.67515242e-01 
748 771.25 2.82139618e+02 2.80395925e-01 
749 772.03 2.82005493e+02 3.13373089e-01 
750 772.82 2.82784912e+02 3.27004194e-01 
751 773.60 2.82296967e+02 3.46371174e-01 
752 774.38 2.79809723e+02 3.31044167e-01 
753 775.17 2.78876282e+02 3.32585454e-01 
754 775.95 2.79812744e+02 3.01356375e-01 
755 776.73 2.79393707e+02 2.97305495e-01 
756 777.51 2.77681610e+02 3.12194079e-01 
757 778.30 2.76857147e+02 2.90752113e-01 
758 779.08 2.75819855e+02 3.11626017e-01 
759 779.86 2.74742279e+02 2.72821069e-01 
760 780.64 2.74617065e+02 2.70380825e-01 
761 781.43 2.75678528e+02 3.01210731e-01 
762 782.21 2.75390930e+02 2.86205471e-01 
763 782.99 2.72608765e+02 2.66507149e-01 
764 783.77 2.71191071e+02 2.77886361e-01 
765 784.55 2.70875641e+02 2.81828642e-01 
766 785.34 2.70550629e+02 2.65654743e-01 
767 786.12 2.70430817e+02 2.48325676e-01 
768 786.90 2.69802734e+02 2.73527086e-01 
769 787.68 2.68041321e+02 2.98349202e-01 
770 788.46 2.66429962e+02 2.92797208e-01 
771 789.24 2.65643829e+02 2.75091380e-01 
772 790.03 2.64613464e+02 2.60246933e-01 
773 790.81 2.62357025e+02 2.85105169e-01 
774 791.59 2.58685211e+02 2.71084487e-01 
775 792.37 2.55162155e+02 2.93468475e-01 
776 793.15 2.52532028e+02 2.70461470e-01 
777 793.93 2.51443710e+02 2.70025492e-01 
778 794.71 2.52268295e+02 2.75237560e-01 
779 795.49 2.53140167e+02 2.47662187e-01 
780 796.27 2.52980423e+02 2.73465246e-01 
781 797.05 2.53439667e+02 2.62583584e-01 
782 797.84 2.53545059e+02 2.44136617e-01 
783 798.61 2.51963943e+02 2.59627223e-01 
784 799.40 2.49840744e+02 2.66728938e-01 
785 800.18 2.48098572e+02 2.63717651e-01 
786 800.96 2.47100006e+02 2.74978369e-01 
787 801.74 2.46893265e+02 2.64344364e-01 
788 802.52 2.46590744e+02 2.60089874e-01 
789 803.30 2.45662903e+02 2.38652706e-01 
790 804.08 2.43327423e+02 2.41680175e-01 
791 804.86 2.40610535e+02 2.61627227e-01 
792 805.64 2.39865326e+02 2.45691463e-01 
793 806.42 2.40954865e+02 2.47218788e-01 
794 807.20 2.41271469e+02 2.51611173e-01 
795 807.97 2.38777908e+02 2.55128652e-01 
796 808.75 2.34792557e+02 2.20601559e-01 
797 809.53 2.32535919e+02 2.65439391e-01 
798 810.31 2.33386841e+02 2.64432162e-01 
799 811.09 2.35195908e+02 2.88137108e-01 
800 811.87 2.35279007e+02 2.70406157e-01 
801 812.65 2.33449539e+02 2.43256778e-01 
802 813.43 2.30516037e+02 2.57078022e-01 
803 814.21 2.27232620e+02 2.44073629e-01 
804 814.99 2.25460785e+02 2.36393556e-01 
805 815.76 2.24740204e+02 2.46353522e-01 
806 816.54 2.23947372e+02 2.48473823e-01 
807 817.32 2.21586609e+02 2.58286238e-01 
808 818.10 2.18146011e+02 2.66280383e-01 
809 818.88 2.15252228e+02 2.71446258e-01 
810 819.66 2.13651062e+02 2.80629992e-01 
811 820.43 2.14147247e+02 2.76736915e-01 
812 821.21 2.15296646e+02 2.59148717e-01 
813 821.99 2.13771301e+02 2.47193351e-01 
814 822.77 2.10733505e+02 2.51800179e-01 
815 823.55 2.09115585e+02 2.32488349e-01 
816 824.32 2.09113205e+02 2.21617147e-01 
817 825.10 2.10722900e+02 2.45057762e-01 
818 825.88 2.12204056e+02 2.36955345e-01 
819 826.66 2.11143600e+02 2.24086583e-01 
820 827.43 2.08607819e+02 2.20579162e-01 
821 828.21 2.06072556e+02 2.30697468e-01 
822 828.99 2.04947342e+02 2.18384668e-01 
823 829.76 2.05599319e+02 2.49036148e-01 
824 830.54 2.06524231e+02 2.46098891e-01 
825 831.32 2.05621979e+02 2.24455267e-01 
826 832.10 2.03080444e+02 2.34353274e-01 
827 832.87 1.99608246e+02 2.39076927e-01 
828 833.65 1.97973312e+02 2.37549439e-01 
829 834.42 1.99623459e+02 2.25789234e-01 
830 835.20 2.02582458e+02 2.25251332e-01 
831 835.98 2.03589386e+02 2.46719792e-01 
832 836.75 2.01986832e+02 2.35611081e-01 
833 837.53 1.98723618e+02 2.57458270e-01 
834 838.30 1.96617218e+02 2.44529977e-01 
835 839.08 1.96918411e+02 2.21110791e-01 
836 839.86 1.98438217e+02 2.28951901e-01 
837 840.63 1.98529709e+02 2.34122932e-01 
838 841.41 1.96268600e+02 2.17244536e-01 
839 842.18 1.92636200e+02 2.09021941e-01 
840 842.96 1.89335983e+02 2.11289391e-01 
841 843.73 1.88266937e+02 2.41441458e-01 
842 844.51 1.89368408e+02 2.29968786e-01 
843 845.28 1.90632675e+02 2.27377430e-01 
844 846.06 1.90529434e+02 2.35901549e-01 
845 846.84 1.87940369e+02 2.40078747e-01 
846 847.61 1.83657150e+02 2.53163278e-01 
847 848.38 1.79544449e+02 2.45447725e-01 
848 849.16 1.77725601e+02 2.31765181e-01 
849 849.93 1.77377625e+02 2.00931236e-01 
850 850.71 1.77573593e+02 2.32194588e-01 
851 851.48 1.75835617e+02 2.06605330e-01 
852 852.26 1.71433929e+02 2.15298235e-01 
853 853.03 1.66070984e+02 2.11724237e-01 
854 853.81 1.62219009e+02 1.82840586e-01 
855 854.58 1.62443741e+02 2.01639324e-01 
856 855.35 1.66492233e+02 2.11068556e-01 
857 856.13 1.71391739e+02 2.01405168e-01 
858 856.90 1.73513474e+02 2.16888085e-01 
859 857.68 1.72518463e+02 2.20346823e-01 
860 858.45 1.70445694e+02 1.99021295e-01 
861 859.22 1.68874832e+02 2.04584926e-01 
862 860.00 1.69150238e+02 2.10989103e-01 
863 860.77 1.70560608e+02 2.01093942e-01 
864 861.54 1.70984619e+02 2.16987282e-01 
865 862.32 1.69699219e+02 2.10031122e-01 
866 863.09 1.67033401e+02 2.02507451e-01 
867 863.86 1.62653671e+02 2.15424806e-01 
868 864.64 1.59103897e+02 2.02544615e-01 
869 865.41 1.56560165e+02 1.96141273e-01 
870 866.18 1.55557648e+02 1.96268007e-01 
871 866.95 1.56003738e+02 1.89264521e-01 
872 867.73 1.56800491e+02 1.77969545e-01 
873 868.50 1.56857391e+02 1.84926406e-01 
874 869.27 1.56407822e+02 2.02907205e-01 
875 870.04 1.56554214e+02 2.09618419e-01 
876 870.81 1.57842621e+02 1.95632100e-01 
877 871.59 1.58543335e+02 2.02729568e-01 
878 872.36 1.58566452e+02 2.09752917e-01 
879 873.13 1.57038040e+02 2.02702254e-01 
880 873.90 1.54252853e+02 2.08734930e-01 
881 874.67 1.51198059e+02 2.16895148e-01 
882 875.44 1.49832489e+02 1.90927565e-01 
883 876.22 1.50516556e+02 1.96232855e-01 
884 876.99 1.51557541e+02 1.93013370e-01 
885 877.76 1.51988480e+02 2.17964590e-01 
886 878.53 1.50856537e+02 2.03469723e-01 
887 879.30 1.48133591e+02 1.96201444e-01 
888 880.07 1.45281311e+02 2.11984023e-01 
889 880.84 1.43806091e+02 2.07103580e-01 
890 881.61 1.44160049e+02 1.87920839e-01 
891 882.38 1.45303497e+02 1.98732153e-01 
892 883.15 1.46565048e+02 2.03591526e-01 
893 883.92 1.45986404e+02 2.12322846e-01 
894 884.69 1.43767609e+02 1.80218056e-01 
895 885.47 1.41171143e+02 1.83115140e-01 
896 886.23 1.38966919e+02 1.89054370e-01 
897 887.00 1.38113235e+02 1.84744790e-01 
898 887.78 1.38647476e+02 2.06687406e-01 
899 888.54 1.39881378e+02 1.92971826e-01 
900 889.31 1.40695633e+02 1.81725562e-01 
901 890.08 1.39561279e+02 1.97972700e-01 
902 890.85 1.37070587e+02 1.79830432e-01 
903 891.62 1.34672134e+02 1.69958577e-01 
904 892.39 1.32999344e+02 1.72689319e-01 
905 893.16 1.33002991e+02 1.72960132e-01 
906 893.93 1.33864304e+02 1.82001382e-01 
907 894.70 1.34195755e+02 1.76474273e-01 
908 895.47 1.33146240e+02 1.62799284e-01 
909 896.24 1.30895340e+02 1.80882812e-01 
910 897.01 1.28256119e+02 1.70643374e-01 
911 897.78 1.26340607e+02 1.77247733e-01 
912 898.54 1.25804413e+02 1.47778526e-01 
913 899.31 1.25882095e+02 1.67645931e-01 
914 900.08 1.25627777e+02 1.75762951e-01 
915 900.85 1.24905258e+02 1.71823412e-01 
916 901.62 1.23394012e+02 1.74313664e-01 
917 902.38 1.21829849e+02 1.68222368e-01 
918 903.15 1.21055893e+02 1.44540057e-01 
919 903.92 1.21067841e+02 1.67766646e-01 
920 904.69 1.21445869e+02 1.60047442e-01 
921 905.46 1.21824318e+02 1.70583501e-01 
922 906.22 1.21687271e+02 1.78924665e-01 
923 906.99 1.20425163e+02 1.69515550e-01 
924 907.76 1.18399155e+02 1.68511748e-01 
925 908.52 1.16151413e+02 1.74284786e-01 
926 909.29 1.14500305e+02 1.78836331e-01 
927 910.06 1.13898102e+02 1.60453930e-01 
928 910.83 1.13960159e+02 1.64584428e-01 
929 911.59 1.14346809e+02 1.87971130e-01 
930 912.36 1.14370781e+02 1.68144047e-01 
931 913.13 1.13684662e+02 1.64867952e-01 
932 913.89 1.12366486e+02 1.75792366e-01 
933 914.66 1.10678688e+02 1.68427095e-01 
934 915.42 1.09219902e+02 1.52433619e-01 
935 916.19 1.08384392e+02 1.51050776e-01 
936 916.96 1.07982620e+02 1.60588771e-01 
937 917.72 1.07901222e+02 1.61390215e-01 
938 918.49 1.07547279e+02 1.73035026e-01 
939 919.26 1.06692314e+02 1.49105504e-01 
940 920.02 1.05203346e+02 1.58753395e-01 
941 920.79 1.03479370e+02 1.59827352e-01 
942 921.55 1.01833237e+02 1.52493849e-01 
943 922.32 1.00689034e+02 1.55726910e-01 
944 923.08 1.00031960e+02 1.53539568e-01 
945 923.85 9.98058624e+01 1.46144465e-01 
946 924.61 9.95752182e+01 1.61062613e-01 
947 925.38 9.89993286e+01 1.52950466e-01 
948 926.14 9.80335770e+01 1.57208174e-01 
949 926.91 9.65834808e+01 1.51220918e-01 
950 927.67 9.49712067e+01 1.51555315e-01 
951 928.44 9.35324707e+01 1.62745163e-01 
952 929.20 9.23344955e+01 1.62891969e-01 
953 929.97 9.11792984e+01 1.55212611e-01 
954 930.73 8.97936172e+01 1.47298470e-01 
955 931.49 8.79952011e+01 1.47315383e-01 
956 932.26 8.57829666e+01 1.45222723e-01 
957 933.02 8.34956055e+01 1.55124068e-01 
958 933.79 8.14234238e+01 1.54374003e-01 
959 934.55 7.99746399e+01 1.51001334e-01 
960 935.32 7.92217255e+01 1.37388632e-01 
961 936.08 7.88487473e+01 1.42146930e-01 
962 936.84 7.87598801e+01 1.40413776e-01 
963 937.61 7.85279083e+01 1.33489862e-01 
964 938.37 7.79826965e+01 1.51306614e-01 
965 939.13 7.71122284e+01 1.37840405e-01 
966 939.89 7.61499939e+01 1.47532895e-01 
967 940.66 7.52151260e+01 1.37161851e-01 
968 941.42 7.45586319e+01 1.31294101e-01 
969 942.18 7.40546417e+01 1.31342620e-01 
970 942.95 7.36241913e+01 1.42430589e-01 
971 943.71 7.31479111e+01 1.40214875e-01 
972 944.47 7.24507370e+01 1.39630273e-01 
973 945.23 7.15615463e+01 1.38056859e-01 
974 946.00 7.07291031e+01 1.42209306e-01 
975 946.76 7.01795044e+01 1.34982601e-01 
976 947.52 6.98568192e+01 1.42659411e-01 
977 948.28 6.98631821e+01 1.27002284e-01 
978 949.04 6.99437790e+01 1.37852669e-01 
979 949.81 6.98345413e+01 1.33193836e-01 
980 950.57 6.93328400e+01 1.32253677e-01 
981 951.33 6.85125504e+01 1.27094805e-01 
982 952.09 6.75050125e+01 1.21149980e-01 
983 952.85 6.66133728e+01 1.35334700e-01 
984 953.61 6.60501633e+01 1.36366278e-01 
985 954.38 6.58461609e+01 1.27435863e-01 
986 955.14 6.58078537e+01 1.26515195e-01 
987 955.90 6.56991882e+01 1.20565183e-01 
988 956.66 6.54725723e+01 1.23294301e-01 
989 957.42 6.49784546e+01 1.22023702e-01 
990 958.18 6.43201065e+01 1.26518384e-01 
991 958.94 6.36532326e+01 1.20997407e-01 
992 959.70 6.32653275e+01 1.16627872e-01 
993 960.46 6.30470505e+01 1.23097561e-01 
994 961.22 6.29823608e+01 1.22865677e-01 
995 961.98 6.28982620e+01 1.15980983e-01 
996 962.74 6.25654335e+01 1.23777777e-01 
997 963.50 6.20102005e+01 1.25573725e-01 
998 964.26 6.12439842e+01 1.07534736e-01 
999 965.02 6.05266495e+01 1.14921473e-01 
1000 965.78 6.00226250e+01 1.20114669e-01 
1001 966.54 5.98093109e+01 1.15428634e-01 
1002 967.30 5.97375565e+01 1.09456331e-01 
1003 968.06 5.96584663e+01 1.24148354e-01 
1004 968.82 5.91714211e+01 1.12552017e-01 
1005 969.58 5.84314766e+01 1.17499419e-01 
1006 970.34 5.77511559e+01 1.07405014e-01 
1007 971.10 5.71696968e+01 1.18976645e-01 
1008 971.86 5.68348885e+01 1.18281424e-01 
1009 972.62 5.66170654e+01 1.16682276e-01 
1010 973.38 5.62590141e+01 1.07274219e-01 
1011 974.14 5.56622276e+01 1.15016170e-01 
1012 974.90 5.49287415e+01 1.19642168e-01 
1013 975.65 5.42150650e+01 1.14303082e-01 
1014 976.41 5.36223984e+01 1.13762259e-01 
1015 977.17 5.32969170e+01 1.07351109e-01 
1016 977.93 5.30711250e+01 1.09277263e-01 
1017 978.69 5.27023392e+01 1.09138094e-01 
1018 979.45 5.21399536e+01 1.03747293e-01 
1019 980.20 5.14810638e+01 1.13993868e-01 
1020 980.96 5.09616470e+01 1.03137366e-01 
1021 981.72 5.06509933e+01 1.02564253e-01 
1022 982.48 5.03891563e+01 1.08955614e-01 
1023 983.23 4.99209251e+01 1.03646569e-01 
1024 983.99 4.91668434e+01 1.04137309e-01 
1025 984.75 4.84568901e+01 1.12279832e-01 
1026 985.51 4.80338173e+01 9.80558321e-02 
1027 986.27 4.77753410e+01 1.07802629e-01 
1028 987.02 4.72829132e+01 1.03981845e-01 
1029 987.78 4.64795380e+01 1.03424080e-01 
1030 988.54 4.56820335e+01 9.47110206e-02 
1031 989.29 4.52109528e+01 1.00010686e-01 
1032 990.05 4.48680420e+01 1.02486789e-01 
1033 990.81 4.41493416e+01 8.95496011e-02 
1034 991.56 4.32510910e+01 1.01694301e-01 
1035 992.32 4.25802917e+01 9.08508003e-02 
1036 993.08 4.19918060e+01 9.70944464e-02 
1037 993.83 4.11227722e+01 8.74186605e-02 
1038 994.59 4.01300659e+01 9.38512981e-02 
1039 995.35 3.93547516e+01 8.76737759e-02 
1040 996.10 2.53262997e+00 1.44264251e-02 
1041 996.86 1.30029008e-01 1.33327618e-02 
1042 997.62 7.90481120e-02 1.24998819e-02 
1043 998.37 7.69030824e-02 1.28569836e-02 
