% C0 (TOA Count Rate, /ms) for 4STAR VIS spectrometer (1044 channels) derived from 20160426starsun.mat and recorded on 2016-05-02 21:42:34.
% Data outside 2.0x the STD of 501 nm Langley residuals were screened out.
Pix Wavelength C0 C0err
0 173.18 -1.00000000e+00 -1.00000000e+00 
1 173.97 1.27342739e+14 3.82028216e+12 
2 174.77 6.85655455e+13 2.05696636e+12 
3 175.56 4.45507775e+13 1.33652332e+12 
4 176.36 3.20143927e+14 9.60431780e+12 
5 177.15 5.92525314e+13 1.77757594e+12 
6 177.94 2.20399492e+13 6.61198475e+11 
7 178.74 1.95569988e+13 5.86709964e+11 
8 179.53 1.41495409e+13 4.24486226e+11 
9 180.33 1.75089041e+12 5.25267123e+10 
10 181.12 2.20891937e+11 6.62675812e+09 
11 181.92 3.43300072e+10 1.02990022e+09 
12 182.71 6.23658127e+10 1.87097438e+09 
13 183.51 8.38125182e+10 2.51437555e+09 
14 184.30 6.09758777e+10 1.82927633e+09 
15 185.10 3.64531060e+10 1.09359318e+09 
16 185.89 2.25448889e+10 6.76346668e+08 
17 186.69 1.59023062e+10 4.77069187e+08 
18 187.49 1.19055933e+10 3.57167799e+08 
19 188.28 9.48387002e+09 2.84516101e+08 
20 189.08 7.77689920e+09 2.33306976e+08 
21 189.88 1.29427819e+10 3.88283457e+08 
22 190.67 3.51403567e+10 1.05421070e+09 
23 191.47 3.12550888e+10 9.37652664e+08 
24 192.27 3.26982941e+10 9.80948822e+08 
25 193.07 2.52437628e+10 7.57312884e+08 
26 193.86 1.69552942e+10 5.08658827e+08 
27 194.66 1.16778404e+10 3.50335211e+08 
28 195.46 7.96809606e+09 2.39042882e+08 
29 196.26 5.46835595e+09 1.64050679e+08 
30 197.05 3.57336131e+09 1.07200839e+08 
31 197.85 2.53179341e+09 7.59538024e+07 
32 198.65 1.64589624e+09 4.93768871e+07 
33 199.45 1.14363771e+09 3.43091314e+07 
34 200.25 7.64025477e+08 2.29207643e+07 
35 201.05 5.23629305e+08 1.57088791e+07 
36 201.85 3.49849744e+08 1.04954923e+07 
37 202.64 2.37371610e+08 7.12114830e+06 
38 203.44 1.65091596e+08 4.95274788e+06 
39 204.24 1.08436797e+08 3.25310391e+06 
40 205.04 7.75165439e+07 2.32549632e+06 
41 205.84 5.36888882e+07 1.61066665e+06 
42 206.64 3.63251369e+07 1.08975411e+06 
43 207.44 2.42519303e+07 7.27557910e+05 
44 208.24 1.68460177e+07 5.05380531e+05 
45 209.04 1.10628734e+07 3.31886203e+05 
46 209.84 7.33897753e+06 2.20169326e+05 
47 210.64 5.17373996e+06 1.55212199e+05 
48 211.44 3.48130525e+06 1.04439158e+05 
49 212.24 2.41696835e+06 7.25090504e+04 
50 213.05 1.58379017e+06 4.75137051e+04 
51 213.85 1.08018684e+06 3.24056052e+04 
52 214.65 7.44992308e+05 2.23497692e+04 
53 215.45 5.10421110e+05 1.53126333e+04 
54 216.25 3.55362363e+05 1.06608709e+04 
55 217.05 2.32765464e+05 6.98296393e+03 
56 217.85 1.58790469e+05 4.76371407e+03 
57 218.65 1.07840058e+05 3.23520175e+03 
58 219.46 7.17249882e+04 2.15174964e+03 
59 220.26 4.90606120e+04 1.47181836e+03 
60 221.06 3.47495214e+04 1.04248564e+03 
61 221.86 2.28542038e+04 6.85626114e+02 
62 222.66 1.55243308e+04 4.65729923e+02 
63 223.47 1.07433897e+04 3.22301691e+02 
64 224.27 7.05125750e+03 2.11537725e+02 
65 225.07 4.84866820e+03 1.45460046e+02 
66 225.87 3.27699606e+03 9.83098817e+01 
67 226.68 2.30338328e+03 6.91014985e+01 
68 227.48 1.49597273e+03 4.48791818e+01 
69 228.28 1.09588297e+03 3.28764890e+01 
70 229.09 7.98078693e+02 2.39423608e+01 
71 229.89 6.84496321e+02 2.05348896e+01 
72 230.69 6.84952078e+02 2.05485623e+01 
73 231.49 8.19326387e+02 2.45797916e+01 
74 232.30 1.13646974e+03 3.40940922e+01 
75 233.10 1.67071943e+03 5.01215829e+01 
76 233.91 2.75094629e+03 8.25283887e+01 
77 234.71 4.22933621e+03 1.26880086e+02 
78 235.51 6.97648852e+03 2.09294656e+02 
79 236.32 1.10326845e+04 3.30980536e+02 
80 237.12 1.77547282e+04 5.32641847e+02 
81 237.92 2.83839142e+04 8.51517425e+02 
82 238.73 4.64659976e+04 1.39397993e+03 
83 239.53 7.32124253e+04 2.19637276e+03 
84 240.34 1.17998355e+05 3.53995065e+03 
85 241.14 1.90332519e+05 5.70997556e+03 
86 241.94 2.89510369e+05 8.68531107e+03 
87 242.75 4.48114937e+05 1.34434481e+04 
88 243.55 6.91799194e+05 2.07539758e+04 
89 244.36 1.01128557e+06 3.03385671e+04 
90 245.16 1.47260919e+06 4.41782756e+04 
91 245.97 2.23128630e+06 6.69385889e+04 
92 246.77 3.54306728e+06 1.06292018e+05 
93 247.58 4.15326161e+06 1.24597848e+05 
94 248.38 5.29466065e+06 1.58839819e+05 
95 249.19 7.28037755e+06 2.18411327e+05 
96 249.99 8.58381887e+06 2.57514566e+05 
97 250.80 1.04565900e+07 3.13697699e+05 
98 251.60 1.21525444e+07 3.64576331e+05 
99 252.41 1.37266594e+07 4.11799781e+05 
100 253.21 1.49015996e+07 4.47047989e+05 
101 254.02 1.66393640e+07 4.99180920e+05 
102 254.83 1.74969343e+07 5.24908030e+05 
103 255.63 1.74127606e+07 5.22382817e+05 
104 256.44 1.57487638e+07 4.72462914e+05 
105 257.24 1.41970281e+07 4.25910844e+05 
106 258.05 1.27635900e+07 3.82907700e+05 
107 258.85 1.09859769e+07 3.29579308e+05 
108 259.66 8.95073001e+06 2.68521900e+05 
109 260.46 7.21373226e+06 2.16411968e+05 
110 261.27 5.41654667e+06 1.62496400e+05 
111 262.08 4.20115179e+06 1.26034554e+05 
112 262.88 2.83832094e+06 8.51496282e+04 
113 263.69 2.08097126e+06 6.24291377e+04 
114 264.50 1.46006420e+06 4.38019261e+04 
115 265.30 9.91882170e+05 2.97564651e+04 
116 266.11 6.57519614e+05 1.97255884e+04 
117 266.91 4.15669926e+05 1.24700978e+04 
118 267.72 2.60702480e+05 7.82107439e+03 
119 268.53 1.59686150e+05 4.79058449e+03 
120 269.33 9.85082091e+04 2.95524627e+03 
121 270.14 6.22827379e+04 1.86848214e+03 
122 270.95 3.79668611e+04 1.13900583e+03 
123 271.75 2.37317874e+04 7.11953623e+02 
124 272.56 1.42811232e+04 4.28433695e+02 
125 273.37 8.31955546e+03 2.49586664e+02 
126 274.17 5.00274164e+03 1.50082249e+02 
127 274.98 3.03098201e+03 9.09294604e+01 
128 275.79 1.87356386e+03 5.62069157e+01 
129 276.59 1.23275049e+03 3.69825146e+01 
130 277.40 7.39760433e+02 2.21928130e+01 
131 278.21 4.79833982e+02 1.43950195e+01 
132 279.01 3.07965936e+02 9.23897808e+00 
133 279.82 1.96146746e+02 5.88440238e+00 
134 280.63 1.29069235e+02 3.87207704e+00 
135 281.44 8.27053370e+01 2.48116011e+00 
136 282.24 5.69208002e+01 1.70762401e+00 
137 283.05 4.04405835e+01 1.21321751e+00 
138 283.86 2.87083006e+01 8.61249017e-01 
139 284.66 2.00109630e+01 6.00328889e-01 
140 285.47 1.44894417e+01 4.34683250e-01 
141 286.28 1.10102291e+01 3.30306874e-01 
142 287.09 8.22223918e+00 2.46667176e-01 
143 287.89 6.39264625e+00 1.91779388e-01 
144 288.70 5.05886573e+00 1.51765972e-01 
145 289.51 4.26547364e+00 1.27964209e-01 
146 290.32 3.48275664e+00 1.04482699e-01 
147 291.12 2.81345155e+00 8.44035466e-02 
148 291.93 2.44042791e+00 7.32128372e-02 
149 292.74 2.07093954e+00 6.21281863e-02 
150 293.55 1.72995272e+00 5.18985817e-02 
151 294.35 1.58393705e+00 4.75181114e-02 
152 295.16 1.38084507e+00 4.14253522e-02 
153 295.97 1.27704144e+00 3.83112431e-02 
154 296.78 1.09012071e+00 3.27036212e-02 
155 297.58 9.94354810e-01 2.98306443e-02 
156 298.39 9.43916239e-01 2.83174872e-02 
157 299.20 8.63417064e-01 2.59025119e-02 
158 300.01 7.96398568e-01 2.38919570e-02 
159 300.81 7.65931328e-01 2.29779398e-02 
160 301.62 7.19505549e-01 2.15851665e-02 
161 302.43 7.15469755e-01 2.14640927e-02 
162 303.24 6.57747535e-01 1.97324261e-02 
163 304.05 6.40809346e-01 1.92242804e-02 
164 304.85 6.22232819e-01 1.86669846e-02 
165 305.66 6.19824501e-01 1.85947350e-02 
166 306.47 5.94970595e-01 1.78491179e-02 
167 307.28 5.98824459e-01 1.79647338e-02 
168 308.08 5.84815321e-01 1.75444596e-02 
169 308.89 5.63516177e-01 1.69054853e-02 
170 309.70 5.64328270e-01 1.69298481e-02 
171 310.51 5.61918901e-01 1.68575670e-02 
172 311.32 5.64903647e-01 1.69471094e-02 
173 312.12 5.72962533e-01 1.71888760e-02 
174 312.93 5.62788326e-01 1.68836498e-02 
175 313.74 5.67169599e-01 1.70150880e-02 
176 314.55 5.74371375e-01 1.72311412e-02 
177 315.36 5.72278990e-01 1.71683697e-02 
178 316.16 5.84442209e-01 1.75332663e-02 
179 316.97 6.09669439e-01 1.82900832e-02 
180 317.78 6.02913949e-01 1.80874185e-02 
181 318.59 6.28889712e-01 1.88666913e-02 
182 319.39 6.33687024e-01 1.90106107e-02 
183 320.20 6.39682937e-01 1.91904881e-02 
184 321.01 6.87646997e-01 2.06294099e-02 
185 321.82 7.02093123e-01 2.10627937e-02 
186 322.63 7.15121978e-01 2.14536593e-02 
187 323.43 7.22915470e-01 2.16874641e-02 
188 324.24 7.51855233e-01 2.25556570e-02 
189 325.05 7.91373534e-01 2.37412060e-02 
190 325.86 8.26667221e-01 2.48000166e-02 
191 326.67 8.30973025e-01 2.49291907e-02 
192 327.48 8.79646807e-01 2.63894042e-02 
193 328.28 9.04491532e-01 2.71347460e-02 
194 329.09 9.43728320e-01 2.83118496e-02 
195 329.90 9.74117058e-01 2.92235117e-02 
196 330.71 1.07995771e+00 3.23987313e-02 
197 331.51 1.20510112e+00 3.61530336e-02 
198 332.32 1.41391872e+00 4.24175616e-02 
199 333.13 1.80671217e+00 5.42013651e-02 
200 333.94 2.47470106e+00 7.42410318e-02 
201 334.75 3.57538918e+00 1.07261675e-01 
202 335.56 5.07454882e+00 1.52236465e-01 
203 336.36 7.08013332e+00 2.12404000e-01 
204 337.17 1.01016023e+01 3.03048070e-01 
205 337.98 1.42828384e+01 4.28485153e-01 
206 338.79 1.90827827e+01 5.72483482e-01 
207 339.59 2.43039888e+01 7.29119665e-01 
208 340.40 2.88247678e+01 8.64743034e-01 
209 341.21 3.24806824e+01 9.74420471e-01 
210 342.02 3.67903045e+01 1.10370913e+00 
211 342.83 4.05215409e+01 1.21564623e+00 
212 343.64 4.12146003e+01 1.23643801e+00 
213 344.44 4.24134046e+01 1.27240214e+00 
214 345.25 4.68846790e+01 1.40654037e+00 
215 346.06 5.11058668e+01 1.53317600e+00 
216 346.87 5.37662622e+01 1.61298786e+00 
217 347.67 5.55887822e+01 1.66766347e+00 
218 348.48 5.72539705e+01 1.71761912e+00 
219 349.29 6.05079691e+01 1.81523907e+00 
220 350.10 6.62191047e+01 1.98657314e+00 
221 350.91 7.00873070e+01 2.10261921e+00 
222 351.71 7.01618006e+01 2.10485402e+00 
223 352.52 7.13730237e+01 2.14119071e+00 
224 353.33 7.76503510e+01 2.32951053e+00 
225 354.14 8.54123112e+01 2.56236934e+00 
226 354.94 8.87697098e+01 2.66309129e+00 
227 355.75 8.70797902e+01 2.61239371e+00 
228 356.56 8.18726516e+01 2.45617955e+00 
229 357.37 7.67942003e+01 2.30382601e+00 
230 358.18 7.57375793e+01 2.27212738e+00 
231 358.98 8.49011364e+01 2.54703409e+00 
232 359.79 9.76940095e+01 2.93082028e+00 
233 360.60 9.93257338e+01 2.97977201e+00 
234 361.41 9.78220258e+01 2.93466077e+00 
235 362.21 1.02961888e+02 3.08885664e+00 
236 363.02 1.08959832e+02 3.26879496e+00 
237 363.83 1.12532441e+02 3.37597323e+00 
238 364.64 1.17943294e+02 3.53829883e+00 
239 365.44 1.28343871e+02 3.85031614e+00 
240 366.25 1.37317284e+02 4.11951851e+00 
241 367.06 1.38505640e+02 4.15516920e+00 
242 367.87 1.36355483e+02 4.09066448e+00 
243 368.67 1.38300192e+02 4.14900575e+00 
244 369.48 1.44043179e+02 4.32129538e+00 
245 370.29 1.45396705e+02 4.36190116e+00 
246 371.10 1.43628594e+02 4.30885782e+00 
247 371.90 1.39767374e+02 4.19302121e+00 
248 372.71 1.31971297e+02 3.95913891e+00 
249 373.52 1.24758020e+02 3.74274059e+00 
250 374.33 1.24225944e+02 3.72677832e+00 
251 375.13 1.32816566e+02 3.98449698e+00 
252 375.94 1.44613408e+02 4.33840224e+00 
253 376.75 1.57347266e+02 4.72041798e+00 
254 377.55 1.71749778e+02 5.15249334e+00 
255 378.36 1.75667057e+02 5.27001170e+00 
256 379.17 1.67124399e+02 5.01373196e+00 
257 379.98 1.63289296e+02 4.89867888e+00 
258 380.78 1.62665474e+02 4.87996421e+00 
259 381.59 1.48476089e+02 4.45428266e+00 
260 382.40 1.26797992e+02 3.80393976e+00 
261 383.21 1.16869042e+02 3.50607127e+00 
262 384.01 1.26494039e+02 3.79482118e+00 
263 384.82 1.42795408e+02 4.28386224e+00 
264 385.63 1.50046844e+02 4.50140533e+00 
265 386.43 1.51523458e+02 4.54570374e+00 
266 387.24 1.52751149e+02 4.58253446e+00 
267 388.05 1.55462947e+02 4.66388840e+00 
268 388.85 1.65010966e+02 4.95032897e+00 
269 389.66 1.80358887e+02 5.41076662e+00 
270 390.47 1.92637052e+02 5.77911155e+00 
271 391.27 1.93347662e+02 5.80042986e+00 
272 392.08 1.72717362e+02 5.18152085e+00 
273 392.89 1.41213535e+02 4.23640604e+00 
274 393.69 1.34117795e+02 4.02353385e+00 
275 394.50 1.59068079e+02 4.77204238e+00 
276 395.31 1.77439383e+02 5.32318148e+00 
277 396.11 1.66427089e+02 4.99281267e+00 
278 396.92 1.58707171e+02 4.76121514e+00 
279 397.73 1.86434023e+02 5.59302070e+00 
280 398.53 2.28992850e+02 6.86978550e+00 
281 399.34 2.56841513e+02 7.70524538e+00 
282 400.15 2.70513859e+02 8.11541576e+00 
283 400.95 2.79861705e+02 8.39585115e+00 
284 401.76 2.87044488e+02 8.61133463e+00 
285 402.57 2.89279170e+02 8.67837511e+00 
286 403.37 2.87528176e+02 8.62584528e+00 
287 404.18 2.86037938e+02 8.58113814e+00 
288 404.98 2.84725696e+02 8.54177089e+00 
289 405.79 2.83498889e+02 8.50496668e+00 
290 406.60 2.84701124e+02 8.54103372e+00 
291 407.40 2.91923990e+02 8.75771971e+00 
292 408.21 3.02689325e+02 9.08067975e+00 
293 409.02 3.06798704e+02 9.20396113e+00 
294 409.82 3.04188446e+02 9.12565338e+00 
295 410.63 3.08164844e+02 9.24494531e+00 
296 411.44 3.21055770e+02 9.63167310e+00 
297 412.24 3.30231904e+02 9.90695712e+00 
298 413.05 3.31838260e+02 9.95514781e+00 
299 413.85 3.31867871e+02 9.95603613e+00 
300 414.66 3.32655860e+02 9.97967579e+00 
301 415.46 3.34010096e+02 1.00203029e+01 
302 416.27 3.34000992e+02 1.00200298e+01 
303 417.08 3.29954798e+02 9.89864393e+00 
304 417.88 3.24288735e+02 9.72866204e+00 
305 418.69 3.21389777e+02 9.64169332e+00 
306 419.49 3.21866273e+02 9.65598818e+00 
307 420.30 3.25426481e+02 9.76279443e+00 
308 421.11 3.28129881e+02 9.84389643e+00 
309 421.91 3.25230173e+02 9.75690519e+00 
310 422.72 3.19555581e+02 9.58666742e+00 
311 423.52 3.18221769e+02 9.54665308e+00 
312 424.33 3.20662935e+02 9.61988806e+00 
313 425.13 3.21999032e+02 9.65997097e+00 
314 425.94 3.21096730e+02 9.63290191e+00 
315 426.74 3.19558676e+02 9.58676029e+00 
316 427.55 3.17849523e+02 9.53548569e+00 
317 428.35 3.12588366e+02 9.37765099e+00 
318 429.16 2.99795712e+02 8.99387137e+00 
319 429.96 2.87296026e+02 8.61888078e+00 
320 430.77 2.94502078e+02 8.83506235e+00 
321 431.58 3.23377847e+02 9.70133541e+00 
322 432.38 3.53959612e+02 1.06187884e+01 
323 433.19 3.69359772e+02 1.10807932e+01 
324 433.99 3.77718297e+02 1.13315489e+01 
325 434.80 3.92393078e+02 1.17717923e+01 
326 435.60 4.12702470e+02 1.23810741e+01 
327 436.41 4.26653553e+02 1.27996066e+01 
328 437.21 4.27015177e+02 1.28104553e+01 
329 438.02 4.22127119e+02 1.26638136e+01 
330 438.82 4.24220407e+02 1.27266122e+01 
331 439.63 4.36159942e+02 1.30847983e+01 
332 440.43 4.54468716e+02 1.36340615e+01 
333 441.24 4.73249638e+02 1.41974891e+01 
334 442.04 4.89975954e+02 1.46992786e+01 
335 442.84 5.01785286e+02 1.50535586e+01 
336 443.65 5.08629091e+02 1.52588727e+01 
337 444.45 5.10842728e+02 1.53252818e+01 
338 445.26 5.10718794e+02 1.53215638e+01 
339 446.06 5.15057463e+02 1.54517239e+01 
340 446.87 5.26556029e+02 1.57966809e+01 
341 447.67 5.41353012e+02 1.62405904e+01 
342 448.48 5.53375386e+02 1.66012616e+01 
343 449.28 5.64263934e+02 1.69279180e+01 
344 450.09 5.75528315e+02 1.72658494e+01 
345 450.89 5.81689169e+02 1.74506751e+01 
346 451.69 5.76917426e+02 1.73075228e+01 
347 452.50 5.66588704e+02 1.69976611e+01 
348 453.30 5.61399623e+02 1.68419887e+01 
349 454.11 5.64136766e+02 1.69241030e+01 
350 454.91 5.72896639e+02 1.71868992e+01 
351 455.72 5.82468644e+02 1.74740593e+01 
352 456.52 5.89992736e+02 1.76997821e+01 
353 457.32 5.93215381e+02 1.77964614e+01 
354 458.13 5.92098587e+02 1.77629576e+01 
355 458.93 5.91071306e+02 1.77321392e+01 
356 459.74 5.94390121e+02 1.78317036e+01 
357 460.54 6.01839088e+02 1.80551726e+01 
358 461.34 6.10333112e+02 1.83099934e+01 
359 462.15 6.15999718e+02 1.84799915e+01 
360 462.95 6.16286993e+02 1.84886098e+01 
361 463.76 6.12797945e+02 1.83839383e+01 
362 464.56 6.09217575e+02 1.82765273e+01 
363 465.36 6.06327002e+02 1.81898101e+01 
364 466.17 6.04901556e+02 1.81470467e+01 
365 466.97 6.05807954e+02 1.81742386e+01 
366 467.77 6.08564385e+02 1.82569316e+01 
367 468.58 6.11744968e+02 1.83523490e+01 
368 469.38 6.12674988e+02 1.83802496e+01 
369 470.18 6.13885886e+02 1.84165766e+01 
370 470.99 6.19858592e+02 1.85957578e+01 
371 471.79 6.28431164e+02 1.88529349e+01 
372 472.59 6.36578992e+02 1.90973698e+01 
373 473.40 6.42663068e+02 1.92798920e+01 
374 474.20 6.46381644e+02 1.93914493e+01 
375 475.00 6.48804786e+02 1.94641436e+01 
376 475.81 6.51177701e+02 1.95353310e+01 
377 476.61 6.54928439e+02 1.96478532e+01 
378 477.41 6.60816449e+02 1.98244935e+01 
379 478.21 6.66887296e+02 2.00066189e+01 
380 479.02 6.71078796e+02 2.01323639e+01 
381 479.82 6.73290226e+02 2.01987068e+01 
382 480.62 6.75937496e+02 2.02781249e+01 
383 481.43 6.77057300e+02 2.03117190e+01 
384 482.23 6.75543462e+02 2.02663039e+01 
385 483.03 6.70415747e+02 2.01124724e+01 
386 483.84 6.58819954e+02 1.97645986e+01 
387 484.64 6.37246545e+02 1.91173963e+01 
388 485.44 6.12549982e+02 1.83764995e+01 
389 486.24 5.98760268e+02 1.79628080e+01 
390 487.05 6.01102451e+02 1.80330735e+01 
391 487.85 6.17324512e+02 1.85197354e+01 
392 488.65 6.37773824e+02 1.91332147e+01 
393 489.45 6.51732857e+02 1.95519857e+01 
394 490.26 6.56278079e+02 1.96883424e+01 
395 491.06 6.54498797e+02 1.96349639e+01 
396 491.86 6.50604967e+02 1.95181490e+01 
397 492.66 6.50206272e+02 1.95061882e+01 
398 493.46 6.56133162e+02 1.96839949e+01 
399 494.27 6.63352886e+02 1.99005866e+01 
400 495.07 6.67568888e+02 2.00270666e+01 
401 495.87 6.69411171e+02 2.00823351e+01 
402 496.67 6.66543669e+02 1.99963101e+01 
403 497.48 6.61480628e+02 1.98444189e+01 
404 498.28 6.56240512e+02 1.96872154e+01 
405 499.08 6.49388110e+02 1.94816433e+01 
406 499.88 6.41970240e+02 1.92591072e+01 
407 500.68 6.36123706e+02 1.90837112e+01 
408 501.48 6.33430425e+02 1.90029128e+01 
409 502.29 6.35155765e+02 1.90546729e+01 
410 503.09 6.39431755e+02 1.91829527e+01 
411 503.89 6.45592681e+02 1.93677804e+01 
412 504.69 6.52414879e+02 1.95724464e+01 
413 505.49 6.57303893e+02 1.97191168e+01 
414 506.29 6.58240652e+02 1.97472196e+01 
415 507.09 6.55409312e+02 1.96622793e+01 
416 507.90 6.51794344e+02 1.95538303e+01 
417 508.70 6.49895281e+02 1.94968584e+01 
418 509.50 6.50256105e+02 1.95076832e+01 
419 510.30 6.51625555e+02 1.95487666e+01 
420 511.10 6.50565751e+02 1.95169725e+01 
421 511.90 6.46514731e+02 1.93954419e+01 
422 512.70 6.40075796e+02 1.92022739e+01 
423 513.51 6.32824678e+02 1.89847403e+01 
424 514.31 6.26297602e+02 1.87889281e+01 
425 515.11 6.16299695e+02 1.84889908e+01 
426 515.91 6.00714794e+02 1.80214438e+01 
427 516.71 5.85546100e+02 1.75663830e+01 
428 517.51 5.76555553e+02 1.72966666e+01 
429 518.31 5.79597756e+02 1.73879327e+01 
430 519.11 5.92866236e+02 1.77859871e+01 
431 519.91 6.06965731e+02 1.82089719e+01 
432 520.71 6.17595848e+02 1.85278754e+01 
433 521.51 6.22236806e+02 1.86671042e+01 
434 522.32 6.25038712e+02 1.87511614e+01 
435 523.12 6.29478185e+02 1.88843455e+01 
436 523.92 6.33507213e+02 1.90052164e+01 
437 524.72 6.32884270e+02 1.89865281e+01 
438 525.52 6.24712227e+02 1.87413668e+01 
439 526.32 6.14900414e+02 1.84470124e+01 
440 527.12 6.13055679e+02 1.83916704e+01 
441 527.92 6.20430695e+02 1.86129209e+01 
442 528.72 6.33413289e+02 1.90023987e+01 
443 529.52 6.45390744e+02 1.93617223e+01 
444 530.32 6.50404633e+02 1.95121390e+01 
445 531.12 6.47578010e+02 1.94273403e+01 
446 531.92 6.41573193e+02 1.92471958e+01 
447 532.72 6.36524599e+02 1.90957380e+01 
448 533.52 6.35938591e+02 1.90781577e+01 
449 534.32 6.40591258e+02 1.92177377e+01 
450 535.12 6.45561840e+02 1.93668552e+01 
451 535.92 6.46776201e+02 1.94032860e+01 
452 536.72 6.45705028e+02 1.93711508e+01 
453 537.52 6.42938146e+02 1.92881444e+01 
454 538.32 6.38438827e+02 1.91531648e+01 
455 539.12 6.33055159e+02 1.89916548e+01 
456 539.92 6.28230661e+02 1.88469198e+01 
457 540.72 6.26117859e+02 1.87835358e+01 
458 541.52 6.27330659e+02 1.88199198e+01 
459 542.32 6.31702058e+02 1.89510618e+01 
460 543.12 6.36305339e+02 1.90891602e+01 
461 543.92 6.39436429e+02 1.91830929e+01 
462 544.72 6.41299035e+02 1.92389711e+01 
463 545.52 6.40978270e+02 1.92293481e+01 
464 546.31 6.37969348e+02 1.91390805e+01 
465 547.12 6.34434848e+02 1.90330454e+01 
466 547.91 6.32259225e+02 1.89677768e+01 
467 548.71 6.31525474e+02 1.89457642e+01 
468 549.51 6.31974546e+02 1.89592364e+01 
469 550.31 6.32247832e+02 1.89674350e+01 
470 551.11 6.31936414e+02 1.89580924e+01 
471 551.91 6.31464512e+02 1.89439353e+01 
472 552.71 6.31152202e+02 1.89345661e+01 
473 553.51 6.32335757e+02 1.89700727e+01 
474 554.31 6.32747705e+02 1.89824311e+01 
475 555.10 6.30633297e+02 1.89189989e+01 
476 555.90 6.27071412e+02 1.88121424e+01 
477 556.70 6.22346642e+02 1.86703993e+01 
478 557.50 6.15396058e+02 1.84618817e+01 
479 558.30 6.09770969e+02 1.82931291e+01 
480 559.10 6.08966580e+02 1.82689974e+01 
481 559.90 6.09488163e+02 1.82846449e+01 
482 560.70 6.11913627e+02 1.83574088e+01 
483 561.50 6.17274496e+02 1.85182349e+01 
484 562.29 6.21015309e+02 1.86304593e+01 
485 563.09 6.22356954e+02 1.86707086e+01 
486 563.89 6.23286526e+02 1.86985958e+01 
487 564.69 6.23162519e+02 1.86948756e+01 
488 565.49 6.22306293e+02 1.86691888e+01 
489 566.29 6.21790280e+02 1.86537084e+01 
490 567.08 6.24170199e+02 1.87251060e+01 
491 567.88 6.27146989e+02 1.88144097e+01 
492 568.68 6.28113226e+02 1.88433968e+01 
493 569.48 6.27075723e+02 1.88122717e+01 
494 570.27 6.25486326e+02 1.87645898e+01 
495 571.07 6.28429454e+02 1.88528836e+01 
496 571.87 6.35890032e+02 1.90767010e+01 
497 572.67 6.43805487e+02 1.93141646e+01 
498 573.47 6.48860306e+02 1.94658092e+01 
499 574.26 6.47567278e+02 1.94270184e+01 
500 575.06 6.43816468e+02 1.93144940e+01 
501 575.86 6.40633276e+02 1.92189983e+01 
502 576.66 6.36925781e+02 1.91077734e+01 
503 577.46 6.33319866e+02 1.89995960e+01 
504 578.25 6.30584040e+02 1.89175212e+01 
505 579.05 6.28619608e+02 1.88585882e+01 
506 579.85 6.28329229e+02 1.88498769e+01 
507 580.64 6.29404969e+02 1.88821491e+01 
508 581.44 6.30423019e+02 1.89126906e+01 
509 582.24 6.30789649e+02 1.89236895e+01 
510 583.04 6.30181092e+02 1.89054327e+01 
511 583.83 6.26811991e+02 1.88043597e+01 
512 584.63 6.21387902e+02 1.86416371e+01 
513 585.43 6.16543684e+02 1.84963105e+01 
514 586.23 6.13383069e+02 1.84014921e+01 
515 587.02 6.08947897e+02 1.82684369e+01 
516 587.82 6.00558669e+02 1.80167601e+01 
517 588.62 5.91433094e+02 1.77429928e+01 
518 589.41 5.87038855e+02 1.76111657e+01 
519 590.21 5.89550267e+02 1.76865080e+01 
520 591.01 5.97268358e+02 1.79180507e+01 
521 591.80 6.04130969e+02 1.81239291e+01 
522 592.60 6.06661793e+02 1.81998538e+01 
523 593.40 6.06521064e+02 1.81956319e+01 
524 594.19 6.05730640e+02 1.81719192e+01 
525 594.99 6.05243483e+02 1.81573045e+01 
526 595.79 6.05188938e+02 1.81556681e+01 
527 596.58 6.04175078e+02 1.81252523e+01 
528 597.38 6.02557991e+02 1.80767397e+01 
529 598.18 6.00156870e+02 1.80047061e+01 
530 598.97 5.97207195e+02 1.79162158e+01 
531 599.77 5.94244933e+02 1.78273480e+01 
532 600.56 5.91397055e+02 1.77419116e+01 
533 601.36 5.89394890e+02 1.76818467e+01 
534 602.16 5.90362783e+02 1.77108835e+01 
535 602.95 5.93535156e+02 1.78060547e+01 
536 603.75 5.97194347e+02 1.79158304e+01 
537 604.54 5.99073577e+02 1.79722073e+01 
538 605.34 5.98844267e+02 1.79653280e+01 
539 606.14 5.97711043e+02 1.79313313e+01 
540 606.93 5.95954470e+02 1.78786341e+01 
541 607.73 5.93751312e+02 1.78125394e+01 
542 608.52 5.91042839e+02 1.77312852e+01 
543 609.32 5.88275451e+02 1.76482635e+01 
544 610.12 5.86464176e+02 1.75939253e+01 
545 610.91 5.85268407e+02 1.75580522e+01 
546 611.71 5.82960173e+02 1.74888052e+01 
547 612.50 5.80378548e+02 1.74113564e+01 
548 613.30 5.77730874e+02 1.73319262e+01 
549 614.09 5.75325509e+02 1.72597653e+01 
550 614.89 5.71790627e+02 1.71537188e+01 
551 615.68 5.68180531e+02 1.70454159e+01 
552 616.48 5.66810317e+02 1.70043095e+01 
553 617.27 5.68156135e+02 1.70446841e+01 
554 618.07 5.72098383e+02 1.71629515e+01 
555 618.86 5.76432034e+02 1.72929610e+01 
556 619.66 5.78905784e+02 1.73671735e+01 
557 620.45 5.78977062e+02 1.73693119e+01 
558 621.25 5.77539250e+02 1.73261775e+01 
559 622.04 5.74246806e+02 1.72274042e+01 
560 622.84 5.70162123e+02 1.71048637e+01 
561 623.63 5.66213008e+02 1.69863903e+01 
562 624.43 5.62609979e+02 1.68782994e+01 
563 625.22 5.61595156e+02 1.68478547e+01 
564 626.02 5.62115240e+02 1.68634572e+01 
565 626.81 5.64114707e+02 1.69234412e+01 
566 627.61 5.65327962e+02 1.69598389e+01 
567 628.40 5.64411915e+02 1.69323575e+01 
568 629.19 5.61467716e+02 1.68440315e+01 
569 629.99 5.57566230e+02 1.67269869e+01 
570 630.78 5.53380144e+02 1.66014043e+01 
571 631.58 5.50639918e+02 1.65191976e+01 
572 632.37 5.48770344e+02 1.64631103e+01 
573 633.17 5.47517634e+02 1.64255290e+01 
574 633.96 5.46311166e+02 1.63893350e+01 
575 634.76 5.44215193e+02 1.63264558e+01 
576 635.55 5.42442700e+02 1.62732810e+01 
577 636.34 5.41851838e+02 1.62555551e+01 
578 637.14 5.42055582e+02 1.62616674e+01 
579 637.93 5.41445695e+02 1.62433709e+01 
580 638.73 5.38382401e+02 1.61514720e+01 
581 639.52 5.34013585e+02 1.60204075e+01 
582 640.31 5.29395793e+02 1.58818738e+01 
583 641.11 5.26456983e+02 1.57937095e+01 
584 641.90 5.25509947e+02 1.57652984e+01 
585 642.69 5.25600518e+02 1.57680155e+01 
586 643.49 5.24948047e+02 1.57484414e+01 
587 644.28 5.23296902e+02 1.56989071e+01 
588 645.07 5.20692593e+02 1.56207778e+01 
589 645.87 5.18906995e+02 1.55672098e+01 
590 646.66 5.17836554e+02 1.55350966e+01 
591 647.45 5.16478317e+02 1.54943495e+01 
592 648.25 5.12761861e+02 1.53828558e+01 
593 649.04 5.07883244e+02 1.52364973e+01 
594 649.83 5.05329524e+02 1.51598857e+01 
595 650.63 5.06103849e+02 1.51831155e+01 
596 651.42 5.07934333e+02 1.52380300e+01 
597 652.21 5.07662046e+02 1.52298614e+01 
598 653.00 5.05622550e+02 1.51686765e+01 
599 653.80 5.00262515e+02 1.50078755e+01 
600 654.59 4.86889968e+02 1.46066990e+01 
601 655.38 4.66880524e+02 1.40064157e+01 
602 656.17 4.53425113e+02 1.36027534e+01 
603 656.97 4.56629073e+02 1.36988722e+01 
604 657.76 4.72550932e+02 1.41765280e+01 
605 658.55 4.87144438e+02 1.46143331e+01 
606 659.34 4.93893889e+02 1.48168167e+01 
607 660.14 4.97030590e+02 1.49109177e+01 
608 660.93 4.99680807e+02 1.49904242e+01 
609 661.72 5.01076857e+02 1.50323057e+01 
610 662.51 5.00326751e+02 1.50098025e+01 
611 663.31 4.98618236e+02 1.49585471e+01 
612 664.10 4.97849173e+02 1.49354752e+01 
613 664.89 4.97862870e+02 1.49358861e+01 
614 665.68 4.97358831e+02 1.49207649e+01 
615 666.48 4.95902275e+02 1.48770682e+01 
616 667.27 4.94787413e+02 1.48436224e+01 
617 668.06 4.94875242e+02 1.48462573e+01 
618 668.85 4.95079568e+02 1.48523870e+01 
619 669.64 4.94323256e+02 1.48296977e+01 
620 670.43 4.92045724e+02 1.47613717e+01 
621 671.22 4.89475878e+02 1.46842763e+01 
622 672.02 4.88097947e+02 1.46429384e+01 
623 672.81 4.88159317e+02 1.46447795e+01 
624 673.60 4.88263021e+02 1.46478906e+01 
625 674.39 4.87287555e+02 1.46186266e+01 
626 675.18 4.86044505e+02 1.45813352e+01 
627 675.97 4.85183433e+02 1.45555030e+01 
628 676.76 4.84908192e+02 1.45472458e+01 
629 677.56 4.84207445e+02 1.45262234e+01 
630 678.35 4.83116258e+02 1.44934877e+01 
631 679.14 4.81913353e+02 1.44574006e+01 
632 679.93 4.80266780e+02 1.44080034e+01 
633 680.72 4.78553058e+02 1.43565917e+01 
634 681.51 4.76801170e+02 1.43040351e+01 
635 682.30 4.74471138e+02 1.42341341e+01 
636 683.09 4.70547615e+02 1.41164284e+01 
637 683.88 4.66111528e+02 1.39833458e+01 
638 684.67 4.62403300e+02 1.38720990e+01 
639 685.46 4.57769539e+02 1.37330862e+01 
640 686.26 4.50265655e+02 1.35079696e+01 
641 687.05 4.42899157e+02 1.32869747e+01 
642 687.84 4.40288180e+02 1.32086454e+01 
643 688.63 4.41792639e+02 1.32537792e+01 
644 689.42 4.43234877e+02 1.32970463e+01 
645 690.21 4.43225879e+02 1.32967764e+01 
646 691.00 4.41929161e+02 1.32578748e+01 
647 691.79 4.40585603e+02 1.32175681e+01 
648 692.58 4.40367702e+02 1.32110311e+01 
649 693.37 4.40661200e+02 1.32198360e+01 
650 694.16 4.40420976e+02 1.32126293e+01 
651 694.95 4.39294842e+02 1.31788453e+01 
652 695.74 4.38115668e+02 1.31434700e+01 
653 696.53 4.35602606e+02 1.30680782e+01 
654 697.32 4.31887037e+02 1.29566111e+01 
655 698.11 4.29467030e+02 1.28840109e+01 
656 698.90 4.28730094e+02 1.28619028e+01 
657 699.68 4.26883385e+02 1.28065015e+01 
658 700.47 4.22772118e+02 1.26831636e+01 
659 701.26 4.18900868e+02 1.25670260e+01 
660 702.05 4.16824032e+02 1.25047210e+01 
661 702.84 4.16743297e+02 1.25022989e+01 
662 703.63 4.18084952e+02 1.25425485e+01 
663 704.42 4.19489581e+02 1.25846874e+01 
664 705.21 4.19056001e+02 1.25716800e+01 
665 706.00 4.17463718e+02 1.25239115e+01 
666 706.79 4.15916301e+02 1.24774890e+01 
667 707.58 4.14571045e+02 1.24371313e+01 
668 708.37 4.12103007e+02 1.23630902e+01 
669 709.15 4.09967312e+02 1.22990193e+01 
670 709.94 4.09411202e+02 1.22823361e+01 
671 710.73 4.08447683e+02 1.22534305e+01 
672 711.52 4.06172927e+02 1.21851878e+01 
673 712.31 4.04146196e+02 1.21243859e+01 
674 713.10 4.03405835e+02 1.21021750e+01 
675 713.88 4.02843203e+02 1.20852961e+01 
676 714.67 4.01567835e+02 1.20470351e+01 
677 715.46 4.00007229e+02 1.20002169e+01 
678 716.25 3.98959506e+02 1.19687852e+01 
679 717.04 3.98108809e+02 1.19432643e+01 
680 717.83 3.95308954e+02 1.18592686e+01 
681 718.61 3.91668647e+02 1.17500594e+01 
682 719.40 3.90088420e+02 1.17026526e+01 
683 720.19 3.90060941e+02 1.17018282e+01 
684 720.98 3.90052566e+02 1.17015770e+01 
685 721.76 3.90336838e+02 1.17101051e+01 
686 722.55 3.91147032e+02 1.17344109e+01 
687 723.34 3.92536410e+02 1.17760923e+01 
688 724.13 3.93053768e+02 1.17916131e+01 
689 724.91 3.92284336e+02 1.17685301e+01 
690 725.70 3.90743832e+02 1.17223150e+01 
691 726.49 3.89490002e+02 1.16847000e+01 
692 727.28 3.88040545e+02 1.16412163e+01 
693 728.06 3.84504390e+02 1.15351317e+01 
694 728.85 3.80664989e+02 1.14199497e+01 
695 729.64 3.80409078e+02 1.14122723e+01 
696 730.42 3.81138982e+02 1.14341695e+01 
697 731.21 3.80516221e+02 1.14154866e+01 
698 732.00 3.79360644e+02 1.13808193e+01 
699 732.78 3.77965974e+02 1.13389792e+01 
700 733.57 3.77622788e+02 1.13286836e+01 
701 734.36 3.76328169e+02 1.12898451e+01 
702 735.15 3.73622031e+02 1.12086609e+01 
703 735.93 3.71064343e+02 1.11319303e+01 
704 736.72 3.69531574e+02 1.10859472e+01 
705 737.51 3.67705862e+02 1.10311758e+01 
706 738.29 3.63640760e+02 1.09092228e+01 
707 739.08 3.60496321e+02 1.08148896e+01 
708 739.86 3.59306433e+02 1.07791930e+01 
709 740.65 3.56700285e+02 1.07010086e+01 
710 741.44 3.54392287e+02 1.06317686e+01 
711 742.22 3.55137618e+02 1.06541285e+01 
712 743.01 3.56834188e+02 1.07050256e+01 
713 743.79 3.56195386e+02 1.06858616e+01 
714 744.58 3.54331626e+02 1.06299488e+01 
715 745.37 3.54249219e+02 1.06274766e+01 
716 746.15 3.53972421e+02 1.06191726e+01 
717 746.94 3.52887928e+02 1.05866379e+01 
718 747.72 3.50825813e+02 1.05247744e+01 
719 748.51 3.47699604e+02 1.04309881e+01 
720 749.29 3.44985762e+02 1.03495729e+01 
721 750.08 3.43286025e+02 1.02985807e+01 
722 750.86 3.41468195e+02 1.02440459e+01 
723 751.65 3.39936521e+02 1.01980956e+01 
724 752.43 3.38926530e+02 1.01677959e+01 
725 753.22 3.38673441e+02 1.01602032e+01 
726 754.00 3.38647239e+02 1.01594172e+01 
727 754.79 3.36300122e+02 1.00890037e+01 
728 755.57 3.33733317e+02 1.00119995e+01 
729 756.36 3.32292669e+02 9.96878008e+00 
730 757.14 3.31014914e+02 9.93044743e+00 
731 757.93 3.27418711e+02 9.82256133e+00 
732 758.71 3.16691000e+02 9.50073000e+00 
733 759.49 2.94892780e+02 8.84678339e+00 
734 760.28 2.78007724e+02 8.34023171e+00 
735 761.06 2.78715419e+02 8.36146256e+00 
736 761.85 2.85630260e+02 8.56890780e+00 
737 762.63 2.88554052e+02 8.65662155e+00 
738 763.41 2.89552540e+02 8.68657619e+00 
739 764.20 2.92537671e+02 8.77613013e+00 
740 764.98 2.95365936e+02 8.86097807e+00 
741 765.77 2.96018817e+02 8.88056451e+00 
742 766.55 2.98885961e+02 8.96657882e+00 
743 767.33 3.05035014e+02 9.15105041e+00 
744 768.12 3.08846252e+02 9.26538757e+00 
745 768.90 3.09106998e+02 9.27320995e+00 
746 769.68 3.08518101e+02 9.25554303e+00 
747 770.47 3.07846609e+02 9.23539827e+00 
748 771.25 3.06548072e+02 9.19644216e+00 
749 772.03 3.06327808e+02 9.18983425e+00 
750 772.82 3.07390925e+02 9.22172775e+00 
751 773.60 3.06924374e+02 9.20773122e+00 
752 774.38 3.04142674e+02 9.12428022e+00 
753 775.17 3.02799480e+02 9.08398440e+00 
754 775.95 3.03514970e+02 9.10544911e+00 
755 776.73 3.02548408e+02 9.07645225e+00 
756 777.51 3.00234611e+02 9.00703834e+00 
757 778.30 2.98938445e+02 8.96815335e+00 
758 779.08 2.97601629e+02 8.92804886e+00 
759 779.86 2.96293478e+02 8.88880434e+00 
760 780.64 2.96163005e+02 8.88489015e+00 
761 781.43 2.97333590e+02 8.92000770e+00 
762 782.21 2.96827904e+02 8.90483713e+00 
763 782.99 2.93208083e+02 8.79624249e+00 
764 783.77 2.91162716e+02 8.73488147e+00 
765 784.55 2.90768308e+02 8.72304923e+00 
766 785.34 2.90464245e+02 8.71392735e+00 
767 786.12 2.90144467e+02 8.70433401e+00 
768 786.90 2.89166252e+02 8.67498757e+00 
769 787.68 2.87231551e+02 8.61694653e+00 
770 788.46 2.85601438e+02 8.56804313e+00 
771 789.24 2.84795587e+02 8.54386760e+00 
772 790.03 2.83959124e+02 8.51877371e+00 
773 790.81 2.82139246e+02 8.46417738e+00 
774 791.59 2.79040280e+02 8.37120841e+00 
775 792.37 2.75836300e+02 8.27508899e+00 
776 793.15 2.73121847e+02 8.19365540e+00 
777 793.93 2.71847158e+02 8.15541473e+00 
778 794.71 2.72670040e+02 8.18010120e+00 
779 795.49 2.73612261e+02 8.20836784e+00 
780 796.27 2.73385185e+02 8.20155555e+00 
781 797.05 2.73516267e+02 8.20548801e+00 
782 797.83 2.73061694e+02 8.19185083e+00 
783 798.62 2.71397543e+02 8.14192628e+00 
784 799.40 2.69311391e+02 8.07934172e+00 
785 800.18 2.66990155e+02 8.00970466e+00 
786 800.96 2.65315337e+02 7.95946010e+00 
787 801.74 2.64975072e+02 7.94925215e+00 
788 802.52 2.64828680e+02 7.94486039e+00 
789 803.30 2.63886876e+02 7.91660627e+00 
790 804.08 2.60937169e+02 7.82811506e+00 
791 804.86 2.57360729e+02 7.72082188e+00 
792 805.64 2.56027716e+02 7.68083148e+00 
793 806.41 2.56880607e+02 7.70641821e+00 
794 807.20 2.57263130e+02 7.71789390e+00 
795 807.97 2.54682467e+02 7.64047401e+00 
796 808.75 2.50236105e+02 7.50708316e+00 
797 809.53 2.47421373e+02 7.42264118e+00 
798 810.31 2.48264204e+02 7.44792612e+00 
799 811.09 2.50259485e+02 7.50778454e+00 
800 811.87 2.50287928e+02 7.50863783e+00 
801 812.65 2.48559365e+02 7.45678095e+00 
802 813.43 2.46028650e+02 7.38085950e+00 
803 814.21 2.43475919e+02 7.30427756e+00 
804 814.99 2.42603981e+02 7.27811942e+00 
805 815.76 2.42922806e+02 7.28768418e+00 
806 816.54 2.42731298e+02 7.28193893e+00 
807 817.32 2.40402196e+02 7.21206589e+00 
808 818.10 2.36209251e+02 7.08627753e+00 
809 818.88 2.32475872e+02 6.97427617e+00 
810 819.66 2.30088171e+02 6.90264512e+00 
811 820.43 2.30117606e+02 6.90352818e+00 
812 821.21 2.31823723e+02 6.95471168e+00 
813 821.99 2.31601114e+02 6.94803341e+00 
814 822.77 2.29496718e+02 6.88490154e+00 
815 823.55 2.27698611e+02 6.83095834e+00 
816 824.32 2.26819910e+02 6.80459729e+00 
817 825.10 2.27891180e+02 6.83673539e+00 
818 825.88 2.29485778e+02 6.88457335e+00 
819 826.66 2.28775973e+02 6.86327918e+00 
820 827.43 2.26565157e+02 6.79695470e+00 
821 828.21 2.23894728e+02 6.71684183e+00 
822 828.99 2.22203149e+02 6.66609447e+00 
823 829.76 2.22164641e+02 6.66493924e+00 
824 830.54 2.22431157e+02 6.67293470e+00 
825 831.32 2.20774356e+02 6.62323067e+00 
826 832.10 2.17368343e+02 6.52105029e+00 
827 832.87 2.13207115e+02 6.39621345e+00 
828 833.65 2.11071019e+02 6.33213056e+00 
829 834.42 2.12417208e+02 6.37251625e+00 
830 835.20 2.15274026e+02 6.45822077e+00 
831 835.98 2.16092283e+02 6.48276848e+00 
832 836.75 2.14338497e+02 6.43015491e+00 
833 837.53 2.10898166e+02 6.32694499e+00 
834 838.30 2.08556048e+02 6.25668143e+00 
835 839.08 2.08668721e+02 6.26006164e+00 
836 839.86 2.10103772e+02 6.30311317e+00 
837 840.63 2.10051334e+02 6.30154001e+00 
838 841.41 2.07534332e+02 6.22602995e+00 
839 842.18 2.03516921e+02 6.10550762e+00 
840 842.96 1.99929046e+02 5.99787138e+00 
841 843.74 1.98792862e+02 5.96378585e+00 
842 844.51 1.99980005e+02 5.99940016e+00 
843 845.28 2.01619244e+02 6.04857733e+00 
844 846.06 2.02052732e+02 6.06158195e+00 
845 846.84 1.99654904e+02 5.98964711e+00 
846 847.61 1.95331441e+02 5.85994322e+00 
847 848.38 1.91007820e+02 5.73023461e+00 
848 849.16 1.88974963e+02 5.66924888e+00 
849 849.93 1.88496187e+02 5.65488562e+00 
850 850.71 1.88735036e+02 5.66205108e+00 
851 851.48 1.87088937e+02 5.61266811e+00 
852 852.26 1.82844650e+02 5.48533950e+00 
853 853.03 1.77376261e+02 5.32128782e+00 
854 853.81 1.73205473e+02 5.19616419e+00 
855 854.58 1.73318451e+02 5.19955352e+00 
856 855.35 1.77628786e+02 5.32886357e+00 
857 856.13 1.83034815e+02 5.49104445e+00 
858 856.90 1.85501163e+02 5.56503488e+00 
859 857.68 1.84693720e+02 5.54081159e+00 
860 858.45 1.82572535e+02 5.47717605e+00 
861 859.22 1.80877728e+02 5.42633183e+00 
862 860.00 1.81152102e+02 5.43456306e+00 
863 860.77 1.82676239e+02 5.48028718e+00 
864 861.54 1.83040490e+02 5.49121470e+00 
865 862.32 1.81596849e+02 5.44790547e+00 
866 863.09 1.78538526e+02 5.35615579e+00 
867 863.86 1.73665151e+02 5.20995452e+00 
868 864.63 1.69737550e+02 5.09212650e+00 
869 865.41 1.66866624e+02 5.00599871e+00 
870 866.18 1.65631152e+02 4.96893457e+00 
871 866.95 1.65892847e+02 4.97678541e+00 
872 867.73 1.66593674e+02 4.99781023e+00 
873 868.50 1.66556445e+02 4.99669335e+00 
874 869.27 1.66022943e+02 4.98068828e+00 
875 870.04 1.66131519e+02 4.98394557e+00 
876 870.81 1.67425060e+02 5.02275179e+00 
877 871.59 1.68307005e+02 5.04921016e+00 
878 872.36 1.68467791e+02 5.05403374e+00 
879 873.13 1.66933888e+02 5.00801663e+00 
880 873.90 1.64103368e+02 4.92310104e+00 
881 874.67 1.60849198e+02 4.82547595e+00 
882 875.44 1.59374526e+02 4.78123579e+00 
883 876.22 1.60146252e+02 4.80438755e+00 
884 876.99 1.61461843e+02 4.84385529e+00 
885 877.76 1.62208228e+02 4.86624683e+00 
886 878.53 1.61274061e+02 4.83822183e+00 
887 879.30 1.58543705e+02 4.75631115e+00 
888 880.07 1.55706472e+02 4.67119416e+00 
889 880.84 1.54041153e+02 4.62123460e+00 
890 881.61 1.54395668e+02 4.63187004e+00 
891 882.38 1.55669540e+02 4.67008621e+00 
892 883.15 1.57100195e+02 4.71300585e+00 
893 883.92 1.56719935e+02 4.70159806e+00 
894 884.69 1.54650005e+02 4.63950015e+00 
895 885.46 1.52007710e+02 4.56023131e+00 
896 886.24 1.49697271e+02 4.49091813e+00 
897 887.01 1.48854190e+02 4.46562569e+00 
898 887.77 1.49404375e+02 4.48213124e+00 
899 888.55 1.50646252e+02 4.51938756e+00 
900 889.31 1.51556575e+02 4.54669724e+00 
901 890.08 1.50351615e+02 4.51054844e+00 
902 890.85 1.47641786e+02 4.42925357e+00 
903 891.62 1.44950039e+02 4.34850117e+00 
904 892.39 1.43156488e+02 4.29469463e+00 
905 893.16 1.43272648e+02 4.29817944e+00 
906 893.93 1.44459737e+02 4.33379212e+00 
907 894.70 1.45210854e+02 4.35632562e+00 
908 895.47 1.44501478e+02 4.33504435e+00 
909 896.24 1.42579296e+02 4.27737889e+00 
910 897.01 1.40059140e+02 4.20177419e+00 
911 897.77 1.38337101e+02 4.15011303e+00 
912 898.54 1.38015862e+02 4.14047587e+00 
913 899.31 1.38249483e+02 4.14748448e+00 
914 900.08 1.37905815e+02 4.13717444e+00 
915 900.85 1.36906447e+02 4.10719340e+00 
916 901.62 1.34856240e+02 4.04568720e+00 
917 902.38 1.32593739e+02 3.97781218e+00 
918 903.15 1.31270322e+02 3.93810965e+00 
919 903.92 1.30931054e+02 3.92793161e+00 
920 904.69 1.31149794e+02 3.93449382e+00 
921 905.46 1.31549874e+02 3.94649623e+00 
922 906.22 1.31627592e+02 3.94882777e+00 
923 906.99 1.30584738e+02 3.91754213e+00 
924 907.76 1.28648141e+02 3.85944423e+00 
925 908.52 1.26372497e+02 3.79117492e+00 
926 909.29 1.24595008e+02 3.73785023e+00 
927 910.06 1.23923911e+02 3.71771734e+00 
928 910.83 1.23940168e+02 3.71820504e+00 
929 911.59 1.24412571e+02 3.73237712e+00 
930 912.36 1.24512930e+02 3.73538791e+00 
931 913.13 1.23871489e+02 3.71614466e+00 
932 913.89 1.22495817e+02 3.67487451e+00 
933 914.66 1.20634236e+02 3.61902709e+00 
934 915.43 1.18983631e+02 3.56950894e+00 
935 916.19 1.17938706e+02 3.53816118e+00 
936 916.96 1.17404228e+02 3.52212683e+00 
937 917.72 1.17171492e+02 3.51514477e+00 
938 918.49 1.16667690e+02 3.50003071e+00 
939 919.26 1.15619684e+02 3.46859052e+00 
940 920.02 1.13969005e+02 3.41907016e+00 
941 920.79 1.12017096e+02 3.36051288e+00 
942 921.55 1.10136473e+02 3.30409420e+00 
943 922.32 1.08853930e+02 3.26561789e+00 
944 923.08 1.08142621e+02 3.24427862e+00 
945 923.85 1.07971979e+02 3.23915937e+00 
946 924.61 1.07896705e+02 3.23690116e+00 
947 925.38 1.07499749e+02 3.22499248e+00 
948 926.14 1.06833844e+02 3.20501532e+00 
949 926.91 1.05788541e+02 3.17365624e+00 
950 927.67 1.04721069e+02 3.14163207e+00 
951 928.44 1.04056394e+02 3.12169183e+00 
952 929.20 1.03828970e+02 3.11486911e+00 
953 929.97 1.03827216e+02 3.11481649e+00 
954 930.73 1.03670256e+02 3.11010768e+00 
955 931.50 1.03058270e+02 3.09174811e+00 
956 932.26 1.01990339e+02 3.05971016e+00 
957 933.02 1.00639654e+02 3.01918963e+00 
958 933.79 9.91409823e+01 2.97422947e+00 
959 934.55 9.79520563e+01 2.93856169e+00 
960 935.32 9.71228205e+01 2.91368462e+00 
961 936.08 9.64461633e+01 2.89338490e+00 
962 936.84 9.57516670e+01 2.87255001e+00 
963 937.61 9.47744578e+01 2.84323374e+00 
964 938.37 9.32754715e+01 2.79826414e+00 
965 939.13 9.14085817e+01 2.74225745e+00 
966 939.89 8.95613239e+01 2.68683972e+00 
967 940.66 8.80339281e+01 2.64101784e+00 
968 941.42 8.71198144e+01 2.61359443e+00 
969 942.18 8.66432164e+01 2.59929649e+00 
970 942.95 8.64411297e+01 2.59323389e+00 
971 943.71 8.62566325e+01 2.58769897e+00 
972 944.47 8.56725065e+01 2.57017519e+00 
973 945.23 8.47327374e+01 2.54198212e+00 
974 946.00 8.36919186e+01 2.51075756e+00 
975 946.76 8.28573799e+01 2.48572140e+00 
976 947.52 8.23033098e+01 2.46909930e+00 
977 948.28 8.21328387e+01 2.46398516e+00 
978 949.05 8.20931212e+01 2.46279364e+00 
979 949.81 8.18994837e+01 2.45698451e+00 
980 950.57 8.12298577e+01 2.43689573e+00 
981 951.33 8.01545121e+01 2.40463536e+00 
982 952.09 7.87960063e+01 2.36388019e+00 
983 952.85 7.75986632e+01 2.32795990e+00 
984 953.61 7.67313013e+01 2.30193904e+00 
985 954.38 7.63344674e+01 2.29003402e+00 
986 955.14 7.61384388e+01 2.28415316e+00 
987 955.90 7.58932763e+01 2.27679829e+00 
988 956.66 7.54845914e+01 2.26453774e+00 
989 957.42 7.47955293e+01 2.24386588e+00 
990 958.18 7.39678526e+01 2.21903558e+00 
991 958.94 7.30581858e+01 2.19174558e+00 
992 959.70 7.24285785e+01 2.17285736e+00 
993 960.46 7.20082284e+01 2.16024685e+00 
994 961.22 7.17973345e+01 2.15392004e+00 
995 961.98 7.15813900e+01 2.14744170e+00 
996 962.74 7.10661190e+01 2.13198357e+00 
997 963.50 7.02959836e+01 2.10887951e+00 
998 964.26 6.92790530e+01 2.07837159e+00 
999 965.02 6.82878216e+01 2.04863465e+00 
1000 965.78 6.75872125e+01 2.02761637e+00 
1001 966.54 6.72018734e+01 2.01605620e+00 
1002 967.30 6.70675533e+01 2.01202660e+00 
1003 968.06 6.68254512e+01 2.00476354e+00 
1004 968.82 6.61933226e+01 1.98579968e+00 
1005 969.58 6.52719478e+01 1.95815843e+00 
1006 970.34 6.43819337e+01 1.93145801e+00 
1007 971.10 6.36946405e+01 1.91083921e+00 
1008 971.86 6.32875474e+01 1.89862642e+00 
1009 972.62 6.30752369e+01 1.89225711e+00 
1010 973.38 6.26730435e+01 1.88019130e+00 
1011 974.14 6.19901571e+01 1.85970471e+00 
1012 974.89 6.11272219e+01 1.83381666e+00 
1013 975.65 6.03025833e+01 1.80907750e+00 
1014 976.41 5.96168810e+01 1.78850643e+00 
1015 977.17 5.92039156e+01 1.77611747e+00 
1016 977.93 5.88808671e+01 1.76642601e+00 
1017 978.69 5.84035818e+01 1.75210745e+00 
1018 979.45 5.76797179e+01 1.73039154e+00 
1019 980.20 5.68749219e+01 1.70624766e+00 
1020 980.96 5.62093274e+01 1.68627982e+00 
1021 981.72 5.58321671e+01 1.67496501e+00 
1022 982.48 5.55146060e+01 1.66543818e+00 
1023 983.24 5.49776670e+01 1.64933001e+00 
1024 983.99 5.41383606e+01 1.62415082e+00 
1025 984.75 5.33076922e+01 1.59923077e+00 
1026 985.51 5.28489447e+01 1.58546834e+00 
1027 986.26 5.25781908e+01 1.57734572e+00 
1028 987.02 5.20265094e+01 1.56079528e+00 
1029 987.78 5.11195652e+01 1.53358696e+00 
1030 988.54 5.02272431e+01 1.50681729e+00 
1031 989.29 4.96925941e+01 1.49077782e+00 
1032 990.05 4.93229177e+01 1.47968753e+00 
1033 990.81 4.85536302e+01 1.45660891e+00 
1034 991.56 4.75610958e+01 1.42683287e+00 
1035 992.32 4.68335597e+01 1.40500679e+00 
1036 993.08 4.62121599e+01 1.38636480e+00 
1037 993.83 4.52780127e+01 1.35834038e+00 
1038 994.59 4.42063500e+01 1.32619050e+00 
1039 995.35 4.33941590e+01 1.30182477e+00 
1040 996.10 2.79551075e+00 8.38653226e-02 
1041 996.86 1.55188352e-01 4.65565055e-03 
1042 997.62 8.30318574e-02 2.49095572e-03 
1043 998.37 8.21326982e-02 2.46398095e-03 
