% C0 (TOA Count Rate, /ms) for 4STAR NIR spectrometer (512 channels) derived from C:\Users\sleblanc\Research\4STAR\roof\4STAR_20171207starsun.mat and recorded on 2017-12-19 14:58:29.
% Data outside 1.8x the STD of 501 nm Langley residuals were screened out. For instrument:4STAR
Pix Wavelength C0 C0err
511 949.79 2.97183418e+00 8.91550258e-02 
510 949.79 5.42410278e+00 1.62723079e-01 
509 951.68 5.84740877e+00 1.75422266e-01 
508 953.57 5.94329405e+00 1.78298816e-01 
507 955.46 6.42606735e+00 1.92782015e-01 
506 957.34 6.55780983e+00 1.96734294e-01 
505 959.22 7.15801191e+00 2.14740351e-01 
504 961.10 7.31838799e+00 2.19551638e-01 
503 962.98 7.91863155e+00 2.37558946e-01 
502 964.85 8.01323128e+00 2.40396932e-01 
501 966.72 8.69328690e+00 2.60798603e-01 
500 968.59 8.81606483e+00 2.64481932e-01 
499 970.45 9.30704212e+00 2.79211253e-01 
498 972.32 9.21235275e+00 2.76370585e-01 
497 974.18 9.58809185e+00 2.87642747e-01 
496 976.04 9.50629425e+00 2.85188824e-01 
495 977.89 9.92827797e+00 2.97848344e-01 
494 979.74 9.86042595e+00 2.95812786e-01 
493 981.59 1.02199068e+01 3.06597203e-01 
492 983.44 1.01142836e+01 3.03428501e-01 
491 985.29 1.03991461e+01 3.11974376e-01 
490 987.13 1.01967440e+01 3.05902332e-01 
489 988.97 1.04525537e+01 3.13576609e-01 
488 990.81 1.02366486e+01 3.07099462e-01 
487 992.65 1.04239693e+01 3.12719077e-01 
486 994.48 1.02079306e+01 3.06237906e-01 
485 996.31 1.03839045e+01 3.11517119e-01 
484 998.14 1.01296148e+01 3.03888440e-01 
483 999.97 1.02972050e+01 3.08916152e-01 
482 1001.79 9.97300053e+00 2.99190015e-01 
481 1003.62 1.00511932e+01 3.01535785e-01 
480 1005.44 9.81201553e+00 2.94360459e-01 
479 1007.25 1.01058855e+01 3.03176552e-01 
478 1009.07 9.87232876e+00 2.96169877e-01 
477 1010.88 1.00541506e+01 3.01624507e-01 
476 1012.69 9.76642895e+00 2.92992860e-01 
475 1014.50 9.88014889e+00 2.96404481e-01 
474 1016.31 9.62709904e+00 2.88812965e-01 
473 1018.11 9.83607292e+00 2.95082182e-01 
472 1019.91 9.56938362e+00 2.87081510e-01 
471 1021.71 9.74322128e+00 2.92296648e-01 
470 1023.51 9.48985767e+00 2.84695745e-01 
469 1025.30 9.67972851e+00 2.90391862e-01 
468 1027.09 9.52973747e+00 2.85892129e-01 
467 1028.88 9.69948292e+00 2.90984482e-01 
466 1030.67 9.51617622e+00 2.85485297e-01 
465 1032.46 9.70586300e+00 2.91175902e-01 
464 1034.24 9.53371716e+00 2.86011517e-01 
463 1036.02 9.75576401e+00 2.92672932e-01 
462 1037.80 9.62355328e+00 2.88706601e-01 
461 1039.58 9.86904144e+00 2.96071231e-01 
460 1041.35 9.71457005e+00 2.91437089e-01 
459 1043.12 9.90952206e+00 2.97285676e-01 
458 1044.89 9.83043194e+00 2.94912964e-01 
457 1046.66 1.00734367e+01 3.02203089e-01 
456 1048.43 9.98167992e+00 2.99450397e-01 
455 1050.19 1.02436676e+01 3.07310015e-01 
454 1051.95 1.00529213e+01 3.01587641e-01 
453 1053.71 1.03073864e+01 3.09221596e-01 
452 1055.47 1.01213131e+01 3.03639382e-01 
451 1057.23 1.02837887e+01 3.08513671e-01 
450 1058.98 1.01376553e+01 3.04129660e-01 
449 1060.73 1.03286772e+01 3.09860319e-01 
448 1062.48 1.01155472e+01 3.03466409e-01 
447 1064.23 1.02816830e+01 3.08450490e-01 
446 1065.97 9.95259857e+00 2.98577964e-01 
445 1067.71 1.00060558e+01 3.00181687e-01 
444 1069.46 9.77766132e+00 2.93329835e-01 
443 1071.19 9.90702534e+00 2.97210753e-01 
442 1072.93 9.71136665e+00 2.91341007e-01 
441 1074.67 9.81350136e+00 2.94405043e-01 
440 1076.40 9.60457230e+00 2.88137168e-01 
439 1078.13 9.65546227e+00 2.89663881e-01 
438 1079.86 9.35449982e+00 2.80634999e-01 
437 1081.58 9.43307495e+00 2.82992244e-01 
436 1083.31 9.27580929e+00 2.78274268e-01 
435 1085.03 9.46548748e+00 2.83964634e-01 
434 1086.75 9.38994789e+00 2.81698436e-01 
433 1088.47 9.57313538e+00 2.87194073e-01 
432 1090.19 9.45920467e+00 2.83776134e-01 
431 1091.90 9.59573174e+00 2.87871957e-01 
430 1093.61 9.43920326e+00 2.83176094e-01 
429 1095.33 9.68046951e+00 2.90414095e-01 
428 1097.03 9.73151779e+00 2.91945547e-01 
427 1098.74 1.00144234e+01 3.00432712e-01 
426 1100.45 9.98383141e+00 2.99514949e-01 
425 1102.15 1.02989550e+01 3.08968663e-01 
424 1103.85 1.02629700e+01 3.07889104e-01 
423 1105.55 1.04673843e+01 3.14021528e-01 
422 1107.25 1.02231531e+01 3.06694597e-01 
421 1108.94 1.01716976e+01 3.05150926e-01 
420 1110.64 9.63234997e+00 2.88970500e-01 
419 1112.33 9.22848892e+00 2.76854664e-01 
418 1114.02 8.33820248e+00 2.50146061e-01 
417 1115.70 8.02558994e+00 2.40767702e-01 
416 1117.39 7.67843819e+00 2.30353147e-01 
415 1119.07 7.53610706e+00 2.26083219e-01 
414 1120.76 7.47298050e+00 2.24189416e-01 
413 1122.44 7.40429974e+00 2.22128987e-01 
412 1124.12 7.42367315e+00 2.22710192e-01 
411 1125.79 7.89717770e+00 2.36915335e-01 
410 1127.47 8.00443363e+00 2.40133002e-01 
409 1129.14 8.63434315e+00 2.59030282e-01 
408 1130.81 7.83798409e+00 2.35139519e-01 
407 1132.48 7.57529688e+00 2.27258906e-01 
406 1134.15 7.43734598e+00 2.23120376e-01 
405 1135.81 8.08148193e+00 2.42444456e-01 
404 1137.48 9.26020622e+00 2.77806193e-01 
403 1139.14 9.72088337e+00 2.91626513e-01 
402 1140.80 9.19468498e+00 2.75840551e-01 
401 1142.46 8.87830925e+00 2.66349286e-01 
400 1144.12 8.21770000e+00 2.46530995e-01 
399 1145.77 8.09727383e+00 2.42918208e-01 
398 1147.43 8.18018723e+00 2.45405614e-01 
397 1149.08 8.68845749e+00 2.60653734e-01 
396 1150.73 8.80005932e+00 2.64001787e-01 
395 1152.38 9.23324013e+00 2.76997209e-01 
394 1154.02 9.29577827e+00 2.78873354e-01 
393 1155.67 9.70274830e+00 2.91082442e-01 
392 1157.31 9.70410633e+00 2.91123182e-01 
391 1158.95 9.90797710e+00 2.97239304e-01 
390 1160.59 9.98654842e+00 2.99596459e-01 
389 1162.23 1.02721691e+01 3.08165073e-01 
388 1163.87 1.02570620e+01 3.07711869e-01 
387 1165.50 1.03971901e+01 3.11915696e-01 
386 1167.13 1.03069582e+01 3.09208751e-01 
385 1168.76 1.04720755e+01 3.14162254e-01 
384 1170.39 1.02691545e+01 3.08074623e-01 
383 1172.02 1.02638035e+01 3.07914108e-01 
382 1173.65 1.00598402e+01 3.01795214e-01 
381 1175.27 1.00576677e+01 3.01730037e-01 
380 1176.90 9.95321751e+00 2.98596531e-01 
379 1178.52 9.84888554e+00 2.95466572e-01 
378 1180.14 9.61629200e+00 2.88488746e-01 
377 1181.75 9.58633137e+00 2.87589937e-01 
376 1183.37 9.40662575e+00 2.82198787e-01 
375 1184.99 9.44383812e+00 2.83315152e-01 
374 1186.60 9.32932281e+00 2.79879689e-01 
373 1188.21 9.33069706e+00 2.79920906e-01 
372 1189.82 9.27887058e+00 2.78366119e-01 
371 1191.43 9.54257011e+00 2.86277115e-01 
370 1193.04 9.40253830e+00 2.82076150e-01 
369 1194.64 9.36486721e+00 2.80946016e-01 
368 1196.24 9.13993645e+00 2.74198085e-01 
367 1197.85 9.18235302e+00 2.75470585e-01 
366 1199.45 8.99708462e+00 2.69912541e-01 
365 1201.05 9.04185581e+00 2.71255672e-01 
364 1202.64 8.95193481e+00 2.68558055e-01 
363 1204.24 8.98906803e+00 2.69672036e-01 
362 1205.83 8.91994381e+00 2.67598301e-01 
361 1207.43 8.94194126e+00 2.68258244e-01 
360 1209.02 8.85745811e+00 2.65723735e-01 
359 1210.61 9.02803516e+00 2.70841062e-01 
358 1212.19 9.05888367e+00 2.71766514e-01 
357 1213.78 9.22722626e+00 2.76816785e-01 
356 1215.37 9.14573669e+00 2.74372101e-01 
355 1216.95 9.22973156e+00 2.76891947e-01 
354 1218.53 9.19827652e+00 2.75948286e-01 
353 1220.11 9.28873348e+00 2.78661996e-01 
352 1221.69 9.27261639e+00 2.78178483e-01 
351 1223.27 9.31906986e+00 2.79572099e-01 
350 1224.84 9.26115131e+00 2.77834535e-01 
349 1226.42 9.28970528e+00 2.78691173e-01 
348 1227.99 9.26752377e+00 2.78025717e-01 
347 1229.56 9.43645191e+00 2.83093572e-01 
346 1231.13 9.37794971e+00 2.81338483e-01 
345 1232.70 9.42156696e+00 2.82647014e-01 
344 1234.27 9.35569572e+00 2.80670881e-01 
343 1235.84 9.37131786e+00 2.81139523e-01 
342 1237.40 9.29621029e+00 2.78886318e-01 
341 1238.96 9.29884148e+00 2.78965235e-01 
340 1240.52 9.11075211e+00 2.73322552e-01 
339 1242.08 9.24208260e+00 2.77262479e-01 
338 1243.64 9.22613049e+00 2.76783913e-01 
337 1245.20 9.30812263e+00 2.79243678e-01 
336 1246.75 9.25830555e+00 2.77749181e-01 
335 1248.31 9.30513763e+00 2.79154122e-01 
334 1249.86 9.21648312e+00 2.76494503e-01 
333 1251.41 9.26938438e+00 2.78081536e-01 
332 1252.96 9.16924000e+00 2.75077194e-01 
331 1254.51 9.19060326e+00 2.75718093e-01 
330 1256.06 9.07424355e+00 2.72227317e-01 
329 1257.61 8.99403095e+00 2.69820929e-01 
328 1259.15 8.81614494e+00 2.64484346e-01 
327 1260.69 8.69441128e+00 2.60832340e-01 
326 1262.23 8.50953197e+00 2.55285949e-01 
325 1263.77 8.46514130e+00 2.53954232e-01 
324 1265.31 8.08827686e+00 2.42648304e-01 
323 1266.85 8.08748817e+00 2.42624640e-01 
322 1268.39 8.15121078e+00 2.44536325e-01 
321 1269.92 8.32172680e+00 2.49651805e-01 
320 1271.46 8.67612648e+00 2.60283798e-01 
319 1272.99 8.78763199e+00 2.63628960e-01 
318 1274.52 8.78596115e+00 2.63578832e-01 
317 1276.05 8.87844276e+00 2.66353279e-01 
316 1277.58 8.76285934e+00 2.62885779e-01 
315 1279.10 8.63002777e+00 2.58900821e-01 
314 1280.63 8.58933067e+00 2.57679909e-01 
313 1282.15 8.60538864e+00 2.58161664e-01 
312 1283.68 8.72681046e+00 2.61804312e-01 
311 1285.20 8.93920898e+00 2.68176258e-01 
310 1286.72 8.91115665e+00 2.67334700e-01 
309 1288.24 8.92726231e+00 2.67817855e-01 
308 1289.75 8.83026028e+00 2.64907807e-01 
307 1291.27 8.83920002e+00 2.65175998e-01 
306 1292.78 8.84945202e+00 2.65483558e-01 
305 1294.30 8.82461834e+00 2.64738560e-01 
304 1295.81 8.72900009e+00 2.61869997e-01 
303 1297.32 8.69736290e+00 2.60920882e-01 
302 1298.83 8.63170910e+00 2.58951277e-01 
301 1300.34 8.52539635e+00 2.55761892e-01 
300 1301.85 8.45480061e+00 2.53644019e-01 
299 1303.35 8.39119530e+00 2.51735866e-01 
298 1304.86 8.28239250e+00 2.48471782e-01 
297 1306.36 8.24841976e+00 2.47452587e-01 
296 1307.86 8.17523575e+00 2.45257080e-01 
295 1309.36 8.07865238e+00 2.42359579e-01 
294 1310.86 7.94507647e+00 2.38352299e-01 
293 1312.36 7.88619518e+00 2.36585855e-01 
292 1313.86 7.79204226e+00 2.33761266e-01 
291 1315.36 7.76186180e+00 2.32855856e-01 
290 1316.85 7.65204287e+00 2.29561284e-01 
289 1318.34 7.60001373e+00 2.28000417e-01 
288 1319.84 7.53489637e+00 2.26046890e-01 
287 1321.33 7.55592966e+00 2.26677895e-01 
286 1322.82 7.55685043e+00 2.26705506e-01 
285 1324.30 7.50002718e+00 2.25000814e-01 
284 1325.79 7.24519920e+00 2.17355981e-01 
283 1327.28 7.03670597e+00 2.11101174e-01 
282 1328.76 6.66130352e+00 1.99839100e-01 
281 1330.25 6.53571224e+00 1.96071371e-01 
280 1331.73 6.49462271e+00 1.94838688e-01 
279 1333.21 6.46378136e+00 1.93913445e-01 
278 1334.69 6.49109077e+00 1.94732726e-01 
277 1336.17 6.47582102e+00 1.94274634e-01 
276 1337.65 6.29169083e+00 1.88750729e-01 
275 1339.12 6.22448540e+00 1.86734557e-01 
274 1340.60 5.94569778e+00 1.78370938e-01 
273 1342.07 5.57023382e+00 1.67107016e-01 
272 1343.55 5.23158169e+00 1.56947449e-01 
271 1345.02 4.36856365e+00 1.31056905e-01 
270 1346.49 3.54807043e+00 1.06442116e-01 
269 1347.96 3.37252116e+00 1.01175636e-01 
268 1349.43 2.58908129e+00 7.76724368e-02 
267 1350.89 2.06777453e+00 6.20332360e-02 
266 1352.36 8.04355860e-01 2.41306759e-02 
265 1353.82 3.91986102e-01 1.17595829e-02 
264 1355.29 1.86184987e-01 5.58554940e-03 
263 1356.75 1.18181251e-01 3.54543747e-03 
262 1358.21 6.67704269e-02 2.00311281e-03 
261 1359.67 1.96370199e-01 5.89110609e-03 
260 1361.13 1.10982835e-01 3.32948496e-03 
259 1362.59 1.22924082e-01 3.68772238e-03 
258 1364.04 6.33575544e-02 1.90072658e-03 
257 1365.50 4.83147800e-02 1.44944340e-03 
256 1366.95 2.38041326e-01 7.14123994e-03 
255 1368.41 1.54143289e-01 4.62429877e-03 
254 1369.86 4.18487526e-02 1.25546253e-03 
253 1371.31 7.06965551e-02 2.12089671e-03 
252 1372.76 3.28987479e-01 9.86962393e-03 
251 1374.21 1.33849621e-01 4.01548855e-03 
250 1375.65 1.32074296e-01 3.96222901e-03 
249 1377.10 1.18598364e-01 3.55795096e-03 
248 1378.55 1.57718390e-01 4.73155174e-03 
247 1379.99 1.45096540e-01 4.35289601e-03 
246 1381.43 1.65680707e-01 4.97042108e-03 
245 1382.87 2.75842231e-02 8.27526674e-04 
244 1384.32 6.74327090e-02 2.02298118e-03 
243 1385.75 1.14676639e-01 3.44029907e-03 
242 1387.19 2.95575440e-01 8.86726286e-03 
241 1388.63 1.78336352e-01 5.35009056e-03 
240 1390.07 5.11599064e-01 1.53479716e-02 
239 1391.50 3.46135348e-01 1.03840604e-02 
238 1392.94 3.27286005e-01 9.81858000e-03 
237 1394.37 2.71498919e-01 8.14496726e-03 
236 1395.80 5.18244505e-01 1.55473351e-02 
235 1397.23 5.74824989e-01 1.72447488e-02 
234 1398.66 3.85865211e-01 1.15759559e-02 
233 1400.09 8.18712592e-01 2.45613772e-02 
232 1401.52 6.03123903e-01 1.80937164e-02 
231 1402.94 8.36928487e-01 2.51078550e-02 
230 1404.37 2.33190909e-01 6.99572731e-03 
229 1405.79 7.57225990e-01 2.27167793e-02 
228 1407.22 2.12575078e-01 6.37725228e-03 
227 1408.64 9.56782520e-01 2.87034754e-02 
226 1410.06 4.59577233e-01 1.37873171e-02 
225 1411.48 1.20487487e+00 3.61462459e-02 
224 1412.90 5.01420677e-01 1.50426207e-02 
223 1414.32 1.21878600e+00 3.65635790e-02 
222 1415.73 1.85018277e+00 5.55054843e-02 
221 1417.15 1.96644795e+00 5.89934401e-02 
220 1418.56 2.06127477e+00 6.18382432e-02 
219 1419.98 2.16495967e+00 6.49487898e-02 
218 1421.39 2.36390424e+00 7.09171295e-02 
217 1422.80 2.62490344e+00 7.87471011e-02 
216 1424.21 2.64711165e+00 7.94133469e-02 
215 1425.62 2.45001054e+00 7.35003129e-02 
214 1427.03 2.57152176e+00 7.71456510e-02 
213 1428.44 2.30591226e+00 6.91773668e-02 
212 1429.84 2.06164932e+00 6.18494786e-02 
211 1431.25 2.29126310e+00 6.87378943e-02 
210 1432.65 2.34288430e+00 7.02865273e-02 
209 1434.06 1.74742413e+00 5.24227247e-02 
208 1435.46 2.69070077e+00 8.07210207e-02 
207 1436.86 2.82281160e+00 8.46843496e-02 
206 1438.26 2.76876497e+00 8.30629468e-02 
205 1439.66 2.65220976e+00 7.95662925e-02 
204 1441.05 2.77440119e+00 8.32320377e-02 
203 1442.45 2.60157847e+00 7.80473575e-02 
202 1443.85 3.10697865e+00 9.32093561e-02 
201 1445.24 3.01244617e+00 9.03733820e-02 
200 1446.64 3.18704557e+00 9.56113636e-02 
199 1448.03 3.07316208e+00 9.21948627e-02 
198 1449.42 3.03457952e+00 9.10373852e-02 
197 1450.81 3.26575351e+00 9.79726017e-02 
196 1452.20 3.35513020e+00 1.00653909e-01 
195 1453.59 3.81507540e+00 1.14452265e-01 
194 1454.97 4.19984341e+00 1.25995308e-01 
193 1456.36 4.25835609e+00 1.27750680e-01 
192 1457.75 4.29621506e+00 1.28886446e-01 
191 1459.13 4.22402382e+00 1.26720712e-01 
190 1460.51 4.05478382e+00 1.21643513e-01 
189 1461.90 3.76676369e+00 1.13002911e-01 
188 1463.28 3.69348264e+00 1.10804476e-01 
187 1464.66 3.50390983e+00 1.05117291e-01 
186 1466.04 3.52577877e+00 1.05773360e-01 
185 1467.41 3.35808253e+00 1.00742474e-01 
184 1468.79 3.20303917e+00 9.60911736e-02 
183 1470.17 3.20915985e+00 9.62747931e-02 
182 1471.54 3.01333880e+00 9.04001668e-02 
181 1472.92 3.24563551e+00 9.73690674e-02 
180 1474.29 3.47034502e+00 1.04110353e-01 
179 1475.66 3.54736757e+00 1.06421024e-01 
178 1477.03 3.44532537e+00 1.03359759e-01 
177 1478.40 3.35813689e+00 1.00744106e-01 
176 1479.77 3.48006248e+00 1.04401872e-01 
175 1481.14 3.61732531e+00 1.08519763e-01 
174 1482.51 3.78544521e+00 1.13563359e-01 
173 1483.87 3.81035852e+00 1.14310756e-01 
172 1485.24 3.82256889e+00 1.14677064e-01 
171 1486.60 3.76589489e+00 1.12976849e-01 
170 1487.96 3.82824516e+00 1.14847355e-01 
169 1489.32 3.90892458e+00 1.17267735e-01 
168 1490.68 4.19750977e+00 1.25925288e-01 
167 1492.04 4.22971821e+00 1.26891553e-01 
166 1493.40 4.28446770e+00 1.28534034e-01 
165 1494.76 4.25275707e+00 1.27582714e-01 
164 1496.12 4.28686190e+00 1.28605857e-01 
163 1497.47 4.27457190e+00 1.28237158e-01 
162 1498.83 4.38956022e+00 1.31686807e-01 
161 1500.18 4.25464630e+00 1.27639383e-01 
160 1501.53 4.16241074e+00 1.24872319e-01 
159 1502.89 4.01737881e+00 1.20521367e-01 
158 1504.24 4.04670429e+00 1.21401131e-01 
157 1505.59 4.06083107e+00 1.21824935e-01 
156 1506.93 4.22268963e+00 1.26680687e-01 
155 1508.28 4.30233335e+00 1.29069999e-01 
154 1509.63 4.37495661e+00 1.31248698e-01 
153 1510.97 4.33456326e+00 1.30036891e-01 
152 1512.32 4.41989183e+00 1.32596761e-01 
151 1513.66 4.33562326e+00 1.30068704e-01 
150 1515.00 4.37522316e+00 1.31256700e-01 
149 1516.34 4.34069061e+00 1.30220711e-01 
148 1517.69 4.36432743e+00 1.30929828e-01 
147 1519.02 4.30053520e+00 1.29016057e-01 
146 1520.36 4.32732201e+00 1.29819661e-01 
145 1521.70 4.26223135e+00 1.27866939e-01 
144 1523.04 4.32041311e+00 1.29612386e-01 
143 1524.37 4.27126598e+00 1.28137976e-01 
142 1525.71 4.33558798e+00 1.30067647e-01 
141 1527.04 4.27536535e+00 1.28260955e-01 
140 1528.37 4.30672503e+00 1.29201755e-01 
139 1529.70 4.22234201e+00 1.26670256e-01 
138 1531.03 4.26992559e+00 1.28097773e-01 
137 1532.36 4.19384384e+00 1.25815317e-01 
136 1533.69 4.23193932e+00 1.26958176e-01 
135 1535.02 4.14108753e+00 1.24232627e-01 
134 1536.34 4.17968035e+00 1.25390410e-01 
133 1537.67 4.09532547e+00 1.22859761e-01 
132 1538.99 4.12458372e+00 1.23737514e-01 
131 1540.31 4.06299162e+00 1.21889748e-01 
130 1541.64 4.10891819e+00 1.23267546e-01 
129 1542.96 4.07014275e+00 1.22104280e-01 
128 1544.28 4.10926056e+00 1.23277813e-01 
127 1545.60 4.02117920e+00 1.20635375e-01 
126 1546.91 4.06397438e+00 1.21919230e-01 
125 1548.23 3.97947693e+00 1.19384311e-01 
124 1549.55 4.02626419e+00 1.20787926e-01 
123 1550.86 3.94868255e+00 1.18460476e-01 
122 1552.18 4.00427389e+00 1.20128214e-01 
121 1553.49 3.94192314e+00 1.18257694e-01 
120 1554.80 3.98419642e+00 1.19525895e-01 
119 1556.11 3.88273096e+00 1.16481930e-01 
118 1557.42 3.90376258e+00 1.17112875e-01 
117 1558.73 3.81742144e+00 1.14522643e-01 
116 1560.04 3.85379052e+00 1.15613714e-01 
115 1561.34 3.75472331e+00 1.12641700e-01 
114 1562.65 3.81241655e+00 1.14372499e-01 
113 1563.95 3.72849894e+00 1.11854970e-01 
112 1565.26 3.79643178e+00 1.13892950e-01 
111 1566.56 3.65930462e+00 1.09779142e-01 
110 1567.86 3.65318084e+00 1.09595425e-01 
109 1569.16 3.52458692e+00 1.05737604e-01 
108 1570.46 3.49479365e+00 1.04843810e-01 
107 1571.76 3.36646843e+00 1.00994051e-01 
106 1573.05 3.35210657e+00 1.00563198e-01 
105 1574.35 3.23492002e+00 9.70475972e-02 
104 1575.64 3.27431321e+00 9.82293934e-02 
103 1576.94 3.22257996e+00 9.66774002e-02 
102 1578.23 3.30857229e+00 9.92571712e-02 
101 1579.52 3.28470087e+00 9.85410288e-02 
100 1580.81 3.35607147e+00 1.00682147e-01 
99 1582.10 3.29259062e+00 9.87777188e-02 
98 1583.39 3.36285877e+00 1.00885764e-01 
97 1584.68 3.27876472e+00 9.83629450e-02 
96 1585.97 3.28002238e+00 9.84006748e-02 
95 1587.25 3.16566610e+00 9.49699804e-02 
94 1588.54 3.18556571e+00 9.55669731e-02 
93 1589.82 3.11515117e+00 9.34545323e-02 
92 1591.10 3.20817995e+00 9.62454006e-02 
91 1592.38 3.16355896e+00 9.49067697e-02 
90 1593.66 3.23275709e+00 9.69827101e-02 
89 1594.94 3.14944410e+00 9.44833234e-02 
88 1596.22 3.16593766e+00 9.49781314e-02 
87 1597.50 3.04787397e+00 9.14362222e-02 
86 1598.77 3.03792906e+00 9.11378711e-02 
85 1600.05 2.91648889e+00 8.74946639e-02 
84 1601.32 2.93279648e+00 8.79838914e-02 
83 1602.59 2.85495114e+00 8.56485367e-02 
82 1603.86 2.91842890e+00 8.75528678e-02 
81 1605.13 2.80830693e+00 8.42492059e-02 
80 1606.40 2.86662531e+00 8.59987587e-02 
79 1607.67 2.75652361e+00 8.26957077e-02 
78 1608.94 2.80060339e+00 8.40181038e-02 
77 1610.20 2.74334455e+00 8.23003352e-02 
76 1611.47 2.82982612e+00 8.48947838e-02 
75 1612.73 2.77105522e+00 8.31316561e-02 
74 1614.00 2.84762859e+00 8.54288563e-02 
73 1615.26 2.77944994e+00 8.33835006e-02 
72 1616.52 2.81609821e+00 8.44829455e-02 
71 1617.78 2.71987867e+00 8.15963596e-02 
70 1619.03 2.75507140e+00 8.26521441e-02 
69 1620.29 2.69185448e+00 8.07556361e-02 
68 1621.55 2.74363589e+00 8.23090747e-02 
67 1622.80 2.67401695e+00 8.02205056e-02 
66 1624.06 2.75426984e+00 8.26280937e-02 
65 1625.31 2.66188598e+00 7.98565820e-02 
64 1626.56 2.72790146e+00 8.18370432e-02 
63 1627.81 2.62938952e+00 7.88816884e-02 
62 1629.06 2.65229297e+00 7.95687884e-02 
61 1630.31 2.56220818e+00 7.68662468e-02 
60 1631.56 2.60454702e+00 7.81364143e-02 
59 1632.80 2.51598215e+00 7.54794627e-02 
58 1634.05 2.54130149e+00 7.62390420e-02 
57 1635.29 2.44351101e+00 7.33053312e-02 
56 1636.53 2.46018124e+00 7.38054365e-02 
55 1637.77 2.35055661e+00 7.05166981e-02 
54 1639.01 2.36408091e+00 7.09224269e-02 
53 1640.25 2.27644372e+00 6.82933107e-02 
52 1641.49 2.28752780e+00 6.86258376e-02 
51 1642.73 2.20950079e+00 6.62850216e-02 
50 1643.96 2.22772717e+00 6.68318123e-02 
49 1645.20 2.12505245e+00 6.37515709e-02 
48 1646.43 2.14102626e+00 6.42307848e-02 
47 1647.66 2.05368018e+00 6.16104044e-02 
46 1648.89 2.04346132e+00 6.13038391e-02 
45 1650.12 1.93475354e+00 5.80426045e-02 
44 1651.35 1.92319965e+00 5.76959886e-02 
43 1652.58 1.77414393e+00 5.32243177e-02 
42 1653.80 1.75040948e+00 5.25122844e-02 
41 1655.03 1.61808574e+00 4.85425740e-02 
40 1656.25 1.59301329e+00 4.77903970e-02 
39 1657.47 1.43763566e+00 4.31290716e-02 
38 1658.70 1.39330196e+00 4.17990573e-02 
37 1659.92 1.24980247e+00 3.74940746e-02 
36 1661.13 1.19284499e+00 3.57853509e-02 
35 1662.35 1.05833149e+00 3.17499451e-02 
34 1663.57 9.92287099e-01 2.97686122e-02 
33 1664.78 8.75342250e-01 2.62602679e-02 
32 1666.00 8.29082668e-01 2.48724800e-02 
31 1667.21 7.26868927e-01 2.18060687e-02 
30 1668.42 6.98010623e-01 2.09403187e-02 
29 1669.63 6.06577158e-01 1.81973148e-02 
28 1670.84 5.71668506e-01 1.71500556e-02 
27 1672.05 5.01585960e-01 1.50475791e-02 
26 1673.26 4.84436870e-01 1.45331062e-02 
25 1674.46 4.18475717e-01 1.25542711e-02 
24 1675.67 4.04749423e-01 1.21424831e-02 
23 1676.87 3.43123049e-01 1.02936914e-02 
22 1678.07 3.36398453e-01 1.00919539e-02 
21 1679.27 2.95959443e-01 8.87878332e-03 
20 1680.47 2.93974936e-01 8.81924853e-03 
19 1681.67 2.49289751e-01 7.47869257e-03 
18 1682.87 2.44242787e-01 7.32728373e-03 
17 1684.06 2.07801193e-01 6.23403583e-03 
16 1685.26 2.06809804e-01 6.20429404e-03 
15 1686.45 1.62294775e-01 4.86884313e-03 
14 1687.64 1.84508026e-01 5.53524075e-03 
13 1688.83 1.42969370e-01 4.28908132e-03 
12 1690.02 1.52116835e-01 4.56350483e-03 
11 1691.21 1.33350119e-01 4.00050357e-03 
10 1692.39 1.26618400e-01 3.79855209e-03 
9 1693.58 1.12735398e-01 3.38206184e-03 
8 1694.76 1.00064799e-01 3.00194393e-03 
7 1695.95 1.92150086e-01 5.76450257e-03 
6 1697.13 2.43132681e-01 7.29398057e-03 
5 1698.31 1.53039187e-01 4.59117582e-03 
4 1699.49 9.49601829e-02 2.84880539e-03 
3 1700.66 9.17644501e-02 2.75293342e-03 
2 1701.84 8.12194049e-02 2.43658223e-03 
1 1703.01 6.34878203e-02 1.90463464e-03 
0 1703.01 3.10416579e+00 9.31249708e-02 
