% C0 (TOA Count Rate, /ms) for 4STAR VIS spectrometer (1044 channels) derived from (SEE Original files for sources) and recorded on 2018-04-13 16:00:37.
% Langley at MLO and airborne Data outside 2.0x the STD of 501 nm Langley residuals were screened out. 
% Including high Altitude rate spectra, matched to splined stratospheric AOD measured at MLO.
% Averages of c0 from multiple days including: , MLO -av-g-, infl-ig-ht, infl-ig-ht, high- a-lt, high- a-lt, high- a-lt, Ames- r-oo. See the list of files below
% 20170605_VIS_C0_refined_Langley_MLO_May2017_averages.dat
% 20170807_VIS_C0_refined_langley_4STARpm.dat
% 20170807_VIS_C0_refined_langley_4STAR_subset_pm.dat
% 20170809_VIS_C0_refined_high_alt_low_m_frompolyfit.dat
% 20170815_VIS_C0_refined_high_alt_low_m_frompolyfit.dat
% 20170903_VIS_C0_refined_high_alt_low_m_frompolyfitBonanza.dat
% 20171026_VIS_C0_refined_langley_4STARam_Ames_roof_.dat
Pix Wavelength C0 C0err
0 173.18 -5.71428571e-01 5.34522484e-01 
1 173.98 -1.00000000e+00 0.00000000e+00 
2 174.77 -1.00000000e+00 0.00000000e+00 
3 175.56 -1.00000000e+00 0.00000000e+00 
4 176.36 -1.00000000e+00 0.00000000e+00 
5 177.15 -1.00000000e+00 0.00000000e+00 
6 177.94 -1.00000000e+00 0.00000000e+00 
7 178.74 -1.00000000e+00 0.00000000e+00 
8 179.53 -1.00000000e+00 0.00000000e+00 
9 180.33 -1.00000000e+00 0.00000000e+00 
10 181.12 -1.00000000e+00 0.00000000e+00 
11 181.92 -1.00000000e+00 0.00000000e+00 
12 182.71 -1.00000000e+00 0.00000000e+00 
13 183.51 -1.00000000e+00 0.00000000e+00 
14 184.30 -1.00000000e+00 0.00000000e+00 
15 185.10 -1.00000000e+00 0.00000000e+00 
16 185.89 -1.00000000e+00 0.00000000e+00 
17 186.69 -1.00000000e+00 0.00000000e+00 
18 187.49 -1.00000000e+00 0.00000000e+00 
19 188.28 -1.00000000e+00 0.00000000e+00 
20 189.08 -1.00000000e+00 0.00000000e+00 
21 189.88 -1.00000000e+00 0.00000000e+00 
22 190.67 -1.00000000e+00 0.00000000e+00 
23 191.47 -1.00000000e+00 0.00000000e+00 
24 192.27 -1.00000000e+00 0.00000000e+00 
25 193.07 -1.00000000e+00 0.00000000e+00 
26 193.86 -1.00000000e+00 0.00000000e+00 
27 194.66 -1.00000000e+00 0.00000000e+00 
28 195.46 -1.00000000e+00 0.00000000e+00 
29 196.26 -1.00000000e+00 0.00000000e+00 
30 197.05 -1.00000000e+00 0.00000000e+00 
31 197.85 -1.00000000e+00 0.00000000e+00 
32 198.65 -1.00000000e+00 0.00000000e+00 
33 199.45 -1.00000000e+00 0.00000000e+00 
34 200.25 -1.00000000e+00 0.00000000e+00 
35 201.05 -1.00000000e+00 0.00000000e+00 
36 201.85 -1.00000000e+00 0.00000000e+00 
37 202.65 -1.00000000e+00 0.00000000e+00 
38 203.44 -1.00000000e+00 0.00000000e+00 
39 204.24 -1.00000000e+00 0.00000000e+00 
40 205.04 -1.00000000e+00 0.00000000e+00 
41 205.84 -1.00000000e+00 0.00000000e+00 
42 206.64 4.32593083e+37 1.14453372e+38 
43 207.44 -2.90008271e-02 2.56902233e+00 
44 208.24 -5.76708009e-01 1.03018116e+00 
45 209.04 -6.44858926e-01 8.47824627e-01 
46 209.84 -5.80715941e-01 9.76593748e-01 
47 210.64 -5.01948948e-01 9.57662776e-01 
48 211.44 -5.07227423e-01 9.73260565e-01 
49 212.24 -5.42809725e-01 9.48440590e-01 
50 213.04 1.41697602e-01 2.31449789e+00 
51 213.85 1.09326453e+34 2.89250607e+34 
52 214.65 1.37086093e+33 3.62695711e+33 
53 215.45 5.10506257e+34 1.34531911e+35 
54 216.25 5.43381623e+33 1.43093539e+34 
55 217.05 5.82213629e+32 1.53191473e+33 
56 217.85 6.27727555e+31 1.65008679e+32 
57 218.65 6.74324296e+30 1.77059274e+31 
58 219.46 7.23874435e+29 1.89804259e+30 
59 220.26 7.83074300e+28 2.05009087e+29 
60 221.06 8.41545925e+27 2.19896359e+28 
61 221.86 9.24284590e+26 2.41040655e+27 
62 222.66 1.00398058e+26 2.61172545e+26 
63 223.47 1.09608602e+25 2.84317462e+25 
64 224.27 1.19064615e+24 3.07751047e+24 
65 225.07 1.29863351e+23 3.34311406e+23 
66 225.87 1.43593960e+22 3.68021693e+22 
67 226.68 1.60887838e+21 4.10276889e+21 
68 227.48 1.88743632e+20 4.78513951e+20 
69 228.28 2.58817374e+19 6.52152449e+19 
70 229.08 5.06864468e+18 1.26946919e+19 
71 229.89 1.93448622e+18 4.82757934e+18 
72 230.69 1.84908652e+18 4.61362311e+18 
73 231.49 4.77141377e+18 1.19505612e+19 
74 232.30 2.69584050e+19 6.79252048e+19 
75 233.10 2.49002804e+20 6.32016289e+20 
76 233.90 2.82719809e+21 7.22073266e+21 
77 234.71 3.52613246e+22 9.06186488e+22 
78 235.51 4.54625125e+23 1.17387851e+24 
79 236.32 6.06803450e+24 1.57333956e+25 
80 237.12 8.18789937e+25 2.13037313e+26 
81 237.92 1.12083687e+27 2.92490631e+27 
82 238.73 1.56174932e+28 4.08532373e+28 
83 239.53 2.18849735e+29 5.73612008e+29 
84 240.34 2.93829388e+30 7.71371734e+30 
85 241.14 3.69385831e+31 9.71024646e+31 
86 241.94 4.28641379e+32 1.12801862e+33 
87 242.75 4.54649289e+33 1.19750052e+34 
88 243.55 4.41079859e+34 1.16261359e+35 
89 244.36 1.08390289e+33 2.86773750e+33 
90 245.16 7.38598744e+33 1.95414860e+34 
91 245.97 4.52741667e+34 1.19784186e+35 
92 246.77 -5.55543606e-01 9.22121936e-01 
93 247.58 -5.87670222e-01 8.60399476e-01 
94 248.38 -5.35373984e-01 8.80087323e-01 
95 249.19 -5.48458370e-01 9.36694965e-01 
96 249.99 -5.66965856e-01 8.81662439e-01 
97 250.80 -6.00038985e-01 8.00955977e-01 
98 251.60 1.28550449e+11 3.40112520e+11 
99 252.41 -6.05606124e-01 9.45747311e-01 
100 253.21 -6.17254070e-01 8.82120757e-01 
101 254.02 -5.42346244e-01 1.05434616e+00 
102 254.82 -5.82880637e-01 1.00476484e+00 
103 255.63 -6.48980257e-01 8.00642441e-01 
104 256.44 -6.53794422e-01 7.90105358e-01 
105 257.24 -5.99082203e-01 9.06670920e-01 
106 258.05 8.74344039e+05 2.31329857e+06 
107 258.85 -3.58594078e-01 1.10934270e+00 
108 259.66 -6.04634718e-01 8.40678454e-01 
109 260.46 -5.64329843e-01 8.87206089e-01 
110 261.27 -5.47465935e-01 9.18786620e-01 
111 262.08 -5.77707941e-01 8.51126147e-01 
112 262.88 -4.26170026e-01 1.19889276e+00 
113 263.69 1.67970496e+34 4.44408159e+34 
114 264.49 2.70536039e+33 7.15771079e+33 
115 265.30 3.84376050e+32 1.01696344e+33 
116 266.11 1.24941002e+34 3.29225218e+34 
117 266.91 1.00821509e+33 2.65451300e+33 
118 267.72 7.04297916e+31 1.85243879e+32 
119 268.53 4.18765517e+30 1.09976452e+31 
120 269.33 2.72697700e+29 7.15054708e+29 
121 270.14 2.09661286e+28 5.48776634e+28 
122 270.95 1.48294771e+27 3.87235853e+27 
123 271.75 9.53659225e+25 2.48326726e+26 
124 272.56 5.65126502e+24 1.46644105e+25 
125 273.37 2.87266536e+23 7.41741671e+23 
126 274.17 1.47072176e+22 3.77710275e+22 
127 274.98 8.93370675e+20 2.28077436e+21 
128 275.79 6.17625858e+19 1.56477502e+20 
129 276.59 4.64467125e+18 1.16630282e+19 
130 277.40 3.68761841e+17 9.17133219e+17 
131 278.21 2.84563854e+16 6.99625908e+16 
132 279.01 2.64709196e+33 7.00354702e+33 
133 279.82 1.54916909e+31 4.09871614e+31 
134 280.63 8.71979736e+28 2.30704153e+29 
135 281.43 5.59543423e+26 1.48041274e+27 
136 282.24 5.52218964e+24 1.46103405e+25 
137 283.05 8.21065814e+22 2.17233595e+23 
138 283.86 1.46496306e+21 3.87592793e+21 
139 284.66 2.69147780e+19 7.12098092e+19 
140 285.47 6.67641289e+17 1.76641281e+18 
141 286.28 2.45187166e+16 6.48704265e+16 
142 287.09 1.04601076e+15 2.76748432e+15 
143 287.89 4.57084766e+13 1.20933258e+14 
144 288.70 2.49357355e+12 6.59737441e+12 
145 289.51 1.90382824e+11 5.03705276e+11 
146 290.32 1.79114741e+10 4.73891951e+10 
147 291.12 1.91237129e+09 5.05961928e+09 
148 291.93 2.27722692e+08 6.02482784e+08 
149 292.74 3.31372925e+07 8.76669713e+07 
150 293.55 5.75063288e+06 1.52120167e+07 
151 294.35 1.18382885e+06 3.13080543e+06 
152 295.16 2.73516894e+05 7.22983434e+05 
153 295.97 7.07972444e+04 1.86945090e+05 
154 296.78 2.04989057e+04 5.40259066e+04 
155 297.58 6.54966253e+03 1.72043849e+04 
156 298.39 2.39453888e+03 6.25625226e+03 
157 299.20 9.91334245e+02 2.56945587e+03 
158 300.01 4.45428092e+02 1.14095673e+03 
159 300.81 2.21908127e+02 5.59592561e+02 
160 301.62 1.16027473e+02 2.86006110e+02 
161 302.43 6.71195755e+01 1.61170432e+02 
162 303.24 4.14259676e+01 9.62312247e+01 
163 304.04 2.68929738e+01 5.99732200e+01 
164 304.85 1.83169994e+01 3.89169049e+01 
165 305.66 1.30792652e+01 2.63769149e+01 
166 306.47 9.77519716e+00 1.86110158e+01 
167 307.28 7.62111391e+00 1.36245651e+01 
168 308.08 6.16301148e+00 1.03543804e+01 
169 308.89 5.17783403e+00 8.20209570e+00 
170 309.70 4.30299574e+00 6.29481880e+00 
171 310.51 3.72533795e+00 5.09296179e+00 
172 311.32 3.28312829e+00 4.18253762e+00 
173 312.12 2.90433198e+00 3.43120435e+00 
174 312.93 2.61349718e+00 2.84575366e+00 
175 313.74 2.42603125e+00 2.50211322e+00 
176 314.55 2.27048638e+00 2.18624433e+00 
177 315.36 2.14240134e+00 1.94048763e+00 
178 316.16 2.04454040e+00 1.74809817e+00 
179 316.97 1.97748336e+00 1.62936754e+00 
180 317.78 1.90358497e+00 1.47625656e+00 
181 318.59 1.85458054e+00 1.37447163e+00 
182 319.40 1.81959167e+00 1.29332271e+00 
183 320.20 1.77962631e+00 1.19058129e+00 
184 321.01 1.74613250e+00 1.11142238e+00 
185 321.82 1.73997396e+00 1.06701988e+00 
186 322.63 1.73056688e+00 1.02078094e+00 
187 323.43 1.70925682e+00 9.64335464e-01 
188 324.24 1.70685799e+00 9.28910632e-01 
189 325.05 1.71190541e+00 9.02561984e-01 
190 325.86 1.71961112e+00 8.74806306e-01 
191 326.67 1.71600579e+00 8.31566711e-01 
192 327.48 1.73850588e+00 8.18868746e-01 
193 328.28 1.76144885e+00 8.08334333e-01 
194 329.09 1.78236025e+00 7.88440357e-01 
195 329.90 1.81913831e+00 7.88819136e-01 
196 330.71 1.87685169e+00 7.94063980e-01 
197 331.52 1.95636726e+00 7.98686141e-01 
198 332.32 2.09493976e+00 8.19797324e-01 
199 333.13 2.35525016e+00 8.71907294e-01 
200 333.94 2.83976591e+00 1.00031350e+00 
201 334.75 3.61849349e+00 1.18844968e+00 
202 335.55 4.67251102e+00 1.43473118e+00 
203 336.36 6.19127135e+00 1.81429213e+00 
204 337.17 8.55466165e+00 2.36168099e+00 
205 337.98 1.18439489e+01 3.03635360e+00 
206 338.79 1.58039654e+01 3.76605517e+00 
207 339.60 2.02634115e+01 4.52654747e+00 
208 340.40 2.43164811e+01 5.15535297e+00 
209 341.21 2.77778960e+01 5.60466801e+00 
210 342.02 3.18966811e+01 6.00023754e+00 
211 342.83 3.55021010e+01 6.41705846e+00 
212 343.63 3.64953473e+01 6.43171972e+00 
213 344.44 3.80677863e+01 6.35946367e+00 
214 345.25 4.24683332e+01 6.69510874e+00 
215 346.06 4.65921662e+01 6.98396340e+00 
216 346.87 4.93509554e+01 7.10521652e+00 
217 347.67 5.13232086e+01 7.15875834e+00 
218 348.48 5.32953220e+01 7.12968826e+00 
219 349.29 5.67302295e+01 7.17727428e+00 
220 350.10 6.24735650e+01 7.45445535e+00 
221 350.90 6.63130391e+01 7.63940064e+00 
222 351.71 6.65563378e+01 7.59783014e+00 
223 352.52 6.81746739e+01 7.33607297e+00 
224 353.33 7.45339917e+01 7.48656905e+00 
225 354.14 8.21844172e+01 7.86039409e+00 
226 354.94 8.55581356e+01 8.11753063e+00 
227 355.75 8.40620608e+01 8.05725809e+00 
228 356.56 7.92849383e+01 7.68142174e+00 
229 357.37 7.46665604e+01 7.22115368e+00 
230 358.18 7.40966214e+01 6.71496555e+00 
231 358.98 8.36819863e+01 6.72236372e+00 
232 359.79 9.63405883e+01 7.50517687e+00 
233 360.60 9.78501333e+01 7.86065668e+00 
234 361.41 9.67502166e+01 7.44223052e+00 
235 362.21 1.02327667e+02 7.32394013e+00 
236 363.02 1.08396029e+02 7.64085568e+00 
237 363.83 1.12120684e+02 7.71324431e+00 
238 364.64 1.17856048e+02 7.67871731e+00 
239 365.44 1.28692577e+02 7.93060525e+00 
240 366.25 1.37753059e+02 8.51146359e+00 
241 367.06 1.38747466e+02 8.76973105e+00 
242 367.87 1.36637585e+02 8.53695969e+00 
243 368.67 1.38842109e+02 8.35411959e+00 
244 369.48 1.44906536e+02 8.59207157e+00 
245 370.29 1.46037706e+02 8.72544182e+00 
246 371.10 1.44417597e+02 8.60433702e+00 
247 371.90 1.40674075e+02 8.46157732e+00 
248 372.71 1.32766094e+02 8.17117161e+00 
249 373.52 1.25546280e+02 7.65615808e+00 
250 374.33 1.25177195e+02 7.42434432e+00 
251 375.13 1.34230104e+02 7.62483858e+00 
252 375.94 1.46202174e+02 8.13842147e+00 
253 376.75 1.59020877e+02 8.82724906e+00 
254 377.56 1.74034289e+02 9.51938314e+00 
255 378.36 1.77494545e+02 1.00332046e+01 
256 379.17 1.68049636e+02 9.92670489e+00 
257 379.98 1.64802495e+02 9.40236164e+00 
258 380.78 1.64571147e+02 9.35260758e+00 
259 381.59 1.49619671e+02 9.15271357e+00 
260 382.40 1.27427105e+02 7.99445036e+00 
261 383.20 1.17736446e+02 7.11148807e+00 
262 384.01 1.28469936e+02 7.37708528e+00 
263 384.82 1.45155339e+02 8.26176291e+00 
264 385.63 1.51629522e+02 8.89494783e+00 
265 386.43 1.52874463e+02 9.10326778e+00 
266 387.24 1.53951070e+02 9.21813162e+00 
267 388.05 1.56383869e+02 9.54020223e+00 
268 388.85 1.66142649e+02 1.01815859e+01 
269 389.66 1.81647499e+02 1.12176256e+01 
270 390.47 1.93772734e+02 1.21388179e+01 
271 391.27 1.94490863e+02 1.23782233e+01 
272 392.08 1.72870762e+02 1.16648058e+01 
273 392.89 1.39870695e+02 1.01545472e+01 
274 393.69 1.33561858e+02 9.56920257e+00 
275 394.50 1.60688587e+02 1.10577501e+01 
276 395.31 1.78952069e+02 1.19235332e+01 
277 396.11 1.65578050e+02 1.19212693e+01 
278 396.92 1.57158171e+02 1.19317863e+01 
279 397.73 1.87278346e+02 1.41423273e+01 
280 398.53 2.30719814e+02 1.68518307e+01 
281 399.34 2.57370619e+02 1.88938831e+01 
282 400.15 2.70265242e+02 2.01126525e+01 
283 400.95 2.79629193e+02 2.09033227e+01 
284 401.76 2.87104180e+02 2.13799183e+01 
285 402.57 2.89129343e+02 2.15589504e+01 
286 403.37 2.87476470e+02 2.14674212e+01 
287 404.18 2.86319078e+02 2.12995539e+01 
288 404.99 2.85122301e+02 2.11577254e+01 
289 405.79 2.83758397e+02 2.10371433e+01 
290 406.60 2.84740137e+02 2.12121529e+01 
291 407.40 2.92075104e+02 2.18084286e+01 
292 408.21 3.03265726e+02 2.24650905e+01 
293 409.02 3.07278492e+02 2.26119788e+01 
294 409.82 3.03018234e+02 2.28843798e+01 
295 410.63 3.06878649e+02 2.34649216e+01 
296 411.43 3.20323486e+02 2.43566343e+01 
297 412.24 3.28330887e+02 2.52968812e+01 
298 413.05 3.28560130e+02 2.59105537e+01 
299 413.85 3.27940876e+02 2.63154969e+01 
300 414.66 3.27877461e+02 2.68641861e+01 
301 415.46 3.28581457e+02 2.75111776e+01 
302 416.27 3.28194274e+02 2.79165054e+01 
303 417.08 3.23134528e+02 2.81509601e+01 
304 417.88 3.16864169e+02 2.83193871e+01 
305 418.69 3.14032992e+02 2.86006584e+01 
306 419.49 3.14280239e+02 2.92674824e+01 
307 420.30 3.17897200e+02 3.01418553e+01 
308 421.11 3.21144432e+02 3.05316589e+01 
309 421.91 3.17820523e+02 3.04728389e+01 
310 422.72 3.12008385e+02 3.03361036e+01 
311 423.52 3.11947821e+02 3.02232240e+01 
312 424.33 3.15502800e+02 3.02055254e+01 
313 425.13 3.17650563e+02 3.00682616e+01 
314 425.94 3.17977788e+02 2.94887928e+01 
315 426.74 3.17688266e+02 2.87748683e+01 
316 427.55 3.17384234e+02 2.79213886e+01 
317 428.36 3.13869994e+02 2.63386224e+01 
318 429.16 3.01646232e+02 2.41715701e+01 
319 429.96 2.88782226e+02 2.27391453e+01 
320 430.77 2.97761920e+02 2.28163068e+01 
321 431.58 3.31023502e+02 2.33397696e+01 
322 432.38 3.64005601e+02 2.34842409e+01 
323 433.19 3.79575684e+02 2.32870681e+01 
324 433.99 3.88565090e+02 2.28499957e+01 
325 434.80 4.05520896e+02 2.24808487e+01 
326 435.60 4.28786421e+02 2.19008418e+01 
327 436.41 4.44482756e+02 2.10047697e+01 
328 437.21 4.45082417e+02 1.99329391e+01 
329 438.02 4.39935364e+02 1.89823769e+01 
330 438.82 4.43651328e+02 1.80104738e+01 
331 439.63 4.58222338e+02 1.71114963e+01 
332 440.43 4.78507393e+02 1.69713114e+01 
333 441.24 4.99709636e+02 1.68540963e+01 
334 442.04 5.18721444e+02 1.65557959e+01 
335 442.85 5.31767341e+02 1.65001102e+01 
336 443.65 5.39617029e+02 1.62425653e+01 
337 444.45 5.43159215e+02 1.57347503e+01 
338 445.26 5.43304724e+02 1.55010141e+01 
339 446.06 5.48309280e+02 1.53220274e+01 
340 446.87 5.62128627e+02 1.49500486e+01 
341 447.67 5.78892596e+02 1.47827215e+01 
342 448.48 5.91855898e+02 1.51114935e+01 
343 449.28 6.04327193e+02 1.53233990e+01 
344 450.09 6.18258019e+02 1.53268431e+01 
345 450.89 6.26213273e+02 1.52897727e+01 
346 451.70 6.20699440e+02 1.55138291e+01 
347 452.50 6.08917613e+02 1.54316133e+01 
348 453.30 6.03999890e+02 1.48720331e+01 
349 454.11 6.08398224e+02 1.42705145e+01 
350 454.91 6.18472768e+02 1.43621586e+01 
351 455.72 6.29334801e+02 1.45620262e+01 
352 456.52 6.38499536e+02 1.46256097e+01 
353 457.32 6.42500616e+02 1.47368390e+01 
354 458.13 6.41493674e+02 1.48603541e+01 
355 458.93 6.40906017e+02 1.47847583e+01 
356 459.74 6.45448406e+02 1.47226585e+01 
357 460.54 6.54483486e+02 1.48452507e+01 
358 461.34 6.64074587e+02 1.49499327e+01 
359 462.15 6.70280666e+02 1.51782670e+01 
360 462.95 6.70473781e+02 1.52564829e+01 
361 463.76 6.66120456e+02 1.52481030e+01 
362 464.56 6.61894621e+02 1.52837390e+01 
363 465.36 6.59124496e+02 1.51824485e+01 
364 466.17 6.57839443e+02 1.50648083e+01 
365 466.97 6.58805259e+02 1.49889746e+01 
366 467.77 6.62536710e+02 1.47044689e+01 
367 468.58 6.66511645e+02 1.46263327e+01 
368 469.38 6.66979552e+02 1.47669908e+01 
369 470.18 6.67662415e+02 1.51436098e+01 
370 470.99 6.74630326e+02 1.51778489e+01 
371 471.79 6.85193830e+02 1.51273719e+01 
372 472.59 6.94114547e+02 1.52535769e+01 
373 473.40 7.00418701e+02 1.55808132e+01 
374 474.20 7.04823010e+02 1.52766582e+01 
375 475.00 7.07683486e+02 1.52657482e+01 
376 475.81 7.09637582e+02 1.53686913e+01 
377 476.61 7.13924702e+02 1.54238863e+01 
378 477.41 7.21299372e+02 1.52559183e+01 
379 478.21 7.28358879e+02 1.53629025e+01 
380 479.02 7.32950586e+02 1.55682770e+01 
381 479.82 7.35782849e+02 1.56818265e+01 
382 480.62 7.38889446e+02 1.56027935e+01 
383 481.43 7.40502614e+02 1.56340011e+01 
384 482.23 7.38854744e+02 1.54930682e+01 
385 483.03 7.33124898e+02 1.54167428e+01 
386 483.84 7.21165771e+02 1.51823067e+01 
387 484.64 6.97745994e+02 1.49549400e+01 
388 485.44 6.68853122e+02 1.47864944e+01 
389 486.24 6.52507015e+02 1.42062652e+01 
390 487.04 6.56939317e+02 1.32186509e+01 
391 487.85 6.76508856e+02 1.29513714e+01 
392 488.65 6.98475612e+02 1.35166779e+01 
393 489.45 7.13333983e+02 1.40151380e+01 
394 490.26 7.18135869e+02 1.41228830e+01 
395 491.06 7.14811066e+02 1.45245139e+01 
396 491.86 7.09358515e+02 1.47278221e+01 
397 492.66 7.09277752e+02 1.44637748e+01 
398 493.46 7.16626901e+02 1.41710441e+01 
399 494.27 7.24993899e+02 1.42316646e+01 
400 495.07 7.29472787e+02 1.43373138e+01 
401 495.87 7.31091408e+02 1.44580947e+01 
402 496.67 7.28021407e+02 1.44711197e+01 
403 497.48 7.22346715e+02 1.44884101e+01 
404 498.28 7.16545031e+02 1.45616203e+01 
405 499.08 7.09693054e+02 1.43746609e+01 
406 499.88 7.01996431e+02 1.41732437e+01 
407 500.68 6.95161977e+02 1.41609712e+01 
408 501.48 6.91979334e+02 1.39260218e+01 
409 502.29 6.94417757e+02 1.35404332e+01 
410 503.09 6.99187683e+02 1.33852978e+01 
411 503.89 7.05408673e+02 1.36095759e+01 
412 504.69 7.13125510e+02 1.39072077e+01 
413 505.49 7.19286227e+02 1.37927665e+01 
414 506.29 7.20337830e+02 1.38795421e+01 
415 507.09 7.16310473e+02 1.41215654e+01 
416 507.90 7.12209688e+02 1.43346824e+01 
417 508.70 7.10898175e+02 1.39361753e+01 
418 509.50 7.11941518e+02 1.38193272e+01 
419 510.30 7.13539810e+02 1.40013273e+01 
420 511.10 7.12440133e+02 1.39309662e+01 
421 511.90 7.07786499e+02 1.39074587e+01 
422 512.71 7.00065093e+02 1.38509066e+01 
423 513.51 6.91854690e+02 1.37685690e+01 
424 514.31 6.85535018e+02 1.34536996e+01 
425 515.11 6.75477860e+02 1.29752262e+01 
426 515.91 6.57918829e+02 1.28816540e+01 
427 516.71 6.40052038e+02 1.29993765e+01 
428 517.51 6.30220850e+02 1.26329137e+01 
429 518.31 6.35175409e+02 1.21443135e+01 
430 519.11 6.51095812e+02 1.21143534e+01 
431 519.91 6.67174659e+02 1.23462105e+01 
432 520.71 6.78955434e+02 1.26654963e+01 
433 521.52 6.83754844e+02 1.30591856e+01 
434 522.32 6.86418120e+02 1.34576414e+01 
435 523.12 6.91487178e+02 1.36734877e+01 
436 523.92 6.96719663e+02 1.35538285e+01 
437 524.72 6.96619728e+02 1.33660622e+01 
438 525.52 6.86588190e+02 1.36393527e+01 
439 526.32 6.74092805e+02 1.38494766e+01 
440 527.12 6.71960756e+02 1.36223941e+01 
441 527.92 6.82034816e+02 1.31944646e+01 
442 528.72 6.97944936e+02 1.31320563e+01 
443 529.52 7.11107606e+02 1.34837638e+01 
444 530.32 7.16950630e+02 1.38231706e+01 
445 531.12 7.14475253e+02 1.39228126e+01 
446 531.92 7.07548820e+02 1.40307778e+01 
447 532.72 7.01239996e+02 1.40710733e+01 
448 533.52 7.00657612e+02 1.37876943e+01 
449 534.32 7.06443785e+02 1.35567617e+01 
450 535.12 7.12235664e+02 1.35031692e+01 
451 535.92 7.13085539e+02 1.36818939e+01 
452 536.72 7.11035297e+02 1.38527076e+01 
453 537.52 7.07990053e+02 1.39049028e+01 
454 538.32 7.03639798e+02 1.36245431e+01 
455 539.12 6.97703791e+02 1.35508409e+01 
456 539.92 6.92208858e+02 1.35343484e+01 
457 540.72 6.90531593e+02 1.32567491e+01 
458 541.52 6.93312112e+02 1.30502031e+01 
459 542.32 6.98997342e+02 1.30622653e+01 
460 543.12 7.04470248e+02 1.32793158e+01 
461 543.92 7.08391525e+02 1.32887836e+01 
462 544.72 7.10893523e+02 1.32811722e+01 
463 545.52 7.10657048e+02 1.32809402e+01 
464 546.32 7.07148114e+02 1.30819188e+01 
465 547.12 7.02803441e+02 1.29825242e+01 
466 547.91 7.00272920e+02 1.28853970e+01 
467 548.71 6.99722249e+02 1.28418255e+01 
468 549.51 7.00158459e+02 1.28349789e+01 
469 550.31 7.00157016e+02 1.29210209e+01 
470 551.11 6.99750028e+02 1.29312548e+01 
471 551.91 6.99357182e+02 1.29271954e+01 
472 552.71 6.99435891e+02 1.28481773e+01 
473 553.51 7.01397343e+02 1.26671786e+01 
474 554.31 7.02606181e+02 1.26281464e+01 
475 555.10 7.00654351e+02 1.26210282e+01 
476 555.90 6.96300406e+02 1.26125059e+01 
477 556.70 6.90636870e+02 1.25857055e+01 
478 557.50 6.82674815e+02 1.25771816e+01 
479 558.30 6.76028861e+02 1.22729601e+01 
480 559.10 6.74633340e+02 1.22364246e+01 
481 559.90 6.75243200e+02 1.21572137e+01 
482 560.70 6.78386957e+02 1.20791538e+01 
483 561.49 6.84193960e+02 1.21437790e+01 
484 562.29 6.88169346e+02 1.24376537e+01 
485 563.09 6.89861056e+02 1.23601167e+01 
486 563.89 6.91024266e+02 1.23312052e+01 
487 564.69 6.90395477e+02 1.24219511e+01 
488 565.49 6.88856022e+02 1.25272800e+01 
489 566.29 6.88736540e+02 1.24295268e+01 
490 567.08 6.92399593e+02 1.21996853e+01 
491 567.88 6.96317540e+02 1.20496683e+01 
492 568.68 6.97451178e+02 1.20610786e+01 
493 569.48 6.96532331e+02 1.19991016e+01 
494 570.28 6.94978910e+02 1.19860348e+01 
495 571.07 6.98202478e+02 1.19140269e+01 
496 571.87 7.07689917e+02 1.19584334e+01 
497 572.67 7.17464297e+02 1.20821945e+01 
498 573.47 7.23173523e+02 1.23849598e+01 
499 574.26 7.21084145e+02 1.25027882e+01 
500 575.06 7.15933966e+02 1.27103981e+01 
501 575.86 7.11796398e+02 1.24676713e+01 
502 576.66 7.07332922e+02 1.20520504e+01 
503 577.45 7.02651770e+02 1.17613607e+01 
504 578.25 6.98746438e+02 1.17121096e+01 
505 579.05 6.96354608e+02 1.15830647e+01 
506 579.85 6.96370249e+02 1.14831147e+01 
507 580.65 6.97630364e+02 1.14613575e+01 
508 581.44 6.98854441e+02 1.16119025e+01 
509 582.24 6.99195493e+02 1.16419702e+01 
510 583.04 6.98428893e+02 1.15201910e+01 
511 583.83 6.94938883e+02 1.15997311e+01 
512 584.63 6.88887351e+02 1.15720153e+01 
513 585.43 6.83312972e+02 1.15794637e+01 
514 586.22 6.79694202e+02 1.14829154e+01 
515 587.02 6.74909895e+02 1.13426618e+01 
516 587.82 6.64528355e+02 1.15440520e+01 
517 588.62 6.52179956e+02 1.17199989e+01 
518 589.41 6.46318589e+02 1.14638644e+01 
519 590.21 6.49832719e+02 1.09496931e+01 
520 591.01 6.59315662e+02 1.07975304e+01 
521 591.80 6.66993443e+02 1.10453456e+01 
522 592.60 6.69794278e+02 1.14519515e+01 
523 593.40 6.70015917e+02 1.16311820e+01 
524 594.19 6.69597205e+02 1.17297491e+01 
525 594.99 6.69672729e+02 1.16669095e+01 
526 595.79 6.70479514e+02 1.14452685e+01 
527 596.58 6.70306068e+02 1.12095277e+01 
528 597.38 6.69011781e+02 1.10719328e+01 
529 598.18 6.66802704e+02 1.09921775e+01 
530 598.97 6.64219812e+02 1.09238946e+01 
531 599.77 6.61532851e+02 1.07333907e+01 
532 600.56 6.58636805e+02 1.07384107e+01 
533 601.36 6.56237951e+02 1.06080655e+01 
534 602.16 6.57101381e+02 1.05841102e+01 
535 602.95 6.60639781e+02 1.06355918e+01 
536 603.75 6.64618116e+02 1.08478276e+01 
537 604.54 6.66227808e+02 1.09592460e+01 
538 605.34 6.65341869e+02 1.10868847e+01 
539 606.14 6.63452862e+02 1.11746298e+01 
540 606.93 6.60717739e+02 1.09398790e+01 
541 607.73 6.57347118e+02 1.10280839e+01 
542 608.52 6.53443817e+02 1.10269799e+01 
543 609.32 6.49651146e+02 1.09084000e+01 
544 610.11 6.47370007e+02 1.09429834e+01 
545 610.91 6.45982784e+02 1.07333445e+01 
546 611.71 6.43619527e+02 1.06329008e+01 
547 612.50 6.40445795e+02 1.05335429e+01 
548 613.30 6.37332078e+02 1.06377203e+01 
549 614.09 6.34821648e+02 1.04039456e+01 
550 614.89 6.31354235e+02 1.03244183e+01 
551 615.68 6.27286085e+02 1.03782905e+01 
552 616.48 6.25691198e+02 1.02475266e+01 
553 617.27 6.27885444e+02 1.01245717e+01 
554 618.07 6.32673336e+02 9.98587541e+00 
555 618.86 6.37075540e+02 1.00926389e+01 
556 619.66 6.39134446e+02 1.01455082e+01 
557 620.45 6.38426300e+02 1.01661310e+01 
558 621.25 6.35648926e+02 1.01689057e+01 
559 622.04 6.31085165e+02 1.02538518e+01 
560 622.84 6.26148546e+02 1.01324383e+01 
561 623.63 6.21449476e+02 9.95414496e+00 
562 624.43 6.17173511e+02 9.78883072e+00 
563 625.22 6.15706286e+02 9.53730265e+00 
564 626.02 6.15833867e+02 9.38798313e+00 
565 626.81 6.16641461e+02 9.43433351e+00 
566 627.61 6.16000822e+02 9.75551090e+00 
567 628.40 6.13645674e+02 9.82906408e+00 
568 629.19 6.10418852e+02 9.66765599e+00 
569 629.99 6.07102138e+02 9.24743995e+00 
570 630.78 6.03844552e+02 8.77704211e+00 
571 631.58 6.02340669e+02 8.56296419e+00 
572 632.37 6.01454533e+02 8.49055332e+00 
573 633.17 6.00438700e+02 8.52607276e+00 
574 633.96 5.99069128e+02 8.68337186e+00 
575 634.76 5.96884501e+02 8.80142951e+00 
576 635.55 5.94971222e+02 8.92340088e+00 
577 636.34 5.94042767e+02 8.87832713e+00 
578 637.14 5.94089922e+02 8.76556275e+00 
579 637.93 5.92978458e+02 8.63957690e+00 
580 638.72 5.88612393e+02 8.62403011e+00 
581 639.52 5.82664032e+02 8.60938748e+00 
582 640.31 5.77007135e+02 8.58315635e+00 
583 641.11 5.73365189e+02 8.40026732e+00 
584 641.90 5.72304006e+02 8.35941070e+00 
585 642.69 5.72238339e+02 8.22586885e+00 
586 643.49 5.71137596e+02 7.99504050e+00 
587 644.28 5.69092827e+02 7.99717211e+00 
588 645.07 5.65879172e+02 7.91969769e+00 
589 645.87 5.63433283e+02 8.03604699e+00 
590 646.66 5.61968381e+02 8.11780847e+00 
591 647.45 5.60797302e+02 8.41128065e+00 
592 648.25 5.57208516e+02 8.63577550e+00 
593 649.04 5.52192970e+02 8.63471117e+00 
594 649.83 5.50157564e+02 8.36459199e+00 
595 650.63 5.52284637e+02 8.22448611e+00 
596 651.42 5.54725920e+02 8.31574720e+00 
597 652.21 5.54621399e+02 8.45812146e+00 
598 653.00 5.52815809e+02 8.35921334e+00 
599 653.80 5.47403913e+02 8.40553363e+00 
600 654.59 5.32713844e+02 8.53043877e+00 
601 655.38 5.09597017e+02 8.70451273e+00 
602 656.17 4.93723427e+02 8.11958281e+00 
603 656.97 4.98509708e+02 7.40931683e+00 
604 657.76 5.17028544e+02 7.01948384e+00 
605 658.55 5.32225783e+02 7.37286749e+00 
606 659.34 5.38835685e+02 7.69854595e+00 
607 660.14 5.42057483e+02 7.59918364e+00 
608 660.93 5.44606554e+02 7.43963582e+00 
609 661.72 5.45641142e+02 7.37066913e+00 
610 662.52 5.44150848e+02 7.52730483e+00 
611 663.31 5.41865185e+02 7.65592966e+00 
612 664.10 5.41340065e+02 7.49649998e+00 
613 664.89 5.42001674e+02 7.36384823e+00 
614 665.68 5.41984857e+02 7.32005436e+00 
615 666.47 5.40880139e+02 7.32345495e+00 
616 667.27 5.40077383e+02 7.40598461e+00 
617 668.06 5.40399788e+02 7.48275981e+00 
618 668.85 5.40403492e+02 7.59525013e+00 
619 669.64 5.39043876e+02 7.67597414e+00 
620 670.43 5.36220109e+02 7.61909987e+00 
621 671.23 5.33153492e+02 7.64511723e+00 
622 672.02 5.31406177e+02 7.49896174e+00 
623 672.81 5.31428147e+02 7.42753694e+00 
624 673.60 5.30976826e+02 7.48420257e+00 
625 674.39 5.29230241e+02 7.57700399e+00 
626 675.18 5.27429984e+02 7.41435169e+00 
627 675.97 5.26273921e+02 7.33524398e+00 
628 676.77 5.25222669e+02 7.31081210e+00 
629 677.56 5.23644937e+02 7.20748304e+00 
630 678.35 5.21705796e+02 7.21982509e+00 
631 679.14 5.19701310e+02 7.15502762e+00 
632 679.93 5.17507006e+02 7.17457981e+00 
633 680.72 5.15441244e+02 7.06260656e+00 
634 681.51 5.13629600e+02 6.89594900e+00 
635 682.30 5.11237193e+02 6.63324412e+00 
636 683.09 5.06969153e+02 6.59807446e+00 
637 683.88 5.01891940e+02 6.69441804e+00 
638 684.67 4.97078466e+02 6.87761638e+00 
639 685.46 4.87164971e+02 8.73194770e+00 
640 686.26 4.66138144e+02 1.39495715e+01 
641 687.04 4.45443671e+02 1.75648926e+01 
642 687.84 4.40904122e+02 1.60643837e+01 
643 688.63 4.46918662e+02 1.36426838e+01 
644 689.42 4.51881668e+02 1.23106177e+01 
645 690.21 4.55991592e+02 1.08644213e+01 
646 691.00 4.60420955e+02 9.44858632e+00 
647 691.79 4.64364816e+02 8.65605388e+00 
648 692.58 4.67487429e+02 8.75740140e+00 
649 693.37 4.68978224e+02 9.49797419e+00 
650 694.16 4.68726208e+02 1.00816586e+01 
651 694.95 4.67434381e+02 9.73552419e+00 
652 695.74 4.67018887e+02 8.66783223e+00 
653 696.53 4.65827110e+02 7.44629121e+00 
654 697.32 4.62669153e+02 6.85666724e+00 
655 698.10 4.59582946e+02 7.05025403e+00 
656 698.89 4.57725243e+02 7.45944009e+00 
657 699.68 4.55080320e+02 7.53273078e+00 
658 700.47 4.51141218e+02 7.37164951e+00 
659 701.26 4.47486767e+02 7.19650242e+00 
660 702.05 4.45372989e+02 7.07646342e+00 
661 702.84 4.45579937e+02 6.89215109e+00 
662 703.63 4.47321237e+02 6.69342672e+00 
663 704.42 4.49045718e+02 6.59243027e+00 
664 705.21 4.48511332e+02 6.55253533e+00 
665 706.00 4.47019868e+02 6.40940403e+00 
666 706.79 4.45991687e+02 6.11979725e+00 
667 707.58 4.45185426e+02 6.09442389e+00 
668 708.37 4.43088646e+02 6.28297593e+00 
669 709.15 4.41265592e+02 6.09388581e+00 
670 709.94 4.41234968e+02 5.91804183e+00 
671 710.73 4.40328462e+02 6.02594774e+00 
672 711.52 4.37450099e+02 6.15082894e+00 
673 712.31 4.34825957e+02 6.28798141e+00 
674 713.10 4.33912798e+02 6.17671041e+00 
675 713.88 4.33156567e+02 6.11755894e+00 
676 714.67 4.30801552e+02 6.21348313e+00 
677 715.46 4.27168576e+02 7.16065900e+00 
678 716.25 4.22008892e+02 1.09316881e+01 
679 717.04 4.15496668e+02 1.70971029e+01 
680 717.83 4.07250707e+02 2.20906631e+01 
681 718.61 3.99666568e+02 2.39520105e+01 
682 719.40 3.96843076e+02 2.30606198e+01 
683 720.19 3.98594876e+02 1.94396561e+01 
684 720.98 4.03164700e+02 1.35781946e+01 
685 721.76 4.06482347e+02 9.95565938e+00 
686 722.55 4.05170138e+02 1.15757954e+01 
687 723.34 4.02120237e+02 1.58231359e+01 
688 724.13 4.00135367e+02 1.81947206e+01 
689 724.92 3.99597185e+02 1.80029347e+01 
690 725.70 3.99377620e+02 1.67612440e+01 
691 726.49 3.99016062e+02 1.59866440e+01 
692 727.28 3.97385749e+02 1.59606782e+01 
693 728.06 3.93781011e+02 1.52114269e+01 
694 728.85 3.90445198e+02 1.40706213e+01 
695 729.64 3.91331610e+02 1.33301283e+01 
696 730.42 3.93516152e+02 1.27116187e+01 
697 731.21 3.94338133e+02 1.15243318e+01 
698 732.00 3.95013558e+02 9.65216652e+00 
699 732.78 3.95284928e+02 7.83928297e+00 
700 733.57 3.96492646e+02 6.80341266e+00 
701 734.36 3.96233017e+02 6.37060797e+00 
702 735.14 3.93494881e+02 6.22670253e+00 
703 735.93 3.90669744e+02 6.05407477e+00 
704 736.72 3.89332520e+02 5.81482755e+00 
705 737.51 3.88145104e+02 5.60794524e+00 
706 738.29 3.84456505e+02 5.58038166e+00 
707 739.08 3.81247237e+02 5.44207719e+00 
708 739.86 3.79854640e+02 5.22041309e+00 
709 740.65 3.76886948e+02 5.04565376e+00 
710 741.44 3.74599280e+02 4.91044110e+00 
711 742.22 3.75706669e+02 4.81837865e+00 
712 743.01 3.77538230e+02 4.89101601e+00 
713 743.79 3.76403268e+02 4.87946148e+00 
714 744.58 3.74140536e+02 4.85604480e+00 
715 745.37 3.74270282e+02 4.80042033e+00 
716 746.15 3.74114410e+02 4.79712523e+00 
717 746.94 3.72757079e+02 4.83602116e+00 
718 747.72 3.70540868e+02 4.82935035e+00 
719 748.51 3.67660498e+02 4.75172733e+00 
720 749.29 3.65239483e+02 4.67316700e+00 
721 750.08 3.63442456e+02 4.72925771e+00 
722 750.86 3.61396640e+02 4.64111241e+00 
723 751.65 3.59874284e+02 4.43557514e+00 
724 752.43 3.59313727e+02 4.29314407e+00 
725 753.22 3.59679006e+02 4.19353170e+00 
726 754.00 3.59907624e+02 4.36241677e+00 
727 754.79 3.57409653e+02 4.60789373e+00 
728 755.57 3.54411501e+02 4.64761158e+00 
729 756.36 3.52724307e+02 4.61575382e+00 
730 757.14 3.51220559e+02 4.54896096e+00 
731 757.93 3.44460906e+02 5.72838906e+00 
732 758.71 3.16058858e+02 1.44860118e+01 
733 759.49 2.54118662e+02 3.05703389e+01 
734 760.28 1.98530883e+02 4.01493358e+01 
735 761.06 1.97232608e+02 3.58051023e+01 
736 761.85 2.21172862e+02 2.93222161e+01 
737 762.63 2.30388084e+02 2.81521414e+01 
738 763.41 2.34394527e+02 2.69737097e+01 
739 764.20 2.47945578e+02 2.36904638e+01 
740 764.98 2.66087600e+02 1.91327444e+01 
741 765.77 2.82239583e+02 1.39811142e+01 
742 766.55 2.97198783e+02 9.54323009e+00 
743 767.33 3.10869432e+02 6.88028967e+00 
744 768.12 3.20011711e+02 5.64899329e+00 
745 768.90 3.24259446e+02 4.95116832e+00 
746 769.68 3.25601902e+02 4.50030477e+00 
747 770.47 3.25266065e+02 4.26307608e+00 
748 771.25 3.23860878e+02 3.98900445e+00 
749 772.03 3.23660743e+02 3.66013856e+00 
750 772.82 3.24974018e+02 3.60025111e+00 
751 773.60 3.24665128e+02 3.78418696e+00 
752 774.38 3.21843365e+02 3.90720761e+00 
753 775.17 3.20264566e+02 3.71131947e+00 
754 775.95 3.20818131e+02 3.65001384e+00 
755 776.73 3.20157821e+02 3.70934564e+00 
756 777.51 3.18285229e+02 3.63746215e+00 
757 778.30 3.16949910e+02 3.59700759e+00 
758 779.08 3.15075547e+02 3.66327804e+00 
759 779.86 3.13325852e+02 3.70663241e+00 
760 780.64 3.13370558e+02 3.60121522e+00 
761 781.43 3.14816071e+02 3.57527047e+00 
762 782.21 3.14388242e+02 3.72076235e+00 
763 782.99 3.10861912e+02 3.66220850e+00 
764 783.77 3.08646997e+02 3.53301842e+00 
765 784.55 3.08164619e+02 3.47966089e+00 
766 785.34 3.08091048e+02 3.46749668e+00 
767 786.12 3.08027292e+02 3.60727316e+00 
768 786.90 3.06958047e+02 3.84752987e+00 
769 787.68 3.04494240e+02 4.01743765e+00 
770 788.46 3.02292459e+02 4.10527754e+00 
771 789.24 3.01369377e+02 4.17501303e+00 
772 790.03 3.00494684e+02 4.25547797e+00 
773 790.81 2.98043251e+02 4.18042144e+00 
774 791.59 2.93810831e+02 4.00812706e+00 
775 792.37 2.89667342e+02 3.87392445e+00 
776 793.15 2.86916105e+02 3.62510858e+00 
777 793.93 2.86158418e+02 3.44116613e+00 
778 794.71 2.86961562e+02 3.46793159e+00 
779 795.49 2.87345903e+02 3.66048231e+00 
780 796.27 2.86719818e+02 3.72156418e+00 
781 797.05 2.86879860e+02 3.55616423e+00 
782 797.84 2.86883509e+02 3.46861112e+00 
783 798.61 2.85291868e+02 3.49530848e+00 
784 799.40 2.82811412e+02 3.53055107e+00 
785 800.18 2.80078709e+02 3.64144495e+00 
786 800.96 2.77849535e+02 3.63323732e+00 
787 801.74 2.77356437e+02 3.51396112e+00 
788 802.52 2.77299933e+02 3.40162232e+00 
789 803.30 2.76451894e+02 3.49201562e+00 
790 804.08 2.73708068e+02 3.60815346e+00 
791 804.86 2.70124842e+02 3.48585784e+00 
792 805.64 2.68417385e+02 3.25671397e+00 
793 806.42 2.69439756e+02 3.15725301e+00 
794 807.20 2.70437092e+02 3.17239544e+00 
795 807.97 2.67744906e+02 3.36247728e+00 
796 808.75 2.62598681e+02 3.38850185e+00 
797 809.53 2.59057564e+02 3.32449272e+00 
798 810.31 2.59197166e+02 3.36256886e+00 
799 811.09 2.60995481e+02 3.75867660e+00 
800 811.87 2.60946268e+02 4.82207343e+00 
801 812.65 2.58100597e+02 6.66018844e+00 
802 813.43 2.53221706e+02 8.85463551e+00 
803 814.21 2.48134695e+02 1.07868605e+01 
804 814.99 2.45538702e+02 1.24459106e+01 
805 815.76 2.44761634e+02 1.37063967e+01 
806 816.54 2.44120215e+02 1.41339017e+01 
807 817.32 2.41714134e+02 1.35390790e+01 
808 818.10 2.37806125e+02 1.21750400e+01 
809 818.88 2.34716382e+02 1.04892790e+01 
810 819.66 2.33722609e+02 8.61609432e+00 
811 820.43 2.35407662e+02 7.43087906e+00 
812 821.21 2.37064933e+02 8.36824302e+00 
813 821.99 2.34557505e+02 1.09919129e+01 
814 822.77 2.30181022e+02 1.26901076e+01 
815 823.55 2.28591515e+02 1.18039333e+01 
816 824.32 2.30016169e+02 9.23543442e+00 
817 825.10 2.33267597e+02 7.20977805e+00 
818 825.88 2.35719002e+02 6.72056689e+00 
819 826.66 2.34508945e+02 7.27906657e+00 
820 827.43 2.30778669e+02 8.07513806e+00 
821 828.21 2.26884773e+02 8.51394611e+00 
822 828.99 2.25298876e+02 8.37509346e+00 
823 829.76 2.26412454e+02 7.91596424e+00 
824 830.54 2.27946366e+02 7.66452505e+00 
825 831.32 2.26835603e+02 7.46714831e+00 
826 832.10 2.23543330e+02 7.10020264e+00 
827 832.87 2.19525505e+02 6.36088267e+00 
828 833.65 2.18008542e+02 5.43704660e+00 
829 834.42 2.20239312e+02 4.73166505e+00 
830 835.20 2.23946038e+02 4.41969375e+00 
831 835.98 2.25303309e+02 4.29082342e+00 
832 836.75 2.23286139e+02 4.06957518e+00 
833 837.53 2.19007065e+02 3.63734357e+00 
834 838.30 2.16125754e+02 3.13195942e+00 
835 839.08 2.16293328e+02 2.82258453e+00 
836 839.86 2.18281109e+02 2.74279101e+00 
837 840.63 2.19020972e+02 2.81152231e+00 
838 841.41 2.16905445e+02 2.86068196e+00 
839 842.18 2.12431841e+02 2.83245156e+00 
840 842.96 2.08253621e+02 2.64410012e+00 
841 843.73 2.06882995e+02 2.45411924e+00 
842 844.51 2.08289139e+02 2.40660194e+00 
843 845.28 2.10255819e+02 2.52122075e+00 
844 846.06 2.10790919e+02 2.64971617e+00 
845 846.84 2.08103706e+02 2.77746832e+00 
846 847.61 2.02830386e+02 2.82564358e+00 
847 848.38 1.97815039e+02 2.75591308e+00 
848 849.16 1.96179538e+02 2.64183174e+00 
849 849.93 1.96598306e+02 2.59022210e+00 
850 850.71 1.97320975e+02 2.69798175e+00 
851 851.48 1.95274102e+02 2.82343206e+00 
852 852.26 1.90249200e+02 2.82596877e+00 
853 853.03 1.84205240e+02 2.60808256e+00 
854 853.81 1.80083349e+02 2.19382372e+00 
855 854.58 1.80274144e+02 1.94606107e+00 
856 855.35 1.84389014e+02 2.10786963e+00 
857 856.13 1.89715600e+02 2.35451099e+00 
858 856.90 1.92255000e+02 2.49535745e+00 
859 857.68 1.90964688e+02 2.58451986e+00 
860 858.45 1.88246863e+02 2.50314750e+00 
861 859.22 1.86346323e+02 2.33186726e+00 
862 860.00 1.87005624e+02 2.23276905e+00 
863 860.77 1.89138568e+02 2.27544481e+00 
864 861.54 1.89757930e+02 2.35690085e+00 
865 862.32 1.87913056e+02 2.41259200e+00 
866 863.09 1.83901953e+02 2.47692090e+00 
867 863.86 1.78101985e+02 2.39711075e+00 
868 864.64 1.73992514e+02 2.22843772e+00 
869 865.41 1.71965713e+02 2.08212193e+00 
870 866.18 1.71603392e+02 1.99436598e+00 
871 866.95 1.71891253e+02 2.04889450e+00 
872 867.73 1.71824776e+02 2.15312793e+00 
873 868.50 1.70945660e+02 2.17619888e+00 
874 869.27 1.69990981e+02 2.13119790e+00 
875 870.04 1.70098485e+02 2.09865033e+00 
876 870.81 1.71793530e+02 2.16451011e+00 
877 871.59 1.73058416e+02 2.26918904e+00 
878 872.36 1.73112852e+02 2.38482392e+00 
879 873.13 1.71077531e+02 2.46908342e+00 
880 873.90 1.67480308e+02 2.45314758e+00 
881 874.67 1.63737938e+02 2.32216909e+00 
882 875.44 1.62027326e+02 2.17072274e+00 
883 876.22 1.62833234e+02 2.13641181e+00 
884 876.99 1.64185791e+02 2.17727081e+00 
885 877.76 1.64751955e+02 2.22427878e+00 
886 878.53 1.63430802e+02 2.25003448e+00 
887 879.30 1.60224820e+02 2.17141352e+00 
888 880.07 1.56903297e+02 2.00054992e+00 
889 880.84 1.55413058e+02 1.89729840e+00 
890 881.61 1.56137918e+02 1.90711660e+00 
891 882.38 1.57863382e+02 2.01002141e+00 
892 883.15 1.59468875e+02 2.12959269e+00 
893 883.92 1.58895238e+02 2.21522795e+00 
894 884.69 1.56446173e+02 2.24288220e+00 
895 885.47 1.53579127e+02 2.18671018e+00 
896 886.23 1.51369576e+02 2.08432513e+00 
897 887.00 1.50803049e+02 2.01927845e+00 
898 887.78 1.51727950e+02 2.04130496e+00 
899 888.54 1.53257195e+02 2.14160912e+00 
900 889.31 1.54045529e+02 2.28479262e+00 
901 890.08 1.52546101e+02 2.41937011e+00 
902 890.85 1.49509186e+02 2.54275918e+00 
903 891.62 1.46639574e+02 2.72552944e+00 
904 892.39 1.44579913e+02 3.08443969e+00 
905 893.16 1.44276960e+02 3.70216864e+00 
906 893.93 1.44881161e+02 4.55212262e+00 
907 894.70 1.44926124e+02 5.61269925e+00 
908 895.47 1.43260025e+02 6.76886694e+00 
909 896.24 1.40099932e+02 7.81473468e+00 
910 897.01 1.36363100e+02 8.61725692e+00 
911 897.78 1.33667757e+02 9.13369413e+00 
912 898.54 1.32706592e+02 9.42202743e+00 
913 899.31 1.32715638e+02 9.47790070e+00 
914 900.08 1.32663044e+02 9.26078965e+00 
915 900.85 1.32159266e+02 8.76607223e+00 
916 901.62 1.30705768e+02 7.99528670e+00 
917 902.38 1.29046196e+02 7.08842218e+00 
918 903.15 1.28122905e+02 6.34257466e+00 
919 903.92 1.28093948e+02 5.88944278e+00 
920 904.69 1.28635435e+02 5.80575702e+00 
921 905.46 1.29211929e+02 6.04622923e+00 
922 906.22 1.29065452e+02 6.51913182e+00 
923 906.99 1.27481768e+02 7.09704092e+00 
924 907.76 1.24866130e+02 7.55202391e+00 
925 908.52 1.22048936e+02 7.81809539e+00 
926 909.29 1.19943393e+02 7.90711608e+00 
927 910.06 1.19224602e+02 7.89204531e+00 
928 910.83 1.19454329e+02 7.86074059e+00 
929 911.59 1.20062539e+02 7.87354593e+00 
930 912.36 1.20167325e+02 7.95120415e+00 
931 913.13 1.19362346e+02 8.04060640e+00 
932 913.89 1.17751410e+02 8.01272897e+00 
933 914.66 1.15813144e+02 7.86349464e+00 
934 915.42 1.14269702e+02 7.59268021e+00 
935 916.19 1.13475036e+02 7.21580585e+00 
936 916.96 1.13346433e+02 6.80027229e+00 
937 917.72 1.13569156e+02 6.44202819e+00 
938 918.49 1.13428080e+02 6.07909647e+00 
939 919.26 1.12579114e+02 5.67202680e+00 
940 920.02 1.10991127e+02 5.26526085e+00 
941 920.79 1.09028639e+02 4.87230127e+00 
942 921.55 1.07129105e+02 4.55674175e+00 
943 922.32 1.05794208e+02 4.37779782e+00 
944 923.08 1.04989741e+02 4.37419949e+00 
945 923.85 1.04486269e+02 4.56994821e+00 
946 924.61 1.03854922e+02 4.96185503e+00 
947 925.38 1.02679705e+02 5.54317651e+00 
948 926.14 1.00854006e+02 6.29527739e+00 
949 926.91 9.84482156e+01 7.26398002e+00 
950 927.67 9.58026179e+01 8.44564489e+00 
951 928.44 9.33148458e+01 9.84570118e+00 
952 929.20 9.10529765e+01 1.13249985e+01 
953 929.97 8.88560796e+01 1.27996392e+01 
954 930.73 8.63834105e+01 1.41311257e+01 
955 931.49 8.34939779e+01 1.52327653e+01 
956 932.26 8.01977214e+01 1.60221490e+01 
957 933.02 7.68066675e+01 1.64736320e+01 
958 933.79 7.37237949e+01 1.65317001e+01 
959 934.55 7.13298268e+01 1.62710953e+01 
960 935.32 6.96251907e+01 1.58176911e+01 
961 936.08 6.83652259e+01 1.51483512e+01 
962 936.84 6.73290157e+01 1.43820527e+01 
963 937.61 6.62203930e+01 1.35074260e+01 
964 938.37 6.48236161e+01 1.25438715e+01 
965 939.13 6.32157480e+01 1.15904887e+01 
966 939.89 6.16186200e+01 1.07302757e+01 
967 940.66 6.01764416e+01 1.00360468e+01 
968 941.42 5.91269826e+01 9.60479668e+00 
969 942.18 5.83329486e+01 9.42810467e+00 
970 942.95 5.76630156e+01 9.48618020e+00 
971 943.71 5.70632201e+01 9.65256373e+00 
972 944.47 5.64425447e+01 9.79811547e+00 
973 945.23 5.58420873e+01 9.85573365e+00 
974 946.00 5.54504262e+01 9.82789633e+00 
975 946.76 5.53965099e+01 9.78173407e+00 
976 947.52 5.56793822e+01 9.71064636e+00 
977 948.28 5.62927776e+01 9.64619741e+00 
978 949.04 5.70008394e+01 9.62968471e+00 
979 949.81 5.75922230e+01 9.61004222e+00 
980 950.57 5.78324767e+01 9.55828345e+00 
981 951.33 5.77678303e+01 9.45051590e+00 
982 952.09 5.75338430e+01 9.30082597e+00 
983 952.85 5.73924738e+01 9.16181673e+00 
984 953.61 5.75350959e+01 9.06002234e+00 
985 954.38 5.80361254e+01 8.99294335e+00 
986 955.14 5.86033338e+01 8.96312383e+00 
987 955.90 5.91111989e+01 8.92949659e+00 
988 956.66 5.94789866e+01 8.83827710e+00 
989 957.42 5.95527327e+01 8.69766488e+00 
990 958.18 5.94282537e+01 8.51712518e+00 
991 958.94 5.93197620e+01 8.28244914e+00 
992 959.70 5.94929602e+01 8.02562926e+00 
993 960.46 5.98500260e+01 7.77751821e+00 
994 961.22 6.03614091e+01 7.52028743e+00 
995 961.98 6.08316730e+01 7.26215342e+00 
996 962.74 6.09971316e+01 6.94627483e+00 
997 963.50 6.08935281e+01 6.56334116e+00 
998 964.26 6.05617325e+01 6.12118653e+00 
999 965.02 6.02631489e+01 5.67166205e+00 
1000 965.78 6.02078118e+01 5.24117893e+00 
1001 966.54 6.04362511e+01 4.85902778e+00 
1002 967.30 6.08412917e+01 4.50947118e+00 
1003 968.06 6.11426633e+01 4.21103636e+00 
1004 968.82 6.10105522e+01 3.91973176e+00 
1005 969.58 6.05233947e+01 3.64747283e+00 
1006 970.34 6.00163156e+01 3.40078566e+00 
1007 971.10 5.96279656e+01 3.22867573e+00 
1008 971.86 5.94658875e+01 3.12361499e+00 
1009 972.62 5.94687948e+01 3.10862146e+00 
1010 973.38 5.93118484e+01 3.12318785e+00 
1011 974.14 5.88742410e+01 3.13994458e+00 
1012 974.90 5.82288015e+01 3.11509083e+00 
1013 975.65 5.75258348e+01 3.05750282e+00 
1014 976.41 5.69708872e+01 2.94937066e+00 
1015 977.17 5.67645097e+01 2.83411676e+00 
1016 977.93 5.67171345e+01 2.71332731e+00 
1017 978.69 5.65535317e+01 2.58883089e+00 
1018 979.45 5.61299519e+01 2.43222256e+00 
1019 980.20 5.55069813e+01 2.25637667e+00 
1020 980.96 5.49986480e+01 2.06828284e+00 
1021 981.72 5.47475466e+01 1.89370467e+00 
1022 982.48 5.46202093e+01 1.75510988e+00 
1023 983.23 5.43043745e+01 1.62855791e+00 
1024 983.99 5.36285720e+01 1.49595533e+00 
1025 984.75 5.28637161e+01 1.34442781e+00 
1026 985.51 5.24082334e+01 1.21483067e+00 
1027 986.27 5.22251343e+01 1.13363883e+00 
1028 987.02 5.18508551e+01 1.07304560e+00 
1029 987.78 5.10842984e+01 1.00100221e+00 
1030 988.54 5.02161634e+01 9.24481740e-01 
1031 989.29 4.96546780e+01 8.68778274e-01 
1032 990.05 4.93510473e+01 8.33958627e-01 
1033 990.81 4.87049486e+01 8.12051478e-01 
1034 991.56 4.77442601e+01 7.76261184e-01 
1035 992.32 4.69870365e+01 7.42634552e-01 
1036 993.08 4.63685482e+01 7.29919361e-01 
1037 993.83 4.54983467e+01 7.08000612e-01 
1038 994.59 4.44262144e+01 6.77203129e-01 
1039 995.35 4.35450221e+01 6.60520538e-01 
1040 996.10 2.64990750e+00 4.88989219e-02 
1041 996.86 1.32546003e-01 1.46892119e-02 
1042 997.62 7.83048531e-02 1.35145215e-02 
1043 998.37 7.43341707e-02 1.12726564e-02 
