% C0 (TOA Count Rate, /ms) for 4STAR NIR spectrometer (512 channels) derived from C:\Users\sleblan2\Research\4STAR\roof\4STAR_20171031starsun.mat and recorded on 2017-11-08 15:45:09.
% Data outside 1.8x the STD of 501 nm Langley residuals were screened out. For instrument:4STAR
Pix Wavelength C0 C0err
511 949.79 3.01400995e+00 9.04202983e-02 
510 949.79 3.18175268e+00 9.54525769e-02 
509 951.68 3.50262427e+00 1.05078727e-01 
508 953.57 3.61465025e+00 1.08439505e-01 
507 955.46 4.00551224e+00 1.20165370e-01 
506 957.34 4.13790131e+00 1.24137037e-01 
505 959.22 4.63841057e+00 1.39152318e-01 
504 961.10 4.87575388e+00 1.46272615e-01 
503 962.98 5.42980623e+00 1.62894189e-01 
502 964.85 5.65800762e+00 1.69740230e-01 
501 966.72 6.33288193e+00 1.89986452e-01 
500 968.59 6.61914635e+00 1.98574394e-01 
499 970.45 7.11014366e+00 2.13304311e-01 
498 972.32 7.01059198e+00 2.10317761e-01 
497 974.18 7.28592587e+00 2.18577772e-01 
496 976.04 7.25258493e+00 2.17577547e-01 
495 977.89 7.67465687e+00 2.30239704e-01 
494 979.74 7.76177311e+00 2.32853189e-01 
493 981.59 8.15857792e+00 2.44757339e-01 
492 983.44 8.20347404e+00 2.46104226e-01 
491 985.29 8.53336525e+00 2.56000966e-01 
490 987.13 8.42102909e+00 2.52630860e-01 
489 988.97 8.67485046e+00 2.60245502e-01 
488 990.81 8.50395012e+00 2.55118489e-01 
487 992.65 8.69430065e+00 2.60829031e-01 
486 994.48 8.52005577e+00 2.55601674e-01 
485 996.31 8.66434383e+00 2.59930313e-01 
484 998.14 8.44987583e+00 2.53496289e-01 
483 999.97 8.59288883e+00 2.57786661e-01 
482 1001.79 8.31101227e+00 2.49330372e-01 
481 1003.62 8.40005493e+00 2.52001643e-01 
480 1005.44 8.19000530e+00 2.45700166e-01 
479 1007.25 8.43812466e+00 2.53143728e-01 
478 1009.07 8.25773239e+00 2.47731969e-01 
477 1010.88 8.40441132e+00 2.52132326e-01 
476 1012.69 8.17858887e+00 2.45357662e-01 
475 1014.50 8.28606510e+00 2.48581946e-01 
474 1016.31 8.05977726e+00 2.41793320e-01 
473 1018.11 8.22329330e+00 2.46698797e-01 
472 1019.91 8.01692867e+00 2.40507856e-01 
471 1021.71 8.15190601e+00 2.44557187e-01 
470 1023.51 7.94822168e+00 2.38446653e-01 
469 1025.30 8.10962963e+00 2.43288890e-01 
468 1027.09 8.00414562e+00 2.40124375e-01 
467 1028.88 8.15076923e+00 2.44523078e-01 
466 1030.67 7.98237276e+00 2.39471182e-01 
465 1032.46 8.15345192e+00 2.44603559e-01 
464 1034.24 7.99565649e+00 2.39869699e-01 
463 1036.02 8.19200325e+00 2.45760098e-01 
462 1037.80 8.05963707e+00 2.41789117e-01 
461 1039.58 8.29165745e+00 2.48749718e-01 
460 1041.35 8.15099716e+00 2.44529918e-01 
459 1043.12 8.32086182e+00 2.49625862e-01 
458 1044.89 8.26049137e+00 2.47814745e-01 
457 1046.66 8.46488762e+00 2.53946632e-01 
456 1048.43 8.38331413e+00 2.51499414e-01 
455 1050.19 8.61606789e+00 2.58482039e-01 
454 1051.95 8.45825863e+00 2.53747761e-01 
453 1053.71 8.67404556e+00 2.60221362e-01 
452 1055.47 8.52456665e+00 2.55737007e-01 
451 1057.23 8.67402935e+00 2.60220885e-01 
450 1058.98 8.53376389e+00 2.56012917e-01 
449 1060.73 8.71901608e+00 2.61570483e-01 
448 1062.48 8.52599525e+00 2.55779862e-01 
447 1064.23 8.66081619e+00 2.59824485e-01 
446 1065.97 8.39227962e+00 2.51768380e-01 
445 1067.71 8.42984200e+00 2.52895266e-01 
444 1069.46 8.21500206e+00 2.46450067e-01 
443 1071.19 8.31423473e+00 2.49427035e-01 
442 1072.93 8.13938808e+00 2.44181648e-01 
441 1074.67 8.21805477e+00 2.46541649e-01 
440 1076.40 8.00583839e+00 2.40175158e-01 
439 1078.13 8.03331852e+00 2.40999550e-01 
438 1079.86 7.76885653e+00 2.33065695e-01 
437 1081.58 7.80628204e+00 2.34188467e-01 
436 1083.31 7.64159632e+00 2.29247883e-01 
435 1085.03 7.77065134e+00 2.33119547e-01 
434 1086.75 7.67178440e+00 2.30153531e-01 
433 1088.47 7.81999969e+00 2.34599993e-01 
432 1090.19 7.69162655e+00 2.30748802e-01 
431 1091.90 7.75366974e+00 2.32610092e-01 
430 1093.61 7.55637121e+00 2.26691142e-01 
429 1095.33 7.70096445e+00 2.31028929e-01 
428 1097.03 7.61266661e+00 2.28379995e-01 
427 1098.74 7.73025370e+00 2.31907606e-01 
426 1100.45 7.60414982e+00 2.28124499e-01 
425 1102.15 7.74883938e+00 2.32465178e-01 
424 1103.85 7.62202692e+00 2.28660807e-01 
423 1105.55 7.67621756e+00 2.30286524e-01 
422 1107.25 7.41665173e+00 2.22499549e-01 
421 1108.94 7.30349588e+00 2.19104871e-01 
420 1110.64 6.64051056e+00 1.99215323e-01 
419 1112.33 5.98387718e+00 1.79516315e-01 
418 1114.02 4.91945839e+00 1.47583753e-01 
417 1115.70 4.38932133e+00 1.31679639e-01 
416 1117.39 3.87449265e+00 1.16234779e-01 
415 1119.07 3.70096779e+00 1.11029036e-01 
414 1120.76 3.63555264e+00 1.09066576e-01 
413 1122.44 3.49542403e+00 1.04862720e-01 
412 1124.12 3.33233142e+00 9.99699458e-02 
411 1125.79 3.29086351e+00 9.87259075e-02 
410 1127.47 3.52848816e+00 1.05854645e-01 
409 1129.14 4.23440599e+00 1.27032176e-01 
408 1130.81 3.87482047e+00 1.16244614e-01 
407 1132.48 3.77085185e+00 1.13125555e-01 
406 1134.15 3.74466324e+00 1.12339899e-01 
405 1135.81 4.49273300e+00 1.34781986e-01 
404 1137.48 5.61024618e+00 1.68307379e-01 
403 1139.14 6.10417271e+00 1.83125183e-01 
402 1140.80 5.44721556e+00 1.63416460e-01 
401 1142.46 4.68313646e+00 1.40494093e-01 
400 1144.12 3.96090150e+00 1.18827045e-01 
399 1145.77 3.86981440e+00 1.16094433e-01 
398 1147.43 4.31168270e+00 1.29350483e-01 
397 1149.08 5.03532076e+00 1.51059628e-01 
396 1150.73 5.10371971e+00 1.53111592e-01 
395 1152.38 5.52283192e+00 1.65684953e-01 
394 1154.02 5.78230190e+00 1.73469052e-01 
393 1155.67 6.38369083e+00 1.91510722e-01 
392 1157.31 6.64293337e+00 1.99287996e-01 
391 1158.95 6.98661184e+00 2.09598362e-01 
390 1160.59 7.25340891e+00 2.17602268e-01 
389 1162.23 7.60089302e+00 2.28026792e-01 
388 1163.87 7.68668222e+00 2.30600461e-01 
387 1165.50 7.82734156e+00 2.34820247e-01 
386 1167.13 7.84944773e+00 2.35483438e-01 
385 1168.76 8.12666130e+00 2.43799835e-01 
384 1170.39 7.91570759e+00 2.37471223e-01 
383 1172.02 7.91362810e+00 2.37408847e-01 
382 1173.65 7.73604298e+00 2.32081294e-01 
381 1175.27 7.73900414e+00 2.32170120e-01 
380 1176.90 7.79888916e+00 2.33966678e-01 
379 1178.52 7.61942863e+00 2.28582859e-01 
378 1180.14 7.44740343e+00 2.23422110e-01 
377 1181.75 7.40295124e+00 2.22088531e-01 
376 1183.37 7.26279497e+00 2.17883855e-01 
375 1184.99 7.29699612e+00 2.18909889e-01 
374 1186.60 7.24908257e+00 2.17472479e-01 
373 1188.21 7.25942612e+00 2.17782781e-01 
372 1189.82 7.32794428e+00 2.19838321e-01 
371 1191.43 7.61179352e+00 2.28353798e-01 
370 1193.04 7.51568460e+00 2.25470543e-01 
369 1194.64 7.46352720e+00 2.23905817e-01 
368 1196.24 7.21303558e+00 2.16391072e-01 
367 1197.85 7.23674822e+00 2.17102453e-01 
366 1199.45 7.04333019e+00 2.11299911e-01 
365 1201.05 7.10983610e+00 2.13295087e-01 
364 1202.64 7.11878014e+00 2.13563398e-01 
363 1204.24 7.19898224e+00 2.15969473e-01 
362 1205.83 7.21628857e+00 2.16488659e-01 
361 1207.43 7.25600863e+00 2.17680261e-01 
360 1209.02 7.14600992e+00 2.14380294e-01 
359 1210.61 7.30091667e+00 2.19027504e-01 
358 1212.19 7.32546759e+00 2.19764024e-01 
357 1213.78 7.53746939e+00 2.26124078e-01 
356 1215.37 7.53477049e+00 2.26043120e-01 
355 1216.95 7.66715813e+00 2.30014741e-01 
354 1218.53 7.63760757e+00 2.29128227e-01 
353 1220.11 7.71917582e+00 2.31575280e-01 
352 1221.69 7.70010376e+00 2.31003106e-01 
351 1223.27 7.75273466e+00 2.32582033e-01 
350 1224.84 7.75741053e+00 2.32722312e-01 
349 1226.42 7.81176662e+00 2.34353006e-01 
348 1227.99 7.80515051e+00 2.34154522e-01 
347 1229.56 7.98135090e+00 2.39440531e-01 
346 1231.13 7.95234442e+00 2.38570333e-01 
345 1232.70 8.00741386e+00 2.40222409e-01 
344 1234.27 7.97272968e+00 2.39181891e-01 
343 1235.84 8.01122093e+00 2.40336627e-01 
342 1237.40 7.94117737e+00 2.38235325e-01 
341 1238.96 7.93613148e+00 2.38083944e-01 
340 1240.52 7.76860285e+00 2.33058080e-01 
339 1242.08 7.88598061e+00 2.36579418e-01 
338 1243.64 7.85671616e+00 2.35701486e-01 
337 1245.20 7.92847395e+00 2.37854213e-01 
336 1246.75 7.89478874e+00 2.36843660e-01 
335 1248.31 7.92836237e+00 2.37850875e-01 
334 1249.86 7.86316633e+00 2.35894993e-01 
333 1251.41 7.89166307e+00 2.36749887e-01 
332 1252.96 7.81869078e+00 2.34560728e-01 
331 1254.51 7.85259438e+00 2.35577837e-01 
330 1256.06 7.73985815e+00 2.32195750e-01 
329 1257.61 7.68593836e+00 2.30578154e-01 
328 1259.15 7.55552626e+00 2.26665795e-01 
327 1260.69 7.49932623e+00 2.24979788e-01 
326 1262.23 7.34151983e+00 2.20245600e-01 
325 1263.77 7.29912853e+00 2.18973860e-01 
324 1265.31 7.05454159e+00 2.11636245e-01 
323 1266.85 7.04401302e+00 2.11320385e-01 
322 1268.39 7.12098074e+00 2.13629425e-01 
321 1269.92 7.23659897e+00 2.17097968e-01 
320 1271.46 7.50474930e+00 2.25142479e-01 
319 1272.99 7.57663202e+00 2.27298960e-01 
318 1274.52 7.56455851e+00 2.26936758e-01 
317 1276.05 7.63971996e+00 2.29191601e-01 
316 1277.58 7.52434254e+00 2.25730270e-01 
315 1279.10 7.38314819e+00 2.21494451e-01 
314 1280.63 7.32414818e+00 2.19724447e-01 
313 1282.15 7.34624720e+00 2.20387414e-01 
312 1283.68 7.43795443e+00 2.23138630e-01 
311 1285.20 7.61453438e+00 2.28436038e-01 
310 1286.72 7.56335545e+00 2.26900667e-01 
309 1288.24 7.56452942e+00 2.26935878e-01 
308 1289.75 7.45316410e+00 2.23594919e-01 
307 1291.27 7.45206404e+00 2.23561928e-01 
306 1292.78 7.39643240e+00 2.21892968e-01 
305 1294.30 7.32800722e+00 2.19840214e-01 
304 1295.81 7.20845747e+00 2.16253728e-01 
303 1297.32 7.09913254e+00 2.12973982e-01 
302 1298.83 7.02649975e+00 2.10794985e-01 
301 1300.34 6.87722874e+00 2.06316859e-01 
300 1301.85 6.72440815e+00 2.01732248e-01 
299 1303.35 6.63768578e+00 1.99130580e-01 
298 1304.86 6.50492764e+00 1.95147827e-01 
297 1306.36 6.48199177e+00 1.94459751e-01 
296 1307.86 6.36000395e+00 1.90800115e-01 
295 1309.36 6.25131941e+00 1.87539577e-01 
294 1310.86 6.04035473e+00 1.81210637e-01 
293 1312.36 5.96435356e+00 1.78930610e-01 
292 1313.86 5.89723301e+00 1.76916987e-01 
291 1315.36 5.83642340e+00 1.75092697e-01 
290 1316.85 5.70441198e+00 1.71132356e-01 
289 1318.34 5.65097713e+00 1.69529319e-01 
288 1319.84 5.47418880e+00 1.64225668e-01 
287 1321.33 5.47674751e+00 1.64302424e-01 
286 1322.82 5.56246138e+00 1.66873842e-01 
285 1324.30 5.42862415e+00 1.62858725e-01 
284 1325.79 5.13952160e+00 1.54185653e-01 
283 1327.28 4.76494932e+00 1.42948478e-01 
282 1328.76 4.20822859e+00 1.26246855e-01 
281 1330.25 3.99760318e+00 1.19928092e-01 
280 1331.73 3.96595836e+00 1.18978754e-01 
279 1333.21 4.05664778e+00 1.21699430e-01 
278 1334.69 4.17865467e+00 1.25359640e-01 
277 1336.17 4.27084589e+00 1.28125370e-01 
276 1337.65 4.08033514e+00 1.22410052e-01 
275 1339.12 4.03060055e+00 1.20918013e-01 
274 1340.60 3.76073766e+00 1.12822130e-01 
273 1342.07 3.25451255e+00 9.76353735e-02 
272 1343.55 2.83682847e+00 8.51048529e-02 
271 1345.02 1.98316443e+00 5.94949313e-02 
270 1346.49 6.03322804e-01 1.80996843e-02 
269 1347.96 1.12437308e+00 3.37311924e-02 
268 1349.43 5.38407326e-01 1.61522198e-02 
267 1350.89 2.52778471e-01 7.58335413e-03 
266 1352.36 1.03294075e-01 3.09882220e-03 
265 1353.82 1.89151019e-02 5.67453040e-04 
264 1355.29 2.62499511e-01 7.87498523e-03 
263 1356.75 1.25019252e-02 3.75057745e-04 
262 1358.21 7.44960681e-02 2.23488198e-03 
261 1359.67 1.88945606e-01 5.66836819e-03 
260 1361.13 1.79006040e-01 5.37018105e-03 
259 1362.59 1.22251391e-01 3.66754178e-03 
258 1364.04 3.59818339e-02 1.07945502e-03 
257 1365.50 7.40386639e-03 2.22115996e-04 
256 1366.95 3.06939304e-01 9.20817908e-03 
255 1368.41 1.39149144e-01 4.17447416e-03 
254 1369.86 6.87483624e-02 2.06245086e-03 
253 1371.31 1.13935675e-02 3.41807026e-04 
252 1372.76 3.99573386e-01 1.19872019e-02 
251 1374.21 2.91007906e-02 8.73023702e-04 
250 1375.65 1.45157069e-01 4.35471209e-03 
249 1377.10 8.80683810e-02 2.64205132e-03 
248 1378.55 2.36887589e-01 7.10662780e-03 
247 1379.99 9.29041766e-03 2.78712541e-04 
246 1381.43 2.37644076e-01 7.12932227e-03 
245 1382.87 7.44792819e-03 2.23437848e-04 
244 1384.32 5.09424657e-02 1.52827392e-03 
243 1385.75 5.38011547e-03 1.61403470e-04 
242 1387.19 1.53844059e-02 4.61532181e-04 
241 1388.63 1.64961353e-01 4.94884048e-03 
240 1390.07 1.50595224e-02 4.51785658e-04 
239 1391.50 1.82874762e-02 5.48624259e-04 
238 1392.94 3.95189434e-01 1.18556833e-02 
237 1394.37 6.14086725e-03 1.84226024e-04 
236 1395.80 1.86003875e-02 5.58011641e-04 
235 1397.23 6.62320200e-03 1.98696056e-04 
234 1398.66 4.50095147e-01 1.35028549e-02 
233 1400.09 9.91518982e-03 2.97455699e-04 
232 1401.52 2.67109182e-02 8.01327522e-04 
231 1402.94 1.77766159e-02 5.33298473e-04 
230 1404.37 2.02262819e-01 6.06788462e-03 
229 1405.79 6.03050832e-03 1.80915245e-04 
228 1407.22 1.79345146e-01 5.38035436e-03 
227 1408.64 2.34665815e-02 7.03997444e-04 
226 1410.06 1.99541494e-01 5.98624488e-03 
225 1411.48 7.30120987e-02 2.19036289e-03 
224 1412.90 3.26348484e-01 9.79045406e-03 
223 1414.32 6.83857054e-02 2.05157115e-03 
222 1415.73 6.29834235e-02 1.88950275e-03 
221 1417.15 2.10757092e-01 6.32271264e-03 
220 1418.56 1.10711917e-01 3.32135754e-03 
219 1419.98 3.14037710e-01 9.42113157e-03 
218 1421.39 1.84958100e-01 5.54874307e-03 
217 1422.80 7.50080526e-01 2.25024149e-02 
216 1424.21 2.38706365e-01 7.16119073e-03 
215 1425.62 5.41570127e-01 1.62471030e-02 
214 1427.03 2.69494534e-01 8.08483642e-03 
213 1428.44 5.22798121e-01 1.56839434e-02 
212 1429.84 2.45248079e-01 7.35744229e-03 
211 1431.25 9.23808515e-01 2.77142562e-02 
210 1432.65 3.22111875e-01 9.66335647e-03 
209 1434.06 1.65418178e-01 4.96254535e-03 
208 1435.46 8.18707705e-01 2.45612320e-02 
207 1436.86 1.05652952e+00 3.16958874e-02 
206 1438.26 8.25041533e-01 2.47512460e-02 
205 1439.66 3.42004180e-01 1.02601256e-02 
204 1441.05 2.40394071e-01 7.21182209e-03 
203 1442.45 2.76003987e-01 8.28011986e-03 
202 1443.85 7.72336900e-01 2.31701061e-02 
201 1445.24 6.19416296e-01 1.85824893e-02 
200 1446.64 7.46421397e-01 2.23926418e-02 
199 1448.03 1.32632804e+00 3.97898406e-02 
198 1449.42 5.36217093e-01 1.60865132e-02 
197 1450.81 1.52316165e+00 4.56948504e-02 
196 1452.20 1.24917281e+00 3.74751836e-02 
195 1453.59 1.90858150e+00 5.72574437e-02 
194 1454.97 2.27298093e+00 6.81894273e-02 
193 1456.36 2.42697763e+00 7.28093311e-02 
192 1457.75 2.39539433e+00 7.18618333e-02 
191 1459.13 2.33091640e+00 6.99274912e-02 
190 1460.51 2.24163413e+00 6.72490224e-02 
189 1461.90 1.69444191e+00 5.08332588e-02 
188 1463.28 2.01266956e+00 6.03800863e-02 
187 1464.66 1.70575762e+00 5.11727296e-02 
186 1466.04 1.72271776e+00 5.16815335e-02 
185 1467.41 1.38425159e+00 4.15275469e-02 
184 1468.79 5.10088205e-01 1.53026460e-02 
183 1470.17 1.26473665e+00 3.79421003e-02 
182 1471.54 6.69669271e-01 2.00900789e-02 
181 1472.92 1.48790812e+00 4.46372442e-02 
180 1474.29 1.72073293e+00 5.16219884e-02 
179 1475.66 1.82619858e+00 5.47859557e-02 
178 1477.03 1.77406645e+00 5.32219931e-02 
177 1478.40 1.69282484e+00 5.07847443e-02 
176 1479.77 1.90349555e+00 5.71048670e-02 
175 1481.14 2.03226280e+00 6.09678850e-02 
174 1482.51 2.17649746e+00 6.52949214e-02 
173 1483.87 2.25452375e+00 6.76357150e-02 
172 1485.24 2.16441345e+00 6.49324059e-02 
171 1486.60 2.15972400e+00 6.47917166e-02 
170 1487.96 2.29645419e+00 6.88936263e-02 
169 1489.32 2.47577071e+00 7.42731243e-02 
168 1490.68 2.79779339e+00 8.39338005e-02 
167 1492.04 2.87071133e+00 8.61213431e-02 
166 1493.40 2.92936897e+00 8.78810659e-02 
165 1494.76 2.96195984e+00 8.88587981e-02 
164 1496.12 3.06838965e+00 9.20516923e-02 
163 1497.47 3.15561080e+00 9.46683213e-02 
162 1498.83 3.34300566e+00 1.00290172e-01 
161 1500.18 3.21808910e+00 9.65426713e-02 
160 1501.53 3.10367227e+00 9.31101665e-02 
159 1502.89 3.01834059e+00 9.05502141e-02 
158 1504.24 3.06834173e+00 9.20502543e-02 
157 1505.59 3.06591272e+00 9.19773802e-02 
156 1506.93 3.28765821e+00 9.86297429e-02 
155 1508.28 3.40446568e+00 1.02133967e-01 
154 1509.63 3.46658945e+00 1.03997685e-01 
153 1510.97 3.45994115e+00 1.03798233e-01 
152 1512.32 3.58648491e+00 1.07594550e-01 
151 1513.66 3.49797678e+00 1.04939304e-01 
150 1515.00 3.52812910e+00 1.05843872e-01 
149 1516.34 3.49961567e+00 1.04988471e-01 
148 1517.69 3.53423476e+00 1.06027044e-01 
147 1519.02 3.52034044e+00 1.05610214e-01 
146 1520.36 3.58588362e+00 1.07576512e-01 
145 1521.70 3.56885076e+00 1.07065521e-01 
144 1523.04 3.65816069e+00 1.09744817e-01 
143 1524.37 3.58865643e+00 1.07659690e-01 
142 1525.71 3.66105032e+00 1.09831512e-01 
141 1527.04 3.59651875e+00 1.07895561e-01 
140 1528.37 3.63401175e+00 1.09020352e-01 
139 1529.70 3.58368087e+00 1.07510425e-01 
138 1531.03 3.64673305e+00 1.09401993e-01 
137 1532.36 3.59354162e+00 1.07806250e-01 
136 1533.69 3.64582968e+00 1.09374888e-01 
135 1535.02 3.58417392e+00 1.07525215e-01 
134 1536.34 3.60341334e+00 1.08102404e-01 
133 1537.67 3.54328394e+00 1.06298521e-01 
132 1538.99 3.56917572e+00 1.07075274e-01 
131 1540.31 3.50946093e+00 1.05283827e-01 
130 1541.64 3.55195618e+00 1.06558688e-01 
129 1542.96 3.51126862e+00 1.05338059e-01 
128 1544.28 3.54266906e+00 1.06280074e-01 
127 1545.60 3.46192765e+00 1.03857830e-01 
126 1546.91 3.49405813e+00 1.04821742e-01 
125 1548.23 3.41047740e+00 1.02314323e-01 
124 1549.55 3.46222949e+00 1.03866883e-01 
123 1550.86 3.39684916e+00 1.01905473e-01 
122 1552.18 3.42967987e+00 1.02890395e-01 
121 1553.49 3.38608360e+00 1.01582505e-01 
120 1554.80 3.42345381e+00 1.02703616e-01 
119 1556.11 3.32695389e+00 9.98086184e-02 
118 1557.42 3.35129309e+00 1.00538790e-01 
117 1558.73 3.26350212e+00 9.79050621e-02 
116 1560.04 3.29932117e+00 9.89796370e-02 
115 1561.34 3.21321583e+00 9.63964760e-02 
114 1562.65 3.26729441e+00 9.80188325e-02 
113 1563.95 3.18551970e+00 9.55655873e-02 
112 1565.26 3.24914670e+00 9.74744037e-02 
111 1566.56 3.13806915e+00 9.41420719e-02 
110 1567.86 3.14083695e+00 9.42251086e-02 
109 1569.16 3.04657173e+00 9.13971514e-02 
108 1570.46 3.02544427e+00 9.07633305e-02 
107 1571.76 2.93105435e+00 8.79316330e-02 
106 1573.05 2.92000532e+00 8.76001567e-02 
105 1574.35 2.82263541e+00 8.46790597e-02 
104 1575.64 2.84286833e+00 8.52860510e-02 
103 1576.94 2.80349207e+00 8.41047615e-02 
102 1578.23 2.86945081e+00 8.60835239e-02 
101 1579.52 2.83914757e+00 8.51744264e-02 
100 1580.81 2.90398550e+00 8.71195644e-02 
99 1582.10 2.85142756e+00 8.55428278e-02 
98 1583.39 2.89974499e+00 8.69923532e-02 
97 1584.68 2.82836580e+00 8.48509744e-02 
96 1585.97 2.83577061e+00 8.50731209e-02 
95 1587.25 2.74531507e+00 8.23594555e-02 
94 1588.54 2.76785350e+00 8.30356032e-02 
93 1589.82 2.69765258e+00 8.09295774e-02 
92 1591.10 2.79284430e+00 8.37853253e-02 
91 1592.38 2.75748372e+00 8.27245116e-02 
90 1593.66 2.81934476e+00 8.45803395e-02 
89 1594.94 2.73042154e+00 8.19126442e-02 
88 1596.22 2.76409435e+00 8.29228312e-02 
87 1597.50 2.66752005e+00 8.00255984e-02 
86 1598.77 2.67366076e+00 8.02098215e-02 
85 1600.05 2.56666160e+00 7.69998506e-02 
84 1601.32 2.58722615e+00 7.76167810e-02 
83 1602.59 2.51447582e+00 7.54342750e-02 
82 1603.86 2.56713390e+00 7.70140141e-02 
81 1605.13 2.45857763e+00 7.37573281e-02 
80 1606.40 2.52128053e+00 7.56384134e-02 
79 1607.67 2.40233660e+00 7.20700994e-02 
78 1608.94 2.46616602e+00 7.39849806e-02 
77 1610.20 2.41963935e+00 7.25891814e-02 
76 1611.47 2.49314594e+00 7.47943819e-02 
75 1612.73 2.44038439e+00 7.32115284e-02 
74 1614.00 2.48913288e+00 7.46739879e-02 
73 1615.26 2.41975188e+00 7.25925565e-02 
72 1616.52 2.45632935e+00 7.36898780e-02 
71 1617.78 2.36137772e+00 7.08413348e-02 
70 1619.03 2.39568591e+00 7.18705803e-02 
69 1620.29 2.32977772e+00 6.98933303e-02 
68 1621.55 2.40140080e+00 7.20420256e-02 
67 1622.80 2.32369876e+00 6.97109625e-02 
66 1624.06 2.38392615e+00 7.15177879e-02 
65 1625.31 2.31497955e+00 6.94493875e-02 
64 1626.56 2.37487650e+00 7.12462962e-02 
63 1627.81 2.30514836e+00 6.91544488e-02 
62 1629.06 2.32253599e+00 6.96760789e-02 
61 1630.31 2.23714995e+00 6.71145022e-02 
60 1631.56 2.27446222e+00 6.82338700e-02 
59 1632.80 2.19241714e+00 6.57725111e-02 
58 1634.05 2.21572948e+00 6.64718822e-02 
57 1635.29 2.10807204e+00 6.32421598e-02 
56 1636.53 2.13397503e+00 6.40192479e-02 
55 1637.77 2.02559614e+00 6.07678853e-02 
54 1639.01 2.04923725e+00 6.14771172e-02 
53 1640.25 1.96972680e+00 5.90918027e-02 
52 1641.49 1.97406709e+00 5.92220128e-02 
51 1642.73 1.89618850e+00 5.68856560e-02 
50 1643.96 1.91733074e+00 5.75199239e-02 
49 1645.20 1.82671881e+00 5.48015647e-02 
48 1646.43 1.84100389e+00 5.52301183e-02 
47 1647.66 1.75422692e+00 5.26268072e-02 
46 1648.89 1.74316132e+00 5.22948392e-02 
45 1650.12 1.65090561e+00 4.95271683e-02 
44 1651.35 1.63602483e+00 4.90807444e-02 
43 1652.58 1.52640510e+00 4.57921512e-02 
42 1653.80 1.49475360e+00 4.48426083e-02 
41 1655.03 1.38623786e+00 4.15871367e-02 
40 1656.25 1.34416640e+00 4.03249934e-02 
39 1657.47 1.22307193e+00 3.66921574e-02 
38 1658.70 1.17688394e+00 3.53065170e-02 
37 1659.92 1.06274045e+00 3.18822116e-02 
36 1661.13 1.00350857e+00 3.01052574e-02 
35 1662.35 8.91391635e-01 2.67417487e-02 
34 1663.57 8.48858297e-01 2.54657492e-02 
33 1664.78 7.47504056e-01 2.24251226e-02 
32 1666.00 7.06770480e-01 2.12031137e-02 
31 1667.21 6.16534889e-01 1.84960458e-02 
30 1668.42 5.94734609e-01 1.78420376e-02 
29 1669.63 5.25628984e-01 1.57688688e-02 
28 1670.84 4.79020655e-01 1.43706193e-02 
27 1672.05 4.16360497e-01 1.24908146e-02 
26 1673.26 4.03783143e-01 1.21134939e-02 
25 1674.46 3.40750396e-01 1.02225123e-02 
24 1675.67 3.44377220e-01 1.03313169e-02 
23 1676.87 2.87339240e-01 8.62017740e-03 
22 1678.07 2.91436344e-01 8.74309056e-03 
21 1679.27 2.51793206e-01 7.55379628e-03 
20 1680.47 3.70047867e-01 1.11014359e-02 
19 1681.67 2.09428236e-01 6.28284691e-03 
18 1682.87 2.00267613e-01 6.00802852e-03 
17 1684.06 1.82810590e-01 5.48431790e-03 
16 1685.26 1.72005162e-01 5.16015477e-03 
15 1686.45 1.40786260e-01 4.22358792e-03 
14 1687.64 1.49597943e-01 4.48793825e-03 
13 1688.83 1.25627741e-01 3.76883219e-03 
12 1690.02 1.28195763e-01 3.84587282e-03 
11 1691.21 1.15720816e-01 3.47162457e-03 
10 1692.39 1.01477966e-01 3.04433890e-03 
9 1693.58 8.93814489e-02 2.68144347e-03 
8 1694.76 1.71925813e-01 5.15777431e-03 
7 1695.95 1.86686069e-01 5.60058188e-03 
6 1697.13 3.15348238e-01 9.46044736e-03 
5 1698.31 1.59303188e-01 4.77909576e-03 
4 1699.49 8.82700533e-02 2.64810165e-03 
3 1700.66 8.52161944e-02 2.55648582e-03 
2 1701.84 6.75691739e-02 2.02707527e-03 
1 1703.01 5.97751141e-02 1.79325347e-03 
0 1703.01 3.20769238e+00 9.62307751e-02 
