% C0 (TOA Count Rate, /ms) for 4STAR VIS spectrometer (1044 channels) derived from (SEE Original files for sources) and recorded on 2017-08-24 16:33:25.
% Langley at MLO and airborne Data outside 2.0x the STD of 501 nm Langley residuals were screened out. 
% Including high Altitude rate spectra, matched to splined stratospheric AOD measured at MLO.
% Averages of c0 from multiple days including: , MLO -av-g-, WFF--20-17, infl-ig-ht, high- a-lt, high- a-lt. See the list of files below
% 20170605_VIS_C0_refined_Langley_MLO_May2017_averages.dat
% 20170801_VIS_C0_refined_langley_4STAR_WFF_ground.dat
% 20170807_VIS_C0_refined_langley_4STARpm.dat
% 20170809_VIS_C0_refined_high_alt_low_m_frompolyfit.dat
% 20170815_VIS_C0_refined_high_alt_low_m_frompolyfit.dat
Pix Wavelength C0 C0err
0 173.18 -6.00000000e-01 5.47722558e-01 
1 173.98 -1.00000000e+00 0.00000000e+00 
2 174.77 -1.00000000e+00 0.00000000e+00 
3 175.56 -1.00000000e+00 0.00000000e+00 
4 176.36 -1.00000000e+00 0.00000000e+00 
5 177.15 -1.00000000e+00 0.00000000e+00 
6 177.94 -1.00000000e+00 0.00000000e+00 
7 178.74 -1.00000000e+00 0.00000000e+00 
8 179.53 -1.00000000e+00 0.00000000e+00 
9 180.33 -1.00000000e+00 0.00000000e+00 
10 181.12 -1.00000000e+00 0.00000000e+00 
11 181.92 -1.00000000e+00 0.00000000e+00 
12 182.71 -1.00000000e+00 0.00000000e+00 
13 183.51 -1.00000000e+00 0.00000000e+00 
14 184.30 -1.00000000e+00 0.00000000e+00 
15 185.10 -1.00000000e+00 0.00000000e+00 
16 185.89 -1.00000000e+00 0.00000000e+00 
17 186.69 -1.00000000e+00 0.00000000e+00 
18 187.49 -1.00000000e+00 0.00000000e+00 
19 188.28 -1.00000000e+00 0.00000000e+00 
20 189.08 -1.00000000e+00 0.00000000e+00 
21 189.88 -1.00000000e+00 0.00000000e+00 
22 190.67 -1.00000000e+00 0.00000000e+00 
23 191.47 -1.00000000e+00 0.00000000e+00 
24 192.27 -1.00000000e+00 0.00000000e+00 
25 193.07 -1.00000000e+00 0.00000000e+00 
26 193.86 -1.00000000e+00 0.00000000e+00 
27 194.66 -1.00000000e+00 0.00000000e+00 
28 195.46 -1.00000000e+00 0.00000000e+00 
29 196.26 -1.00000000e+00 0.00000000e+00 
30 197.05 -1.00000000e+00 0.00000000e+00 
31 197.85 -1.00000000e+00 0.00000000e+00 
32 198.65 -1.00000000e+00 0.00000000e+00 
33 199.45 -1.00000000e+00 0.00000000e+00 
34 200.25 -1.00000000e+00 0.00000000e+00 
35 201.05 -1.00000000e+00 0.00000000e+00 
36 201.85 -1.00000000e+00 0.00000000e+00 
37 202.65 -1.00000000e+00 0.00000000e+00 
38 203.44 -1.00000000e+00 0.00000000e+00 
39 204.24 -1.00000000e+00 0.00000000e+00 
40 205.04 -1.00000000e+00 0.00000000e+00 
41 205.84 -1.00000000e+00 0.00000000e+00 
42 206.64 6.05630316e+37 1.35423056e+38 
43 207.44 3.59398842e-01 3.03970822e+00 
44 208.24 -4.07391213e-01 1.21098578e+00 
45 209.04 -5.02802496e-01 9.94948375e-01 
46 209.84 -4.13002318e-01 1.14347874e+00 
47 210.64 -3.02728528e-01 1.09637521e+00 
48 211.44 -3.10118392e-01 1.11842605e+00 
49 212.24 -3.59933615e-01 1.09681050e+00 
50 213.04 5.98376643e-01 2.66887979e+00 
51 213.85 1.58535084e+00 5.25254472e+00 
52 214.65 2.49686769e+00 7.26577543e+00 
53 215.45 7.12277186e+34 1.59270021e+35 
54 216.25 7.57682488e+33 1.69422955e+34 
55 217.05 8.11246310e+32 1.81400190e+33 
56 217.85 8.73943190e+31 1.95419638e+32 
57 218.65 9.37913472e+30 2.09723828e+31 
58 219.46 1.00562082e+30 2.24863652e+30 
59 220.26 1.08641109e+29 2.42928904e+29 
60 221.06 1.16560887e+28 2.60638068e+28 
61 221.86 1.27803128e+27 2.85776481e+27 
62 222.66 1.38523877e+26 3.09748805e+26 
63 223.47 1.50857353e+25 3.37327297e+25 
64 224.27 1.63367421e+24 3.65300658e+24 
65 225.07 1.77559539e+23 3.97035198e+23 
66 225.87 1.95574002e+22 4.37316763e+22 
67 226.68 2.18165512e+21 4.87832915e+21 
68 227.48 2.54630202e+20 5.69370441e+20 
69 228.28 3.47277810e+19 7.76536790e+19 
70 229.08 6.76468284e+18 1.51262907e+19 
71 229.89 2.57351714e+18 5.75455927e+18 
72 230.69 2.45950856e+18 5.49962833e+18 
73 231.49 6.36813650e+18 1.42395861e+19 
74 232.30 3.61710440e+19 8.08809132e+19 
75 233.10 3.36266502e+20 7.51914757e+20 
76 233.90 3.83890706e+21 8.58405715e+21 
77 234.71 4.81399600e+22 1.07644223e+23 
78 235.51 6.23228552e+23 1.39358141e+24 
79 236.32 8.34852690e+24 1.86678737e+25 
80 237.12 1.12990499e+26 2.52654436e+26 
81 237.92 1.55068820e+27 3.46744424e+27 
82 238.73 2.16519144e+28 4.84151524e+28 
83 239.53 3.03927578e+29 6.79602725e+29 
84 240.34 4.08619538e+30 9.13701064e+30 
85 241.14 5.14285942e+31 1.14997833e+32 
86 241.94 5.97344136e+32 1.33570209e+33 
87 242.75 6.34061102e+33 1.41780373e+34 
88 243.55 6.15525258e+34 1.37635632e+35 
89 244.36 1.26080618e+00 4.55146833e+00 
90 245.16 8.59917325e-01 3.60816894e+00 
91 245.97 2.22807453e-01 2.23577563e+00 
92 246.77 -3.77761048e-01 1.06638842e+00 
93 247.58 -4.22738311e-01 9.95700655e-01 
94 248.38 -3.49523578e-01 1.00534393e+00 
95 249.19 -3.67841718e-01 1.08322357e+00 
96 249.99 -3.93752198e-01 1.01721678e+00 
97 250.80 -4.40054579e-01 9.22126643e-01 
98 251.60 1.79970629e+11 4.02426560e+11 
99 252.41 -4.47848573e-01 1.11030374e+00 
100 253.21 -4.64155699e-01 1.03182335e+00 
101 254.02 -3.59284742e-01 1.23322986e+00 
102 254.82 -4.16032892e-01 1.18005787e+00 
103 255.63 -5.08572360e-01 9.35570454e-01 
104 256.44 -5.15312190e-01 9.23308672e-01 
105 257.24 -4.38715084e-01 1.05856680e+00 
106 258.05 1.22408205e+06 2.73713170e+06 
107 258.85 -1.02031709e-01 1.24819099e+00 
108 259.66 -4.46488605e-01 9.75033742e-01 
109 260.46 -3.90061780e-01 1.02363862e+00 
110 261.27 -3.66452309e-01 1.05967086e+00 
111 262.08 -4.08791118e-01 9.80710033e-01 
112 262.88 -1.96638037e-01 1.38763078e+00 
113 263.69 5.38160506e-01 2.92531298e+00 
114 264.49 7.75729763e-01 3.43863367e+00 
115 265.30 1.00329602e+00 3.95291510e+00 
116 266.11 1.74309841e+34 3.89768653e+34 
117 266.91 1.40560664e+33 3.14303199e+33 
118 267.72 9.81036300e+31 2.19366386e+32 
119 268.53 5.82549486e+30 1.30262025e+31 
120 269.33 3.78848428e+29 8.47130838e+29 
121 270.14 2.90823464e+28 6.50301035e+28 
122 270.95 2.05281578e+27 4.59023563e+27 
123 271.75 1.31693106e+26 2.94474738e+26 
124 272.56 7.78047878e+24 1.73976794e+25 
125 273.37 3.93801294e+23 8.80566463e+23 
126 274.17 2.00670672e+22 4.48713264e+22 
127 274.98 1.21263530e+21 2.71153495e+21 
128 275.79 8.32726548e+19 1.86203317e+20 
129 276.59 6.21312866e+18 1.38929780e+19 
130 277.40 4.89090314e+17 1.09363919e+18 
131 278.21 3.73537360e+16 8.35254929e+16 
132 279.01 3.70592874e+33 8.28670858e+33 
133 279.82 2.16883672e+31 4.84966634e+31 
134 280.63 1.22077163e+29 2.72972835e+29 
135 281.43 7.83360792e+26 1.75164798e+27 
136 282.24 7.73106550e+24 1.72871880e+25 
137 283.05 1.14949214e+23 2.57034256e+23 
138 283.86 2.05094828e+21 4.58605977e+21 
139 284.66 3.76806892e+19 8.42565825e+19 
140 285.47 9.34697804e+17 2.09004783e+18 
141 286.28 3.43262032e+16 7.67557237e+16 
142 287.09 1.46441506e+15 3.27453161e+15 
143 287.89 6.39918668e+13 1.43090160e+14 
144 288.70 3.49100284e+12 7.80611865e+12 
145 289.51 2.66535911e+11 5.95992116e+11 
146 290.32 2.50760490e+10 5.60716507e+10 
147 291.12 2.67731437e+09 5.98662196e+09 
148 291.93 3.18809649e+08 7.12867176e+08 
149 292.74 4.63913314e+07 1.03728938e+08 
150 293.55 8.05048250e+06 1.79990959e+07 
151 294.35 1.65716323e+06 3.70441831e+06 
152 295.16 3.82820319e+05 8.55446286e+05 
153 295.97 9.90597911e+04 2.21196877e+05 
154 296.78 2.86667576e+04 6.39243289e+04 
155 297.58 9.15058386e+03 2.03565338e+04 
156 298.39 3.34026016e+03 7.40252214e+03 
157 299.20 1.37964127e+03 3.04025355e+03 
158 300.01 6.17747153e+02 1.35003778e+03 
159 300.81 3.06383891e+02 6.62127504e+02 
160 301.62 1.59169894e+02 3.38395051e+02 
161 302.43 9.13679639e+01 1.90698779e+02 
162 303.24 5.58731881e+01 1.13849471e+02 
163 304.04 3.59271982e+01 7.09081770e+01 
164 304.85 2.41419197e+01 4.60060016e+01 
165 305.66 1.70040901e+01 3.11725825e+01 
166 306.47 1.25369407e+01 2.19782385e+01 
167 307.28 9.60254926e+00 1.60936774e+01 
168 308.08 7.65461287e+00 1.22223695e+01 
169 308.89 6.32612528e+00 9.68915948e+00 
170 309.70 5.15643278e+00 7.43480410e+00 
171 310.51 4.41116526e+00 6.00841059e+00 
172 311.32 3.83273964e+00 4.92961354e+00 
173 312.12 3.33168427e+00 4.04912006e+00 
174 312.93 2.95119667e+00 3.35714498e+00 
175 313.74 2.79309331e+00 2.91218101e+00 
176 314.55 2.51340362e+00 2.57652469e+00 
177 315.36 2.33688522e+00 2.29329013e+00 
178 316.16 2.21469044e+00 2.06484697e+00 
179 316.97 2.12983840e+00 1.92687295e+00 
180 317.78 2.02459381e+00 1.75011765e+00 
181 318.59 1.97002501e+00 1.62339624e+00 
182 319.40 1.90076239e+00 1.54252727e+00 
183 320.20 1.86667688e+00 1.40611737e+00 
184 321.01 1.81118374e+00 1.31918192e+00 
185 321.82 1.79295359e+00 1.26957431e+00 
186 322.63 1.76564561e+00 1.22256913e+00 
187 323.43 1.73949785e+00 1.15303637e+00 
188 324.24 1.73586302e+00 1.10896320e+00 
189 325.05 1.73083465e+00 1.08167974e+00 
190 325.86 1.73913797e+00 1.04060135e+00 
191 326.67 1.70474404e+00 1.01420139e+00 
192 327.48 1.72658925e+00 9.96762982e-01 
193 328.28 1.74779409e+00 9.82860232e-01 
194 329.09 1.75360998e+00 9.67693095e-01 
195 329.90 1.79574033e+00 9.64656787e-01 
196 330.71 1.85156500e+00 9.66658059e-01 
197 331.52 1.91666240e+00 9.76112999e-01 
198 332.32 2.05178023e+00 9.96103427e-01 
199 333.13 2.25776137e+00 1.11030427e+00 
200 333.94 2.69379234e+00 1.30651828e+00 
201 334.75 3.37128139e+00 1.62292436e+00 
202 335.55 4.29216436e+00 2.07457942e+00 
203 336.36 5.66076576e+00 2.71427189e+00 
204 337.17 7.81042224e+00 3.65308134e+00 
205 337.98 1.07230652e+01 5.08251230e+00 
206 338.79 1.42551287e+01 6.72222025e+00 
207 339.60 1.82746237e+01 8.47064200e+00 
208 340.40 2.18207644e+01 1.03033914e+01 
209 341.21 2.49699694e+01 1.15132346e+01 
210 342.02 2.86179434e+01 1.30117714e+01 
211 342.83 3.18320664e+01 1.44431662e+01 
212 343.63 3.30278779e+01 1.41491036e+01 
213 344.44 3.42081355e+01 1.49133262e+01 
214 345.25 3.82232961e+01 1.61690920e+01 
215 346.06 4.19540811e+01 1.74869783e+01 
216 346.87 4.43540821e+01 1.85313547e+01 
217 347.67 4.62291449e+01 1.88752228e+01 
218 348.48 4.81662796e+01 1.89744298e+01 
219 349.29 5.11773323e+01 1.99714611e+01 
220 350.10 5.64481525e+01 2.14214775e+01 
221 350.90 6.01022700e+01 2.22442361e+01 
222 351.71 6.06341181e+01 2.16328140e+01 
223 352.52 6.21131668e+01 2.15781307e+01 
224 353.33 6.81130936e+01 2.25140793e+01 
225 354.14 7.50052223e+01 2.48147441e+01 
226 354.94 7.88399379e+01 2.42751852e+01 
227 355.75 7.73173454e+01 2.43827408e+01 
228 356.56 7.32792801e+01 2.22804727e+01 
229 357.37 6.87149949e+01 2.15537972e+01 
230 358.18 6.80158413e+01 2.10573409e+01 
231 358.98 7.67507426e+01 2.27277146e+01 
232 359.79 8.90348482e+01 2.48409687e+01 
233 360.60 9.09398830e+01 2.46848990e+01 
234 361.41 8.99127948e+01 2.38858578e+01 
235 362.21 9.53375807e+01 2.39983605e+01 
236 363.02 1.01818361e+02 2.35596366e+01 
237 363.83 1.05906569e+02 2.29089576e+01 
238 364.64 1.10521983e+02 2.51944961e+01 
239 365.44 1.21608928e+02 2.48455596e+01 
240 366.25 1.30686083e+02 2.57727437e+01 
241 367.06 1.32377082e+02 2.47209657e+01 
242 367.87 1.30638670e+02 2.35288613e+01 
243 368.67 1.32951013e+02 2.27689190e+01 
244 369.48 1.38583911e+02 2.40026274e+01 
245 370.29 1.40717550e+02 2.21125998e+01 
246 371.10 1.38770302e+02 2.26325510e+01 
247 371.90 1.36209648e+02 1.99776493e+01 
248 372.71 1.28560486e+02 1.90560137e+01 
249 373.52 1.21721378e+02 1.73790726e+01 
250 374.33 1.20839737e+02 1.77043966e+01 
251 375.13 1.29466371e+02 1.84686429e+01 
252 375.94 1.41685839e+02 1.85005308e+01 
253 376.75 1.54833683e+02 1.83127779e+01 
254 377.56 1.69999430e+02 1.88981476e+01 
255 378.36 1.74411122e+02 1.82931677e+01 
256 379.17 1.65723852e+02 1.66343596e+01 
257 379.98 1.62260661e+02 1.58858709e+01 
258 380.78 1.62254791e+02 1.56238695e+01 
259 381.59 1.47815403e+02 1.48681372e+01 
260 382.40 1.25634816e+02 1.33326705e+01 
261 383.20 1.15317562e+02 1.26567805e+01 
262 384.01 1.25258435e+02 1.34646276e+01 
263 384.82 1.42542868e+02 1.34777298e+01 
264 385.63 1.49720626e+02 1.32747608e+01 
265 386.43 1.51061501e+02 1.32217747e+01 
266 387.24 1.51821153e+02 1.38377482e+01 
267 388.05 1.54261349e+02 1.38619120e+01 
268 388.85 1.64431316e+02 1.31550805e+01 
269 389.66 1.79611680e+02 1.46134474e+01 
270 390.47 1.92495533e+02 1.44992096e+01 
271 391.27 1.93667638e+02 1.45592468e+01 
272 392.08 1.73213701e+02 1.26594137e+01 
273 392.89 1.39851045e+02 1.14814796e+01 
274 393.69 1.31289448e+02 1.24917912e+01 
275 394.50 1.58071658e+02 1.30240050e+01 
276 395.31 1.78148760e+02 1.26434830e+01 
277 396.11 1.65381807e+02 1.28682524e+01 
278 396.92 1.55664557e+02 1.34756104e+01 
279 397.73 1.84332568e+02 1.51997930e+01 
280 398.53 2.28593921e+02 1.70431261e+01 
281 399.34 2.56612100e+02 1.85735702e+01 
282 400.15 2.70162867e+02 1.95237861e+01 
283 400.95 2.79944439e+02 1.99505058e+01 
284 401.76 2.87577260e+02 2.03443350e+01 
285 402.57 2.89900251e+02 2.04499202e+01 
286 403.37 2.88438543e+02 2.02125484e+01 
287 404.18 2.86868334e+02 2.02605746e+01 
288 404.99 2.85625933e+02 2.00973397e+01 
289 405.79 2.84874988e+02 1.94539950e+01 
290 406.60 2.85680113e+02 1.96287311e+01 
291 407.40 2.92758753e+02 2.01180930e+01 
292 408.21 3.04015480e+02 2.05169824e+01 
293 409.02 3.08713724e+02 2.03716326e+01 
294 409.82 3.04584518e+02 2.06959590e+01 
295 410.63 3.07874335e+02 2.10867795e+01 
296 411.43 3.21362591e+02 2.13933998e+01 
297 412.24 3.29804520e+02 2.21645694e+01 
298 413.05 3.30315475e+02 2.26791633e+01 
299 413.85 3.29529867e+02 2.29791862e+01 
300 414.66 3.29577133e+02 2.33173420e+01 
301 415.46 3.30135952e+02 2.38535379e+01 
302 416.27 3.29981816e+02 2.39922309e+01 
303 417.08 3.24937015e+02 2.43399557e+01 
304 417.88 3.18566995e+02 2.45809802e+01 
305 418.69 3.15364915e+02 2.48613212e+01 
306 419.49 3.15320703e+02 2.56382798e+01 
307 420.30 3.18748841e+02 2.65144696e+01 
308 421.11 3.22114814e+02 2.69179521e+01 
309 421.91 3.19066616e+02 2.72071959e+01 
310 422.72 3.13055062e+02 2.74388065e+01 
311 423.52 3.12638009e+02 2.73705538e+01 
312 424.33 3.16139504e+02 2.74505244e+01 
313 425.13 3.18320718e+02 2.75432945e+01 
314 425.94 3.18827497e+02 2.71148284e+01 
315 426.74 3.18649584e+02 2.66311716e+01 
316 427.55 3.18606446e+02 2.59775969e+01 
317 428.36 3.15464738e+02 2.45788929e+01 
318 429.16 3.03738519e+02 2.27928251e+01 
319 429.96 2.90465735e+02 2.17579428e+01 
320 430.77 2.98267207e+02 2.16216847e+01 
321 431.58 3.31402464e+02 2.15039658e+01 
322 432.38 3.65545824e+02 2.18342564e+01 
323 433.19 3.82493299e+02 2.21042851e+01 
324 433.99 3.91658107e+02 2.19165932e+01 
325 434.80 4.08677435e+02 2.15132367e+01 
326 435.60 4.32428376e+02 2.07968822e+01 
327 436.41 4.49209665e+02 1.99501940e+01 
328 437.21 4.50818429e+02 1.89760231e+01 
329 438.02 4.45944214e+02 1.82200289e+01 
330 438.82 4.49045550e+02 1.72374206e+01 
331 439.63 4.63783112e+02 1.62815616e+01 
332 440.43 4.84318071e+02 1.60946467e+01 
333 441.24 5.06028792e+02 1.59575812e+01 
334 442.04 5.25682214e+02 1.55309389e+01 
335 442.85 5.39414537e+02 1.54572614e+01 
336 443.65 5.47720676e+02 1.52051823e+01 
337 444.45 5.51570728e+02 1.45520927e+01 
338 445.26 5.51862746e+02 1.42423522e+01 
339 446.06 5.56620382e+02 1.42251355e+01 
340 446.87 5.70336682e+02 1.39117821e+01 
341 447.67 5.87614575e+02 1.36622385e+01 
342 448.48 6.01001833e+02 1.39269358e+01 
343 449.28 6.13451040e+02 1.40987593e+01 
344 450.09 6.27646749e+02 1.39216774e+01 
345 450.89 6.36261472e+02 1.34548534e+01 
346 451.70 6.31255595e+02 1.32268604e+01 
347 452.50 6.19174440e+02 1.31788114e+01 
348 453.30 6.13603385e+02 1.29782247e+01 
349 454.11 6.17547430e+02 1.24781221e+01 
350 454.91 6.27830589e+02 1.27097170e+01 
351 455.72 6.38775020e+02 1.28819235e+01 
352 456.52 6.48190098e+02 1.27186753e+01 
353 457.32 6.52435067e+02 1.24686649e+01 
354 458.13 6.51466156e+02 1.24431838e+01 
355 458.93 6.50619889e+02 1.24995559e+01 
356 459.74 6.54996263e+02 1.27020907e+01 
357 460.54 6.63998437e+02 1.29082726e+01 
358 461.34 6.73844790e+02 1.30762493e+01 
359 462.15 6.80297571e+02 1.31290776e+01 
360 462.95 6.80751184e+02 1.31395469e+01 
361 463.76 6.76505052e+02 1.30834767e+01 
362 464.56 6.72160038e+02 1.31727287e+01 
363 465.36 6.69298330e+02 1.30444616e+01 
364 466.17 6.67807776e+02 1.29002599e+01 
365 466.97 6.68541266e+02 1.30145230e+01 
366 467.77 6.72023891e+02 1.28638270e+01 
367 468.58 6.76182037e+02 1.26665106e+01 
368 469.38 6.76762840e+02 1.25815365e+01 
369 470.18 6.77328137e+02 1.31616172e+01 
370 470.99 6.84054014e+02 1.34890405e+01 
371 471.79 6.94875916e+02 1.34857833e+01 
372 472.59 7.04044521e+02 1.34763810e+01 
373 473.40 7.10436865e+02 1.38745090e+01 
374 474.20 7.14854899e+02 1.36288606e+01 
375 475.00 7.17904122e+02 1.35716484e+01 
376 475.81 7.19909900e+02 1.37734375e+01 
377 476.61 7.23888088e+02 1.39253881e+01 
378 477.41 7.31262577e+02 1.37270730e+01 
379 478.21 7.38479677e+02 1.37480813e+01 
380 479.02 7.43189219e+02 1.39331198e+01 
381 479.82 7.46008744e+02 1.41235550e+01 
382 480.62 7.49207530e+02 1.42070519e+01 
383 481.43 7.50946836e+02 1.42239978e+01 
384 482.23 7.49464756e+02 1.40316311e+01 
385 483.03 7.43875273e+02 1.39076215e+01 
386 483.84 7.32114062e+02 1.34210961e+01 
387 484.64 7.08983515e+02 1.27113868e+01 
388 485.44 6.79763389e+02 1.27791130e+01 
389 486.24 6.62065692e+02 1.30454990e+01 
390 487.04 6.65404167e+02 1.26641111e+01 
391 487.85 6.84881161e+02 1.25964793e+01 
392 488.65 7.07307422e+02 1.31201250e+01 
393 489.45 7.22745018e+02 1.34754041e+01 
394 490.26 7.28174493e+02 1.33459221e+01 
395 491.06 7.25375079e+02 1.37628150e+01 
396 491.86 7.19761064e+02 1.42008640e+01 
397 492.66 7.19288218e+02 1.42206761e+01 
398 493.46 7.26508252e+02 1.42123549e+01 
399 494.27 7.35089689e+02 1.42634876e+01 
400 495.07 7.39844092e+02 1.43268612e+01 
401 495.87 7.41555388e+02 1.42799386e+01 
402 496.67 7.38663674e+02 1.40531204e+01 
403 497.48 7.33001892e+02 1.38848433e+01 
404 498.28 7.27099518e+02 1.39040590e+01 
405 499.08 7.20133972e+02 1.37052587e+01 
406 499.88 7.12477962e+02 1.36146151e+01 
407 500.68 7.05412523e+02 1.37353740e+01 
408 501.48 7.01765281e+02 1.37655629e+01 
409 502.29 7.03905917e+02 1.35357495e+01 
410 503.09 7.08622815e+02 1.33263576e+01 
411 503.89 7.14697703e+02 1.34146993e+01 
412 504.69 7.22453448e+02 1.37354284e+01 
413 505.49 7.28911448e+02 1.35993463e+01 
414 506.29 7.30362293e+02 1.36145785e+01 
415 507.09 7.26439972e+02 1.37896787e+01 
416 507.90 7.22170357e+02 1.40739419e+01 
417 508.70 7.20710167e+02 1.37921625e+01 
418 509.50 7.21781004e+02 1.37385454e+01 
419 510.30 7.23453133e+02 1.39384210e+01 
420 511.10 7.22473926e+02 1.38574377e+01 
421 511.90 7.18004456e+02 1.38682685e+01 
422 512.71 7.10342363e+02 1.38805886e+01 
423 513.51 7.01934078e+02 1.39074484e+01 
424 514.31 6.95399965e+02 1.36647491e+01 
425 515.11 6.85507359e+02 1.29871283e+01 
426 515.91 6.68139119e+02 1.25900095e+01 
427 516.71 6.49795473e+02 1.26236648e+01 
428 517.51 6.39143430e+02 1.25408908e+01 
429 518.31 6.43321037e+02 1.21806290e+01 
430 519.11 6.59186908e+02 1.21544739e+01 
431 519.91 6.75597941e+02 1.23380258e+01 
432 520.71 6.87686656e+02 1.24938684e+01 
433 521.52 6.92911908e+02 1.28479875e+01 
434 522.32 6.95652775e+02 1.32556782e+01 
435 523.12 7.00635285e+02 1.35916489e+01 
436 523.92 7.06046102e+02 1.34819053e+01 
437 524.72 7.06386454e+02 1.31278223e+01 
438 525.52 6.96796244e+02 1.31566162e+01 
439 526.32 6.83939425e+02 1.34283850e+01 
440 527.12 6.80963015e+02 1.35121933e+01 
441 527.92 6.90610522e+02 1.32355036e+01 
442 528.72 7.06748069e+02 1.30769552e+01 
443 529.52 7.20338308e+02 1.32404910e+01 
444 530.32 7.26495067e+02 1.32757288e+01 
445 531.12 7.24320933e+02 1.31048953e+01 
446 531.92 7.17386609e+02 1.30978222e+01 
447 532.72 7.10694356e+02 1.31986562e+01 
448 533.52 7.09666884e+02 1.31040485e+01 
449 534.32 7.15356565e+02 1.30624851e+01 
450 535.12 7.21418126e+02 1.29016534e+01 
451 535.92 7.22611369e+02 1.29794716e+01 
452 536.72 7.20577187e+02 1.31633342e+01 
453 537.52 7.17499978e+02 1.32196185e+01 
454 538.32 7.13219765e+02 1.29077414e+01 
455 539.12 7.07321549e+02 1.27660833e+01 
456 539.92 7.01560675e+02 1.27448549e+01 
457 540.72 6.99432816e+02 1.24960941e+01 
458 541.52 7.01977570e+02 1.22160774e+01 
459 542.32 7.07641225e+02 1.21100436e+01 
460 543.12 7.13207957e+02 1.22459574e+01 
461 543.92 7.17222854e+02 1.21897708e+01 
462 544.72 7.19697562e+02 1.21464070e+01 
463 545.52 7.19490998e+02 1.21508692e+01 
464 546.32 7.15991185e+02 1.20560297e+01 
465 547.12 7.11599719e+02 1.20970337e+01 
466 547.91 7.08874385e+02 1.21288838e+01 
467 548.71 7.08361540e+02 1.21449128e+01 
468 549.51 7.08880034e+02 1.20364526e+01 
469 550.31 7.08995555e+02 1.20506980e+01 
470 551.11 7.08669362e+02 1.19865542e+01 
471 551.91 7.08401801e+02 1.19739828e+01 
472 552.71 7.08398663e+02 1.19639391e+01 
473 553.51 7.10235761e+02 1.17840722e+01 
474 554.31 7.11515779e+02 1.17254401e+01 
475 555.10 7.09661379e+02 1.16225424e+01 
476 555.90 7.05311047e+02 1.15804220e+01 
477 556.70 6.99538822e+02 1.15146089e+01 
478 557.50 6.91628054e+02 1.15117897e+01 
479 558.30 6.84751575e+02 1.13409578e+01 
480 559.10 6.83124359e+02 1.14368899e+01 
481 559.90 6.83663124e+02 1.14832926e+01 
482 560.70 6.86791911e+02 1.15800787e+01 
483 561.49 6.92637046e+02 1.17189348e+01 
484 562.29 6.96813660e+02 1.18896975e+01 
485 563.09 6.98479234e+02 1.18046179e+01 
486 563.89 6.99719263e+02 1.17356816e+01 
487 564.69 6.99207636e+02 1.17561214e+01 
488 565.49 6.97584100e+02 1.18046501e+01 
489 566.29 6.97142875e+02 1.17461113e+01 
490 567.08 7.00490900e+02 1.14619769e+01 
491 567.88 7.04298450e+02 1.11097611e+01 
492 568.68 7.05301619e+02 1.07946752e+01 
493 569.48 7.04321448e+02 1.06598241e+01 
494 570.28 7.02703738e+02 1.07540946e+01 
495 571.07 7.05690574e+02 1.10492479e+01 
496 571.87 7.15237636e+02 1.12970143e+01 
497 572.67 7.25405351e+02 1.14423047e+01 
498 573.47 7.31723792e+02 1.16504846e+01 
499 574.26 7.30158905e+02 1.18748732e+01 
500 575.06 7.25174630e+02 1.22667736e+01 
501 575.86 7.21066618e+02 1.24110983e+01 
502 576.66 7.16647829e+02 1.23641619e+01 
503 577.45 7.12068227e+02 1.24263152e+01 
504 578.25 7.08126715e+02 1.26286207e+01 
505 579.05 7.05736381e+02 1.26783599e+01 
506 579.85 7.05705751e+02 1.25380552e+01 
507 580.65 7.06965395e+02 1.24023375e+01 
508 581.44 7.08246145e+02 1.24681853e+01 
509 582.24 7.08615352e+02 1.24429318e+01 
510 583.04 7.07834056e+02 1.22294633e+01 
511 583.83 7.04386947e+02 1.20121826e+01 
512 584.63 6.98185516e+02 1.16767627e+01 
513 585.43 6.92222414e+02 1.13631491e+01 
514 586.22 6.88003927e+02 1.07455299e+01 
515 587.02 6.82450598e+02 9.39477626e+00 
516 587.82 6.71084436e+02 8.35449576e+00 
517 588.62 6.57206578e+02 9.08884723e+00 
518 589.41 6.49866813e+02 1.04118643e+01 
519 590.21 6.52655442e+02 1.05936855e+01 
520 591.01 6.62117403e+02 1.03845327e+01 
521 591.80 6.70081702e+02 1.03501011e+01 
522 592.60 6.73110744e+02 1.05894712e+01 
523 593.40 6.73169574e+02 1.09593760e+01 
524 594.19 6.72671584e+02 1.11466236e+01 
525 594.99 6.72844287e+02 1.09544815e+01 
526 595.79 6.74037665e+02 1.02795242e+01 
527 596.58 6.74557377e+02 9.40692853e+00 
528 597.38 6.73906325e+02 8.87435576e+00 
529 598.18 6.72172382e+02 8.73422464e+00 
530 598.97 6.70084007e+02 8.73185772e+00 
531 599.77 6.67848885e+02 8.72995732e+00 
532 600.56 6.65293553e+02 9.02772034e+00 
533 601.36 6.62956789e+02 9.28430203e+00 
534 602.16 6.63783547e+02 9.51973672e+00 
535 602.95 6.67444142e+02 9.67935420e+00 
536 603.75 6.71731659e+02 9.88576083e+00 
537 604.54 6.73668528e+02 9.95899793e+00 
538 605.34 6.72974919e+02 1.00772956e+01 
539 606.14 6.71203245e+02 1.02470514e+01 
540 606.93 6.68446106e+02 1.00753465e+01 
541 607.73 6.65170390e+02 1.01488541e+01 
542 608.52 6.61299213e+02 1.00909747e+01 
543 609.32 6.57484542e+02 9.99179075e+00 
544 610.11 6.55150797e+02 1.00467509e+01 
545 610.91 6.53703839e+02 9.89533224e+00 
546 611.71 6.51355107e+02 9.86825216e+00 
547 612.50 6.48109477e+02 9.74709104e+00 
548 613.30 6.44883085e+02 9.81516974e+00 
549 614.09 6.42242775e+02 9.57811940e+00 
550 614.89 6.38838910e+02 9.44376306e+00 
551 615.68 6.34706854e+02 9.54963808e+00 
552 616.48 6.32896352e+02 9.63729430e+00 
553 617.27 6.34987425e+02 9.64716541e+00 
554 618.07 6.39879694e+02 9.60567235e+00 
555 618.86 6.44430914e+02 9.67589939e+00 
556 619.66 6.46698832e+02 9.96253227e+00 
557 620.45 6.46164362e+02 1.01945072e+01 
558 621.25 6.43567102e+02 1.03943706e+01 
559 622.04 6.39148771e+02 1.06110672e+01 
560 622.84 6.34184918e+02 1.06082278e+01 
561 623.63 6.29488385e+02 1.05933081e+01 
562 624.43 6.25043148e+02 1.05071084e+01 
563 625.22 6.23279401e+02 1.03425016e+01 
564 626.02 6.22937799e+02 9.67860918e+00 
565 626.81 6.23109239e+02 8.65929436e+00 
566 627.61 6.21836723e+02 8.24040856e+00 
567 628.40 6.19200611e+02 8.15355153e+00 
568 629.19 6.16116301e+02 8.17793633e+00 
569 629.99 6.13130896e+02 8.22935715e+00 
570 630.78 6.10088086e+02 8.30514523e+00 
571 631.58 6.08783858e+02 8.62378472e+00 
572 632.37 6.08128058e+02 8.86890762e+00 
573 633.17 6.07380269e+02 9.15207549e+00 
574 633.96 6.06238869e+02 9.46085344e+00 
575 634.76 6.04293551e+02 9.81335414e+00 
576 635.55 6.02520441e+02 1.01117735e+01 
577 636.34 6.01642710e+02 1.03182713e+01 
578 637.14 6.01774097e+02 1.04394080e+01 
579 637.93 6.00776725e+02 1.04227349e+01 
580 638.72 5.96553982e+02 1.04754132e+01 
581 639.52 5.90567999e+02 1.04775368e+01 
582 640.31 5.84819145e+02 1.05399956e+01 
583 641.11 5.80991294e+02 1.05018542e+01 
584 641.90 5.79756639e+02 1.04517202e+01 
585 642.69 5.79538668e+02 1.01055230e+01 
586 643.49 5.78251693e+02 9.62669799e+00 
587 644.28 5.75960744e+02 9.07793113e+00 
588 645.07 5.72228082e+02 8.25084000e+00 
589 645.87 5.68848442e+02 7.24623376e+00 
590 646.66 5.66059346e+02 6.53208563e+00 
591 647.45 5.63757751e+02 7.12645810e+00 
592 648.25 5.59762870e+02 7.62101838e+00 
593 649.04 5.54931450e+02 7.40771586e+00 
594 649.83 5.53243477e+02 6.84810025e+00 
595 650.63 5.55424176e+02 6.58886799e+00 
596 651.42 5.57678398e+02 6.71278874e+00 
597 652.21 5.57753809e+02 6.81520127e+00 
598 653.00 5.56505389e+02 6.43141344e+00 
599 653.80 5.51631494e+02 6.12106470e+00 
600 654.59 5.37245353e+02 5.49828347e+00 
601 655.38 5.14123928e+02 5.67992382e+00 
602 656.17 4.97407610e+02 6.48959317e+00 
603 656.97 5.01365978e+02 6.57373811e+00 
604 657.76 5.20092556e+02 6.07662618e+00 
605 658.55 5.36159810e+02 6.14568211e+00 
606 659.34 5.43337561e+02 6.40230776e+00 
607 660.14 5.46775643e+02 6.42939729e+00 
608 660.93 5.49431098e+02 6.53836854e+00 
609 661.72 5.50599540e+02 6.60621775e+00 
610 662.52 5.49244330e+02 6.80350410e+00 
611 663.31 5.46877983e+02 6.99336476e+00 
612 664.10 5.46125236e+02 6.90888950e+00 
613 664.89 5.46688342e+02 6.73885718e+00 
614 665.68 5.46683061e+02 6.56610794e+00 
615 666.47 5.45592912e+02 6.51913885e+00 
616 667.27 5.44897190e+02 6.65301637e+00 
617 668.06 5.45353758e+02 6.77586421e+00 
618 668.85 5.45585201e+02 6.85424362e+00 
619 669.64 5.44339331e+02 6.92696012e+00 
620 670.43 5.41575279e+02 6.96387430e+00 
621 671.23 5.38551632e+02 7.18055906e+00 
622 672.02 5.36851717e+02 7.40061539e+00 
623 672.81 5.36979985e+02 7.62343870e+00 
624 673.60 5.36756032e+02 7.81416307e+00 
625 674.39 5.35157151e+02 7.90031217e+00 
626 675.18 5.33347058e+02 7.80409586e+00 
627 675.97 5.32213202e+02 7.80485718e+00 
628 676.77 5.31239508e+02 7.93528405e+00 
629 677.56 5.29732904e+02 8.10127867e+00 
630 678.35 5.27859404e+02 8.31741398e+00 
631 679.14 5.25912040e+02 8.46766336e+00 
632 679.93 5.23753638e+02 8.51698576e+00 
633 680.72 5.21644761e+02 8.43406502e+00 
634 681.51 5.19697071e+02 8.31213755e+00 
635 682.30 5.17206380e+02 8.15471630e+00 
636 683.09 5.12940432e+02 8.08773931e+00 
637 683.88 5.07762071e+02 7.94318933e+00 
638 684.67 5.02790322e+02 7.28511731e+00 
639 685.46 4.92406893e+02 5.31754058e+00 
640 686.26 4.69097687e+02 9.82111754e+00 
641 687.04 4.44661130e+02 1.88302360e+01 
642 687.84 4.38543805e+02 1.97790642e+01 
643 688.63 4.45683075e+02 1.58071303e+01 
644 689.42 4.51815921e+02 1.30994945e+01 
645 690.21 4.56697872e+02 1.07637483e+01 
646 691.00 4.61858069e+02 8.51094104e+00 
647 691.79 4.65719019e+02 7.91845790e+00 
648 692.58 4.67545805e+02 1.04659149e+01 
649 693.37 4.67218934e+02 1.49643105e+01 
650 694.16 4.65995097e+02 1.76360537e+01 
651 694.95 4.65234532e+02 1.62497214e+01 
652 695.74 4.66350349e+02 1.22340797e+01 
653 696.53 4.67093440e+02 7.66341039e+00 
654 697.32 4.65202366e+02 5.46882006e+00 
655 698.10 4.61623064e+02 6.13308384e+00 
656 698.89 4.58341762e+02 8.71989161e+00 
657 699.68 4.54785916e+02 1.05091952e+01 
658 700.47 4.50771607e+02 1.05167808e+01 
659 701.26 4.47275889e+02 9.98648837e+00 
660 702.05 4.45150590e+02 9.79614100e+00 
661 702.84 4.45527214e+02 9.25253963e+00 
662 703.63 4.47820776e+02 8.08808895e+00 
663 704.42 4.50088322e+02 7.14034126e+00 
664 705.21 4.49889535e+02 6.62890382e+00 
665 706.00 4.48686733e+02 6.15176481e+00 
666 706.79 4.48064576e+02 5.41309133e+00 
667 707.58 4.47669813e+02 4.96532014e+00 
668 708.37 4.45952462e+02 4.89924048e+00 
669 709.15 4.44314028e+02 4.75853913e+00 
670 709.94 4.44448590e+02 4.68780511e+00 
671 710.73 4.43816536e+02 4.81474131e+00 
672 711.52 4.41095044e+02 4.97096484e+00 
673 712.31 4.38503672e+02 5.28025739e+00 
674 713.10 4.37342896e+02 5.18557835e+00 
675 713.88 4.36171233e+02 4.98612455e+00 
676 714.67 4.33074065e+02 5.28444401e+00 
677 715.46 4.27756130e+02 8.44249476e+00 
678 716.25 4.18556407e+02 1.98058774e+01 
679 717.04 4.06726847e+02 3.57896717e+01 
680 717.83 3.95519184e+02 4.54159224e+01 
681 718.61 3.86749095e+02 4.86524165e+01 
682 719.40 3.83253488e+02 4.89572674e+01 
683 720.19 3.86102955e+02 4.38583911e+01 
684 720.98 3.94366822e+02 3.17808242e+01 
685 721.76 4.01581414e+02 2.10079477e+01 
686 722.55 4.00275169e+02 2.23093407e+01 
687 723.34 3.94192923e+02 3.16715289e+01 
688 724.13 3.89898852e+02 3.81467310e+01 
689 724.92 3.88482525e+02 3.99942427e+01 
690 725.70 3.88270441e+02 3.92130281e+01 
691 726.49 3.88525411e+02 3.73938601e+01 
692 727.28 3.86952299e+02 3.72679675e+01 
693 728.06 3.83730299e+02 3.60308430e+01 
694 728.85 3.80867112e+02 3.40829482e+01 
695 729.64 3.81625113e+02 3.36801365e+01 
696 730.42 3.84354236e+02 3.22541247e+01 
697 731.21 3.86064884e+02 2.96659443e+01 
698 732.00 3.88801830e+02 2.40906844e+01 
699 732.78 3.91698136e+02 1.70511027e+01 
700 733.57 3.94904627e+02 1.19888300e+01 
701 734.36 3.95849167e+02 9.25624717e+00 
702 735.14 3.93513128e+02 8.47944491e+00 
703 735.93 3.90813459e+02 8.05263751e+00 
704 736.72 3.89824939e+02 7.12862270e+00 
705 737.51 3.89478670e+02 5.53554461e+00 
706 738.29 3.86459511e+02 4.67026578e+00 
707 739.08 3.83500941e+02 4.42367159e+00 
708 739.86 3.82701342e+02 4.21203018e+00 
709 740.65 3.80375217e+02 4.68282745e+00 
710 741.44 3.78236588e+02 5.16574079e+00 
711 742.22 3.79438219e+02 5.42250508e+00 
712 743.01 3.81478107e+02 5.61634378e+00 
713 743.79 3.80532825e+02 5.66160661e+00 
714 744.58 3.78193852e+02 5.73292153e+00 
715 745.37 3.78231361e+02 5.70744395e+00 
716 746.15 3.78150024e+02 5.66503835e+00 
717 746.94 3.76847697e+02 5.56230271e+00 
718 747.72 3.74641517e+02 5.41774710e+00 
719 748.51 3.71668178e+02 5.33061664e+00 
720 749.29 3.69101707e+02 5.19276681e+00 
721 750.08 3.67283098e+02 5.16279539e+00 
722 750.86 3.65129875e+02 4.90413135e+00 
723 751.65 3.63440136e+02 4.67713719e+00 
724 752.43 3.62710202e+02 4.50507298e+00 
725 753.22 3.63003795e+02 4.42717221e+00 
726 754.00 3.63352918e+02 4.43613942e+00 
727 754.79 3.60973948e+02 4.35518764e+00 
728 755.57 3.57985690e+02 4.26369675e+00 
729 756.36 3.56256199e+02 4.24026509e+00 
730 757.14 3.54696710e+02 4.03398906e+00 
731 757.93 3.47948179e+02 3.16895328e+00 
732 758.71 3.18765580e+02 9.28789088e+00 
733 759.49 2.52043366e+02 3.04570013e+01 
734 760.28 1.88476153e+02 5.04566678e+01 
735 761.06 1.82832421e+02 5.32141181e+01 
736 761.85 2.08519423e+02 4.55330497e+01 
737 762.63 2.19568803e+02 4.21974004e+01 
738 763.41 2.23811975e+02 4.06870856e+01 
739 764.20 2.38178609e+02 3.66254427e+01 
740 764.98 2.58212861e+02 3.01064449e+01 
741 765.77 2.76849977e+02 2.20314672e+01 
742 766.55 2.94172949e+02 1.46023190e+01 
743 767.33 3.09786156e+02 9.23886813e+00 
744 768.12 3.20475478e+02 5.86499935e+00 
745 768.90 3.25691429e+02 4.06707234e+00 
746 769.68 3.27608916e+02 3.37262916e+00 
747 770.47 3.27666614e+02 3.36316488e+00 
748 771.25 3.26377623e+02 3.46716775e+00 
749 772.03 3.26075071e+02 3.43947993e+00 
750 772.82 3.27395711e+02 3.41473469e+00 
751 773.60 3.27287912e+02 3.50174640e+00 
752 774.38 3.24599247e+02 3.56690157e+00 
753 775.17 3.22864454e+02 3.45136315e+00 
754 775.95 3.23358683e+02 3.36618167e+00 
755 776.73 3.22820553e+02 3.33411924e+00 
756 777.51 3.20950865e+02 3.29405735e+00 
757 778.30 3.19544651e+02 3.34037073e+00 
758 779.08 3.17746141e+02 3.44453120e+00 
759 779.86 3.16025645e+02 3.50821249e+00 
760 780.64 3.16024617e+02 3.51862876e+00 
761 781.43 3.17487806e+02 3.61026927e+00 
762 782.21 3.17276369e+02 3.71770792e+00 
763 782.99 3.13800092e+02 3.65100797e+00 
764 783.77 3.11482572e+02 3.60469329e+00 
765 784.55 3.10914653e+02 3.54474707e+00 
766 785.34 3.10709426e+02 3.37414990e+00 
767 786.12 3.10406123e+02 3.04116071e+00 
768 786.90 3.09059490e+02 2.90679256e+00 
769 787.68 3.06269487e+02 3.07865277e+00 
770 788.46 3.03553547e+02 3.59460912e+00 
771 789.24 3.02006960e+02 4.49653197e+00 
772 790.03 3.00933115e+02 4.90024659e+00 
773 790.81 2.98708586e+02 4.44625081e+00 
774 791.59 2.94651643e+02 3.99540924e+00 
775 792.37 2.90678890e+02 3.61865010e+00 
776 793.15 2.88206558e+02 3.03971897e+00 
777 793.93 2.87759365e+02 2.76759299e+00 
778 794.71 2.88449569e+02 2.82629300e+00 
779 795.49 2.88173967e+02 3.56751353e+00 
780 796.27 2.87020410e+02 4.46111364e+00 
781 797.05 2.87352001e+02 4.05561071e+00 
782 797.84 2.87934765e+02 3.30610970e+00 
783 798.61 2.86618887e+02 3.09317169e+00 
784 799.40 2.83949332e+02 3.14613797e+00 
785 800.18 2.80767944e+02 3.74142923e+00 
786 800.96 2.78174591e+02 4.28009717e+00 
787 801.74 2.77584863e+02 4.27968048e+00 
788 802.52 2.77617537e+02 4.00866684e+00 
789 803.30 2.76913530e+02 3.88713196e+00 
790 804.08 2.74463976e+02 3.52254526e+00 
791 804.86 2.71238731e+02 2.84872138e+00 
792 805.64 2.69809876e+02 2.43108436e+00 
793 806.42 2.70994943e+02 2.45580278e+00 
794 807.20 2.72101790e+02 2.46827970e+00 
795 807.97 2.69526102e+02 2.48590948e+00 
796 808.75 2.64160188e+02 2.53231887e+00 
797 809.53 2.60070293e+02 2.94332651e+00 
798 810.31 2.59338469e+02 4.25883868e+00 
799 811.09 2.60127276e+02 6.58173830e+00 
800 811.87 2.58902235e+02 1.00516968e+01 
801 812.65 2.54685379e+02 1.44812658e+01 
802 813.43 2.48357660e+02 1.92085680e+01 
803 814.21 2.42026644e+02 2.31132925e+01 
804 814.99 2.38442769e+02 2.61597382e+01 
805 815.76 2.36989441e+02 2.82715913e+01 
806 816.54 2.36089608e+02 2.90385167e+01 
807 817.32 2.34030671e+02 2.79136366e+01 
808 818.10 2.30939805e+02 2.51863161e+01 
809 818.88 2.28737181e+02 2.19928206e+01 
810 819.66 2.28705980e+02 1.84890376e+01 
811 820.43 2.31285015e+02 1.57678974e+01 
812 821.21 2.33072618e+02 1.62694166e+01 
813 821.99 2.29504609e+02 2.04343053e+01 
814 822.77 2.23770875e+02 2.43133421e+01 
815 823.55 2.21999981e+02 2.38826835e+01 
816 824.32 2.24777471e+02 1.91315922e+01 
817 825.10 2.29662114e+02 1.42449015e+01 
818 825.88 2.32873665e+02 1.24523042e+01 
819 826.66 2.31684104e+02 1.29732370e+01 
820 827.43 2.27586114e+02 1.43405644e+01 
821 828.21 2.23248331e+02 1.54937837e+01 
822 828.99 2.21472403e+02 1.57033002e+01 
823 829.76 2.22747792e+02 1.49924689e+01 
824 830.54 2.24676258e+02 1.41022208e+01 
825 831.32 2.24027510e+02 1.31457639e+01 
826 832.10 2.21095998e+02 1.21694103e+01 
827 832.87 2.17327058e+02 1.10302419e+01 
828 833.65 2.16068627e+02 9.72304572e+00 
829 834.42 2.18530206e+02 8.64245266e+00 
830 835.20 2.22637347e+02 7.62818001e+00 
831 835.98 2.24495344e+02 6.64309386e+00 
832 836.75 2.22959177e+02 5.59148987e+00 
833 837.53 2.19121680e+02 4.38622837e+00 
834 838.30 2.16509076e+02 3.40354490e+00 
835 839.08 2.16846225e+02 2.83666788e+00 
836 839.86 2.18984697e+02 2.58953831e+00 
837 840.63 2.19951141e+02 2.43906999e+00 
838 841.41 2.18101922e+02 2.21010730e+00 
839 842.18 2.13869390e+02 2.05764882e+00 
840 842.96 2.09767927e+02 2.01465687e+00 
841 843.73 2.08374774e+02 2.15787807e+00 
842 844.51 2.09775186e+02 2.33580196e+00 
843 845.28 2.11833791e+02 2.57653761e+00 
844 846.06 2.12613918e+02 2.74100452e+00 
845 846.84 2.10153618e+02 2.79591588e+00 
846 847.61 2.04931480e+02 2.78465456e+00 
847 848.38 1.99789766e+02 2.71510286e+00 
848 849.16 1.98006291e+02 2.61618902e+00 
849 849.93 1.98279246e+02 2.53735129e+00 
850 850.71 1.98987534e+02 2.61096873e+00 
851 851.48 1.97093515e+02 2.63337956e+00 
852 852.26 1.92169776e+02 2.50576390e+00 
853 853.03 1.86055620e+02 2.27036310e+00 
854 853.81 1.81731807e+02 2.01880430e+00 
855 854.58 1.81613239e+02 1.98339868e+00 
856 855.35 1.85521456e+02 2.23514614e+00 
857 856.13 1.91003967e+02 2.45611426e+00 
858 856.90 1.93834948e+02 2.43735547e+00 
859 857.68 1.92734953e+02 2.33834950e+00 
860 858.45 1.90008612e+02 2.18542276e+00 
861 859.22 1.87960066e+02 2.08251176e+00 
862 860.00 1.88479534e+02 2.11110164e+00 
863 860.77 1.90618507e+02 2.21574255e+00 
864 861.54 1.91333176e+02 2.29280181e+00 
865 862.32 1.89590275e+02 2.29327636e+00 
866 863.09 1.85667267e+02 2.24209674e+00 
867 863.86 1.79818441e+02 2.08864175e+00 
868 864.64 1.75598318e+02 1.94711872e+00 
869 865.41 1.73481521e+02 1.85401693e+00 
870 866.18 1.73046907e+02 1.84687943e+00 
871 866.95 1.73281009e+02 1.94928018e+00 
872 867.73 1.73246608e+02 2.08769679e+00 
873 868.50 1.72458812e+02 2.09675182e+00 
874 869.27 1.71503478e+02 2.03826996e+00 
875 870.04 1.71541300e+02 2.05867515e+00 
876 870.81 1.73216310e+02 2.15841624e+00 
877 871.59 1.74541376e+02 2.22889164e+00 
878 872.36 1.74721054e+02 2.25634169e+00 
879 873.13 1.72822810e+02 2.22525456e+00 
880 873.90 1.69262778e+02 2.09717557e+00 
881 874.67 1.65411620e+02 1.95404091e+00 
882 875.44 1.63517843e+02 1.86508438e+00 
883 876.22 1.64205420e+02 1.88436570e+00 
884 876.99 1.65530676e+02 1.96674130e+00 
885 877.76 1.66149030e+02 2.00979828e+00 
886 878.53 1.64906635e+02 1.96374781e+00 
887 879.30 1.61711287e+02 1.83229691e+00 
888 880.07 1.58280940e+02 1.68774633e+00 
889 880.84 1.56621193e+02 1.65534051e+00 
890 881.61 1.57195959e+02 1.74868086e+00 
891 882.38 1.58878562e+02 1.88121839e+00 
892 883.15 1.60543501e+02 1.96250507e+00 
893 883.92 1.60090900e+02 1.92910142e+00 
894 884.69 1.57684503e+02 1.85055515e+00 
895 885.47 1.54739648e+02 1.74962015e+00 
896 886.23 1.52372457e+02 1.69098247e+00 
897 887.00 1.51636202e+02 1.74914421e+00 
898 887.78 1.52427562e+02 1.89957216e+00 
899 888.54 1.53940413e+02 2.03603179e+00 
900 889.31 1.54754860e+02 2.12360636e+00 
901 890.08 1.53227210e+02 2.17249594e+00 
902 890.85 1.49992212e+02 2.45785174e+00 
903 891.62 1.46705805e+02 3.27971208e+00 
904 892.39 1.44024631e+02 4.72649257e+00 
905 893.16 1.43012625e+02 6.63592443e+00 
906 893.93 1.42884281e+02 8.81170412e+00 
907 894.70 1.42271669e+02 1.09938985e+01 
908 895.47 1.40037889e+02 1.30867720e+01 
909 896.24 1.36380264e+02 1.48609828e+01 
910 897.01 1.32206712e+02 1.62313908e+01 
911 897.78 1.29134955e+02 1.72309850e+01 
912 898.54 1.27916501e+02 1.78775109e+01 
913 899.31 1.27780667e+02 1.81713731e+01 
914 900.08 1.27798102e+02 1.78677874e+01 
915 900.85 1.27560144e+02 1.69843400e+01 
916 901.62 1.26539980e+02 1.55458307e+01 
917 902.38 1.25300104e+02 1.40305481e+01 
918 903.15 1.24642221e+02 1.29173955e+01 
919 903.92 1.24760231e+02 1.22614540e+01 
920 904.69 1.25371985e+02 1.20830446e+01 
921 905.46 1.25873040e+02 1.24499040e+01 
922 906.22 1.25521905e+02 1.32795917e+01 
923 906.99 1.23664898e+02 1.43252359e+01 
924 907.76 1.20758558e+02 1.52533214e+01 
925 908.52 1.17642703e+02 1.59944070e+01 
926 909.29 1.15272096e+02 1.65378733e+01 
927 910.06 1.14336906e+02 1.69327026e+01 
928 910.83 1.14397372e+02 1.72588049e+01 
929 911.59 1.14879469e+02 1.75367022e+01 
930 912.36 1.14957978e+02 1.77147950e+01 
931 913.13 1.14153578e+02 1.78443532e+01 
932 913.89 1.12545104e+02 1.78254820e+01 
933 914.66 1.10662434e+02 1.75578250e+01 
934 915.42 1.09242022e+02 1.70538891e+01 
935 916.19 1.08613852e+02 1.63979684e+01 
936 916.96 1.08681671e+02 1.56687310e+01 
937 917.72 1.09154368e+02 1.49066859e+01 
938 918.49 1.09353022e+02 1.39819598e+01 
939 919.26 1.08922197e+02 1.28576354e+01 
940 920.02 1.07759311e+02 1.16626392e+01 
941 920.79 1.06138736e+02 1.06032906e+01 
942 921.55 1.04430249e+02 9.93435287e+00 
943 922.32 1.03103960e+02 9.75033256e+00 
944 923.08 1.02146418e+02 1.00651169e+01 
945 923.85 1.01389631e+02 1.07465575e+01 
946 924.61 1.00470763e+02 1.16884096e+01 
947 925.38 9.89756519e+01 1.28266996e+01 
948 926.14 9.67825505e+01 1.41484451e+01 
949 926.91 9.39674647e+01 1.56819126e+01 
950 927.67 9.08077395e+01 1.75551149e+01 
951 928.44 8.76946424e+01 1.97715168e+01 
952 929.20 8.47874544e+01 2.21168912e+01 
953 929.97 8.20018929e+01 2.43282093e+01 
954 930.73 7.90532786e+01 2.62027724e+01 
955 931.49 7.58425708e+01 2.75921336e+01 
956 932.26 7.23603556e+01 2.84614020e+01 
957 933.02 6.88200179e+01 2.89874309e+01 
958 933.79 6.56603773e+01 2.90619476e+01 
959 934.55 6.33127518e+01 2.87043111e+01 
960 935.32 6.17096820e+01 2.81299822e+01 
961 936.08 6.06550747e+01 2.71908542e+01 
962 936.84 5.98344927e+01 2.62082520e+01 
963 937.61 5.90058411e+01 2.50167160e+01 
964 938.37 5.79585573e+01 2.36382123e+01 
965 939.13 5.67542418e+01 2.21381452e+01 
966 939.89 5.55302568e+01 2.07756870e+01 
967 940.66 5.44141912e+01 1.96235902e+01 
968 941.42 5.35725052e+01 1.88583459e+01 
969 942.18 5.29011656e+01 1.84866757e+01 
970 942.95 5.22513148e+01 1.84969355e+01 
971 943.71 5.16558604e+01 1.85940743e+01 
972 944.47 5.10473908e+01 1.86518818e+01 
973 945.23 5.05063971e+01 1.85433375e+01 
974 946.00 5.01445001e+01 1.84417737e+01 
975 946.76 5.00860919e+01 1.83865703e+01 
976 947.52 5.03650382e+01 1.83352875e+01 
977 948.28 5.09377753e+01 1.83688801e+01 
978 949.04 5.16366465e+01 1.83946886e+01 
979 949.81 5.22099158e+01 1.84272503e+01 
980 950.57 5.25257930e+01 1.82618328e+01 
981 951.33 5.25010008e+01 1.81249552e+01 
982 952.09 5.23546876e+01 1.78475807e+01 
983 952.85 5.22649128e+01 1.76199028e+01 
984 953.61 5.24154120e+01 1.75162074e+01 
985 954.38 5.29143916e+01 1.74520669e+01 
986 955.14 5.34980788e+01 1.74017117e+01 
987 955.90 5.40539061e+01 1.72860451e+01 
988 956.66 5.44836167e+01 1.71132073e+01 
989 957.42 5.46824969e+01 1.67674464e+01 
990 958.18 5.46643578e+01 1.64164175e+01 
991 958.94 5.46805861e+01 1.59824909e+01 
992 959.70 5.49399256e+01 1.56159648e+01 
993 960.46 5.53449409e+01 1.53429786e+01 
994 961.22 5.59041187e+01 1.50844316e+01 
995 961.98 5.64574670e+01 1.47613334e+01 
996 962.74 5.67867962e+01 1.42182950e+01 
997 963.50 5.68959405e+01 1.35341947e+01 
998 964.26 5.68114850e+01 1.27093794e+01 
999 965.02 5.67555407e+01 1.18889346e+01 
1000 965.78 5.69060649e+01 1.11314328e+01 
1001 966.54 5.73192637e+01 1.04874888e+01 
1002 967.30 5.78956543e+01 9.87746290e+00 
1003 968.06 5.84164141e+01 9.23819410e+00 
1004 968.82 5.85065478e+01 8.57742334e+00 
1005 969.58 5.82455295e+01 7.91363798e+00 
1006 970.34 5.79205599e+01 7.33096486e+00 
1007 971.10 5.76603179e+01 6.91728220e+00 
1008 971.86 5.75695108e+01 6.68989745e+00 
1009 972.62 5.75901385e+01 6.64084263e+00 
1010 973.38 5.74459994e+01 6.62229622e+00 
1011 974.14 5.70245874e+01 6.62039341e+00 
1012 974.90 5.63893688e+01 6.58445860e+00 
1013 975.65 5.56975205e+01 6.52013108e+00 
1014 976.41 5.51691573e+01 6.37305610e+00 
1015 977.17 5.50052424e+01 6.20199780e+00 
1016 977.93 5.50382023e+01 5.94792170e+00 
1017 978.69 5.49894951e+01 5.63699967e+00 
1018 979.45 5.47046285e+01 5.23101310e+00 
1019 980.20 5.42224569e+01 4.80019498e+00 
1020 980.96 5.38584145e+01 4.35225564e+00 
1021 981.72 5.37225273e+01 3.96341698e+00 
1022 982.48 5.37092987e+01 3.63301084e+00 
1023 983.23 5.35377607e+01 3.24974646e+00 
1024 983.99 5.29990422e+01 2.84588509e+00 
1025 984.75 5.23571884e+01 2.46011802e+00 
1026 985.51 5.20030781e+01 2.13587646e+00 
1027 986.27 5.19116725e+01 1.87523293e+00 
1028 987.02 5.16372710e+01 1.62617943e+00 
1029 987.78 5.09631624e+01 1.38585006e+00 
1030 988.54 5.01500622e+01 1.19189133e+00 
1031 989.29 4.96353930e+01 1.05014460e+00 
1032 990.05 4.93697842e+01 9.48867974e-01 
1033 990.81 4.87692508e+01 8.42480870e-01 
1034 991.56 4.78430398e+01 7.44096156e-01 
1035 992.32 4.70979186e+01 6.94202512e-01 
1036 993.08 4.64997161e+01 6.51705199e-01 
1037 993.83 4.56476480e+01 6.01619291e-01 
1038 994.59 4.45797698e+01 5.67144876e-01 
1039 995.35 4.37059792e+01 5.49569039e-01 
1040 996.10 2.66114623e+00 2.31698217e-02 
1041 996.86 1.27374095e-01 2.50706108e-02 
1042 997.62 7.32527879e-02 2.37871250e-02 
1043 998.37 6.89321630e-02 2.07869835e-02 
