% Radiance calibration [Resp in cts/ms / W/(m^2.sr.um)] for 4STAR VIS spectrometer (1044 channels) derived from 4STARB_20170621_005_VIS_ZEN.dat on 2017-09-12 21:42:16. 
% Calibration used only data with Lamps_1 and 8 ms (vis), 100 ms (nir). 
% Also requires calibrated radiance from 20160121125700HISS.txt. 
Pix  Wavelength     resp       rate        rad 
0    171.70  NaN 0.00000000e+00 NaN 
1    172.51  NaN 5.20668299e-02 NaN 
2    173.33  NaN 2.65269201e-02 NaN 
3    174.14  NaN 1.13962364e-02 NaN 
4    174.95  NaN 3.56859158e-01 NaN 
5    175.76  NaN 3.58587818e-01 NaN 
6    176.58  NaN 3.58965526e-01 NaN 
7    177.39  NaN 3.53338232e-01 NaN 
8    178.20  NaN 3.15092582e-01 NaN 
9    179.01  NaN 3.56635634e-01 NaN 
10   179.83  NaN 3.67996993e-01 NaN 
11   180.64  NaN 3.36074033e-01 NaN 
12   181.45  NaN 3.57534133e-01 NaN 
13   182.26  NaN 3.50776641e-01 NaN 
14   183.08  NaN 3.48776031e-01 NaN 
15   183.89  NaN 3.16975333e-01 NaN 
16   184.70  NaN 3.09285549e-01 NaN 
17   185.51  NaN 3.46454499e-01 NaN 
18   186.33  NaN 3.40967076e-01 NaN 
19   187.14  NaN 3.33224620e-01 NaN 
20   187.95  NaN 3.18800151e-01 NaN 
21   188.76  NaN 3.38819806e-01 NaN 
22   189.57  NaN 3.47235439e-01 NaN 
23   190.39  NaN 3.23588366e-01 NaN 
24   191.20  NaN 3.14305483e-01 NaN 
25   192.01  NaN 3.05297640e-01 NaN 
26   192.82  NaN 3.31211599e-01 NaN 
27   193.64  NaN 3.11474103e-01 NaN 
28   194.45  NaN 3.17115327e-01 NaN 
29   195.26  NaN 3.21135727e-01 NaN 
30   196.07  NaN 3.24150628e-01 NaN 
31   196.89  NaN 3.19166594e-01 NaN 
32   197.70  NaN 3.31867653e-01 NaN 
33   198.51  NaN 2.93587240e-01 NaN 
34   199.32  NaN 3.06866495e-01 NaN 
35   200.14  NaN 3.20015491e-01 NaN 
36   200.95  NaN 3.21122034e-01 NaN 
37   201.76  NaN 3.20632399e-01 NaN 
38   202.57  NaN 2.94343853e-01 NaN 
39   203.39  NaN 2.77591115e-01 NaN 
40   204.20  NaN 3.38639333e-01 NaN 
41   205.01  NaN 2.85228733e-01 NaN 
42   205.82  NaN 3.08207961e-01 NaN 
43   206.64  NaN 3.05099372e-01 NaN 
44   207.45  NaN 2.85446346e-01 NaN 
45   208.26  NaN 2.72429233e-01 NaN 
46   209.07  NaN 2.60273954e-01 NaN 
47   209.88  NaN 2.56906426e-01 NaN 
48   210.70  NaN 2.80718099e-01 NaN 
49   211.51  NaN 2.50602927e-01 NaN 
50   212.32  NaN 2.82249545e-01 NaN 
51   213.13  NaN 2.94149223e-01 NaN 
52   213.95  NaN 2.85370401e-01 NaN 
53   214.76  NaN 2.80850477e-01 NaN 
54   215.57  NaN 2.67247003e-01 NaN 
55   216.38  NaN 2.91426980e-01 NaN 
56   217.19  NaN 2.62532035e-01 NaN 
57   218.01  NaN 2.35024574e-01 NaN 
58   218.82  NaN 2.98935547e-01 NaN 
59   219.63  NaN 2.10268498e-01 NaN 
60   220.44  NaN 2.73016173e-01 NaN 
61   221.26  NaN 2.74239077e-01 NaN 
62   222.07  NaN 2.59435805e-01 NaN 
63   222.88  NaN 2.48444672e-01 NaN 
64   223.69  NaN 2.37759146e-01 NaN 
65   224.50  NaN 2.69612155e-01 NaN 
66   225.32  NaN 2.47918392e-01 NaN 
67   226.13  NaN 2.05313430e-01 NaN 
68   226.94  NaN 2.44369792e-01 NaN 
69   227.75  NaN 2.34250930e-01 NaN 
70   228.56  NaN 2.31444579e-01 NaN 
71   229.38  NaN 2.24280940e-01 NaN 
72   230.19  NaN 2.16223442e-01 NaN 
73   231.00  NaN 2.55390005e-01 NaN 
74   231.81  NaN 2.60732391e-01 NaN 
75   232.63  NaN 2.62925089e-01 NaN 
76   233.44  NaN 2.49706556e-01 NaN 
77   234.25  NaN 1.97997840e-01 NaN 
78   235.06  NaN 2.11718481e-01 NaN 
79   235.87  NaN 2.31694837e-01 NaN 
80   236.69  NaN 1.86744575e-01 NaN 
81   237.50  NaN 2.39354590e-01 NaN 
82   238.31  NaN 2.09187025e-01 NaN 
83   239.12  NaN 2.06212601e-01 NaN 
84   239.93  NaN 2.31197028e-01 NaN 
85   240.74  NaN 2.16991578e-01 NaN 
86   241.56  NaN 1.97994120e-01 NaN 
87   242.37  NaN 1.93022931e-01 NaN 
88   243.18  NaN 2.06212136e-01 NaN 
89   243.99  NaN 2.03124153e-01 NaN 
90   244.80  NaN 2.23071408e-01 NaN 
91   245.62  NaN 1.93606998e-01 NaN 
92   246.43  NaN 2.08598783e-01 NaN 
93   247.24  NaN 2.07151259e-01 NaN 
94   248.05  NaN 2.02720672e-01 NaN 
95   248.86  NaN 2.37511564e-01 NaN 
96   249.68  NaN 1.81845052e-01 NaN 
97   250.49  NaN 2.01031953e-01 NaN 
98   251.30  NaN 2.11256190e-01 NaN 
99   252.11  NaN 1.87285931e-01 NaN 
100  252.92  NaN 2.28199880e-01 NaN 
101  253.73  NaN 2.13019976e-01 NaN 
102  254.55  NaN 1.81646991e-01 NaN 
103  255.36  NaN 1.95801680e-01 NaN 
104  256.17  NaN 2.25886140e-01 NaN 
105  256.98  NaN 1.80801608e-01 NaN 
106  257.79  NaN 2.01333137e-01 NaN 
107  258.60  NaN 2.38148344e-01 NaN 
108  259.42  NaN 1.60965753e-01 NaN 
109  260.23  NaN 2.03900959e-01 NaN 
110  261.04  NaN 1.68298931e-01 NaN 
111  261.85  NaN 1.78328197e-01 NaN 
112  262.66  NaN 2.38657211e-01 NaN 
113  263.47  NaN 1.67037192e-01 NaN 
114  264.29  NaN 1.89973803e-01 NaN 
115  265.10  NaN 1.58481833e-01 NaN 
116  265.91  NaN 1.78795180e-01 NaN 
117  266.72  NaN 2.09396360e-01 NaN 
118  267.53  NaN 1.69394521e-01 NaN 
119  268.34  NaN 2.23416202e-01 NaN 
120  269.15  NaN 1.65696449e-01 NaN 
121  269.97  NaN 1.75619719e-01 NaN 
122  270.78  NaN 2.31963976e-01 NaN 
123  271.59  NaN 1.85128493e-01 NaN 
124  272.40  NaN 2.01931403e-01 NaN 
125  273.21  NaN 1.92957011e-01 NaN 
126  274.02  NaN 1.56354456e-01 NaN 
127  274.83  NaN 1.92843636e-01 NaN 
128  275.65  NaN 1.97407965e-01 NaN 
129  276.46  NaN 1.80665840e-01 NaN 
130  277.27  NaN 2.16723297e-01 NaN 
131  278.08  NaN 1.79117177e-01 NaN 
132  278.89  NaN 1.80647435e-01 NaN 
133  279.70  NaN 2.40878390e-01 NaN 
134  280.51  NaN 1.71197948e-01 NaN 
135  281.33  NaN 2.44051877e-01 NaN 
136  282.14  NaN 2.00361070e-01 NaN 
137  282.95  NaN 1.71494595e-01 NaN 
138  283.76  NaN 2.21819207e-01 NaN 
139  284.57  NaN 1.54030527e-01 NaN 
140  285.38  NaN 2.03790695e-01 NaN 
141  286.19  NaN 2.13382192e-01 NaN 
142  287.00  NaN 1.69552889e-01 NaN 
143  287.81  NaN 1.97946604e-01 NaN 
144  288.63  NaN 1.82727327e-01 NaN 
145  289.44  NaN 1.55811777e-01 NaN 
146  290.25  NaN 1.64819806e-01 NaN 
147  291.06  NaN 1.78033327e-01 NaN 
148  291.87  NaN 2.03098576e-01 NaN 
149  292.68  NaN 1.96059048e-01 NaN 
150  293.49  NaN 1.92903532e-01 NaN 
151  294.30  NaN 2.15186487e-01 NaN 
152  295.11  NaN 1.93822369e-01 NaN 
153  295.93  NaN 1.73956298e-01 NaN 
154  296.74  NaN 2.08341218e-01 NaN 
155  297.55  NaN 1.83417349e-01 NaN 
156  298.36  NaN 1.63444010e-01 NaN 
157  299.17  NaN 1.72185764e-01 NaN 
158  299.98  NaN 1.76208964e-01 NaN 
159  300.79  3.63948543e-01 2.02848566e-01 4.37905311e-01 
160  301.60  3.57332155e-01 2.04045945e-01 4.46013597e-01 
161  302.41  3.02782272e-01 1.79286872e-01 4.54121699e-01 
162  303.22  5.54378151e-01 1.90994668e-01 4.62229616e-01 
163  304.03  3.78717533e-01 1.70292214e-01 4.70337347e-01 
164  304.84  6.72752507e-01 1.69090484e-01 4.78444891e-01 
165  305.66  5.90892348e-01 1.91338790e-01 4.86552248e-01 
166  306.47  4.16953551e-01 1.77437851e-01 4.94659416e-01 
167  307.28  3.97799062e-01 1.43175461e-01 5.02766394e-01 
168  308.09  3.67018679e-01 1.77172898e-01 5.10873181e-01 
169  308.90  7.52678654e-01 1.63926453e-01 5.18979777e-01 
170  309.71  5.45451599e-01 2.13364811e-01 5.27086180e-01 
171  310.52  5.39886264e-01 2.11636533e-01 5.38307824e-01 
172  311.33  4.87504070e-01 1.87429429e-01 5.51277448e-01 
173  312.14  3.54454849e-01 1.91756944e-01 5.64246760e-01 
174  312.95  3.08593446e-01 1.81778274e-01 5.77215758e-01 
175  313.76  4.02416574e-01 1.69547991e-01 5.90184440e-01 
176  314.57  3.83402014e-01 1.91462064e-01 6.03152804e-01 
177  315.38  4.41268949e-01 1.66199229e-01 6.16120850e-01 
178  316.19  3.62627790e-01 1.90085152e-01 6.29088575e-01 
179  317.00  3.30968026e-01 2.13344122e-01 6.42055979e-01 
180  317.81  4.57999143e-01 1.84974950e-01 6.55023059e-01 
181  318.62  3.13440408e-01 1.90321976e-01 6.67989814e-01 
182  319.43  4.58913481e-01 1.99023231e-01 6.80956243e-01 
183  320.25  3.00876505e-01 1.98020709e-01 6.95883516e-01 
184  321.06  4.15016982e-01 1.74411365e-01 7.15332173e-01 
185  321.87  2.63684248e-01 1.69679491e-01 7.34780334e-01 
186  322.68  2.15452093e-01 1.86070375e-01 7.54227996e-01 
187  323.49  1.05018236e-01 1.85231512e-01 7.73675156e-01 
188  324.30  2.91569335e-01 1.98277871e-01 7.93121814e-01 
189  325.11  4.57654025e-01 2.11404132e-01 8.12567965e-01 
190  325.92  3.79350766e-01 1.95053199e-01 8.32013609e-01 
191  326.73  1.21115675e-01 1.85282428e-01 8.51458742e-01 
192  327.54  2.40411289e-01 2.03017826e-01 8.70903363e-01 
193  328.35  3.65026028e-01 1.42794033e-01 8.90347468e-01 
194  329.16  4.05312843e-01 2.01242043e-01 9.09791057e-01 
195  329.97  2.05142057e-01 1.90444868e-01 9.29234126e-01 
196  330.78  2.34860621e-01 1.84823723e-01 9.58015011e-01 
197  331.59  3.64042739e-01 1.99789610e-01 9.87178046e-01 
198  332.40  2.55204878e-01 1.54711310e-01 1.01634029e+00 
199  333.21  9.26588603e-02 1.76478495e-01 1.04550174e+00 
200  334.02  3.05328445e-01 2.33045852e-01 1.07466240e+00 
201  334.83  1.72695376e-01 1.81268126e-01 1.10382226e+00 
202  335.64  2.45480660e-01 1.63011512e-01 1.13298131e+00 
203  336.45  2.71589585e-01 1.65392495e-01 1.16213956e+00 
204  337.26  -5.24638276e-03 1.72768043e-01 1.19129699e+00 
205  338.07  2.71415477e-01 2.15126033e-01 1.22045362e+00 
206  338.88  1.30040633e-01 2.12275721e-01 1.24960942e+00 
207  339.69  1.68619801e-01 1.58892103e-01 1.27876441e+00 
208  340.50  1.31661610e-01 2.02363684e-01 1.30542988e+00 
209  341.31  1.57361615e-01 1.91081174e-01 1.33053414e+00 
210  342.12  2.07466939e-01 1.96658348e-01 1.35563768e+00 
211  342.93  1.49376366e-01 2.29195829e-01 1.38074051e+00 
212  343.74  2.77858273e-01 2.08913246e-01 1.40584261e+00 
213  344.55  1.09193652e-01 2.12874401e-01 1.43094399e+00 
214  345.36  1.86721610e-01 1.95580677e-01 1.45604465e+00 
215  346.17  2.38413594e-01 2.37242405e-01 1.48114457e+00 
216  346.98  6.22409218e-02 1.96306124e-01 1.50624376e+00 
217  347.79  1.18360219e-01 2.18287502e-01 1.53134221e+00 
218  348.59  1.60622967e-01 2.10759301e-01 1.55643993e+00 
219  349.40  9.28685255e-02 2.03389829e-01 1.58153690e+00 
220  350.21  1.18192257e-01 2.23687366e-01 1.61283831e+00 
221  351.02  2.57687715e-01 2.64659319e-01 1.66141021e+00 
222  351.83  1.80923100e-01 2.16900763e-01 1.70998065e+00 
223  352.64  1.65264030e-01 2.16659516e-01 1.75854964e+00 
224  353.45  1.41800436e-01 2.23436105e-01 1.80711716e+00 
225  354.26  1.21249144e-01 2.01847253e-01 1.85568320e+00 
226  355.07  2.39595921e-01 2.33148096e-01 1.90424778e+00 
227  355.88  8.64138985e-02 3.08554098e-01 1.95281087e+00 
228  356.69  2.01424276e-01 2.41849330e-01 2.00137247e+00 
229  357.50  1.85981727e-01 2.95147910e-01 2.04993258e+00 
230  358.31  8.33932500e-02 2.86083881e-01 2.09849119e+00 
231  359.12  2.45977234e-01 3.45810206e-01 2.14704829e+00 
232  359.93  1.94991912e-01 3.88256696e-01 2.19560388e+00 
233  360.74  1.59354118e-01 4.37377015e-01 2.25519745e+00 
234  361.55  2.02406149e-01 4.84873584e-01 2.31588814e+00 
235  362.35  2.24850706e-01 5.32740482e-01 2.37657693e+00 
236  363.16  2.76949915e-01 6.16744430e-01 2.43726379e+00 
237  363.97  3.34024068e-01 7.21733125e-01 2.49794874e+00 
238  364.78  3.01674909e-01 7.76325790e-01 2.55863175e+00 
239  365.59  3.28091778e-01 8.70478102e-01 2.61931282e+00 
240  366.40  3.99954560e-01 9.77393457e-01 2.67999195e+00 
241  367.21  3.95660677e-01 1.07512319e+00 2.74066912e+00 
242  368.02  4.18325939e-01 1.14774788e+00 2.80134434e+00 
243  368.83  4.41122377e-01 1.30116112e+00 2.86201758e+00 
244  369.64  5.29264344e-01 1.43452526e+00 2.92268885e+00 
245  370.44  5.54392118e-01 1.59443287e+00 2.99314320e+00 
246  371.25  6.17551486e-01 1.75724513e+00 3.07160625e+00 
247  372.06  6.22010637e-01 1.86411375e+00 3.15006671e+00 
248  372.87  6.37868769e-01 2.08519201e+00 3.22852458e+00 
249  373.68  6.93608701e-01 2.17493970e+00 3.30697985e+00 
250  374.49  7.03381323e-01 2.37261871e+00 3.38543251e+00 
251  375.30  7.11809641e-01 2.54028683e+00 3.46388256e+00 
252  376.11  7.68385503e-01 2.68791316e+00 3.54232998e+00 
253  376.92  8.62211877e-01 2.94677040e+00 3.62077476e+00 
254  377.72  8.20274964e-01 3.11587080e+00 3.69921689e+00 
255  378.53  8.71075788e-01 3.32323843e+00 3.77765637e+00 
256  379.34  8.93067111e-01 3.53121176e+00 3.85609318e+00 
257  380.15  9.08000359e-01 3.69883055e+00 3.93722311e+00 
258  380.96  9.66140995e-01 3.93833366e+00 4.03020886e+00 
259  381.77  9.86796292e-01 4.17826151e+00 4.12319142e+00 
260  382.58  1.05397771e+00 4.35742506e+00 4.21617077e+00 
261  383.38  1.07837470e+00 4.60877075e+00 4.30914691e+00 
262  384.19  1.13581643e+00 4.85028423e+00 4.40211982e+00 
263  385.00  1.16933156e+00 5.07710937e+00 4.49508950e+00 
264  385.81  1.19672146e+00 5.33507970e+00 4.58805593e+00 
265  386.62  1.17161987e+00 5.52413194e+00 4.68101910e+00 
266  387.43  1.23586635e+00 5.80142315e+00 4.77397900e+00 
267  388.23  1.25656583e+00 6.05649798e+00 4.86693562e+00 
268  389.04  1.24687771e+00 6.28085629e+00 4.95988895e+00 
269  389.85  1.32475031e+00 6.58283751e+00 5.05283898e+00 
270  390.66  1.31678102e+00 6.82316016e+00 5.15698880e+00 
271  391.47  1.32630803e+00 7.10800465e+00 5.26367165e+00 
272  392.28  1.38841026e+00 7.42829980e+00 5.37035067e+00 
273  393.08  1.36022728e+00 7.66152391e+00 5.47702586e+00 
274  393.89  1.39580456e+00 7.95443062e+00 5.58369718e+00 
275  394.70  1.42895060e+00 8.25820094e+00 5.69036465e+00 
276  395.51  1.45171365e+00 8.49921158e+00 5.79702823e+00 
277  396.32  1.47312580e+00 8.74241457e+00 5.90368792e+00 
278  397.12  1.51353657e+00 9.09916191e+00 6.01034371e+00 
279  397.93  1.53925646e+00 9.34177635e+00 6.11699559e+00 
280  398.74  1.55053868e+00 9.70449972e+00 6.22364353e+00 
281  399.55  1.58168171e+00 9.99986167e+00 6.33028753e+00 
282  400.36  1.57698922e+00 1.02887052e+01 6.44226026e+00 
283  401.16  1.64370551e+00 1.05953507e+01 6.56101408e+00 
284  401.97  1.66501030e+00 1.09780251e+01 6.67976347e+00 
285  402.78  1.62949346e+00 1.12071705e+01 6.79850841e+00 
286  403.59  1.64986112e+00 1.15322686e+01 6.91724889e+00 
287  404.39  1.67842529e+00 1.18649344e+01 7.03598490e+00 
288  405.20  1.72263990e+00 1.22544838e+01 7.15471642e+00 
289  406.01  1.71471396e+00 1.25557986e+01 7.27344344e+00 
290  406.82  1.76580519e+00 1.29374973e+01 7.39216595e+00 
291  407.63  1.75952992e+00 1.32353207e+01 7.51088392e+00 
292  408.43  1.73911537e+00 1.36042834e+01 7.62959735e+00 
293  409.24  1.83386854e+00 1.40130948e+01 7.74830622e+00 
294  410.05  1.82231819e+00 1.43695679e+01 7.86772588e+00 
295  410.86  1.86323117e+00 1.47333941e+01 7.99853781e+00 
296  411.66  1.89321841e+00 1.51504519e+01 8.12934467e+00 
297  412.47  1.87723669e+00 1.55224743e+01 8.26014644e+00 
298  413.28  1.89527265e+00 1.58824777e+01 8.39094312e+00 
299  414.08  1.95126059e+00 1.63837455e+01 8.52173468e+00 
300  414.89  1.94379763e+00 1.68265111e+01 8.65252111e+00 
301  415.70  1.95612644e+00 1.72008429e+01 8.78330239e+00 
302  416.51  1.98457137e+00 1.77435242e+01 8.91407851e+00 
303  417.31  2.01357691e+00 1.81304176e+01 9.04484945e+00 
304  418.12  2.02472800e+00 1.85964213e+01 9.17561520e+00 
305  418.93  2.03825319e+00 1.90287793e+01 9.30637574e+00 
306  419.74  2.09478388e+00 1.95884126e+01 9.43713105e+00 
307  420.54  2.08671093e+00 2.00630840e+01 9.57547579e+00 
308  421.35  2.11216452e+00 2.05177466e+01 9.71751955e+00 
309  422.16  2.13371643e+00 2.10278091e+01 9.85955758e+00 
310  422.96  2.16871770e+00 2.15657905e+01 1.00015899e+01 
311  423.77  2.16361445e+00 2.20762778e+01 1.01436164e+01 
312  424.58  2.19207373e+00 2.26649439e+01 1.02856371e+01 
313  425.38  2.22605240e+00 2.31155421e+01 1.04276521e+01 
314  426.19  2.22127507e+00 2.36887462e+01 1.05696612e+01 
315  427.00  2.26738803e+00 2.42113626e+01 1.07116646e+01 
316  427.80  2.27429000e+00 2.47616156e+01 1.08536620e+01 
317  428.61  2.33472932e+00 2.54167831e+01 1.09956537e+01 
318  429.42  2.33667109e+00 2.60201099e+01 1.11376394e+01 
319  430.23  2.33975742e+00 2.64525623e+01 1.12832210e+01 
320  431.03  2.38812574e+00 2.71489069e+01 1.14381016e+01 
321  431.84  2.37293473e+00 2.76954292e+01 1.15929758e+01 
322  432.65  2.41799696e+00 2.82519490e+01 1.17478435e+01 
323  433.45  2.44009666e+00 2.88162253e+01 1.19027047e+01 
324  434.26  2.43830439e+00 2.93752083e+01 1.20575594e+01 
325  435.06  2.47110366e+00 3.00374102e+01 1.22124075e+01 
326  435.87  2.47200284e+00 3.05814260e+01 1.23672491e+01 
327  436.68  2.47313065e+00 3.11521449e+01 1.25220841e+01 
328  437.48  2.48409263e+00 3.18303392e+01 1.26769125e+01 
329  438.29  2.52718177e+00 3.24067046e+01 1.28317343e+01 
330  439.10  2.54205322e+00 3.29626631e+01 1.29865495e+01 
331  439.90  2.56133156e+00 3.36398313e+01 1.31413580e+01 
332  440.71  2.54988166e+00 3.41745945e+01 1.33082157e+01 
333  441.52  2.59289788e+00 3.48941395e+01 1.34767166e+01 
334  442.32  2.59775219e+00 3.54887597e+01 1.36452103e+01 
335  443.13  2.60814508e+00 3.61413570e+01 1.38136967e+01 
336  443.93  2.62320584e+00 3.67943503e+01 1.39821757e+01 
337  444.74  2.65601806e+00 3.74432077e+01 1.41506474e+01 
338  445.55  2.65074056e+00 3.80094202e+01 1.43191116e+01 
339  446.35  2.67147140e+00 3.86434462e+01 1.44875685e+01 
340  447.16  2.68319813e+00 3.92913716e+01 1.46560180e+01 
341  447.96  2.67800648e+00 3.99994747e+01 1.48244600e+01 
342  448.77  2.69606878e+00 4.06279768e+01 1.49928946e+01 
343  449.58  2.73475498e+00 4.13761903e+01 1.51613217e+01 
344  450.38  2.73338458e+00 4.18882369e+01 1.53312674e+01 
345  451.19  2.74706620e+00 4.26602823e+01 1.55029027e+01 
346  451.99  2.72755382e+00 4.32043566e+01 1.56745303e+01 
347  452.80  2.76624761e+00 4.39542073e+01 1.58461502e+01 
348  453.60  2.77836093e+00 4.45918649e+01 1.60177623e+01 
349  454.41  2.80411678e+00 4.53640543e+01 1.61893667e+01 
350  455.22  2.81233439e+00 4.60589692e+01 1.63609634e+01 
351  456.02  2.82586435e+00 4.67163195e+01 1.65325523e+01 
352  456.83  2.86456047e+00 4.75303330e+01 1.67041333e+01 
353  457.63  2.86784288e+00 4.82575896e+01 1.68757066e+01 
354  458.44  2.85382905e+00 4.89484887e+01 1.70472720e+01 
355  459.24  2.89472348e+00 4.97573998e+01 1.72188295e+01 
356  460.05  2.91427792e+00 5.04365662e+01 1.73906715e+01 
357  460.85  2.90476422e+00 5.11757327e+01 1.75670454e+01 
358  461.66  2.94211325e+00 5.19814271e+01 1.77434111e+01 
359  462.46  2.93879351e+00 5.26759998e+01 1.79197687e+01 
360  463.27  2.95108181e+00 5.34099396e+01 1.80961181e+01 
361  464.08  2.96193710e+00 5.42886142e+01 1.82724593e+01 
362  464.88  2.96106782e+00 5.49848418e+01 1.84487922e+01 
363  465.69  2.98118934e+00 5.58809376e+01 1.86251169e+01 
364  466.49  2.99943888e+00 5.66542237e+01 1.88014333e+01 
365  467.30  3.04073329e+00 5.76191536e+01 1.89777414e+01 
366  468.10  3.04227575e+00 5.84625127e+01 1.91540412e+01 
367  468.91  3.07677064e+00 5.93341130e+01 1.93303327e+01 
368  469.71  3.08613246e+00 6.02358024e+01 1.95066158e+01 
369  470.52  3.07593951e+00 6.11073989e+01 1.96911382e+01 
370  471.32  3.08471473e+00 6.17581955e+01 1.98802824e+01 
371  472.13  3.11496957e+00 6.26572178e+01 2.00694176e+01 
372  472.93  3.14604919e+00 6.35662441e+01 2.02585437e+01 
373  473.73  3.12719146e+00 6.43675505e+01 2.04476607e+01 
374  474.54  3.15956079e+00 6.53106767e+01 2.06367687e+01 
375  475.34  3.17123645e+00 6.60485564e+01 2.08258675e+01 
376  476.15  3.18909763e+00 6.70508388e+01 2.10149571e+01 
377  476.95  3.18925109e+00 6.80467641e+01 2.12040376e+01 
378  477.76  3.22533767e+00 6.90351572e+01 2.13931089e+01 
379  478.56  3.24515546e+00 7.00355318e+01 2.15821710e+01 
380  479.37  3.25458278e+00 7.08874562e+01 2.17712238e+01 
381  480.17  3.27742233e+00 7.18250839e+01 2.19618095e+01 
382  480.98  3.26771267e+00 7.26175785e+01 2.21580834e+01 
383  481.78  3.28683266e+00 7.35254759e+01 2.23543477e+01 
384  482.58  3.28649760e+00 7.43920297e+01 2.25506022e+01 
385  483.39  3.31309653e+00 7.54433960e+01 2.27468470e+01 
386  484.19  3.31867465e+00 7.63981446e+01 2.29430821e+01 
387  485.00  3.35495131e+00 7.73688303e+01 2.31393075e+01 
388  485.80  3.33919556e+00 7.81921282e+01 2.33355231e+01 
389  486.61  3.35584141e+00 7.90889365e+01 2.35317288e+01 
390  487.41  3.37366208e+00 8.01560379e+01 2.37279248e+01 
391  488.21  3.39001627e+00 8.09534389e+01 2.39241108e+01 
392  489.02  3.39535242e+00 8.19876655e+01 2.41202871e+01 
393  489.82  3.39867614e+00 8.28297127e+01 2.43164534e+01 
394  490.63  3.42998726e+00 8.38154704e+01 2.45144861e+01 
395  491.43  3.44352558e+00 8.47017686e+01 2.47130442e+01 
396  492.23  3.43891106e+00 8.57214419e+01 2.49115922e+01 
397  493.04  3.44569600e+00 8.65607917e+01 2.51101301e+01 
398  493.84  3.46978593e+00 8.77091693e+01 2.53086579e+01 
399  494.64  3.47463502e+00 8.86705316e+01 2.55071755e+01 
400  495.45  3.47661451e+00 8.95671663e+01 2.57056829e+01 
401  496.25  3.47808248e+00 9.05094222e+01 2.59041801e+01 
402  497.06  3.49485360e+00 9.15184929e+01 2.61026671e+01 
403  497.86  3.51267993e+00 9.24747347e+01 2.63011438e+01 
404  498.66  3.51620738e+00 9.35265759e+01 2.64996102e+01 
405  499.47  3.54742451e+00 9.45471666e+01 2.66980664e+01 
406  500.27  3.54853858e+00 9.55083946e+01 2.68983971e+01 
407  501.07  3.56851881e+00 9.65712022e+01 2.71024563e+01 
408  501.88  3.54185297e+00 9.74721273e+01 2.73065048e+01 
409  502.68  3.56647365e+00 9.85992196e+01 2.75105426e+01 
410  503.48  3.58915460e+00 9.95747654e+01 2.77145696e+01 
411  504.29  3.60926678e+00 1.00683875e+02 2.79185860e+01 
412  505.09  3.60564210e+00 1.01713646e+02 2.81225915e+01 
413  505.89  3.61575072e+00 1.02658658e+02 2.83265863e+01 
414  506.70  3.62692102e+00 1.03587844e+02 2.85305703e+01 
415  507.50  3.62618864e+00 1.04494714e+02 2.87345434e+01 
416  508.30  3.64091018e+00 1.05475295e+02 2.89385057e+01 
417  509.10  3.64759909e+00 1.06458657e+02 2.91424571e+01 
418  509.91  3.65824288e+00 1.07428304e+02 2.93463976e+01 
419  510.71  3.65071419e+00 1.08280726e+02 2.95567167e+01 
420  511.51  3.64424071e+00 1.09242182e+02 2.97678608e+01 
421  512.32  3.67423944e+00 1.10338678e+02 2.99789934e+01 
422  513.12  3.67783879e+00 1.11204169e+02 3.01901147e+01 
423  513.92  3.67799740e+00 1.11978321e+02 3.04012246e+01 
424  514.72  3.68356560e+00 1.12798083e+02 3.06123230e+01 
425  515.53  3.68611877e+00 1.13832805e+02 3.08234100e+01 
426  516.33  3.70052051e+00 1.14570287e+02 3.10344854e+01 
427  517.13  3.70002696e+00 1.15493909e+02 3.12455494e+01 
428  517.93  3.68821626e+00 1.16401732e+02 3.14566018e+01 
429  518.74  3.70843834e+00 1.17341526e+02 3.16676426e+01 
430  519.54  3.70731804e+00 1.18302992e+02 3.18786718e+01 
431  520.34  3.70418947e+00 1.19132614e+02 3.20886663e+01 
432  521.14  3.71161455e+00 1.19892375e+02 3.22972654e+01 
433  521.95  3.71413882e+00 1.20782971e+02 3.25058529e+01 
434  522.75  3.71873373e+00 1.21592424e+02 3.27144288e+01 
435  523.55  3.72241747e+00 1.22317681e+02 3.29229932e+01 
436  524.35  3.72067984e+00 1.23329285e+02 3.31315459e+01 
437  525.15  3.71980883e+00 1.24146356e+02 3.33400870e+01 
438  525.96  3.72928941e+00 1.25142605e+02 3.35486165e+01 
439  526.76  3.72884141e+00 1.25947157e+02 3.37571342e+01 
440  527.56  3.71202336e+00 1.26688381e+02 3.39656402e+01 
441  528.36  3.74799177e+00 1.27671855e+02 3.41741345e+01 
442  529.16  3.74226167e+00 1.28553644e+02 3.43826171e+01 
443  529.97  3.73533714e+00 1.29585732e+02 3.45910878e+01 
444  530.77  3.75375168e+00 1.30467124e+02 3.48018492e+01 
445  531.57  3.74792559e+00 1.31207235e+02 3.50127015e+01 
446  532.37  3.75192963e+00 1.32044015e+02 3.52235417e+01 
447  533.17  3.76109058e+00 1.33137772e+02 3.54343700e+01 
448  533.97  3.75901039e+00 1.33982845e+02 3.56451862e+01 
449  534.78  3.76148794e+00 1.34798775e+02 3.58559903e+01 
450  535.58  3.76419773e+00 1.35729998e+02 3.60667823e+01 
451  536.38  3.76084739e+00 1.36536804e+02 3.62775622e+01 
452  537.18  3.76455980e+00 1.37377828e+02 3.64883299e+01 
453  537.98  3.74975284e+00 1.38419668e+02 3.66990855e+01 
454  538.78  3.77626378e+00 1.39483892e+02 3.69098289e+01 
455  539.58  3.76400235e+00 1.40185274e+02 3.71205600e+01 
456  540.39  3.77800961e+00 1.41173467e+02 3.73328193e+01 
457  541.19  3.78203702e+00 1.42211135e+02 3.75467305e+01 
458  541.99  3.77079256e+00 1.42894261e+02 3.77606293e+01 
459  542.79  3.79448553e+00 1.44126818e+02 3.79745156e+01 
460  543.59  3.79303769e+00 1.44988193e+02 3.81883894e+01 
461  544.39  3.78729431e+00 1.45791206e+02 3.84022505e+01 
462  545.19  3.78800884e+00 1.46599052e+02 3.86160991e+01 
463  545.99  3.78911913e+00 1.47399877e+02 3.88299351e+01 
464  546.79  3.80102367e+00 1.48217122e+02 3.90437584e+01 
465  547.59  3.78772498e+00 1.48854164e+02 3.92575691e+01 
466  548.39  3.77813428e+00 1.49370041e+02 3.94713671e+01 
467  549.20  3.77258537e+00 1.50131729e+02 3.96851523e+01 
468  550.00  3.75918651e+00 1.50728480e+02 3.98989249e+01 
469  550.80  3.77255143e+00 1.51630137e+02 4.01063120e+01 
470  551.60  3.76702389e+00 1.51934467e+02 4.03136546e+01 
471  552.40  3.77073141e+00 1.52727701e+02 4.05209847e+01 
472  553.20  3.76135859e+00 1.53427442e+02 4.07283024e+01 
473  554.00  3.75490640e+00 1.54264030e+02 4.09356076e+01 
474  554.80  3.75224216e+00 1.55003038e+02 4.11429002e+01 
475  555.60  3.75890138e+00 1.55682396e+02 4.13501804e+01 
476  556.40  3.75173423e+00 1.56380766e+02 4.15574479e+01 
477  557.20  3.74149674e+00 1.57153518e+02 4.17647029e+01 
478  558.00  3.73634993e+00 1.57747496e+02 4.19719453e+01 
479  558.80  3.76037167e+00 1.58704673e+02 4.21791751e+01 
480  559.60  3.75968246e+00 1.59385700e+02 4.23863922e+01 
481  560.40  3.75643601e+00 1.60133906e+02 4.25943965e+01 
482  561.20  3.76154807e+00 1.61122424e+02 4.28031882e+01 
483  562.00  3.77264193e+00 1.62048998e+02 4.30119670e+01 
484  562.80  3.75528685e+00 1.63147226e+02 4.32207330e+01 
485  563.60  3.76961634e+00 1.64428218e+02 4.34294860e+01 
486  564.40  3.78624464e+00 1.65529343e+02 4.36382262e+01 
487  565.20  3.79544613e+00 1.66901576e+02 4.38469535e+01 
488  566.00  3.79087149e+00 1.67866151e+02 4.40556677e+01 
489  566.80  3.80886204e+00 1.68967749e+02 4.42643691e+01 
490  567.60  3.83343051e+00 1.70190738e+02 4.44730574e+01 
491  568.40  3.82720723e+00 1.71266674e+02 4.46817326e+01 
492  569.20  3.83649722e+00 1.72505646e+02 4.48903949e+01 
493  570.00  3.84861262e+00 1.73561588e+02 4.50990440e+01 
494  570.80  3.85205567e+00 1.74644952e+02 4.53021101e+01 
495  571.60  3.85389175e+00 1.75747319e+02 4.55051377e+01 
496  572.39  3.87136900e+00 1.76763446e+02 4.57081526e+01 
497  573.19  3.85642937e+00 1.77640105e+02 4.59111546e+01 
498  573.99  3.87143966e+00 1.78573371e+02 4.61141438e+01 
499  574.79  3.88200140e+00 1.79453213e+02 4.63171201e+01 
500  575.59  3.86398973e+00 1.79723119e+02 4.65200835e+01 
501  576.39  3.86185323e+00 1.80173032e+02 4.67230340e+01 
502  577.19  3.82963568e+00 1.80338306e+02 4.69259715e+01 
503  577.99  3.82150103e+00 1.80687627e+02 4.71288961e+01 
504  578.79  3.81363524e+00 1.80451496e+02 4.73318077e+01 
505  579.59  3.79400420e+00 1.80510635e+02 4.75347062e+01 
506  580.38  3.77108289e+00 1.80606963e+02 4.77341338e+01 
507  581.18  3.76259776e+00 1.80645808e+02 4.79298178e+01 
508  581.98  3.74710476e+00 1.80575491e+02 4.81254892e+01 
509  582.78  3.70877985e+00 1.80346953e+02 4.83211480e+01 
510  583.58  3.70438738e+00 1.80335791e+02 4.85167941e+01 
511  584.38  3.70843508e+00 1.80477303e+02 4.87124275e+01 
512  585.18  3.68791552e+00 1.80518341e+02 4.89080482e+01 
513  585.97  3.68888010e+00 1.80936398e+02 4.91036561e+01 
514  586.77  3.68489369e+00 1.81031506e+02 4.92992513e+01 
515  587.57  3.64046834e+00 1.81141651e+02 4.94948336e+01 
516  588.37  3.65280544e+00 1.81545271e+02 4.96904032e+01 
517  589.17  3.63278567e+00 1.82069800e+02 4.98859599e+01 
518  589.97  3.65672676e+00 1.82683561e+02 5.00815037e+01 
519  590.76  3.64327250e+00 1.83394063e+02 5.02724543e+01 
520  591.56  3.65668810e+00 1.84113303e+02 5.04631841e+01 
521  592.36  3.65735649e+00 1.85114756e+02 5.06539014e+01 
522  593.16  3.65494769e+00 1.86152605e+02 5.08446060e+01 
523  593.96  3.66204877e+00 1.87206825e+02 5.10352979e+01 
524  594.75  3.66818283e+00 1.88164618e+02 5.12259771e+01 
525  595.55  3.68740035e+00 1.89418552e+02 5.14166437e+01 
526  596.35  3.69424498e+00 1.90564804e+02 5.16072975e+01 
527  597.15  3.69705832e+00 1.91721537e+02 5.17979386e+01 
528  597.94  3.69967161e+00 1.92787091e+02 5.19885669e+01 
529  598.74  3.71789795e+00 1.93951046e+02 5.21791823e+01 
530  599.54  3.71850868e+00 1.95056770e+02 5.23697850e+01 
531  600.34  3.73644132e+00 1.96320092e+02 5.25600385e+01 
532  601.13  3.74308163e+00 1.97780188e+02 5.27498181e+01 
533  601.93  3.74147012e+00 1.99043618e+02 5.29395848e+01 
534  602.73  3.75298761e+00 2.00117640e+02 5.31293387e+01 
535  603.53  3.76729589e+00 2.01512362e+02 5.33190797e+01 
536  604.32  3.77023211e+00 2.02902625e+02 5.35088078e+01 
537  605.12  3.78891939e+00 2.03990677e+02 5.36985229e+01 
538  605.92  3.80515640e+00 2.05060321e+02 5.38882251e+01 
539  606.71  3.79695209e+00 2.06264962e+02 5.40779144e+01 
540  607.51  3.81414345e+00 2.07245994e+02 5.42675906e+01 
541  608.31  3.79770344e+00 2.08130091e+02 5.44572538e+01 
542  609.10  3.83347426e+00 2.09233197e+02 5.46469040e+01 
543  609.90  3.82375047e+00 2.10117266e+02 5.48365411e+01 
544  610.70  3.81357101e+00 2.11026652e+02 5.50156926e+01 
545  611.49  3.83051106e+00 2.12025776e+02 5.51933532e+01 
546  612.29  3.85084239e+00 2.12760312e+02 5.53710016e+01 
547  613.09  3.84077827e+00 2.13559652e+02 5.55486376e+01 
548  613.88  3.84479858e+00 2.14602721e+02 5.57262613e+01 
549  614.68  3.84946499e+00 2.15275641e+02 5.59038726e+01 
550  615.48  3.84892050e+00 2.15776232e+02 5.60814715e+01 
551  616.27  3.84282563e+00 2.16618589e+02 5.62590580e+01 
552  617.07  3.83006998e+00 2.17077732e+02 5.64366321e+01 
553  617.87  3.83274027e+00 2.17757018e+02 5.66141937e+01 
554  618.66  3.84926116e+00 2.18651747e+02 5.67917428e+01 
555  619.46  3.84785233e+00 2.19402233e+02 5.69692795e+01 
556  620.25  3.82938830e+00 2.19715046e+02 5.71460395e+01 
557  621.05  3.83442586e+00 2.20312161e+02 5.73211630e+01 
558  621.85  3.83796608e+00 2.20855647e+02 5.74962742e+01 
559  622.64  3.82273715e+00 2.21497347e+02 5.76713729e+01 
560  623.44  3.82380794e+00 2.22140398e+02 5.78464592e+01 
561  624.23  3.83882264e+00 2.22669212e+02 5.80215331e+01 
562  625.03  3.82620112e+00 2.23406997e+02 5.81965945e+01 
563  625.83  3.83796159e+00 2.23983128e+02 5.83716434e+01 
564  626.62  3.82285769e+00 2.24404797e+02 5.85466797e+01 
565  627.42  3.84211648e+00 2.25147916e+02 5.87217036e+01 
566  628.21  3.83701367e+00 2.25715621e+02 5.88967149e+01 
567  629.01  3.82797428e+00 2.26148118e+02 5.90717136e+01 
568  629.80  3.81450573e+00 2.26801946e+02 5.92466996e+01 
569  630.60  3.80676416e+00 2.27336544e+02 5.94180820e+01 
570  631.39  3.83129088e+00 2.28038857e+02 5.95882712e+01 
571  632.19  3.81959593e+00 2.28490276e+02 5.97584481e+01 
572  632.98  3.81328701e+00 2.29106849e+02 5.99286126e+01 
573  633.78  3.79755101e+00 2.29718969e+02 6.00987647e+01 
574  634.57  3.80700051e+00 2.30208105e+02 6.02689045e+01 
575  635.37  3.80678045e+00 2.30530715e+02 6.04390319e+01 
576  636.16  3.79619887e+00 2.30909696e+02 6.06091468e+01 
577  636.96  3.79344106e+00 2.31208979e+02 6.07792494e+01 
578  637.75  3.79608298e+00 2.31698778e+02 6.09493394e+01 
579  638.55  3.78490603e+00 2.31904442e+02 6.11194170e+01 
580  639.34  3.77430176e+00 2.32074352e+02 6.12894820e+01 
581  640.14  3.76779911e+00 2.32314768e+02 6.14582925e+01 
582  640.93  3.74982669e+00 2.32413021e+02 6.16211813e+01 
583  641.73  3.75086644e+00 2.32341246e+02 6.17840580e+01 
584  642.52  3.74463718e+00 2.32568817e+02 6.19469227e+01 
585  643.32  3.73904508e+00 2.32278101e+02 6.21097753e+01 
586  644.11  3.72379772e+00 2.32220767e+02 6.22726159e+01 
587  644.90  3.70838036e+00 2.32222391e+02 6.24354443e+01 
588  645.70  3.70153057e+00 2.32187099e+02 6.25982605e+01 
589  646.49  3.67948068e+00 2.31655544e+02 6.27610647e+01 
590  647.29  3.67269288e+00 2.31525418e+02 6.29238566e+01 
591  648.08  3.66103684e+00 2.31335594e+02 6.30866364e+01 
592  648.88  3.63802836e+00 2.30731107e+02 6.32494039e+01 
593  649.67  3.62395994e+00 2.30507922e+02 6.34121593e+01 
594  650.46  3.62446389e+00 2.30445876e+02 6.35688841e+01 
595  651.26  3.60990974e+00 2.30085643e+02 6.37212954e+01 
596  652.05  3.58842947e+00 2.29798585e+02 6.38736952e+01 
597  652.84  3.57456856e+00 2.29309810e+02 6.40260834e+01 
598  653.64  3.56306266e+00 2.29092987e+02 6.41784601e+01 
599  654.43  3.55598384e+00 2.28958702e+02 6.43308253e+01 
600  655.22  3.53144423e+00 2.28627336e+02 6.44831788e+01 
601  656.02  3.53153339e+00 2.28564947e+02 6.46355207e+01 
602  656.81  3.51184668e+00 2.28364162e+02 6.47878511e+01 
603  657.61  3.50981720e+00 2.28340191e+02 6.49401698e+01 
604  658.40  3.48945856e+00 2.28126773e+02 6.50924768e+01 
605  659.19  3.48413930e+00 2.28375361e+02 6.52447721e+01 
606  659.98  3.47812867e+00 2.28228576e+02 6.53970558e+01 
607  660.78  3.48415745e+00 2.28519613e+02 6.55431057e+01 
608  661.57  3.47508600e+00 2.28720166e+02 6.56890218e+01 
609  662.36  3.46520095e+00 2.28913811e+02 6.58349266e+01 
610  663.16  3.46407486e+00 2.29259224e+02 6.59808201e+01 
611  663.95  3.47387087e+00 2.29838738e+02 6.61267023e+01 
612  664.74  3.45797272e+00 2.30047604e+02 6.62725732e+01 
613  665.53  3.47475077e+00 2.30708180e+02 6.64184327e+01 
614  666.33  3.47347514e+00 2.31235829e+02 6.65642809e+01 
615  667.12  3.48213671e+00 2.31896604e+02 6.67101178e+01 
616  667.91  3.47225114e+00 2.32432911e+02 6.68559433e+01 
617  668.71  3.46772621e+00 2.32918922e+02 6.70017573e+01 
618  669.50  3.46373346e+00 2.33645583e+02 6.71475600e+01 
619  670.29  3.46848742e+00 2.34384262e+02 6.72924813e+01 
620  671.08  3.47037972e+00 2.35111430e+02 6.74358843e+01 
621  671.87  3.48581347e+00 2.36068673e+02 6.75792759e+01 
622  672.67  3.48637019e+00 2.36946059e+02 6.77226562e+01 
623  673.46  3.48687910e+00 2.37744918e+02 6.78660253e+01 
624  674.25  3.50071181e+00 2.38479045e+02 6.80093829e+01 
625  675.04  3.50018081e+00 2.39247439e+02 6.81527293e+01 
626  675.83  3.50326739e+00 2.40134484e+02 6.82960642e+01 
627  676.63  3.51433228e+00 2.41042419e+02 6.84393878e+01 
628  677.42  3.51231980e+00 2.41732117e+02 6.85827000e+01 
629  678.21  3.51972867e+00 2.42454307e+02 6.87260007e+01 
630  679.00  3.52610902e+00 2.43272145e+02 6.88692900e+01 
631  679.79  3.51942237e+00 2.44059203e+02 6.90125679e+01 
632  680.58  3.52872370e+00 2.44469532e+02 6.91423857e+01 
633  681.38  3.52551121e+00 2.44752132e+02 6.92674369e+01 
634  682.17  3.52505786e+00 2.45244115e+02 6.93924781e+01 
635  682.96  3.51781879e+00 2.45586802e+02 6.95175092e+01 
636  683.75  3.51886267e+00 2.45797279e+02 6.96425303e+01 
637  684.54  3.51699187e+00 2.45970846e+02 6.97675412e+01 
638  685.33  3.51535182e+00 2.46166798e+02 6.98925421e+01 
639  686.12  3.50822844e+00 2.46259618e+02 7.00175328e+01 
640  686.91  3.49676485e+00 2.46022548e+02 7.01425134e+01 
641  687.71  3.48890037e+00 2.45928998e+02 7.02674838e+01 
642  688.50  3.48190780e+00 2.46045534e+02 7.03924441e+01 
643  689.29  3.46855911e+00 2.45813494e+02 7.05173942e+01 
644  690.08  3.48176567e+00 2.46006666e+02 7.06430366e+01 
645  690.87  3.46008074e+00 2.45820728e+02 7.07750825e+01 
646  691.66  3.44376570e+00 2.45377878e+02 7.09071177e+01 
647  692.45  3.44123667e+00 2.45008524e+02 7.10391420e+01 
648  693.24  3.40872821e+00 2.44343373e+02 7.11711554e+01 
649  694.03  3.40294360e+00 2.43906829e+02 7.13031580e+01 
650  694.82  3.40037434e+00 2.43370882e+02 7.14351497e+01 
651  695.61  3.37847135e+00 2.42822410e+02 7.15671305e+01 
652  696.40  3.37212215e+00 2.42300765e+02 7.16991005e+01 
653  697.19  3.35239730e+00 2.41800709e+02 7.18310595e+01 
654  697.98  3.34156059e+00 2.41206374e+02 7.19630075e+01 
655  698.77  3.33293133e+00 2.40689347e+02 7.20949447e+01 
656  699.56  3.31369056e+00 2.40180367e+02 7.22268708e+01 
657  700.35  3.30304244e+00 2.39760592e+02 7.23528018e+01 
658  701.14  3.29867749e+00 2.39490331e+02 7.24712785e+01 
659  701.93  3.29084017e+00 2.39013767e+02 7.25897454e+01 
660  702.72  3.27787123e+00 2.38600177e+02 7.27082024e+01 
661  703.51  3.26009609e+00 2.38398052e+02 7.28266495e+01 
662  704.30  3.25925825e+00 2.38098995e+02 7.29450866e+01 
663  705.09  3.24272661e+00 2.37708244e+02 7.30635138e+01 
664  705.88  3.23312390e+00 2.37408668e+02 7.31819310e+01 
665  706.67  3.22819964e+00 2.37200217e+02 7.33003382e+01 
666  707.46  3.22427067e+00 2.37084040e+02 7.34187354e+01 
667  708.25  3.20764862e+00 2.36730140e+02 7.35371226e+01 
668  709.04  3.21114853e+00 2.36774029e+02 7.36554998e+01 
669  709.83  3.20125215e+00 2.36856582e+02 7.37738670e+01 
670  710.61  3.19706243e+00 2.37059970e+02 7.38842313e+01 
671  711.40  3.19539068e+00 2.36962212e+02 7.39923216e+01 
672  712.19  3.19102517e+00 2.36835038e+02 7.41004027e+01 
673  712.98  3.17530277e+00 2.37121600e+02 7.42084745e+01 
674  713.77  3.18473026e+00 2.37367673e+02 7.43165372e+01 
675  714.56  3.18270982e+00 2.37511040e+02 7.44245905e+01 
676  715.35  3.18182768e+00 2.37824843e+02 7.45326346e+01 
677  716.14  3.17914820e+00 2.38248297e+02 7.46406695e+01 
678  716.92  3.17952875e+00 2.38363914e+02 7.47486950e+01 
679  717.71  3.17711159e+00 2.38614170e+02 7.48567113e+01 
680  718.50  3.16978281e+00 2.38687207e+02 7.49647182e+01 
681  719.29  3.17346485e+00 2.39288968e+02 7.50727159e+01 
682  720.08  3.18269339e+00 2.39986546e+02 7.51810167e+01 
683  720.87  3.18235374e+00 2.40488825e+02 7.52921483e+01 
684  721.65  3.19080160e+00 2.41232628e+02 7.54032702e+01 
685  722.44  3.19339001e+00 2.41702375e+02 7.55143825e+01 
686  723.23  3.19609520e+00 2.42216635e+02 7.56254852e+01 
687  724.02  3.19045804e+00 2.42558439e+02 7.57365781e+01 
688  724.81  3.19464365e+00 2.42796897e+02 7.58476614e+01 
689  725.59  3.19112410e+00 2.43351920e+02 7.59587350e+01 
690  726.38  3.19891243e+00 2.44263982e+02 7.60697988e+01 
691  727.17  3.20996012e+00 2.44700652e+02 7.61808529e+01 
692  727.96  3.19234425e+00 2.44997901e+02 7.62918973e+01 
693  728.74  3.20332930e+00 2.45587947e+02 7.64029319e+01 
694  729.53  3.20243862e+00 2.46473069e+02 7.65139567e+01 
695  730.32  3.21296490e+00 2.47119224e+02 7.66173170e+01 
696  731.11  3.20544042e+00 2.46975907e+02 7.67094277e+01 
697  731.89  3.20826940e+00 2.47465604e+02 7.68015303e+01 
698  732.68  3.22084569e+00 2.47995641e+02 7.68936248e+01 
699  733.47  3.21037660e+00 2.48266991e+02 7.69857110e+01 
700  734.25  3.20864970e+00 2.48262733e+02 7.70777891e+01 
701  735.04  3.20887103e+00 2.48424583e+02 7.71698590e+01 
702  735.83  3.21710064e+00 2.48629656e+02 7.72619208e+01 
703  736.62  3.19969824e+00 2.48657178e+02 7.73539743e+01 
704  737.40  3.19036732e+00 2.48404636e+02 7.74460195e+01 
705  738.19  3.18383979e+00 2.48027738e+02 7.75380566e+01 
706  738.98  3.18095103e+00 2.47857468e+02 7.76300854e+01 
707  739.76  3.17485286e+00 2.47564349e+02 7.77221059e+01 
708  740.55  3.17625395e+00 2.47260267e+02 7.78009657e+01 
709  741.33  3.15998848e+00 2.46812453e+02 7.78740971e+01 
710  742.12  3.15377661e+00 2.46356308e+02 7.79472219e+01 
711  742.91  3.14529358e+00 2.45872242e+02 7.80203401e+01 
712  743.69  3.13726688e+00 2.45597695e+02 7.80934517e+01 
713  744.48  3.12781623e+00 2.44926889e+02 7.81665567e+01 
714  745.27  3.10240695e+00 2.44016246e+02 7.82396551e+01 
715  746.05  3.09380509e+00 2.43142779e+02 7.83127468e+01 
716  746.84  3.08573781e+00 2.42539989e+02 7.83858319e+01 
717  747.62  3.06733007e+00 2.41895965e+02 7.84589103e+01 
718  748.41  3.05524410e+00 2.41238200e+02 7.85319821e+01 
719  749.19  3.05447148e+00 2.40075648e+02 7.86050472e+01 
720  749.98  3.02982956e+00 2.39096833e+02 7.86781056e+01 
721  750.77  3.01478568e+00 2.38171259e+02 7.87327942e+01 
722  751.55  3.00350989e+00 2.37203131e+02 7.87869889e+01 
723  752.34  2.98479810e+00 2.36222051e+02 7.88411786e+01 
724  753.12  2.95819032e+00 2.34798774e+02 7.88953634e+01 
725  753.91  2.95556650e+00 2.33981627e+02 7.89495431e+01 
726  754.69  2.94495634e+00 2.32999618e+02 7.90037179e+01 
727  755.48  2.92396504e+00 2.31896389e+02 7.90578877e+01 
728  756.26  2.90912532e+00 2.30818260e+02 7.91120525e+01 
729  757.05  2.88341129e+00 2.29783937e+02 7.91662122e+01 
730  757.83  2.88226859e+00 2.28899731e+02 7.92203669e+01 
731  758.62  2.87143031e+00 2.27679405e+02 7.92745167e+01 
732  759.40  2.83704995e+00 2.25072460e+02 7.93286613e+01 
733  760.19  2.79916109e+00 2.22004305e+02 7.93876245e+01 
734  760.97  2.77105174e+00 2.20769174e+02 7.94621577e+01 
735  761.75  2.77666687e+00 2.21053580e+02 7.95366838e+01 
736  762.54  2.76405822e+00 2.20859527e+02 7.96112030e+01 
737  763.32  2.73664953e+00 2.19367288e+02 7.96857153e+01 
738  764.11  2.72899979e+00 2.18578796e+02 7.97602205e+01 
739  764.89  2.72731436e+00 2.18415938e+02 7.98347188e+01 
740  765.68  2.72266019e+00 2.18643568e+02 7.99092100e+01 
741  766.46  2.72262524e+00 2.18426308e+02 7.99836943e+01 
742  767.24  2.71400309e+00 2.17807130e+02 8.00581715e+01 
743  768.03  2.70707411e+00 2.17181036e+02 8.01326417e+01 
744  768.81  2.70541806e+00 2.16881497e+02 8.02071049e+01 
745  769.60  2.69267155e+00 2.16271982e+02 8.02815610e+01 
746  770.38  2.66898095e+00 2.15464800e+02 8.03548729e+01 
747  771.16  2.65124082e+00 2.14751993e+02 8.04269640e+01 
748  771.95  2.64828441e+00 2.13815938e+02 8.04990484e+01 
749  772.73  2.64859151e+00 2.13647919e+02 8.05711259e+01 
750  773.51  2.63812553e+00 2.13478484e+02 8.06431965e+01 
751  774.30  2.63383435e+00 2.13112743e+02 8.07152602e+01 
752  775.08  2.61937774e+00 2.12238814e+02 8.07873170e+01 
753  775.86  2.60463794e+00 2.11716011e+02 8.08593670e+01 
754  776.65  2.60814991e+00 2.11432496e+02 8.09314100e+01 
755  777.43  2.60818379e+00 2.11157846e+02 8.10034461e+01 
756  778.21  2.59368661e+00 2.10959947e+02 8.10754753e+01 
757  778.99  2.58526148e+00 2.10412788e+02 8.11474976e+01 
758  779.78  2.56938718e+00 2.09520145e+02 8.12195130e+01 
759  780.56  2.57238291e+00 2.09300179e+02 8.12719208e+01 
760  781.34  2.55636829e+00 2.09204921e+02 8.13165304e+01 
761  782.13  2.56986949e+00 2.09239343e+02 8.13611357e+01 
762  782.91  2.55748254e+00 2.08823454e+02 8.14057366e+01 
763  783.69  2.54123423e+00 2.07969804e+02 8.14503333e+01 
764  784.47  2.53892342e+00 2.07665585e+02 8.14949255e+01 
765  785.25  2.54324549e+00 2.07887496e+02 8.15395135e+01 
766  786.04  2.54438374e+00 2.07880272e+02 8.15840971e+01 
767  786.82  2.53013107e+00 2.07364253e+02 8.16286764e+01 
768  787.60  2.52423525e+00 2.06761243e+02 8.16732513e+01 
769  788.38  2.51754294e+00 2.06064891e+02 8.17178218e+01 
770  789.16  2.51406857e+00 2.06263973e+02 8.17623880e+01 
771  789.95  2.51159132e+00 2.06273971e+02 8.18069498e+01 
772  790.73  2.51105267e+00 2.05912254e+02 8.18369433e+01 
773  791.51  2.49821770e+00 2.05302498e+02 8.18658637e+01 
774  792.29  2.48470503e+00 2.04568420e+02 8.18947813e+01 
775  793.07  2.48668896e+00 2.04607067e+02 8.19236960e+01 
776  793.85  2.49568782e+00 2.04705224e+02 8.19526078e+01 
777  794.64  2.48966179e+00 2.04499629e+02 8.19815168e+01 
778  795.42  2.47731468e+00 2.03789649e+02 8.20104229e+01 
779  796.20  2.46695712e+00 2.02878034e+02 8.20393262e+01 
780  796.98  2.46334676e+00 2.02313215e+02 8.20682266e+01 
781  797.76  2.46388807e+00 2.02611745e+02 8.20971241e+01 
782  798.54  2.45986294e+00 2.02781419e+02 8.21260188e+01 
783  799.32  2.45504193e+00 2.02170345e+02 8.21549105e+01 
784  800.10  2.44478688e+00 2.01445283e+02 8.21837994e+01 
785  800.88  2.42990177e+00 2.00515114e+02 8.22126854e+01 
786  801.66  2.42654054e+00 2.00413525e+02 8.22415685e+01 
787  802.44  2.42667632e+00 2.00695028e+02 8.22704488e+01 
788  803.23  2.43152052e+00 2.00472012e+02 8.22993261e+01 
789  804.01  2.41954608e+00 1.99648427e+02 8.23282005e+01 
790  804.79  2.40750424e+00 1.98512836e+02 8.23570720e+01 
791  805.57  2.38538121e+00 1.97914803e+02 8.23859406e+01 
792  806.35  2.39679323e+00 1.97853180e+02 8.24148063e+01 
793  807.13  2.40345926e+00 1.98260937e+02 8.24436691e+01 
794  807.91  2.38280101e+00 1.97598324e+02 8.24725290e+01 
795  808.69  2.37658886e+00 1.96455801e+02 8.25013859e+01 
796  809.47  2.36038481e+00 1.95055113e+02 8.25302399e+01 
797  810.25  2.34751551e+00 1.94361796e+02 8.25527027e+01 
798  811.03  2.34749875e+00 1.94385741e+02 8.25612792e+01 
799  811.80  2.33923144e+00 1.94153029e+02 8.25698548e+01 
800  812.58  2.33225251e+00 1.93335058e+02 8.25784296e+01 
801  813.36  2.31702619e+00 1.91792976e+02 8.25870034e+01 
802  814.14  2.29783038e+00 1.90563896e+02 8.25955764e+01 
803  814.92  2.29411148e+00 1.90124161e+02 8.26041485e+01 
804  815.70  2.29489479e+00 1.90129040e+02 8.26127197e+01 
805  816.48  2.29942246e+00 1.89963887e+02 8.26212901e+01 
806  817.26  2.28462357e+00 1.88876928e+02 8.26298596e+01 
807  818.04  2.25507980e+00 1.86924802e+02 8.26384281e+01 
808  818.82  2.24316230e+00 1.85872777e+02 8.26469958e+01 
809  819.60  2.24292980e+00 1.85731487e+02 8.26555627e+01 
810  820.38  2.24330518e+00 1.86200273e+02 8.26626273e+01 
811  821.15  2.25192729e+00 1.85968134e+02 8.26680778e+01 
812  821.93  2.23223661e+00 1.84635594e+02 8.26735277e+01 
813  822.71  2.20223002e+00 1.82906330e+02 8.26789771e+01 
814  823.49  2.18609790e+00 1.81552030e+02 8.26844259e+01 
815  824.27  2.19256743e+00 1.81690673e+02 8.26898741e+01 
816  825.05  2.19419909e+00 1.82045547e+02 8.26953217e+01 
817  825.82  2.19363892e+00 1.81975350e+02 8.27007688e+01 
818  826.60  2.18212137e+00 1.80805150e+02 8.27062154e+01 
819  827.38  2.15798622e+00 1.78910765e+02 8.27116613e+01 
820  828.16  2.14073010e+00 1.77813026e+02 8.27171067e+01 
821  828.94  2.14383801e+00 1.77534522e+02 8.27225515e+01 
822  829.71  2.14705884e+00 1.77768191e+02 8.27279958e+01 
823  830.49  2.14352999e+00 1.77882946e+02 8.27358962e+01 
824  831.27  2.12772846e+00 1.76667675e+02 8.27452272e+01 
825  832.05  2.10815429e+00 1.75013085e+02 8.27545573e+01 
826  832.82  2.10372552e+00 1.73627656e+02 8.27638863e+01 
827  833.60  2.09306841e+00 1.73092681e+02 8.27732144e+01 
828  834.38  2.08901988e+00 1.73601079e+02 8.27825415e+01 
829  835.16  2.09327625e+00 1.73601836e+02 8.27918676e+01 
830  835.93  2.07869892e+00 1.72707562e+02 8.28011927e+01 
831  836.71  2.06197391e+00 1.71226124e+02 8.28105169e+01 
832  837.49  2.04540361e+00 1.69718348e+02 8.28198400e+01 
833  838.26  2.03819368e+00 1.68948578e+02 8.28291622e+01 
834  839.04  2.04200081e+00 1.69172471e+02 8.28384833e+01 
835  839.82  2.02766390e+00 1.69364005e+02 8.28478035e+01 
836  840.59  2.03773337e+00 1.68937591e+02 8.28494064e+01 
837  841.37  2.02258927e+00 1.67640618e+02 8.28486299e+01 
838  842.15  2.00159833e+00 1.66159398e+02 8.28478535e+01 
839  842.92  1.98999929e+00 1.65057204e+02 8.28470771e+01 
840  843.70  1.98462391e+00 1.64936842e+02 8.28463009e+01 
841  844.48  1.98709436e+00 1.65227176e+02 8.28455247e+01 
842  845.25  1.99718453e+00 1.65325297e+02 8.28447486e+01 
843  846.03  1.98022855e+00 1.64432475e+02 8.28439726e+01 
844  846.80  1.96938320e+00 1.62782278e+02 8.28431967e+01 
845  847.58  1.94635337e+00 1.61665184e+02 8.28424208e+01 
846  848.35  1.93652601e+00 1.61150786e+02 8.28416450e+01 
847  849.13  1.95144469e+00 1.61495528e+02 8.28408694e+01 
848  849.91  1.94889778e+00 1.61732993e+02 8.28400938e+01 
849  850.68  1.94415140e+00 1.61521973e+02 8.28365913e+01 
850  851.46  1.92628452e+00 1.60163241e+02 8.28327142e+01 
851  852.23  1.90690682e+00 1.58717311e+02 8.28288374e+01 
852  853.01  1.90095924e+00 1.57897254e+02 8.28249611e+01 
853  853.78  1.89870882e+00 1.57745773e+02 8.28210853e+01 
854  854.56  1.91415529e+00 1.58112596e+02 8.28172098e+01 
855  855.33  1.90816944e+00 1.58130798e+02 8.28133348e+01 
856  856.11  1.89135244e+00 1.57470232e+02 8.28094602e+01 
857  856.88  1.88464791e+00 1.55884358e+02 8.28055860e+01 
858  857.66  1.86001588e+00 1.54552157e+02 8.28017123e+01 
859  858.43  1.85361118e+00 1.53756044e+02 8.27978390e+01 
860  859.21  1.84901760e+00 1.53647965e+02 8.27939661e+01 
861  859.98  1.85740822e+00 1.53841592e+02 8.27900936e+01 
862  860.76  1.84939409e+00 1.53603066e+02 8.27703520e+01 
863  861.53  1.83934557e+00 1.52590043e+02 8.27502195e+01 
864  862.30  1.82336168e+00 1.50947488e+02 8.27300893e+01 
865  863.08  1.80404509e+00 1.49578471e+02 8.27099614e+01 
866  863.85  1.79662348e+00 1.48994338e+02 8.26898356e+01 
867  864.63  1.79864846e+00 1.48950772e+02 8.26697121e+01 
868  865.40  1.80555189e+00 1.48975993e+02 8.26495908e+01 
869  866.17  1.79566681e+00 1.48664078e+02 8.26294718e+01 
870  866.95  1.78906796e+00 1.47526620e+02 8.26093550e+01 
871  867.72  1.77467124e+00 1.46260860e+02 8.25892404e+01 
872  868.50  1.75360638e+00 1.45001826e+02 8.25691281e+01 
873  869.27  1.75312503e+00 1.44530148e+02 8.25490181e+01 
874  870.04  1.75206830e+00 1.44427407e+02 8.25292456e+01 
875  870.82  1.74744052e+00 1.44466854e+02 8.25153263e+01 
876  871.59  1.74542474e+00 1.44073226e+02 8.25014086e+01 
877  872.36  1.73533884e+00 1.43148781e+02 8.24874925e+01 
878  873.13  1.71581467e+00 1.41711020e+02 8.24735780e+01 
879  873.91  1.70306749e+00 1.40595676e+02 8.24596650e+01 
880  874.68  1.69842738e+00 1.40007047e+02 8.24457536e+01 
881  875.45  1.68737885e+00 1.39675202e+02 8.24318437e+01 
882  876.23  1.69555024e+00 1.39597818e+02 8.24179355e+01 
883  877.00  1.68521797e+00 1.39053075e+02 8.24040287e+01 
884  877.77  1.67059617e+00 1.38034192e+02 8.23901236e+01 
885  878.54  1.66124247e+00 1.36751916e+02 8.23762201e+01 
886  879.32  1.64494217e+00 1.35557244e+02 8.23623181e+01 
887  880.09  1.64088203e+00 1.34736117e+02 8.23470991e+01 
888  880.86  1.63990946e+00 1.34393926e+02 8.23216179e+01 
889  881.63  1.63586045e+00 1.34269091e+02 8.22961397e+01 
890  882.40  1.62455386e+00 1.33799165e+02 8.22706643e+01 
891  883.18  1.61236629e+00 1.32743383e+02 8.22451919e+01 
892  883.95  1.59690244e+00 1.31490419e+02 8.22197223e+01 
893  884.72  1.58713190e+00 1.30257940e+02 8.21942557e+01 
894  885.49  1.56936864e+00 1.29225781e+02 8.21687920e+01 
895  886.26  1.56947464e+00 1.28888171e+02 8.21433312e+01 
896  887.03  1.56250241e+00 1.28652403e+02 8.21178734e+01 
897  887.81  1.56176877e+00 1.28340706e+02 8.20924185e+01 
898  888.58  1.55958762e+00 1.27683766e+02 8.20669665e+01 
899  889.35  1.54007390e+00 1.26695949e+02 8.20415174e+01 
900  890.12  1.53145830e+00 1.25889606e+02 8.20133330e+01 
901  890.89  1.52875760e+00 1.25043471e+02 8.19701567e+01 
902  891.66  1.52273545e+00 1.24734401e+02 8.19269854e+01 
903  892.43  1.52311838e+00 1.24463686e+02 8.18838191e+01 
904  893.20  1.51735401e+00 1.24267653e+02 8.18406577e+01 
905  893.97  1.51127782e+00 1.23920549e+02 8.17975014e+01 
906  894.74  1.50913223e+00 1.23182435e+02 8.17543501e+01 
907  895.51  1.49639057e+00 1.21968398e+02 8.17112039e+01 
908  896.28  1.48302312e+00 1.21182949e+02 8.16680626e+01 
909  897.05  1.48062921e+00 1.20425783e+02 8.16249264e+01 
910  897.83  1.46735402e+00 1.19917794e+02 8.15817952e+01 
911  898.60  1.45364312e+00 1.19459362e+02 8.15386691e+01 
912  899.37  1.45920548e+00 1.19006911e+02 8.14955480e+01 
913  900.14  1.45240794e+00 1.18311119e+02 8.14509454e+01 
914  900.90  1.44146546e+00 1.17131492e+02 8.13993662e+01 
915  901.67  1.42747419e+00 1.16136203e+02 8.13477930e+01 
916  902.44  1.41873130e+00 1.15246896e+02 8.12962259e+01 
917  903.21  1.40732318e+00 1.14467195e+02 8.12446649e+01 
918  903.98  1.40598445e+00 1.14066959e+02 8.11931100e+01 
919  904.75  1.39809671e+00 1.13582627e+02 8.11415611e+01 
920  905.52  1.39347453e+00 1.12968462e+02 8.10900184e+01 
921  906.29  1.38321631e+00 1.12125045e+02 8.10384817e+01 
922  907.06  1.37444981e+00 1.11014221e+02 8.09869512e+01 
923  907.83  1.36470677e+00 1.10096174e+02 8.09354267e+01 
924  908.60  1.34540822e+00 1.09275548e+02 8.08839084e+01 
925  909.37  1.33876552e+00 1.08481664e+02 8.08323962e+01 
926  910.14  1.33438094e+00 1.08140052e+02 8.07818419e+01 
927  910.90  1.33595603e+00 1.07829847e+02 8.07357225e+01 
928  911.67  1.32893506e+00 1.07233239e+02 8.06896087e+01 
929  912.44  1.32736984e+00 1.06674685e+02 8.06435003e+01 
930  913.21  1.31254238e+00 1.05837823e+02 8.05973975e+01 
931  913.98  1.30262485e+00 1.04962112e+02 8.05513002e+01 
932  914.75  1.29747040e+00 1.04435666e+02 8.05052084e+01 
933  915.51  1.29530061e+00 1.03895656e+02 8.04591221e+01 
934  916.28  1.29685898e+00 1.03715524e+02 8.04130414e+01 
935  917.05  1.29056446e+00 1.03580707e+02 8.03669662e+01 
936  917.82  1.28395137e+00 1.03007484e+02 8.03208965e+01 
937  918.59  1.27729167e+00 1.02375425e+02 8.02748324e+01 
938  919.35  1.26657333e+00 1.01691610e+02 8.02287739e+01 
939  920.12  1.25955582e+00 1.00857168e+02 8.01745926e+01 
940  920.89  1.25125464e+00 1.00199048e+02 8.00771256e+01 
941  921.66  1.24527739e+00 9.96983852e+01 7.99796704e+01 
942  922.42  1.24167169e+00 9.92801987e+01 7.98822270e+01 
943  923.19  1.22991009e+00 9.87041408e+01 7.97847954e+01 
944  923.96  1.22859015e+00 9.80382869e+01 7.96873757e+01 
945  924.72  1.21996374e+00 9.72143530e+01 7.95899678e+01 
946  925.49  1.21556169e+00 9.62744206e+01 7.94925717e+01 
947  926.26  1.19800240e+00 9.52806700e+01 7.93951876e+01 
948  927.03  1.19513854e+00 9.43232678e+01 7.92978153e+01 
949  927.79  1.17822082e+00 9.34927162e+01 7.92004549e+01 
950  928.56  1.17840663e+00 9.28747092e+01 7.91031064e+01 
951  929.32  1.16142625e+00 9.18944678e+01 7.90057699e+01 
952  930.09  1.15230578e+00 9.08837210e+01 7.89097190e+01 
953  930.86  1.14247075e+00 8.97252151e+01 7.88231337e+01 
954  931.62  1.12590645e+00 8.85162773e+01 7.87365591e+01 
955  932.39  1.10851088e+00 8.72298963e+01 7.86499951e+01 
956  933.16  1.09875373e+00 8.63644146e+01 7.85634417e+01 
957  933.92  1.09275788e+00 8.56042221e+01 7.84768991e+01 
958  934.69  1.08499460e+00 8.48597535e+01 7.83903671e+01 
959  935.45  1.07382178e+00 8.42320512e+01 7.83038458e+01 
960  936.22  1.06657942e+00 8.35466919e+01 7.82173352e+01 
961  936.98  1.05980084e+00 8.28308704e+01 7.81308353e+01 
962  937.75  1.05649069e+00 8.21957111e+01 7.80443462e+01 
963  938.51  1.04415375e+00 8.13463972e+01 7.79578678e+01 
964  939.28  1.03772855e+00 8.08779550e+01 7.78714001e+01 
965  940.04  1.03290103e+00 8.02630339e+01 7.77875835e+01 
966  940.81  1.02179335e+00 7.96354895e+01 7.77462729e+01 
967  941.57  1.01883769e+00 7.90182386e+01 7.77049675e+01 
968  942.34  1.01016508e+00 7.82098562e+01 7.76636673e+01 
969  943.10  9.94437851e-01 7.74168985e+01 7.76223722e+01 
970  943.87  9.93597572e-01 7.65900561e+01 7.75810823e+01 
971  944.63  9.80383653e-01 7.58321528e+01 7.75397976e+01 
972  945.40  9.71389543e-01 7.51812866e+01 7.74985180e+01 
973  946.16  9.69405784e-01 7.47031150e+01 7.74572436e+01 
974  946.93  9.60597933e-01 7.41814663e+01 7.74159744e+01 
975  947.69  9.53476912e-01 7.37795816e+01 7.73747104e+01 
976  948.45  9.48328291e-01 7.31501182e+01 7.73334516e+01 
977  949.22  9.35532652e-01 7.24560334e+01 7.72921980e+01 
978  949.98  9.33726386e-01 7.18822655e+01 7.72509496e+01 
979  950.75  9.19464919e-01 7.11465173e+01 7.72052294e+01 
980  951.51  9.17418893e-01 7.06392797e+01 7.71594095e+01 
981  952.27  9.06292849e-01 7.00662533e+01 7.71135953e+01 
982  953.04  9.02330633e-01 6.94963298e+01 7.70677870e+01 
983  953.80  8.93860052e-01 6.89239220e+01 7.70219844e+01 
984  954.56  8.89317229e-01 6.83349876e+01 7.69761877e+01 
985  955.33  8.83794024e-01 6.76442997e+01 7.69303969e+01 
986  956.09  8.71069950e-01 6.70108271e+01 7.68846118e+01 
987  956.85  8.68376025e-01 6.64372423e+01 7.68388326e+01 
988  957.62  8.59493366e-01 6.59435131e+01 7.67930592e+01 
989  958.38  8.54020364e-01 6.54297910e+01 7.67472917e+01 
990  959.14  8.46625875e-01 6.49541240e+01 7.67015301e+01 
991  959.90  8.38855593e-01 6.44165674e+01 7.66557743e+01 
992  960.67  8.31460142e-01 6.38225925e+01 7.66046943e+01 
993  961.43  8.26593970e-01 6.31805639e+01 7.65528510e+01 
994  962.19  8.19025087e-01 6.25907671e+01 7.65010144e+01 
995  962.95  8.12917436e-01 6.19859913e+01 7.64491845e+01 
996  963.72  8.00870266e-01 6.15802792e+01 7.63973612e+01 
997  964.48  7.98098308e-01 6.10434556e+01 7.63455446e+01 
998  965.24  7.91062663e-01 6.05107629e+01 7.62937347e+01 
999  966.00  7.85083074e-01 5.99819182e+01 7.62419315e+01 
1000 966.76  7.81433186e-01 5.94686243e+01 7.61901350e+01 
1001 967.52  7.77408871e-01 5.88492839e+01 7.61383453e+01 
1002 968.29  7.63768244e-01 5.81809166e+01 7.60865622e+01 
1003 969.05  7.59890679e-01 5.75741521e+01 7.60347858e+01 
1004 969.81  7.48481409e-01 5.69417986e+01 7.59830162e+01 
1005 970.57  7.43136398e-01 5.64819582e+01 7.59323929e+01 
1006 971.33  7.33868155e-01 5.57496665e+01 7.58821590e+01 
1007 972.09  7.32087708e-01 5.53026471e+01 7.58319316e+01 
1008 972.85  7.21150254e-01 5.45732110e+01 7.57817108e+01 
1009 973.61  7.15603843e-01 5.38905121e+01 7.57314966e+01 
1010 974.37  7.07448641e-01 5.33305027e+01 7.56812889e+01 
1011 975.14  6.91349305e-01 5.26703093e+01 7.56310878e+01 
1012 975.90  6.97183477e-01 5.22397724e+01 7.55808933e+01 
1013 976.66  6.84779452e-01 5.18032272e+01 7.55307053e+01 
1014 977.42  6.78113668e-01 5.11764896e+01 7.54805240e+01 
1015 978.18  6.77239009e-01 5.07020487e+01 7.54303492e+01 
1016 978.94  6.61272954e-01 5.00483622e+01 7.53801811e+01 
1017 979.70  6.53955758e-01 4.94096570e+01 7.53300196e+01 
1018 980.46  6.50096026e-01 4.89464415e+01 7.52821476e+01 
1019 981.22  6.47173633e-01 4.84185447e+01 7.52357984e+01 
1020 981.98  6.41670760e-01 4.79441365e+01 7.51894554e+01 
1021 982.74  6.30713111e-01 4.74217112e+01 7.51431185e+01 
1022 983.50  6.24901896e-01 4.68449460e+01 7.50967877e+01 
1023 984.25  6.18625430e-01 4.61600704e+01 7.50504631e+01 
1024 985.01  6.09257999e-01 4.54927414e+01 7.50041446e+01 
1025 985.77  5.97919506e-01 4.49062547e+01 7.49578322e+01 
1026 986.53  5.92782611e-01 4.44583874e+01 7.49115261e+01 
1027 987.29  5.85802679e-01 4.38906640e+01 7.48652261e+01 
1028 988.05  5.82990811e-01 4.34222554e+01 7.48189323e+01 
1029 988.81  5.75536350e-01 4.28664408e+01 7.47726446e+01 
1030 989.57  5.65521634e-01 4.20819225e+01 7.47263632e+01 
1031 990.33  5.57485969e-01 4.15901356e+01 7.46823729e+01 
1032 991.08  5.52600401e-01 4.10177465e+01 7.46414134e+01 
1033 991.84  5.42515091e-01 4.04720123e+01 7.46004594e+01 
1034 992.60  5.34262826e-01 3.98907683e+01 7.45595109e+01 
1035 993.36  5.27259529e-01 3.91487868e+01 7.45185679e+01 
1036 994.12  5.14248370e-01 3.84351399e+01 7.44776304e+01 
1037 994.88  5.05211150e-01 3.76662734e+01 7.44366984e+01 
1038 995.63  5.00322452e-01 3.69519656e+01 7.43957719e+01 
1039 996.39  4.84963315e-01 3.61042869e+01 7.43548510e+01 
1040 997.15  3.13282426e-02 2.33364807e+00 7.43139355e+01 
1041 997.91  1.76712876e-03 1.27409712e-01 7.42730257e+01 
1042 998.66  1.47341876e-03 1.29952598e-01 7.42321213e+01 
1043 999.42  2.14816517e-03 1.05757203e-01 7.41912225e+01 
