% C0 (TOA Count Rate, /ms) for 4STAR NIR spectrometer (512 channels) derived from (SEE Original files for sources) and recorded on 2017-08-24 15:56:20.
% Langley at MLO and airborne Data outside 2.0x the STD of 501 nm Langley residuals were screened out. 
% Including high Altitude rate spectra, matched to splined stratospheric AOD measured at MLO.
% Averages of c0 from multiple days including: , MLO -av-g-, WFF--20-17, infl-ig-ht, high- a-lt. See the list of files below
% 20170605_NIR_C0_refined_Langley_MLO_May2017_averages.dat
% 20170801_NIR_C0_refined_langley_4STAR_WFF_ground.dat
% 20170807_NIR_C0_refined_langley_4STARpm.dat
% 20170809_NIR_C0_refined_high_alt_low_m_frompolyfit.dat
Pix Wavelength C0 C0err
511 949.79 4.43950457e+00 9.40644930e-01 
510 949.79 3.95833985e+00 2.25146652e+00 
509 951.68 4.54236909e+00 1.82129025e+00 
508 953.57 4.63745524e+00 1.74497006e+00 
507 955.46 5.05862536e+00 1.79132164e+00 
506 957.34 5.19671889e+00 1.72679908e+00 
505 959.22 5.67623125e+00 1.69542521e+00 
504 961.10 5.81720020e+00 1.61380603e+00 
503 962.98 6.29588044e+00 1.52926532e+00 
502 964.85 6.40645446e+00 1.33855166e+00 
501 966.72 7.00313735e+00 1.16914090e+00 
500 968.59 7.16610023e+00 9.54641159e-01 
499 970.45 7.60462996e+00 8.88534842e-01 
498 972.32 7.52852307e+00 9.43498884e-01 
497 974.18 7.82881359e+00 1.01123872e+00 
496 976.04 7.78587860e+00 9.66620081e-01 
495 977.89 8.19131418e+00 8.44867053e-01 
494 979.74 8.19694225e+00 6.85975318e-01 
493 981.59 8.57349046e+00 5.31291314e-01 
492 983.44 8.54409500e+00 3.68978525e-01 
491 985.29 8.87969442e+00 2.39428255e-01 
490 987.13 8.73114252e+00 1.45278859e-01 
489 988.97 9.01016295e+00 9.44368860e-02 
488 990.81 8.83574156e+00 7.93348055e-02 
487 992.65 9.03582140e+00 6.30969756e-02 
486 994.48 8.84874197e+00 5.25906199e-02 
485 996.31 8.99733718e+00 5.73043259e-02 
484 998.14 8.73418649e+00 5.49296978e-02 
483 999.97 8.88520718e+00 5.57428607e-02 
482 1001.79 8.60201224e+00 5.69338971e-02 
481 1003.62 8.68822030e+00 5.61569206e-02 
480 1005.44 8.47326700e+00 5.37836241e-02 
479 1007.25 8.72380109e+00 5.55399854e-02 
478 1009.07 8.53504717e+00 5.13439118e-02 
477 1010.88 8.69867098e+00 6.05760514e-02 
476 1012.69 8.44621388e+00 5.70069464e-02 
475 1014.50 8.56861937e+00 5.69313854e-02 
474 1016.31 8.35479784e+00 5.46579692e-02 
473 1018.11 8.50594930e+00 6.12554562e-02 
472 1019.91 8.26068747e+00 5.93028690e-02 
471 1021.71 8.41217931e+00 6.05902921e-02 
470 1023.51 8.18884841e+00 5.89298096e-02 
469 1025.30 8.35476653e+00 6.83070955e-02 
468 1027.09 8.25030573e+00 7.24963897e-02 
467 1028.88 8.41418640e+00 7.42690133e-02 
466 1030.67 8.25537590e+00 7.43548804e-02 
465 1032.46 8.42405311e+00 8.19572862e-02 
464 1034.24 8.26799019e+00 8.25021946e-02 
463 1036.02 8.44951813e+00 8.46688021e-02 
462 1037.80 8.33783090e+00 7.16033088e-02 
461 1039.58 8.53547267e+00 8.39013893e-02 
460 1041.35 8.40295263e+00 7.64325841e-02 
459 1043.12 8.56741329e+00 8.91284259e-02 
458 1044.89 8.47390533e+00 8.92670100e-02 
457 1046.66 8.69082069e+00 8.92525642e-02 
456 1048.43 8.61566051e+00 9.07571476e-02 
455 1050.19 8.83575710e+00 9.08488838e-02 
454 1051.95 8.67216222e+00 7.74321095e-02 
453 1053.71 8.92014329e+00 8.36753715e-02 
452 1055.47 8.74427175e+00 8.59693192e-02 
451 1057.23 8.87610713e+00 8.70102910e-02 
450 1058.98 8.73189187e+00 8.47794994e-02 
449 1060.73 8.92542879e+00 9.21660855e-02 
448 1062.48 8.72852731e+00 9.54100509e-02 
447 1064.23 8.86532617e+00 9.62540169e-02 
446 1065.97 8.54694283e+00 9.68715619e-02 
445 1067.71 8.58217001e+00 8.93075625e-02 
444 1069.46 8.37933004e+00 8.62078229e-02 
443 1071.19 8.48158272e+00 1.02341674e-01 
442 1072.93 8.31030703e+00 1.10537404e-01 
441 1074.67 8.39045227e+00 1.35605821e-01 
440 1076.40 8.18416770e+00 1.51778461e-01 
439 1078.13 8.21464332e+00 1.79627306e-01 
438 1079.86 7.98340587e+00 1.87525455e-01 
437 1081.58 8.04260103e+00 2.34526469e-01 
436 1083.31 7.89203435e+00 2.81823460e-01 
435 1085.03 8.04759164e+00 3.06292186e-01 
434 1086.75 7.96507362e+00 3.39840058e-01 
433 1088.47 8.11794122e+00 3.25268780e-01 
432 1090.19 7.96202775e+00 4.11079665e-01 
431 1091.90 8.02617013e+00 4.88569041e-01 
430 1093.61 7.84395705e+00 5.64722106e-01 
429 1095.33 7.97359451e+00 6.90896030e-01 
428 1097.03 7.92348379e+00 8.52788474e-01 
427 1098.74 8.06458396e+00 1.01715697e+00 
426 1100.45 7.99530142e+00 1.12345207e+00 
425 1102.15 8.19435688e+00 1.28019302e+00 
424 1103.85 8.11147431e+00 1.40379770e+00 
423 1105.55 8.26443835e+00 1.53508345e+00 
422 1107.25 8.13156225e+00 1.65528516e+00 
421 1108.94 8.18480468e+00 1.79750932e+00 
420 1110.64 7.81363189e+00 2.07138706e+00 
419 1112.33 7.53812285e+00 2.59216401e+00 
418 1114.02 6.95343498e+00 2.96569967e+00 
417 1115.70 6.57504829e+00 3.55522237e+00 
416 1117.39 6.14332030e+00 3.86857728e+00 
415 1119.07 6.20320995e+00 3.71197192e+00 
414 1120.76 5.94534781e+00 3.91228209e+00 
413 1122.44 6.00853009e+00 3.86920167e+00 
412 1124.12 5.89433969e+00 3.92391103e+00 
411 1125.79 6.03278239e+00 4.01294102e+00 
410 1127.47 6.11655837e+00 4.04357121e+00 
409 1129.14 6.38661917e+00 4.09994338e+00 
408 1130.81 6.32277688e+00 3.57757736e+00 
407 1132.48 6.03136344e+00 3.97876405e+00 
406 1134.15 6.12667571e+00 3.53479395e+00 
405 1135.81 6.48812644e+00 3.45257999e+00 
404 1137.48 7.04134788e+00 3.18062693e+00 
403 1139.14 7.44406257e+00 2.89472410e+00 
402 1140.80 6.69392765e+00 3.86512604e+00 
401 1142.46 6.54494941e+00 4.03417856e+00 
400 1144.12 6.28982737e+00 4.02124542e+00 
399 1145.77 6.50088138e+00 3.67820539e+00 
398 1147.43 6.58184405e+00 3.46029366e+00 
397 1149.08 6.84827121e+00 3.31120705e+00 
396 1150.73 6.55245205e+00 3.81159427e+00 
395 1152.38 7.14719123e+00 3.12090782e+00 
394 1154.02 6.87403766e+00 3.59865724e+00 
393 1155.67 7.68932962e+00 2.47166471e+00 
392 1157.31 7.71453496e+00 2.21809334e+00 
391 1158.95 7.91326137e+00 2.06838477e+00 
390 1160.59 7.99512994e+00 1.80660917e+00 
389 1162.23 8.23915104e+00 1.63378810e+00 
388 1163.87 8.26307052e+00 1.44210560e+00 
387 1165.50 8.36404653e+00 1.41084502e+00 
386 1167.13 8.33536903e+00 1.26590905e+00 
385 1168.76 8.52659786e+00 1.09322271e+00 
384 1170.39 8.38598259e+00 1.11175430e+00 
383 1172.02 8.39719832e+00 1.08536900e+00 
382 1173.65 8.21568791e+00 1.10294933e+00 
381 1175.27 8.23898677e+00 1.04406640e+00 
380 1176.90 8.20237533e+00 9.06821808e-01 
379 1178.52 8.09608247e+00 1.04710857e+00 
378 1180.14 7.91758045e+00 9.92911812e-01 
377 1181.75 7.88860408e+00 1.01280320e+00 
376 1183.37 7.72395098e+00 9.49523130e-01 
375 1184.99 7.75865338e+00 9.51793095e-01 
374 1186.60 7.67312618e+00 8.86650212e-01 
373 1188.21 7.67044590e+00 8.58467232e-01 
372 1189.82 7.65608367e+00 7.26956471e-01 
371 1191.43 7.87329300e+00 6.49645976e-01 
370 1193.04 7.77044348e+00 6.20365628e-01 
369 1194.64 7.71984575e+00 6.61974317e-01 
368 1196.24 7.50408634e+00 7.09360093e-01 
367 1197.85 7.54633743e+00 7.20154961e-01 
366 1199.45 7.39421407e+00 7.71789245e-01 
365 1201.05 7.49313943e+00 7.56976136e-01 
364 1202.64 7.47139255e+00 6.83157994e-01 
363 1204.24 7.52977023e+00 6.50181460e-01 
362 1205.83 7.50567281e+00 5.47537377e-01 
361 1207.43 7.50478880e+00 5.54186374e-01 
360 1209.02 7.43314348e+00 5.90626389e-01 
359 1210.61 7.54996642e+00 6.09028665e-01 
358 1212.19 7.53673029e+00 6.02080115e-01 
357 1213.78 7.71134969e+00 5.42181380e-01 
356 1215.37 7.67936379e+00 4.71289109e-01 
355 1216.95 7.78431471e+00 3.81950215e-01 
354 1218.53 7.75264128e+00 3.62080501e-01 
353 1220.11 7.82438429e+00 3.77185567e-01 
352 1221.69 7.79466526e+00 3.60497765e-01 
351 1223.27 7.84498261e+00 3.38686609e-01 
350 1224.84 7.86375541e+00 2.80135476e-01 
349 1226.42 7.95281468e+00 2.28128841e-01 
348 1227.99 7.95578992e+00 1.88436890e-01 
347 1229.56 8.09896274e+00 1.55693890e-01 
346 1231.13 8.04606223e+00 1.13156915e-01 
345 1232.70 8.12473746e+00 8.92229345e-02 
344 1234.27 8.08083200e+00 7.53198703e-02 
343 1235.84 8.10106659e+00 6.80142563e-02 
342 1237.40 8.04301294e+00 5.63473286e-02 
341 1238.96 8.04153458e+00 4.65497385e-02 
340 1240.52 7.89518160e+00 4.21729062e-02 
339 1242.08 8.02341763e+00 4.69414790e-02 
338 1243.64 7.99630634e+00 4.43981339e-02 
337 1245.20 8.03774822e+00 4.85513897e-02 
336 1246.75 7.99665813e+00 5.10589577e-02 
335 1248.31 8.05822436e+00 5.00276460e-02 
334 1249.86 7.97888326e+00 5.09526574e-02 
333 1251.41 8.01250112e+00 5.72482174e-02 
332 1252.96 7.93185604e+00 6.75805918e-02 
331 1254.51 7.95034452e+00 7.27980291e-02 
330 1256.06 7.84396754e+00 8.54986868e-02 
329 1257.61 7.79606442e+00 1.02672485e-01 
328 1259.15 7.65972221e+00 1.35646164e-01 
327 1260.69 7.59379051e+00 1.75244788e-01 
326 1262.23 7.46410911e+00 2.06873331e-01 
325 1263.77 7.43235415e+00 2.26802804e-01 
324 1265.31 7.22466703e+00 3.16560195e-01 
323 1266.85 7.24115115e+00 3.28694195e-01 
322 1268.39 7.28818271e+00 3.32766578e-01 
321 1269.92 7.43075482e+00 2.77014550e-01 
320 1271.46 7.61506738e+00 1.76727136e-01 
319 1272.99 7.69095047e+00 1.41190764e-01 
318 1274.52 7.68629326e+00 1.39740151e-01 
317 1276.05 7.75779327e+00 1.33720073e-01 
316 1277.58 7.63397127e+00 1.26602901e-01 
315 1279.10 7.49573773e+00 9.96405692e-02 
314 1280.63 7.44493244e+00 9.70522980e-02 
313 1282.15 7.45124670e+00 8.50060314e-02 
312 1283.68 7.53330537e+00 8.76545531e-02 
311 1285.20 7.66779228e+00 1.27393088e-01 
310 1286.72 7.59924698e+00 1.49040386e-01 
309 1288.24 7.58710138e+00 1.98244809e-01 
308 1289.75 7.48255307e+00 2.10121650e-01 
307 1291.27 7.50520670e+00 2.13414292e-01 
306 1292.78 7.48315213e+00 3.12551358e-01 
305 1294.30 7.47597333e+00 3.66328520e-01 
304 1295.81 7.37855765e+00 4.07421459e-01 
303 1297.32 7.32980170e+00 4.72015564e-01 
302 1298.83 7.27671117e+00 4.60423988e-01 
301 1300.34 7.16965977e+00 5.70611537e-01 
300 1301.85 7.06819683e+00 6.58278197e-01 
299 1303.35 6.99340631e+00 7.19070772e-01 
298 1304.86 6.87813139e+00 7.74576513e-01 
297 1306.36 6.84591482e+00 7.95428477e-01 
296 1307.86 6.77419422e+00 8.51715477e-01 
295 1309.36 6.67354967e+00 8.97150742e-01 
294 1310.86 6.50683473e+00 1.04555539e+00 
293 1312.36 6.42562147e+00 1.05621974e+00 
292 1313.86 6.37689962e+00 1.05331157e+00 
291 1315.36 6.34116179e+00 1.10635565e+00 
290 1316.85 6.29049277e+00 1.11206061e+00 
289 1318.34 6.26205951e+00 1.13880772e+00 
288 1319.84 6.14301775e+00 1.25190600e+00 
287 1321.33 6.14726569e+00 1.25111454e+00 
286 1322.82 6.11059449e+00 1.19135407e+00 
285 1324.30 6.03548690e+00 1.27512574e+00 
284 1325.79 5.84327471e+00 1.40435289e+00 
283 1327.28 5.60605357e+00 1.61176318e+00 
282 1328.76 5.29830055e+00 1.85300369e+00 
281 1330.25 5.17228252e+00 1.95166165e+00 
280 1331.73 4.78556803e+00 2.60139706e+00 
279 1333.21 5.21602765e+00 1.76956801e+00 
278 1334.69 5.05191378e+00 2.04932345e+00 
277 1336.17 5.19694036e+00 1.68198311e+00 
276 1337.65 5.10287456e+00 1.71810701e+00 
275 1339.12 5.02159409e+00 1.72644333e+00 
274 1340.60 4.51894004e+00 2.49924257e+00 
273 1342.07 4.52706456e+00 2.23639301e+00 
272 1343.55 4.20128772e+00 2.50866492e+00 
271 1345.02 3.79989768e+00 2.57966745e+00 
270 1346.49 3.68570013e+00 2.34943681e+00 
269 1347.96 3.35858188e+00 2.47415359e+00 
268 1349.43 3.11820806e+00 2.35267694e+00 
267 1350.89 2.88897385e+00 2.27115585e+00 
266 1352.36 2.59961059e+00 2.11018000e+00 
265 1353.82 2.37113609e+00 2.03854950e+00 
264 1355.29 2.15383642e+00 1.93383187e+00 
263 1356.75 1.99625406e+00 1.92585302e+00 
262 1358.21 1.82953158e+00 1.76300991e+00 
261 1359.67 1.64371497e+00 1.67171143e+00 
260 1361.13 1.56310598e+00 1.60957183e+00 
259 1362.59 1.51520693e+00 1.59138499e+00 
258 1364.04 1.60729052e+00 1.60806224e+00 
257 1365.50 1.56339778e+00 1.63820410e+00 
256 1366.95 1.62310802e+00 1.56056857e+00 
255 1368.41 1.51482087e+00 1.58192027e+00 
254 1369.86 1.53674868e+00 1.56495282e+00 
253 1371.31 1.61709635e+00 1.59669726e+00 
252 1372.76 1.71238708e+00 1.46893267e+00 
251 1374.21 1.74001696e+00 1.49886410e+00 
250 1375.65 1.70323148e+00 1.38892546e+00 
249 1377.10 1.53667180e+00 1.27136053e+00 
248 1378.55 1.34913362e+00 1.11964588e+00 
247 1379.99 1.10508965e+00 1.06376066e+00 
246 1381.43 1.05056619e+00 9.53379907e-01 
245 1382.87 1.03170544e+00 1.02227465e+00 
244 1384.32 1.13954081e+00 1.07809830e+00 
243 1385.75 1.26648882e+00 1.18316349e+00 
242 1387.19 1.47191586e+00 1.23014994e+00 
241 1388.63 1.53733689e+00 1.21618301e+00 
240 1390.07 1.56342009e+00 1.29950699e+00 
239 1391.50 1.54120175e+00 1.30550580e+00 
238 1392.94 1.43086979e+00 1.12802002e+00 
237 1394.37 1.40821673e+00 1.27360907e+00 
236 1395.80 1.55436910e+00 1.30978139e+00 
235 1397.23 1.48681461e+00 1.31747670e+00 
234 1398.66 1.64544040e+00 1.23084008e+00 
233 1400.09 1.66926626e+00 1.39840014e+00 
232 1401.52 1.57993886e+00 1.41468229e+00 
231 1402.94 1.71190191e+00 1.45078487e+00 
230 1404.37 1.81543475e+00 1.42191705e+00 
229 1405.79 1.73785524e+00 1.46419198e+00 
228 1407.22 1.81381371e+00 1.43453027e+00 
227 1408.64 1.86581799e+00 1.56300979e+00 
226 1410.06 2.02830924e+00 1.51739624e+00 
225 1411.48 1.99674106e+00 1.61262411e+00 
224 1412.90 2.17382141e+00 1.52652051e+00 
223 1414.32 2.20394657e+00 1.63346356e+00 
222 1415.73 2.17569731e+00 1.65832433e+00 
221 1417.15 2.18458882e+00 1.72913779e+00 
220 1418.56 2.28377448e+00 1.71426141e+00 
219 1419.98 2.23326612e+00 1.73478468e+00 
218 1421.39 2.33258149e+00 1.71527155e+00 
217 1422.80 2.42162487e+00 1.76260094e+00 
216 1424.21 2.47392223e+00 1.74203791e+00 
215 1425.62 2.42776465e+00 1.80801407e+00 
214 1427.03 2.53733683e+00 1.73499412e+00 
213 1428.44 2.44384943e+00 1.67792037e+00 
212 1429.84 2.36886675e+00 1.58544669e+00 
211 1431.25 2.30396960e+00 1.65106445e+00 
210 1432.65 2.32705100e+00 1.57845651e+00 
209 1434.06 2.36548707e+00 1.58689553e+00 
208 1435.46 2.38517018e+00 1.72837490e+00 
207 1436.86 2.41482276e+00 1.70896820e+00 
206 1438.26 2.43326366e+00 1.71418299e+00 
205 1439.66 2.47290526e+00 1.66239481e+00 
204 1441.05 2.59591351e+00 1.64972738e+00 
203 1442.45 2.53384851e+00 1.65483911e+00 
202 1443.85 2.53346459e+00 1.71728709e+00 
201 1445.24 2.62279083e+00 1.69701804e+00 
200 1446.64 2.66130779e+00 1.71412293e+00 
199 1448.03 2.58071406e+00 1.78989253e+00 
198 1449.42 2.71805812e+00 1.67832462e+00 
197 1450.81 2.70174492e+00 1.72271000e+00 
196 1452.20 2.73210989e+00 1.72629529e+00 
195 1453.59 2.90914643e+00 1.66101109e+00 
194 1454.97 2.96597174e+00 1.84362423e+00 
193 1456.36 3.04620955e+00 1.70811168e+00 
192 1457.75 3.00003258e+00 1.88175104e+00 
191 1459.13 2.98330101e+00 1.83964286e+00 
190 1460.51 2.94139586e+00 1.86408516e+00 
189 1461.90 2.92806680e+00 1.66674940e+00 
188 1463.28 2.81791914e+00 1.81313513e+00 
187 1464.66 2.77239237e+00 1.73709223e+00 
186 1466.04 2.75617974e+00 1.81159026e+00 
185 1467.41 2.68552060e+00 1.72206533e+00 
184 1468.79 2.67620892e+00 1.68291586e+00 
183 1470.17 2.60013573e+00 1.75054291e+00 
182 1471.54 2.70687078e+00 1.62021856e+00 
181 1472.92 2.81366690e+00 1.51264181e+00 
180 1474.29 2.78352386e+00 1.75394719e+00 
179 1475.66 2.76892684e+00 1.75555475e+00 
178 1477.03 2.75738188e+00 1.68982693e+00 
177 1478.40 2.68087296e+00 1.76735458e+00 
176 1479.77 2.74838658e+00 1.75576676e+00 
175 1481.14 2.74839193e+00 1.75081211e+00 
174 1482.51 3.02257991e+00 1.37895851e+00 
173 1483.87 3.00359653e+00 1.35180188e+00 
172 1485.24 2.79172062e+00 1.70720614e+00 
171 1486.60 2.76139893e+00 1.68083180e+00 
170 1487.96 3.05199477e+00 1.24733277e+00 
169 1489.32 3.04380898e+00 1.26955111e+00 
168 1490.68 3.25973395e+00 1.11720676e+00 
167 1492.04 3.33439833e+00 9.52729185e-01 
166 1493.40 3.29913323e+00 1.10576103e+00 
165 1494.76 3.40503082e+00 8.61420994e-01 
164 1496.12 3.47403107e+00 7.80710558e-01 
163 1497.47 3.48314392e+00 6.94434635e-01 
162 1498.83 3.59791051e+00 5.94860185e-01 
161 1500.18 3.47287990e+00 5.72583583e-01 
160 1501.53 3.38590575e+00 6.26862274e-01 
159 1502.89 3.29343712e+00 6.02489854e-01 
158 1504.24 3.32481835e+00 5.93037240e-01 
157 1505.59 3.35682231e+00 5.89597490e-01 
156 1506.93 3.52065132e+00 5.02912012e-01 
155 1508.28 3.58510081e+00 4.39546903e-01 
154 1509.63 3.62706897e+00 4.33891294e-01 
153 1510.97 3.59396057e+00 3.95512915e-01 
152 1512.32 3.65695786e+00 3.66692045e-01 
151 1513.66 3.58759571e+00 3.53210176e-01 
150 1515.00 3.61994846e+00 3.65801681e-01 
149 1516.34 3.58704583e+00 3.38786675e-01 
148 1517.69 3.60575571e+00 3.29148590e-01 
147 1519.02 3.56331840e+00 2.85499900e-01 
146 1520.36 3.60428765e+00 2.28805838e-01 
145 1521.70 3.58013108e+00 1.74770507e-01 
144 1523.04 3.63429493e+00 1.58531296e-01 
143 1524.37 3.58791628e+00 1.54530407e-01 
142 1525.71 3.62246774e+00 1.59776364e-01 
141 1527.04 3.56339304e+00 1.50165158e-01 
140 1528.37 3.59460837e+00 1.38627887e-01 
139 1529.70 3.53838166e+00 1.02886985e-01 
138 1531.03 3.58033166e+00 8.88739222e-02 
137 1532.36 3.53774394e+00 7.49844710e-02 
136 1533.69 3.58236982e+00 6.81030626e-02 
135 1535.02 3.52426603e+00 5.76930604e-02 
134 1536.34 3.56396192e+00 5.78960986e-02 
133 1537.67 3.52014370e+00 4.27930520e-02 
132 1538.99 3.56032217e+00 3.72400991e-02 
131 1540.31 3.50417562e+00 3.07139118e-02 
130 1541.64 3.53693752e+00 4.18905040e-02 
129 1542.96 3.50264990e+00 4.01726339e-02 
128 1544.28 3.53588386e+00 3.64352548e-02 
127 1545.60 3.46633416e+00 1.86082598e-02 
126 1546.91 3.50899539e+00 1.16435047e-02 
125 1548.23 3.42097383e+00 1.39136726e-02 
124 1549.55 3.46298521e+00 1.38108766e-02 
123 1550.86 3.39270231e+00 1.08185398e-02 
122 1552.18 3.41003470e+00 1.25248597e-02 
121 1553.49 3.34222923e+00 9.27007247e-03 
120 1554.80 3.38135436e+00 9.67630698e-03 
119 1556.11 3.31195721e+00 4.41529033e-03 
118 1557.42 3.35276521e+00 7.10330835e-03 
117 1558.73 3.28086376e+00 2.93298706e-03 
116 1560.04 3.30344050e+00 9.38209101e-03 
115 1561.34 3.22244889e+00 4.54934776e-03 
114 1562.65 3.26522226e+00 1.11199363e-02 
113 1563.95 3.18228718e+00 8.79354269e-03 
112 1565.26 3.23275784e+00 1.35927946e-02 
111 1566.56 3.12473816e+00 2.04209989e-02 
110 1567.86 3.13742137e+00 3.74240542e-02 
109 1569.16 3.02995393e+00 5.17233434e-02 
108 1570.46 3.01081251e+00 6.43975389e-02 
107 1571.76 2.91846133e+00 6.00275296e-02 
106 1573.05 2.90562580e+00 5.48900074e-02 
105 1574.35 2.81723604e+00 4.01005255e-02 
104 1575.64 2.83203875e+00 5.03354451e-02 
103 1576.94 2.80723354e+00 4.75245827e-02 
102 1578.23 2.86563105e+00 5.47072195e-02 
101 1579.52 2.84071733e+00 5.88018128e-02 
100 1580.81 2.90894482e+00 4.97835552e-02 
99 1582.10 2.86311243e+00 2.97177058e-02 
98 1583.39 2.92536884e+00 2.62758929e-02 
97 1584.68 2.86718612e+00 1.29246196e-02 
96 1585.97 2.86756154e+00 1.06733738e-02 
95 1587.25 2.77043357e+00 9.51265332e-03 
94 1588.54 2.77786331e+00 1.08642869e-02 
93 1589.82 2.71243998e+00 1.07906812e-02 
92 1591.10 2.79419920e+00 1.23001366e-02 
91 1592.38 2.74834177e+00 8.93553952e-03 
90 1593.66 2.80218193e+00 1.27163892e-02 
89 1594.94 2.73612995e+00 1.15363328e-02 
88 1596.22 2.75537713e+00 2.91433807e-02 
87 1597.50 2.67305341e+00 3.86345015e-02 
86 1598.77 2.68200377e+00 6.10063771e-02 
85 1600.05 2.59220759e+00 6.57804069e-02 
84 1601.32 2.61132312e+00 7.42472356e-02 
83 1602.59 2.54035034e+00 5.95530709e-02 
82 1603.86 2.59126140e+00 6.84344094e-02 
81 1605.13 2.49610145e+00 5.63532733e-02 
80 1606.40 2.55162496e+00 5.47519389e-02 
79 1607.67 2.46674234e+00 4.83816448e-02 
78 1608.94 2.50641414e+00 5.51383636e-02 
77 1610.20 2.46029187e+00 3.76741470e-02 
76 1611.47 2.52206347e+00 3.71746920e-02 
75 1612.73 2.47239094e+00 2.23399485e-02 
74 1614.00 2.51693303e+00 1.84226496e-02 
73 1615.26 2.44357108e+00 2.08820351e-02 
72 1616.52 2.46860349e+00 1.52858727e-02 
71 1617.78 2.37113418e+00 1.51309327e-02 
70 1619.03 2.40392724e+00 1.10767404e-02 
69 1620.29 2.34965548e+00 1.04385402e-02 
68 1621.55 2.40145777e+00 1.04556666e-02 
67 1622.80 2.34746317e+00 6.42223403e-03 
66 1624.06 2.40986120e+00 7.60742423e-03 
65 1625.31 2.32089436e+00 6.00018143e-03 
64 1626.56 2.37423883e+00 8.00110844e-03 
63 1627.81 2.28405674e+00 8.23945344e-03 
62 1629.06 2.30418786e+00 9.25520568e-03 
61 1630.31 2.22513496e+00 6.17402855e-03 
60 1631.56 2.24709640e+00 1.43894869e-02 
59 1632.80 2.16515269e+00 6.75328248e-03 
58 1634.05 2.18767085e+00 1.80034306e-02 
57 1635.29 2.08659389e+00 1.25581569e-02 
56 1636.53 2.10174085e+00 1.42722068e-02 
55 1637.77 1.99431211e+00 1.38445288e-02 
54 1639.01 2.00976731e+00 1.89873648e-02 
53 1640.25 1.93991682e+00 1.95975396e-02 
52 1641.49 1.95923104e+00 1.46543704e-02 
51 1642.73 1.89060463e+00 2.10139936e-02 
50 1643.96 1.91814178e+00 2.08014006e-02 
49 1645.20 1.82425159e+00 1.76238434e-02 
48 1646.43 1.83669526e+00 2.26791926e-02 
47 1647.66 1.75975412e+00 1.73242014e-02 
46 1648.89 1.73566321e+00 2.03606008e-02 
45 1650.12 1.64539275e+00 2.44783987e-02 
44 1651.35 1.62872716e+00 2.31912166e-02 
43 1652.58 1.51308538e+00 2.18432552e-02 
42 1653.80 1.48750358e+00 2.91785935e-02 
41 1655.03 1.38100823e+00 2.31956843e-02 
40 1656.25 1.35199569e+00 2.19121781e-02 
39 1657.47 1.23301033e+00 2.04481010e-02 
38 1658.70 1.18537974e+00 2.29946544e-02 
37 1659.92 1.06494687e+00 2.70637838e-02 
36 1661.13 1.00687858e+00 3.78210698e-02 
35 1662.35 9.05193200e-01 2.89142337e-02 
34 1663.57 8.45814365e-01 2.78196868e-02 
33 1664.78 7.50434434e-01 1.91761081e-02 
32 1666.00 7.00076342e-01 2.48620184e-02 
31 1667.21 6.20977549e-01 2.28304553e-02 
30 1668.42 5.92317616e-01 1.39504248e-02 
29 1669.63 5.10392380e-01 1.85735064e-02 
28 1670.84 4.81320243e-01 1.54967825e-02 
27 1672.05 4.22866949e-01 1.45328982e-02 
26 1673.26 4.07187257e-01 1.01779354e-02 
25 1674.46 3.55262723e-01 1.07144625e-02 
24 1675.67 3.36958207e-01 1.73548593e-02 
23 1676.87 2.85803703e-01 2.50134727e-02 
22 1678.07 2.87743463e-01 2.96928949e-02 
21 1679.27 2.52338741e-01 6.38637822e-03 
20 1680.47 4.34243709e-01 5.00811780e-02 
19 1681.67 2.12826353e-01 4.07176298e-03 
18 1682.87 2.10435577e-01 1.20425058e-02 
17 1684.06 1.87131244e-01 1.71864274e-02 
16 1685.26 1.78173905e-01 3.09140104e-03 
15 1686.45 1.80010909e-01 1.98169916e-02 
14 1687.64 1.55052402e-01 4.23838647e-03 
13 1688.83 1.94203418e-01 9.42419342e-02 
12 1690.02 1.36676056e-01 8.41904282e-03 
11 1691.21 1.12832249e-01 1.04732291e-03 
10 1692.39 1.85001247e-01 6.50541805e-02 
9 1693.58 1.53764915e-01 1.18627682e-01 
8 1694.76 2.26726148e-01 5.70866845e-02 
7 1695.95 2.69573913e-01 3.55769917e-02 
6 1697.13 3.94283733e-01 8.21945334e-02 
5 1698.31 3.00499376e-01 1.75566023e-01 
4 1699.49 7.67396105e-02 7.54028450e-03 
3 1700.66 1.64224675e-01 4.25123791e-02 
2 1701.84 9.40687134e-02 4.45356938e-02 
1 1703.01 2.15148343e-01 2.04332310e-01 
0 1703.01 3.40009516e+00 6.43056362e-02 
