% C0 (TOA Count Rate, /ms) for 4STAR VIS spectrometer (1044 channels) derived from C:\Users\sleblan2\Research\ORACLES\data_2017\4STAR_20171025starsun.mat and recorded on 2017-10-26 13:08:50.
% Data outside 1.8x the STD of 501 nm Langley residuals were screened out. For instrument:4STAR
Pix Wavelength C0 C0err
0 173.18 -1.00000000e+00 -1.00000000e+00 
1 173.98 -1.00000000e+00 -1.00000000e+00 
2 174.77 -1.00000000e+00 -1.00000000e+00 
3 175.56 -1.00000000e+00 -1.00000000e+00 
4 176.36 -1.00000000e+00 -1.00000000e+00 
5 177.15 -1.00000000e+00 -1.00000000e+00 
6 177.94 -1.00000000e+00 -1.00000000e+00 
7 178.74 -1.00000000e+00 -1.00000000e+00 
8 179.53 -1.00000000e+00 -1.00000000e+00 
9 180.33 -1.00000000e+00 -1.00000000e+00 
10 181.12 -1.00000000e+00 -1.00000000e+00 
11 181.92 -1.00000000e+00 -1.00000000e+00 
12 182.71 -1.00000000e+00 -1.00000000e+00 
13 183.51 -1.00000000e+00 -1.00000000e+00 
14 184.30 -1.00000000e+00 -1.00000000e+00 
15 185.10 -1.00000000e+00 -1.00000000e+00 
16 185.89 -1.00000000e+00 -1.00000000e+00 
17 186.69 -1.00000000e+00 -1.00000000e+00 
18 187.49 -1.00000000e+00 -1.00000000e+00 
19 188.28 -1.00000000e+00 -1.00000000e+00 
20 189.08 -1.00000000e+00 -1.00000000e+00 
21 189.88 -1.00000000e+00 -1.00000000e+00 
22 190.67 -1.00000000e+00 -1.00000000e+00 
23 191.47 -1.00000000e+00 -1.00000000e+00 
24 192.27 -1.00000000e+00 -1.00000000e+00 
25 193.07 -1.00000000e+00 -1.00000000e+00 
26 193.86 -1.00000000e+00 -1.00000000e+00 
27 194.66 -1.00000000e+00 -1.00000000e+00 
28 195.46 -1.00000000e+00 -1.00000000e+00 
29 196.26 -1.00000000e+00 -1.00000000e+00 
30 197.05 -1.00000000e+00 -1.00000000e+00 
31 197.85 -1.00000000e+00 -1.00000000e+00 
32 198.65 -1.00000000e+00 -1.00000000e+00 
33 199.45 -1.00000000e+00 -1.00000000e+00 
34 200.25 -1.00000000e+00 -1.00000000e+00 
35 201.05 -1.00000000e+00 -1.00000000e+00 
36 201.85 -1.00000000e+00 -1.00000000e+00 
37 202.65 -1.00000000e+00 -1.00000000e+00 
38 203.44 -1.00000000e+00 -1.00000000e+00 
39 204.24 -1.00000000e+00 -1.00000000e+00 
40 205.04 -1.00000000e+00 -1.00000000e+00 
41 205.84 -1.00000000e+00 -1.00000000e+00 
42 206.64 -1.00000000e+00 -1.00000000e+00 
43 207.44 -1.00000000e+00 -1.00000000e+00 
44 208.24 -1.00000000e+00 -1.00000000e+00 
45 209.04 -1.00000000e+00 -1.00000000e+00 
46 209.84 -1.00000000e+00 -1.00000000e+00 
47 210.64 -1.00000000e+00 -1.00000000e+00 
48 211.44 -1.00000000e+00 -1.00000000e+00 
49 212.24 -1.00000000e+00 -1.00000000e+00 
50 213.04 -1.00000000e+00 -1.00000000e+00 
51 213.85 -1.00000000e+00 -1.00000000e+00 
52 214.65 -1.00000000e+00 -1.00000000e+00 
53 215.45 -1.00000000e+00 -1.00000000e+00 
54 216.25 -1.00000000e+00 -1.00000000e+00 
55 217.05 -1.00000000e+00 -1.00000000e+00 
56 217.85 -1.00000000e+00 -1.00000000e+00 
57 218.65 -1.00000000e+00 -1.00000000e+00 
58 219.46 -1.00000000e+00 -1.00000000e+00 
59 220.26 -1.00000000e+00 -1.00000000e+00 
60 221.06 -1.00000000e+00 -1.00000000e+00 
61 221.86 -1.00000000e+00 -1.00000000e+00 
62 222.66 -1.00000000e+00 -1.00000000e+00 
63 223.47 -1.00000000e+00 -1.00000000e+00 
64 224.27 -1.00000000e+00 -1.00000000e+00 
65 225.07 -1.00000000e+00 -1.00000000e+00 
66 225.87 -1.00000000e+00 -1.00000000e+00 
67 226.68 -1.00000000e+00 -1.00000000e+00 
68 227.48 -1.00000000e+00 -1.00000000e+00 
69 228.28 -1.00000000e+00 -1.00000000e+00 
70 229.08 -1.00000000e+00 -1.00000000e+00 
71 229.89 -1.00000000e+00 -1.00000000e+00 
72 230.69 -1.00000000e+00 -1.00000000e+00 
73 231.49 -1.00000000e+00 -1.00000000e+00 
74 232.30 -1.00000000e+00 -1.00000000e+00 
75 233.10 -1.00000000e+00 -1.00000000e+00 
76 233.90 -1.00000000e+00 -1.00000000e+00 
77 234.71 -1.00000000e+00 -1.00000000e+00 
78 235.51 -1.00000000e+00 -1.00000000e+00 
79 236.32 -1.00000000e+00 -1.00000000e+00 
80 237.12 -1.00000000e+00 -1.00000000e+00 
81 237.92 -1.00000000e+00 -1.00000000e+00 
82 238.73 -1.00000000e+00 -1.00000000e+00 
83 239.53 -1.00000000e+00 -1.00000000e+00 
84 240.34 -1.00000000e+00 -1.00000000e+00 
85 241.14 -1.00000000e+00 -1.00000000e+00 
86 241.94 -1.00000000e+00 -1.00000000e+00 
87 242.75 -1.00000000e+00 -1.00000000e+00 
88 243.55 -1.00000000e+00 -1.00000000e+00 
89 244.36 -1.00000000e+00 -1.00000000e+00 
90 245.16 -1.00000000e+00 -1.00000000e+00 
91 245.97 -1.00000000e+00 -1.00000000e+00 
92 246.77 -1.00000000e+00 -1.00000000e+00 
93 247.58 -1.00000000e+00 -1.00000000e+00 
94 248.38 -1.00000000e+00 -1.00000000e+00 
95 249.19 -1.00000000e+00 -1.00000000e+00 
96 249.99 -1.00000000e+00 -1.00000000e+00 
97 250.80 -1.00000000e+00 -1.00000000e+00 
98 251.60 -1.00000000e+00 -1.00000000e+00 
99 252.41 -1.00000000e+00 -1.00000000e+00 
100 253.21 -1.00000000e+00 -1.00000000e+00 
101 254.02 -1.00000000e+00 -1.00000000e+00 
102 254.82 -1.00000000e+00 -1.00000000e+00 
103 255.63 -1.00000000e+00 -1.00000000e+00 
104 256.44 -1.00000000e+00 -1.00000000e+00 
105 257.24 -1.00000000e+00 -1.00000000e+00 
106 258.05 -1.00000000e+00 -1.00000000e+00 
107 258.85 -1.00000000e+00 -1.00000000e+00 
108 259.66 -1.00000000e+00 -1.00000000e+00 
109 260.46 -1.00000000e+00 -1.00000000e+00 
110 261.27 -1.00000000e+00 -1.00000000e+00 
111 262.08 -1.00000000e+00 -1.00000000e+00 
112 262.88 -1.00000000e+00 -1.00000000e+00 
113 263.69 -1.00000000e+00 -1.00000000e+00 
114 264.49 -1.00000000e+00 -1.00000000e+00 
115 265.30 -1.00000000e+00 -1.00000000e+00 
116 266.11 -1.00000000e+00 -1.00000000e+00 
117 266.91 -1.00000000e+00 -1.00000000e+00 
118 267.72 -1.00000000e+00 -1.00000000e+00 
119 268.53 -1.00000000e+00 -1.00000000e+00 
120 269.33 -1.00000000e+00 -1.00000000e+00 
121 270.14 -1.00000000e+00 -1.00000000e+00 
122 270.95 -1.00000000e+00 -1.00000000e+00 
123 271.75 -1.00000000e+00 -1.00000000e+00 
124 272.56 -1.00000000e+00 -1.00000000e+00 
125 273.37 -1.00000000e+00 -1.00000000e+00 
126 274.17 -1.00000000e+00 -1.00000000e+00 
127 274.98 -1.00000000e+00 -1.00000000e+00 
128 275.79 -1.00000000e+00 -1.00000000e+00 
129 276.59 -1.00000000e+00 -1.00000000e+00 
130 277.40 1.52143135e+01 4.56429392e-01 
131 278.21 9.45781517e+00 2.83734441e-01 
132 279.01 1.43414593e+01 4.30243790e-01 
133 279.82 1.52744427e+01 4.58233267e-01 
134 280.63 1.78831291e+01 5.36493897e-01 
135 281.43 2.26005287e+01 6.78015888e-01 
136 282.24 2.53256874e+01 7.59770632e-01 
137 283.05 3.00293694e+01 9.00881052e-01 
138 283.86 3.56667442e+01 1.07000232e+00 
139 284.66 3.06221142e+01 9.18663442e-01 
140 285.47 2.44808521e+01 7.34425545e-01 
141 286.28 1.97399235e+01 5.92197716e-01 
142 287.09 1.50251913e+01 4.50755745e-01 
143 287.89 1.93204193e+01 5.79612553e-01 
144 288.70 1.65170685e+02 4.95512056e+00 
145 289.51 1.52658295e+02 4.57974863e+00 
146 290.32 5.32661133e+02 1.59798336e+01 
147 291.12 5.69064697e+02 1.70719414e+01 
148 291.93 3.27101898e+02 9.81305695e+00 
149 292.74 1.87772552e+02 5.63317680e+00 
150 293.55 1.11300156e+02 3.33900476e+00 
151 294.35 7.13493118e+01 2.14047933e+00 
152 295.16 4.71571274e+01 1.41471386e+00 
153 295.97 3.16244297e+01 9.48732913e-01 
154 296.78 2.19880676e+01 6.59642041e-01 
155 297.58 1.58075628e+01 4.74226892e-01 
156 298.39 1.16222000e+01 3.48666012e-01 
157 299.20 9.05730247e+00 2.71719068e-01 
158 300.01 7.11207390e+00 2.13362217e-01 
159 300.81 5.83655739e+00 1.75096720e-01 
160 301.62 4.85062361e+00 1.45518705e-01 
161 302.43 4.12119198e+00 1.23635761e-01 
162 303.24 3.55630994e+00 1.06689297e-01 
163 304.04 3.20704198e+00 9.62112620e-02 
164 304.85 2.76422787e+00 8.29268396e-02 
165 305.66 2.47769356e+00 7.43308067e-02 
166 306.47 2.23097396e+00 6.69292212e-02 
167 307.28 2.07455039e+00 6.22365102e-02 
168 308.08 1.87913609e+00 5.63740842e-02 
169 308.89 1.78608000e+00 5.35824001e-02 
170 309.70 1.66475809e+00 4.99427430e-02 
171 310.51 1.56608117e+00 4.69824336e-02 
172 311.32 1.49980974e+00 4.49942909e-02 
173 312.12 1.41537833e+00 4.24613506e-02 
174 312.93 1.39753985e+00 4.19261940e-02 
175 313.74 1.35155618e+00 4.05466855e-02 
176 314.55 1.29419494e+00 3.88258472e-02 
177 315.36 1.25067496e+00 3.75202484e-02 
178 316.16 1.24062824e+00 3.72188464e-02 
179 316.97 1.19716346e+00 3.59149054e-02 
180 317.78 1.17606485e+00 3.52819450e-02 
181 318.59 1.16060317e+00 3.48180942e-02 
182 319.40 1.18943322e+00 3.56829949e-02 
183 320.20 1.13820744e+00 3.41462232e-02 
184 321.01 1.15563917e+00 3.46691757e-02 
185 321.82 1.13400650e+00 3.40201966e-02 
186 322.63 1.15579677e+00 3.46739031e-02 
187 323.43 1.10403621e+00 3.31210867e-02 
188 324.24 1.14296746e+00 3.42890248e-02 
189 325.05 1.13129532e+00 3.39388587e-02 
190 325.86 1.15522206e+00 3.46566625e-02 
191 326.67 1.14980292e+00 3.44940871e-02 
192 327.48 1.18110812e+00 3.54332440e-02 
193 328.28 1.16560936e+00 3.49682793e-02 
194 329.09 1.18369102e+00 3.55107300e-02 
195 329.90 1.19038248e+00 3.57114747e-02 
196 330.71 1.20908737e+00 3.62726226e-02 
197 331.52 1.23818362e+00 3.71455103e-02 
198 332.32 1.28138769e+00 3.84416319e-02 
199 333.13 1.36063588e+00 4.08190750e-02 
200 333.94 1.49648690e+00 4.48946059e-02 
201 334.75 1.71747601e+00 5.15242815e-02 
202 335.55 2.05137467e+00 6.15412407e-02 
203 336.36 2.54327559e+00 7.62982666e-02 
204 337.17 3.42998862e+00 1.02899656e-01 
205 337.98 4.79533386e+00 1.43860012e-01 
206 338.79 6.62359619e+00 1.98707879e-01 
207 339.60 8.85534477e+00 2.65660346e-01 
208 340.40 1.10117617e+01 3.30352843e-01 
209 341.21 1.34911327e+01 4.04733986e-01 
210 342.02 1.63493824e+01 4.90481466e-01 
211 342.83 1.90361328e+01 5.71083963e-01 
212 343.63 2.00263920e+01 6.00791752e-01 
213 344.44 2.17146416e+01 6.51439250e-01 
214 345.25 2.53593769e+01 7.60781288e-01 
215 346.06 2.89290829e+01 8.67872477e-01 
216 346.87 3.15995731e+01 9.47987199e-01 
217 347.67 3.39319763e+01 1.01795924e+00 
218 348.48 3.57595139e+01 1.07278538e+00 
219 349.29 4.00901947e+01 1.20270586e+00 
220 350.10 4.54574280e+01 1.36372280e+00 
221 350.90 4.94592590e+01 1.48377776e+00 
222 351.71 4.90571671e+01 1.47171497e+00 
223 352.52 5.25008583e+01 1.57502580e+00 
224 353.33 5.96600800e+01 1.78980243e+00 
225 354.14 6.70085754e+01 2.01025724e+00 
226 354.94 7.15169983e+01 2.14550996e+00 
227 355.75 6.98256683e+01 2.09476995e+00 
228 356.56 6.51183624e+01 1.95355082e+00 
229 357.37 6.19239464e+01 1.85771835e+00 
230 358.18 6.21231651e+01 1.86369491e+00 
231 358.98 7.33673019e+01 2.20101905e+00 
232 359.79 8.61555481e+01 2.58466649e+00 
233 360.60 8.74164581e+01 2.62249374e+00 
234 361.41 8.74409714e+01 2.62322903e+00 
235 362.21 9.46156921e+01 2.83847070e+00 
236 363.02 1.00658676e+02 3.01976037e+00 
237 363.83 1.05448097e+02 3.16344285e+00 
238 364.64 1.12838799e+02 3.38516402e+00 
239 365.44 1.25515816e+02 3.76547456e+00 
240 366.25 1.35063248e+02 4.05189753e+00 
241 367.06 1.35929459e+02 4.07788372e+00 
242 367.87 1.34475113e+02 4.03425360e+00 
243 368.67 1.37607193e+02 4.12821579e+00 
244 369.48 1.44806458e+02 4.34419394e+00 
245 370.29 1.45297119e+02 4.35891342e+00 
246 371.10 1.44435028e+02 4.33305073e+00 
247 371.90 1.39852051e+02 4.19556141e+00 
248 372.71 1.31722916e+02 3.95168757e+00 
249 373.52 1.24670235e+02 3.74010706e+00 
250 374.33 1.26121048e+02 3.78363132e+00 
251 375.13 1.37107971e+02 4.11323929e+00 
252 375.94 1.50625366e+02 4.51876116e+00 
253 376.75 1.64785217e+02 4.94355631e+00 
254 377.56 1.80725449e+02 5.42176342e+00 
255 378.36 1.82550690e+02 5.47652054e+00 
256 379.17 1.72174011e+02 5.16522026e+00 
257 379.98 1.70721283e+02 5.12163830e+00 
258 380.78 1.69379639e+02 5.08138895e+00 
259 381.59 1.51284424e+02 4.53853273e+00 
260 382.40 1.28324692e+02 3.84974074e+00 
261 383.20 1.19988449e+02 3.59965348e+00 
262 384.01 1.33383133e+02 4.00149393e+00 
263 384.82 1.51252686e+02 4.53758049e+00 
264 385.63 1.56724976e+02 4.70174932e+00 
265 386.43 1.58028992e+02 4.74086952e+00 
266 387.24 1.58923401e+02 4.76770210e+00 
267 388.05 1.61990662e+02 4.85971975e+00 
268 388.85 1.73822449e+02 5.21467352e+00 
269 389.66 1.89935852e+02 5.69807577e+00 
270 390.47 2.02020111e+02 6.06060314e+00 
271 391.27 2.00639893e+02 6.01919699e+00 
272 392.08 1.74768829e+02 5.24306488e+00 
273 392.89 1.40291809e+02 4.20875406e+00 
274 393.69 1.38838837e+02 4.16516495e+00 
275 394.50 1.69428253e+02 5.08284760e+00 
276 395.31 1.85262482e+02 5.55787468e+00 
277 396.11 1.68250732e+02 5.04752207e+00 
278 396.92 1.62779144e+02 4.88337421e+00 
279 397.73 1.99203857e+02 5.97611570e+00 
280 398.53 2.44235687e+02 7.32707071e+00 
281 399.34 2.69828217e+02 8.09484673e+00 
282 400.15 2.82587067e+02 8.47761154e+00 
283 400.95 2.92602448e+02 8.77807331e+00 
284 401.76 3.00193909e+02 9.00581741e+00 
285 402.57 3.01393280e+02 9.04179859e+00 
286 403.37 2.99533905e+02 8.98601723e+00 
287 404.18 2.98351044e+02 8.95053101e+00 
288 404.99 2.97020294e+02 8.91060925e+00 
289 405.79 2.95476166e+02 8.86428452e+00 
290 406.60 2.96658203e+02 8.89974594e+00 
291 407.40 3.05144257e+02 9.15432739e+00 
292 408.21 3.16977417e+02 9.50932217e+00 
293 409.02 3.19503113e+02 9.58509350e+00 
294 409.82 3.13951355e+02 9.41854095e+00 
295 410.63 3.18942810e+02 9.56828403e+00 
296 411.43 3.32847809e+02 9.98543453e+00 
297 412.24 3.39147827e+02 1.01744347e+01 
298 413.05 3.38647034e+02 1.01594114e+01 
299 413.85 3.37615112e+02 1.01284533e+01 
300 414.66 3.36762329e+02 1.01028700e+01 
301 415.46 3.37040741e+02 1.01112223e+01 
302 416.27 3.35710724e+02 1.00713215e+01 
303 417.08 3.29798676e+02 9.89396000e+00 
304 417.88 3.23491211e+02 9.70473671e+00 
305 418.69 3.21237610e+02 9.63712788e+00 
306 419.49 3.21829865e+02 9.65489578e+00 
307 420.30 3.26544922e+02 9.79634762e+00 
308 421.11 3.29997986e+02 9.89993954e+00 
309 421.91 3.26258392e+02 9.78775215e+00 
310 422.72 3.21419159e+02 9.64257431e+00 
311 423.52 3.23053131e+02 9.69159412e+00 
312 424.33 3.27723419e+02 9.83170223e+00 
313 425.13 3.30387817e+02 9.91163445e+00 
314 425.94 3.31247375e+02 9.93742085e+00 
315 426.74 3.32151489e+02 9.96454430e+00 
316 427.55 3.33353210e+02 1.00005960e+01 
317 428.36 3.29901245e+02 9.89703751e+00 
318 429.16 3.16505432e+02 9.49516296e+00 
319 429.96 3.04713593e+02 9.14140797e+00 
320 430.77 3.18860382e+02 9.56581116e+00 
321 431.58 3.57119965e+02 1.07135992e+01 
322 432.38 3.90715027e+02 1.17214508e+01 
323 433.19 4.05865173e+02 1.21759548e+01 
324 433.99 4.16471436e+02 1.24941435e+01 
325 434.80 4.36942902e+02 1.31082869e+01 
326 435.60 4.62553680e+02 1.38766108e+01 
327 436.41 4.77274475e+02 1.43182344e+01 
328 437.21 4.75985168e+02 1.42795553e+01 
329 438.02 4.70835876e+02 1.41250763e+01 
330 438.82 4.77288818e+02 1.43186646e+01 
331 439.63 4.94112183e+02 1.48233652e+01 
332 440.43 5.15940613e+02 1.54782181e+01 
333 441.24 5.38418823e+02 1.61525650e+01 
334 442.04 5.58327332e+02 1.67498207e+01 
335 442.85 5.71884216e+02 1.71565266e+01 
336 443.65 5.80872925e+02 1.74261875e+01 
337 444.45 5.84813232e+02 1.75443974e+01 
338 445.26 5.84880493e+02 1.75464153e+01 
339 446.06 5.91213318e+02 1.77363987e+01 
340 446.87 6.07215942e+02 1.82164783e+01 
341 447.67 6.25294617e+02 1.87588387e+01 
342 448.48 6.38836548e+02 1.91650963e+01 
343 449.28 6.52380859e+02 1.95714264e+01 
344 450.09 6.67044189e+02 2.00113258e+01 
345 450.89 6.74320007e+02 2.02296009e+01 
346 451.70 6.66779297e+02 2.00033798e+01 
347 452.50 6.54037842e+02 1.96211357e+01 
348 453.30 6.50268311e+02 1.95080490e+01 
349 454.11 6.56153931e+02 1.96846180e+01 
350 454.91 6.67241089e+02 2.00172329e+01 
351 455.72 6.79131226e+02 2.03739376e+01 
352 456.52 6.88733826e+02 2.06620140e+01 
353 457.32 6.92372070e+02 2.07711620e+01 
354 458.13 6.90860657e+02 2.07258205e+01 
355 458.93 6.90657410e+02 2.07197227e+01 
356 459.74 6.96405945e+02 2.08921776e+01 
357 460.54 7.06705566e+02 2.12011662e+01 
358 461.34 7.17069214e+02 2.15120773e+01 
359 462.15 7.23702332e+02 2.17110691e+01 
360 462.95 7.23439087e+02 2.17031727e+01 
361 463.76 7.18127625e+02 2.15438290e+01 
362 464.56 7.12824219e+02 2.13847275e+01 
363 465.36 7.09349731e+02 2.12804928e+01 
364 466.17 7.07996033e+02 2.12398815e+01 
365 466.97 7.09644043e+02 2.12893219e+01 
366 467.77 7.14264832e+02 2.14279442e+01 
367 468.58 7.18181396e+02 2.15454426e+01 
368 469.38 7.17832153e+02 2.15349655e+01 
369 470.18 7.18627380e+02 2.15588207e+01 
370 470.99 7.27190186e+02 2.18157063e+01 
371 471.79 7.38723145e+02 2.21616936e+01 
372 472.59 7.48103516e+02 2.24431057e+01 
373 473.40 7.55186768e+02 2.26556034e+01 
374 474.20 7.60596375e+02 2.28178921e+01 
375 475.00 7.63004028e+02 2.28901215e+01 
376 475.81 7.64628052e+02 2.29388409e+01 
377 476.61 7.69298950e+02 2.30789680e+01 
378 477.41 7.77314941e+02 2.33194485e+01 
379 478.21 7.84717834e+02 2.35415344e+01 
380 479.02 7.89770874e+02 2.36931267e+01 
381 479.82 7.92829468e+02 2.37848835e+01 
382 480.62 7.96257446e+02 2.38877239e+01 
383 481.43 7.97397339e+02 2.39219208e+01 
384 482.23 7.94780701e+02 2.38434219e+01 
385 483.03 7.87451904e+02 2.36235580e+01 
386 483.84 7.73390808e+02 2.32017250e+01 
387 484.64 7.46200317e+02 2.23860092e+01 
388 485.44 7.14796997e+02 2.14439106e+01 
389 486.24 7.00037659e+02 2.10011292e+01 
390 487.04 7.08376282e+02 2.12512894e+01 
391 487.85 7.31248779e+02 2.19374638e+01 
392 488.65 7.54885742e+02 2.26465721e+01 
393 489.45 7.69815308e+02 2.30944595e+01 
394 490.26 7.72966064e+02 2.31889820e+01 
395 491.06 7.67531067e+02 2.30259323e+01 
396 491.86 7.61619446e+02 2.28485832e+01 
397 492.66 7.62726807e+02 2.28818035e+01 
398 493.46 7.71774658e+02 2.31532402e+01 
399 494.27 7.80617065e+02 2.34185123e+01 
400 495.07 7.84913208e+02 2.35473957e+01 
401 495.87 7.85991821e+02 2.35797539e+01 
402 496.67 7.81595886e+02 2.34478760e+01 
403 497.48 7.74257935e+02 2.32277374e+01 
404 498.28 7.67438477e+02 2.30231552e+01 
405 499.08 7.59724976e+02 2.27917500e+01 
406 499.88 7.51273254e+02 2.25381985e+01 
407 500.68 7.44347046e+02 2.23304119e+01 
408 501.48 7.42112183e+02 2.22633648e+01 
409 502.29 7.45656128e+02 2.23696842e+01 
410 503.09 7.51142456e+02 2.25342731e+01 
411 503.89 7.58077759e+02 2.27423325e+01 
412 504.69 7.66450317e+02 2.29935093e+01 
413 505.49 7.72706665e+02 2.31812000e+01 
414 506.29 7.72705933e+02 2.31811771e+01 
415 507.09 7.67715881e+02 2.30314770e+01 
416 507.90 7.63469482e+02 2.29040852e+01 
417 508.70 7.62523926e+02 2.28757172e+01 
418 509.50 7.63427612e+02 2.29028282e+01 
419 510.30 7.64652100e+02 2.29395638e+01 
420 511.10 7.62814087e+02 2.28844223e+01 
421 511.90 7.56786560e+02 2.27035961e+01 
422 512.71 7.47767883e+02 2.24330368e+01 
423 513.51 7.38935608e+02 2.21680679e+01 
424 514.31 7.32307800e+02 2.19692345e+01 
425 515.11 7.20301880e+02 2.16090565e+01 
426 515.91 7.00180542e+02 2.10054169e+01 
427 516.71 6.81265442e+02 2.04379635e+01 
428 517.51 6.72588806e+02 2.01776638e+01 
429 518.31 6.79723145e+02 2.03916950e+01 
430 519.11 6.97300171e+02 2.09190044e+01 
431 519.91 7.13795654e+02 2.14138699e+01 
432 520.71 7.25333313e+02 2.17600002e+01 
433 521.52 7.29243103e+02 2.18772926e+01 
434 522.32 7.31942993e+02 2.19582901e+01 
435 523.12 7.37777588e+02 2.21333275e+01 
436 523.92 7.43522217e+02 2.23056660e+01 
437 524.72 7.42489868e+02 2.22746964e+01 
438 525.52 7.30365723e+02 2.19109726e+01 
439 526.32 7.17500549e+02 2.15250168e+01 
440 527.12 7.17056946e+02 2.15117092e+01 
441 527.92 7.28958008e+02 2.18687401e+01 
442 528.72 7.45472656e+02 2.23641796e+01 
443 529.52 7.58335144e+02 2.27500534e+01 
444 530.32 7.63246704e+02 2.28974018e+01 
445 531.12 7.59258179e+02 2.27777462e+01 
446 531.92 7.50964478e+02 2.25289345e+01 
447 532.72 7.44427612e+02 2.23328285e+01 
448 533.52 7.44688538e+02 2.23406563e+01 
449 534.32 7.51384277e+02 2.25415287e+01 
450 535.12 7.56942505e+02 2.27082748e+01 
451 535.92 7.56850830e+02 2.27055244e+01 
452 536.72 7.54454651e+02 2.26336403e+01 
453 537.52 7.51380371e+02 2.25414104e+01 
454 538.32 7.46697876e+02 2.24009361e+01 
455 539.12 7.40105591e+02 2.22031670e+01 
456 539.92 7.34558350e+02 2.20367508e+01 
457 540.72 7.33403015e+02 2.20020905e+01 
458 541.52 7.36723694e+02 2.21017113e+01 
459 542.32 7.42608459e+02 2.22782536e+01 
460 543.12 7.47935120e+02 2.24380531e+01 
461 543.92 7.51812622e+02 2.25543785e+01 
462 544.72 7.54417236e+02 2.26325169e+01 
463 545.52 7.54117981e+02 2.26235390e+01 
464 546.32 7.50481567e+02 2.25144463e+01 
465 547.12 7.45988647e+02 2.23796597e+01 
466 547.91 7.43760498e+02 2.23128147e+01 
467 548.71 7.43104004e+02 2.22931194e+01 
468 549.51 7.43023560e+02 2.22907066e+01 
469 550.31 7.42633911e+02 2.22790165e+01 
470 551.11 7.41715210e+02 2.22514572e+01 
471 551.91 7.40994080e+02 2.22298222e+01 
472 552.71 7.41027649e+02 2.22308292e+01 
473 553.51 7.43217041e+02 2.22965107e+01 
474 554.31 7.44136230e+02 2.23240871e+01 
475 555.10 7.41546204e+02 2.22463856e+01 
476 555.90 7.36626343e+02 2.20987911e+01 
477 556.70 7.30422119e+02 2.19126644e+01 
478 557.50 7.21866028e+02 2.16559811e+01 
479 558.30 7.15140991e+02 2.14542294e+01 
480 559.10 7.14324097e+02 2.14297237e+01 
481 559.90 7.15355835e+02 2.14606743e+01 
482 560.70 7.19170044e+02 2.15751019e+01 
483 561.49 7.25623169e+02 2.17686958e+01 
484 562.29 7.29498047e+02 2.18849411e+01 
485 563.09 7.31361084e+02 2.19408321e+01 
486 563.89 7.32361938e+02 2.19708576e+01 
487 564.69 7.31243896e+02 2.19373169e+01 
488 565.49 7.29250061e+02 2.18775024e+01 
489 566.29 7.29513000e+02 2.18853893e+01 
490 567.08 7.33640869e+02 2.20092258e+01 
491 567.88 7.37485718e+02 2.21245708e+01 
492 568.68 7.38447021e+02 2.21534100e+01 
493 569.48 7.37369629e+02 2.21210880e+01 
494 570.28 7.35977905e+02 2.20793381e+01 
495 571.07 7.40514038e+02 2.22154217e+01 
496 571.87 7.51185120e+02 2.25355530e+01 
497 572.67 7.61335876e+02 2.28400764e+01 
498 573.47 7.66379395e+02 2.29913826e+01 
499 574.26 7.63209229e+02 2.28962765e+01 
500 575.06 7.57526001e+02 2.27257805e+01 
501 575.86 7.53387329e+02 2.26016197e+01 
502 576.66 7.48831909e+02 2.24649582e+01 
503 577.45 7.43943237e+02 2.23182964e+01 
504 578.25 7.39866760e+02 2.21960030e+01 
505 579.05 7.37321838e+02 2.21196556e+01 
506 579.85 7.37108459e+02 2.21132545e+01 
507 580.65 7.37914490e+02 2.21374340e+01 
508 581.44 7.38870422e+02 2.21661129e+01 
509 582.24 7.39034607e+02 2.21710377e+01 
510 583.04 7.37880371e+02 2.21364117e+01 
511 583.83 7.33667114e+02 2.20100136e+01 
512 584.63 7.26757935e+02 2.18027382e+01 
513 585.43 7.20851318e+02 2.16255398e+01 
514 586.22 7.17043579e+02 2.15113068e+01 
515 587.02 7.10634216e+02 2.13190269e+01 
516 587.82 6.97321777e+02 2.09196529e+01 
517 588.62 6.83266541e+02 2.04979954e+01 
518 589.41 6.78161133e+02 2.03448334e+01 
519 590.21 6.83336304e+02 2.05000896e+01 
520 591.01 6.93335449e+02 2.08000641e+01 
521 591.80 7.00408936e+02 2.10122681e+01 
522 592.60 7.02143433e+02 2.10643024e+01 
523 593.40 7.01385193e+02 2.10415554e+01 
524 594.19 7.00557922e+02 2.10167370e+01 
525 594.99 7.00943848e+02 2.10283146e+01 
526 595.79 7.02713196e+02 2.10813961e+01 
527 596.58 7.03433960e+02 2.11030197e+01 
528 597.38 7.02644165e+02 2.10793247e+01 
529 598.18 7.00818176e+02 2.10245457e+01 
530 598.97 6.98493530e+02 2.09548054e+01 
531 599.77 6.96027161e+02 2.08808155e+01 
532 600.56 6.93143738e+02 2.07943115e+01 
533 601.36 6.91121582e+02 2.07336483e+01 
534 602.16 6.92634888e+02 2.07790470e+01 
535 602.95 6.96330261e+02 2.08899078e+01 
536 603.75 6.99893433e+02 2.09968033e+01 
537 604.54 7.00924438e+02 2.10277328e+01 
538 605.34 6.99738647e+02 2.09921589e+01 
539 606.14 6.97655640e+02 2.09296684e+01 
540 606.93 6.94711121e+02 2.08413334e+01 
541 607.73 6.90939697e+02 2.07281914e+01 
542 608.52 6.86323914e+02 2.05897179e+01 
543 609.32 6.82188354e+02 2.04656506e+01 
544 610.11 6.79783813e+02 2.03935146e+01 
545 610.91 6.78457397e+02 2.03537216e+01 
546 611.71 6.76021179e+02 2.02806358e+01 
547 612.50 6.72640137e+02 2.01792049e+01 
548 613.30 6.69225220e+02 2.00767574e+01 
549 614.09 6.66544678e+02 1.99963398e+01 
550 614.89 6.62634399e+02 1.98790321e+01 
551 615.68 6.58263550e+02 1.97479057e+01 
552 616.48 6.57301880e+02 1.97190571e+01 
553 617.27 6.60101440e+02 1.98030434e+01 
554 618.07 6.65149902e+02 1.99544964e+01 
555 618.86 6.69466553e+02 2.00839958e+01 
556 619.66 6.71637268e+02 2.01491184e+01 
557 620.45 6.70962158e+02 2.01288643e+01 
558 621.25 6.68037598e+02 2.00411282e+01 
559 622.04 6.63232178e+02 1.98969650e+01 
560 622.84 6.58217407e+02 1.97465229e+01 
561 623.63 6.53584595e+02 1.96075382e+01 
562 624.43 6.49312744e+02 1.94793816e+01 
563 625.22 6.48126099e+02 1.94437828e+01 
564 626.02 6.47130859e+02 1.94139252e+01 
565 626.81 6.45223877e+02 1.93567162e+01 
566 627.61 6.41988892e+02 1.92596664e+01 
567 628.40 6.38424500e+02 1.91527348e+01 
568 629.19 6.35428406e+02 1.90628529e+01 
569 629.99 6.33594910e+02 1.90078468e+01 
570 630.78 6.31897156e+02 1.89569149e+01 
571 631.58 6.32106628e+02 1.89631996e+01 
572 632.37 6.32241943e+02 1.89672585e+01 
573 633.17 6.31571228e+02 1.89471359e+01 
574 633.96 6.30245728e+02 1.89073715e+01 
575 634.76 6.27775146e+02 1.88332539e+01 
576 635.55 6.25693054e+02 1.87707920e+01 
577 636.34 6.24827820e+02 1.87448349e+01 
578 637.14 6.25013184e+02 1.87503948e+01 
579 637.93 6.23726440e+02 1.87117939e+01 
580 638.72 6.18842163e+02 1.85652657e+01 
581 639.52 6.12541565e+02 1.83762474e+01 
582 640.31 6.06909729e+02 1.82072926e+01 
583 641.11 6.03515930e+02 1.81054783e+01 
584 641.90 6.02686279e+02 1.80805893e+01 
585 642.69 6.02591431e+02 1.80777435e+01 
586 643.49 6.01217773e+02 1.80365334e+01 
587 644.28 5.98688843e+02 1.79606647e+01 
588 645.07 5.94860352e+02 1.78458099e+01 
589 645.87 5.91467102e+02 1.77440128e+01 
590 646.66 5.88288086e+02 1.76486435e+01 
591 647.45 5.84833069e+02 1.75449924e+01 
592 648.25 5.79249573e+02 1.73774872e+01 
593 649.04 5.73953613e+02 1.72186089e+01 
594 649.83 5.73088074e+02 1.71926422e+01 
595 650.63 5.75608521e+02 1.72682552e+01 
596 651.42 5.77587830e+02 1.73276348e+01 
597 652.21 5.77583679e+02 1.73275108e+01 
598 653.00 5.76367065e+02 1.72910118e+01 
599 653.80 5.70359131e+02 1.71107731e+01 
600 654.59 5.53415283e+02 1.66024590e+01 
601 655.38 5.28420654e+02 1.58526192e+01 
602 656.17 5.14151733e+02 1.54245520e+01 
603 656.97 5.22464661e+02 1.56739397e+01 
604 657.76 5.42789429e+02 1.62836838e+01 
605 658.55 5.57619873e+02 1.67285957e+01 
606 659.34 5.63872070e+02 1.69161625e+01 
607 660.14 5.67279053e+02 1.70183716e+01 
608 660.93 5.70298767e+02 1.71089630e+01 
609 661.72 5.71514587e+02 1.71454372e+01 
610 662.52 5.69759521e+02 1.70927849e+01 
611 663.31 5.67427002e+02 1.70228100e+01 
612 664.10 5.67316650e+02 1.70194988e+01 
613 664.89 5.68181580e+02 1.70454483e+01 
614 665.68 5.67988159e+02 1.70396442e+01 
615 666.47 5.66721252e+02 1.70016384e+01 
616 667.27 5.66082764e+02 1.69824829e+01 
617 668.06 5.66394409e+02 1.69918327e+01 
618 668.85 5.65972961e+02 1.69791889e+01 
619 669.64 5.64124329e+02 1.69237289e+01 
620 670.43 5.61184082e+02 1.68355217e+01 
621 671.23 5.58226990e+02 1.67468090e+01 
622 672.02 5.56948914e+02 1.67084675e+01 
623 672.81 5.57333069e+02 1.67199917e+01 
624 673.60 5.56702759e+02 1.67010822e+01 
625 674.39 5.54582886e+02 1.66374874e+01 
626 675.18 5.52517456e+02 1.65755234e+01 
627 675.97 5.51169922e+02 1.65350971e+01 
628 676.77 5.50120728e+02 1.65036221e+01 
629 677.56 5.48681702e+02 1.64604511e+01 
630 678.35 5.46826721e+02 1.64048023e+01 
631 679.14 5.44967651e+02 1.63490295e+01 
632 679.93 5.42596130e+02 1.62778835e+01 
633 680.72 5.40256592e+02 1.62076969e+01 
634 681.51 5.38392883e+02 1.61517868e+01 
635 682.30 5.35980713e+02 1.60794220e+01 
636 683.09 5.31358704e+02 1.59407616e+01 
637 683.88 5.25693115e+02 1.57707939e+01 
638 684.67 5.18980530e+02 1.55694160e+01 
639 685.46 4.99222443e+02 1.49766731e+01 
640 686.26 4.58854919e+02 1.37656479e+01 
641 687.04 4.25913971e+02 1.27774191e+01 
642 687.84 4.25659760e+02 1.27697926e+01 
643 688.63 4.39602631e+02 1.31880789e+01 
644 689.42 4.48915161e+02 1.34674549e+01 
645 690.21 4.57106781e+02 1.37132034e+01 
646 691.00 4.65901093e+02 1.39770327e+01 
647 691.79 4.72373596e+02 1.41712074e+01 
648 692.58 4.74650208e+02 1.42395058e+01 
649 693.37 4.73067841e+02 1.41920357e+01 
650 694.16 4.70833618e+02 1.41250086e+01 
651 694.95 4.71207581e+02 1.41362276e+01 
652 695.74 4.75349609e+02 1.42604885e+01 
653 696.53 4.79466797e+02 1.43840036e+01 
654 697.32 4.79169006e+02 1.43750706e+01 
655 698.10 4.75056183e+02 1.42516851e+01 
656 698.89 4.70775238e+02 1.41232567e+01 
657 699.68 4.67253998e+02 1.40176201e+01 
658 700.47 4.63810181e+02 1.39143057e+01 
659 701.26 4.60765961e+02 1.38229790e+01 
660 702.05 4.58703339e+02 1.37610998e+01 
661 702.84 4.59391296e+02 1.37817392e+01 
662 703.63 4.62481781e+02 1.38744535e+01 
663 704.42 4.65466064e+02 1.39639816e+01 
664 705.21 4.65506470e+02 1.39651937e+01 
665 706.00 4.65006653e+02 1.39501991e+01 
666 706.79 4.65248627e+02 1.39574585e+01 
667 707.58 4.64706085e+02 1.39411821e+01 
668 708.37 4.62142517e+02 1.38642759e+01 
669 709.15 4.60844177e+02 1.38253250e+01 
670 709.94 4.61457672e+02 1.38437300e+01 
671 710.73 4.60302368e+02 1.38090706e+01 
672 711.52 4.57029633e+02 1.37108889e+01 
673 712.31 4.54385132e+02 1.36315536e+01 
674 713.10 4.53321869e+02 1.35996561e+01 
675 713.88 4.51821838e+02 1.35546551e+01 
676 714.67 4.47812836e+02 1.34343853e+01 
677 715.46 4.38752411e+02 1.31625719e+01 
678 716.25 4.18730743e+02 1.25619221e+01 
679 717.04 3.92544006e+02 1.17763205e+01 
680 717.83 3.70772034e+02 1.11231613e+01 
681 718.61 3.59141724e+02 1.07742519e+01 
682 719.40 3.59033142e+02 1.07709942e+01 
683 720.19 3.70423035e+02 1.11126909e+01 
684 720.98 3.91417664e+02 1.17425299e+01 
685 721.76 4.05736115e+02 1.21720839e+01 
686 722.55 3.99787781e+02 1.19936333e+01 
687 723.34 3.84808350e+02 1.15442505e+01 
688 724.13 3.75995728e+02 1.12798719e+01 
689 724.92 3.74707428e+02 1.12412224e+01 
690 725.70 3.77164368e+02 1.13149309e+01 
691 726.49 3.79191437e+02 1.13757429e+01 
692 727.28 3.77672058e+02 1.13301620e+01 
693 728.06 3.75678711e+02 1.12703609e+01 
694 728.85 3.75205750e+02 1.12561722e+01 
695 729.64 3.78047729e+02 1.13414316e+01 
696 730.42 3.82225433e+02 1.14667625e+01 
697 731.21 3.86101013e+02 1.15830307e+01 
698 732.00 3.92005280e+02 1.17601585e+01 
699 732.78 3.98616364e+02 1.19584913e+01 
700 733.57 4.04350342e+02 1.21305103e+01 
701 734.36 4.06581879e+02 1.21974564e+01 
702 735.14 4.04830139e+02 1.21449041e+01 
703 735.93 4.02646973e+02 1.20794096e+01 
704 736.72 4.01924957e+02 1.20577488e+01 
705 737.51 4.01707886e+02 1.20512362e+01 
706 738.29 3.98374634e+02 1.19512386e+01 
707 739.08 3.95613892e+02 1.18684168e+01 
708 739.86 3.95279175e+02 1.18583755e+01 
709 740.65 3.93471436e+02 1.18041430e+01 
710 741.44 3.92048462e+02 1.17614536e+01 
711 742.22 3.93752411e+02 1.18125725e+01 
712 743.01 3.95475647e+02 1.18642693e+01 
713 743.79 3.93903198e+02 1.18170958e+01 
714 744.58 3.91784210e+02 1.17535267e+01 
715 745.37 3.92229462e+02 1.17668839e+01 
716 746.15 3.92089966e+02 1.17626991e+01 
717 746.94 3.90435852e+02 1.17130756e+01 
718 747.72 3.87734558e+02 1.16320372e+01 
719 748.51 3.84700470e+02 1.15410137e+01 
720 749.29 3.82186981e+02 1.14656096e+01 
721 750.08 3.80019562e+02 1.14005871e+01 
722 750.86 3.77581848e+02 1.13274555e+01 
723 751.65 3.76059021e+02 1.12817707e+01 
724 752.43 3.75585754e+02 1.12675724e+01 
725 753.22 3.76140442e+02 1.12842131e+01 
726 754.00 3.75872253e+02 1.12761679e+01 
727 754.79 3.72448303e+02 1.11734495e+01 
728 755.57 3.68952332e+02 1.10685701e+01 
729 756.36 3.67034424e+02 1.10110331e+01 
730 757.14 3.64932373e+02 1.09479713e+01 
731 757.93 3.52583099e+02 1.05774927e+01 
732 758.71 2.97392731e+02 8.92178154e+00 
733 759.49 1.91264145e+02 5.73792458e+00 
734 760.28 1.09840775e+02 3.29522324e+00 
735 761.06 1.18951698e+02 3.56855106e+00 
736 761.85 1.58710831e+02 4.76132488e+00 
737 762.63 1.71241028e+02 5.13723087e+00 
738 763.41 1.79029068e+02 5.37087202e+00 
739 764.20 2.00087677e+02 6.00263023e+00 
740 764.98 2.29121140e+02 6.87363434e+00 
741 765.77 2.58673157e+02 7.76019478e+00 
742 766.55 2.86292206e+02 8.58876610e+00 
743 767.33 3.09071289e+02 9.27213860e+00 
744 768.12 3.23920013e+02 9.71760082e+00 
745 768.90 3.31886444e+02 9.95659351e+00 
746 769.68 3.35883484e+02 1.00765047e+01 
747 770.47 3.37317749e+02 1.01195326e+01 
748 771.25 3.37106628e+02 1.01131992e+01 
749 772.03 3.37829468e+02 1.01348839e+01 
750 772.82 3.39403748e+02 1.01821127e+01 
751 773.60 3.38516571e+02 1.01554976e+01 
752 774.38 3.35246979e+02 1.00574093e+01 
753 775.17 3.33872925e+02 1.00161877e+01 
754 775.95 3.34664642e+02 1.00399389e+01 
755 776.73 3.33851288e+02 1.00155382e+01 
756 777.51 3.31991394e+02 9.95974159e+00 
757 778.30 3.30939697e+02 9.92819118e+00 
758 779.08 3.28899109e+02 9.86697292e+00 
759 779.86 3.26851990e+02 9.80556011e+00 
760 780.64 3.26913391e+02 9.80740166e+00 
761 781.43 3.28452301e+02 9.85356903e+00 
762 782.21 3.27682495e+02 9.83047485e+00 
763 782.99 3.23884491e+02 9.71653461e+00 
764 783.77 3.21811157e+02 9.65433502e+00 
765 784.55 3.21505310e+02 9.64515972e+00 
766 785.34 3.21362610e+02 9.64087868e+00 
767 786.12 3.20689697e+02 9.62069130e+00 
768 786.90 3.18603088e+02 9.55809307e+00 
769 787.68 3.15257965e+02 9.45773888e+00 
770 788.46 3.12186523e+02 9.36559582e+00 
771 789.24 3.10287354e+02 9.30862045e+00 
772 790.03 3.09154144e+02 9.27462387e+00 
773 790.81 3.07065857e+02 9.21197605e+00 
774 791.59 3.03166473e+02 9.09499454e+00 
775 792.37 2.99427948e+02 8.98283863e+00 
776 793.15 2.97504761e+02 8.92514324e+00 
777 793.93 2.97721466e+02 8.93164444e+00 
778 794.71 2.98465302e+02 8.95395947e+00 
779 795.49 2.97633759e+02 8.92901230e+00 
780 796.27 2.96347473e+02 8.89042377e+00 
781 797.05 2.97552307e+02 8.92656898e+00 
782 797.84 2.98766754e+02 8.96300220e+00 
783 798.61 2.97270935e+02 8.91812801e+00 
784 799.40 2.93929688e+02 8.81789017e+00 
785 800.18 2.90072021e+02 8.70216084e+00 
786 800.96 2.87446014e+02 8.62338066e+00 
787 801.74 2.87164764e+02 8.61494255e+00 
788 802.52 2.87279114e+02 8.61837387e+00 
789 803.30 2.86201569e+02 8.58604717e+00 
790 804.08 2.83040039e+02 8.49120140e+00 
791 804.86 2.79469208e+02 8.38407612e+00 
792 805.64 2.78336395e+02 8.35009193e+00 
793 806.42 2.79972473e+02 8.39917374e+00 
794 807.20 2.80998291e+02 8.42994881e+00 
795 807.97 2.77767731e+02 8.33303165e+00 
796 808.75 2.72105469e+02 8.16316414e+00 
797 809.53 2.68092346e+02 8.04277039e+00 
798 810.31 2.67265747e+02 8.01797199e+00 
799 811.09 2.66805939e+02 8.00417805e+00 
800 811.87 2.62552551e+02 7.87657642e+00 
801 812.65 2.53659927e+02 7.60979795e+00 
802 813.43 2.42184738e+02 7.26554203e+00 
803 814.21 2.31671982e+02 6.95015955e+00 
804 814.99 2.24892548e+02 6.74677658e+00 
805 815.76 2.21217224e+02 6.63651657e+00 
806 816.54 2.19820084e+02 6.59460258e+00 
807 817.32 2.19225204e+02 6.57675600e+00 
808 818.10 2.19129471e+02 6.57388401e+00 
809 818.88 2.20534729e+02 6.61604166e+00 
810 819.66 2.24324158e+02 6.72972488e+00 
811 820.43 2.29110107e+02 6.87330341e+00 
812 821.21 2.28242355e+02 6.84727049e+00 
813 821.99 2.18520935e+02 6.55562782e+00 
814 822.77 2.09492599e+02 6.28477812e+00 
815 823.55 2.10196335e+02 6.30589008e+00 
816 824.32 2.18603897e+02 6.55811691e+00 
817 825.10 2.27674179e+02 6.83022547e+00 
818 825.88 2.31726349e+02 6.95179033e+00 
819 826.66 2.29037354e+02 6.87112045e+00 
820 827.43 2.22976807e+02 6.68930435e+00 
821 828.21 2.17510056e+02 6.52530146e+00 
822 828.99 2.16028748e+02 6.48086262e+00 
823 829.76 2.18169342e+02 6.54508018e+00 
824 830.54 2.20512451e+02 6.61537361e+00 
825 831.32 2.19999283e+02 6.59997845e+00 
826 832.10 2.17580688e+02 6.52742052e+00 
827 832.87 2.15126831e+02 6.45380497e+00 
828 833.65 2.15771378e+02 6.47314119e+00 
829 834.42 2.19926285e+02 6.59778833e+00 
830 835.20 2.24834641e+02 6.74503899e+00 
831 835.98 2.26924484e+02 6.80773449e+00 
832 836.75 2.25828842e+02 6.77486515e+00 
833 837.53 2.22971603e+02 6.68914795e+00 
834 838.30 2.21630890e+02 6.64892673e+00 
835 839.08 2.23099854e+02 6.69299555e+00 
836 839.86 2.25786209e+02 6.77358627e+00 
837 840.63 2.26463562e+02 6.79390669e+00 
838 841.41 2.24088211e+02 6.72264624e+00 
839 842.18 2.19551483e+02 6.58654451e+00 
840 842.96 2.15767670e+02 6.47303009e+00 
841 843.73 2.15116257e+02 6.45348787e+00 
842 844.51 2.17155945e+02 6.51467848e+00 
843 845.28 2.19383942e+02 6.58151817e+00 
844 846.06 2.19697784e+02 6.59093332e+00 
845 846.84 2.16452026e+02 6.49356079e+00 
846 847.61 2.10814255e+02 6.32442760e+00 
847 848.38 2.05700409e+02 6.17101240e+00 
848 849.16 2.04207886e+02 6.12623644e+00 
849 849.93 2.04752045e+02 6.14256144e+00 
850 850.71 2.05294830e+02 6.15884495e+00 
851 851.48 2.02622101e+02 6.07866287e+00 
852 852.26 1.97047882e+02 5.91143656e+00 
853 853.03 1.90921356e+02 5.72764063e+00 
854 853.81 1.87182449e+02 5.61547327e+00 
855 854.58 1.88175003e+02 5.64525032e+00 
856 855.35 1.92906403e+02 5.78719187e+00 
857 856.13 1.98068008e+02 5.94204044e+00 
858 856.90 1.99913528e+02 5.99740601e+00 
859 857.68 1.97991333e+02 5.93974018e+00 
860 858.45 1.95044769e+02 5.85134315e+00 
861 859.22 1.93265381e+02 5.79796124e+00 
862 860.00 1.94280563e+02 5.82841682e+00 
863 860.77 1.96542099e+02 5.89626312e+00 
864 861.54 1.97014816e+02 5.91044426e+00 
865 862.32 1.94775986e+02 5.84327936e+00 
866 863.09 1.90267548e+02 5.70802641e+00 
867 863.86 1.84085388e+02 5.52256155e+00 
868 864.64 1.79926636e+02 5.39779902e+00 
869 865.41 1.78025574e+02 5.34076738e+00 
870 866.18 1.77885818e+02 5.33657455e+00 
871 866.95 1.78286804e+02 5.34860420e+00 
872 867.73 1.78218292e+02 5.34654856e+00 
873 868.50 1.77207596e+02 5.31622791e+00 
874 869.27 1.76329041e+02 5.28987122e+00 
875 870.04 1.76751465e+02 5.30254412e+00 
876 870.81 1.78691330e+02 5.36073971e+00 
877 871.59 1.79903732e+02 5.39711189e+00 
878 872.36 1.79622406e+02 5.38867235e+00 
879 873.13 1.77118042e+02 5.31354141e+00 
880 873.90 1.73142624e+02 5.19427872e+00 
881 874.67 1.69345718e+02 5.08037138e+00 
882 875.44 1.67850723e+02 5.03552151e+00 
883 876.22 1.68888397e+02 5.06665182e+00 
884 876.99 1.70361023e+02 5.11083078e+00 
885 877.76 1.70810516e+02 5.12431526e+00 
886 878.53 1.69231003e+02 5.07693005e+00 
887 879.30 1.65787170e+02 4.97361517e+00 
888 880.07 1.62563660e+02 4.87690973e+00 
889 880.84 1.61328354e+02 4.83985043e+00 
890 881.61 1.62306976e+02 4.86920929e+00 
891 882.38 1.64070068e+02 4.92210197e+00 
892 883.15 1.65415955e+02 4.96247864e+00 
893 883.92 1.64369598e+02 4.93108797e+00 
894 884.69 1.61560837e+02 4.84682512e+00 
895 885.47 1.58518112e+02 4.75554323e+00 
896 886.23 1.56290253e+02 4.68870735e+00 
897 887.00 1.55922684e+02 4.67768049e+00 
898 887.78 1.57053162e+02 4.71159506e+00 
899 888.54 1.58453339e+02 4.75360012e+00 
900 889.31 1.58785004e+02 4.76355028e+00 
901 890.08 1.56446533e+02 4.69339609e+00 
902 890.85 1.52375534e+02 4.57126617e+00 
903 891.62 1.48261581e+02 4.44784737e+00 
904 892.39 1.44535553e+02 4.33606672e+00 
905 893.16 1.42139313e+02 4.26417923e+00 
906 893.93 1.40140579e+02 4.20421743e+00 
907 894.70 1.37137726e+02 4.11413193e+00 
908 895.47 1.32359528e+02 3.97078586e+00 
909 896.24 1.26507004e+02 3.79521012e+00 
910 897.01 1.20755737e+02 3.62267208e+00 
911 897.78 1.16804199e+02 3.50412607e+00 
912 898.54 1.15146019e+02 3.45438051e+00 
913 899.31 1.15090302e+02 3.45270896e+00 
914 900.08 1.15750076e+02 3.47250223e+00 
915 900.85 1.16602470e+02 3.49807405e+00 
916 901.62 1.17137009e+02 3.51411033e+00 
917 902.38 1.17746017e+02 3.53238058e+00 
918 903.15 1.18563065e+02 3.55689192e+00 
919 903.92 1.19548416e+02 3.58645248e+00 
920 904.69 1.20222343e+02 3.60667038e+00 
921 905.46 1.20098808e+02 3.60296416e+00 
922 906.22 1.18580818e+02 3.55742455e+00 
923 906.99 1.15371353e+02 3.46114063e+00 
924 907.76 1.11376343e+02 3.34129024e+00 
925 908.52 1.07659935e+02 3.22979808e+00 
926 909.29 1.05047661e+02 3.15142989e+00 
927 910.06 1.04072052e+02 3.12216163e+00 
928 910.83 1.04253784e+02 3.12761354e+00 
929 911.59 1.04656731e+02 3.13970184e+00 
930 912.36 1.04533691e+02 3.13601065e+00 
931 913.13 1.03526855e+02 3.10580564e+00 
932 913.89 1.01992607e+02 3.05977821e+00 
933 914.66 1.00439423e+02 3.01318264e+00 
934 915.42 9.95462341e+01 2.98638701e+00 
935 916.19 9.96886902e+01 2.99066067e+00 
936 916.96 1.00588142e+02 3.01764417e+00 
937 917.72 1.01709808e+02 3.05129433e+00 
938 918.49 1.02597458e+02 3.07792377e+00 
939 919.26 1.02968414e+02 3.08905244e+00 
940 920.02 1.02508011e+02 3.07524037e+00 
941 920.79 1.01545189e+02 3.04635572e+00 
942 921.55 1.00456284e+02 3.01368856e+00 
943 922.32 9.94896240e+01 2.98468876e+00 
944 923.08 9.84462280e+01 2.95338678e+00 
945 923.85 9.72500763e+01 2.91750240e+00 
946 924.61 9.53779602e+01 2.86133885e+00 
947 925.38 9.25324402e+01 2.77597332e+00 
948 926.14 8.86139374e+01 2.65841818e+00 
949 926.91 8.35534134e+01 2.50660229e+00 
950 927.67 7.77300873e+01 2.33190250e+00 
951 928.44 7.16418533e+01 2.14925551e+00 
952 929.20 6.56363831e+01 1.96909153e+00 
953 929.97 5.99632225e+01 1.79889667e+00 
954 930.73 5.44219208e+01 1.63265765e+00 
955 931.49 4.91239281e+01 1.47371781e+00 
956 932.26 4.40887375e+01 1.32266212e+00 
957 933.02 3.96986465e+01 1.19095945e+00 
958 933.79 3.65022430e+01 1.09506726e+00 
959 934.55 3.47474174e+01 1.04242253e+00 
960 935.32 3.41253433e+01 1.02376032e+00 
961 936.08 3.45164070e+01 1.03549218e+00 
962 936.84 3.52768402e+01 1.05830526e+00 
963 937.61 3.63323364e+01 1.08997011e+00 
964 938.37 3.72596474e+01 1.11778939e+00 
965 939.13 3.79055748e+01 1.13716722e+00 
966 939.89 3.82458153e+01 1.14737451e+00 
967 940.66 3.86521912e+01 1.15956569e+00 
968 941.42 3.88146515e+01 1.16443956e+00 
969 942.18 3.83410301e+01 1.15023088e+00 
970 942.95 3.75772934e+01 1.12731886e+00 
971 943.71 3.66336479e+01 1.09900939e+00 
972 944.47 3.57087517e+01 1.07126260e+00 
973 945.23 3.49304848e+01 1.04791451e+00 
974 946.00 3.44829445e+01 1.03448832e+00 
975 946.76 3.44329948e+01 1.03298986e+00 
976 947.52 3.48205948e+01 1.04461789e+00 
977 948.28 3.54377823e+01 1.06313348e+00 
978 949.04 3.61557617e+01 1.08467281e+00 
979 949.81 3.67534561e+01 1.10260367e+00 
980 950.57 3.71245537e+01 1.11373663e+00 
981 951.33 3.72979164e+01 1.11893749e+00 
982 952.09 3.72837982e+01 1.11851394e+00 
983 952.85 3.74355507e+01 1.12306654e+00 
984 953.61 3.78186378e+01 1.13455915e+00 
985 954.38 3.84221611e+01 1.15266478e+00 
986 955.14 3.90627670e+01 1.17188299e+00 
987 955.90 3.96471519e+01 1.18941450e+00 
988 956.66 4.01969986e+01 1.20590997e+00 
989 957.42 4.05645752e+01 1.21693730e+00 
990 958.18 4.08518677e+01 1.22555602e+00 
991 958.94 4.12852097e+01 1.23855627e+00 
992 959.70 4.19881096e+01 1.25964332e+00 
993 960.46 4.28891373e+01 1.28667414e+00 
994 961.22 4.39370651e+01 1.31811190e+00 
995 961.98 4.50126877e+01 1.35038066e+00 
996 962.74 4.58851738e+01 1.37655520e+00 
997 963.50 4.67327728e+01 1.40198314e+00 
998 964.26 4.75134544e+01 1.42540359e+00 
999 965.02 4.83026886e+01 1.44908071e+00 
1000 965.78 4.92918129e+01 1.47875440e+00 
1001 966.54 5.04970207e+01 1.51491058e+00 
1002 967.30 5.17944145e+01 1.55383241e+00 
1003 968.06 5.29311371e+01 1.58793414e+00 
1004 968.82 5.36184921e+01 1.60855472e+00 
1005 969.58 5.39032364e+01 1.61709714e+00 
1006 970.34 5.40687866e+01 1.62206364e+00 
1007 971.10 5.41893616e+01 1.62568080e+00 
1008 971.86 5.43212242e+01 1.62963676e+00 
1009 972.62 5.43776169e+01 1.63132846e+00 
1010 973.38 5.41908073e+01 1.62572420e+00 
1011 974.14 5.37119064e+01 1.61135721e+00 
1012 974.90 5.31001587e+01 1.59300470e+00 
1013 975.65 5.25143509e+01 1.57543051e+00 
1014 976.41 5.21502609e+01 1.56450784e+00 
1015 977.17 5.22023735e+01 1.56607115e+00 
1016 977.93 5.24348602e+01 1.57304585e+00 
1017 978.69 5.26112137e+01 1.57833636e+00 
1018 979.45 5.25685196e+01 1.57705557e+00 
1019 980.20 5.24195938e+01 1.57258785e+00 
1020 980.96 5.24168587e+01 1.57250571e+00 
1021 981.72 5.25970154e+01 1.57791042e+00 
1022 982.48 5.28620529e+01 1.58586156e+00 
1023 983.23 5.28976402e+01 1.58692920e+00 
1024 983.99 5.25765762e+01 1.57729733e+00 
1025 984.75 5.22047119e+01 1.56614137e+00 
1026 985.51 5.21217346e+01 1.56365204e+00 
1027 986.27 5.21884613e+01 1.56565380e+00 
1028 987.02 5.20112419e+01 1.56033731e+00 
1029 987.78 5.14361992e+01 1.54308593e+00 
1030 988.54 5.07510529e+01 1.52253163e+00 
1031 989.29 5.03698654e+01 1.51109600e+00 
1032 990.05 5.01754036e+01 1.50526214e+00 
1033 990.81 4.95583649e+01 1.48675096e+00 
1034 991.56 4.86416092e+01 1.45924830e+00 
1035 992.32 4.79545784e+01 1.43863738e+00 
1036 993.08 4.73768997e+01 1.42130697e+00 
1037 993.83 4.65045433e+01 1.39513636e+00 
1038 994.59 4.54515228e+01 1.36354566e+00 
1039 995.35 4.45828590e+01 1.33748579e+00 
1040 996.10 2.72366214e+00 8.17098618e-02 
1041 996.86 1.16688453e-01 3.50065366e-03 
1042 997.62 6.86308667e-02 2.05892604e-03 
1043 998.37 6.83590621e-02 2.05077184e-03 
