% C0 (TOA Count Rate, /ms) for 4STAR VIS spectrometer (1044 channels) derived from 4STAR_20170530starsun.mat and recorded on 2017-05-30 15:42:50.
% Data outside 2.0x the STD of 501 nm Langley residuals were screened out. For instrument:4STAR
Pix Wavelength C0 C0err
0 173.18 -1.00000000e+00 -1.00000000e+00 
1 173.98 -1.00000000e+00 -1.00000000e+00 
2 174.77 -1.00000000e+00 -1.00000000e+00 
3 175.56 -1.00000000e+00 -1.00000000e+00 
4 176.36 -1.00000000e+00 -1.00000000e+00 
5 177.15 -1.00000000e+00 -1.00000000e+00 
6 177.94 -1.00000000e+00 -1.00000000e+00 
7 178.74 -1.00000000e+00 -1.00000000e+00 
8 179.53 -1.00000000e+00 -1.00000000e+00 
9 180.33 -1.00000000e+00 -1.00000000e+00 
10 181.12 -1.00000000e+00 -1.00000000e+00 
11 181.92 -1.00000000e+00 -1.00000000e+00 
12 182.71 -1.00000000e+00 -1.00000000e+00 
13 183.51 -1.00000000e+00 -1.00000000e+00 
14 184.30 -1.00000000e+00 -1.00000000e+00 
15 185.10 -1.00000000e+00 -1.00000000e+00 
16 185.89 -1.00000000e+00 -1.00000000e+00 
17 186.69 -1.00000000e+00 -1.00000000e+00 
18 187.49 -1.00000000e+00 -1.00000000e+00 
19 188.28 -1.00000000e+00 -1.00000000e+00 
20 189.08 -1.00000000e+00 -1.00000000e+00 
21 189.88 -1.00000000e+00 -1.00000000e+00 
22 190.67 -1.00000000e+00 -1.00000000e+00 
23 191.47 -1.00000000e+00 -1.00000000e+00 
24 192.27 -1.00000000e+00 -1.00000000e+00 
25 193.07 -1.00000000e+00 -1.00000000e+00 
26 193.86 -1.00000000e+00 -1.00000000e+00 
27 194.66 -1.00000000e+00 -1.00000000e+00 
28 195.46 -1.00000000e+00 -1.00000000e+00 
29 196.26 -1.00000000e+00 -1.00000000e+00 
30 197.05 -1.00000000e+00 -1.00000000e+00 
31 197.85 -1.00000000e+00 -1.00000000e+00 
32 198.65 -1.00000000e+00 -1.00000000e+00 
33 199.45 -1.00000000e+00 -1.00000000e+00 
34 200.25 -1.00000000e+00 -1.00000000e+00 
35 201.05 -1.00000000e+00 -1.00000000e+00 
36 201.85 -1.00000000e+00 -1.00000000e+00 
37 202.65 -1.00000000e+00 -1.00000000e+00 
38 203.44 -1.00000000e+00 -1.00000000e+00 
39 204.24 -1.00000000e+00 -1.00000000e+00 
40 205.04 -1.00000000e+00 -1.00000000e+00 
41 205.84 -1.00000000e+00 -1.00000000e+00 
42 206.64 -1.00000000e+00 -1.00000000e+00 
43 207.44 -1.00000000e+00 -1.00000000e+00 
44 208.24 -1.00000000e+00 -1.00000000e+00 
45 209.04 -1.00000000e+00 -1.00000000e+00 
46 209.84 -1.00000000e+00 -1.00000000e+00 
47 210.64 -1.00000000e+00 -1.00000000e+00 
48 211.44 -1.00000000e+00 -1.00000000e+00 
49 212.24 -1.00000000e+00 -1.00000000e+00 
50 213.04 7.71380626e-13 2.31414195e-14 
51 213.85 1.51719379e+00 4.55158129e-02 
52 214.65 1.16523600e+00 3.49570811e-02 
53 215.45 1.33827543e+00 4.01482619e-02 
54 216.25 1.22066307e+00 3.66198905e-02 
55 217.05 9.14653003e-01 2.74395905e-02 
56 217.85 1.00738180e+00 3.02214548e-02 
57 218.65 1.05934167e+00 3.17802504e-02 
58 219.46 1.16224384e+00 3.48673165e-02 
59 220.26 1.12748277e+00 3.38244848e-02 
60 221.06 1.09125245e+00 3.27375717e-02 
61 221.86 1.15239882e+00 3.45719643e-02 
62 222.66 1.24703884e+00 3.74111645e-02 
63 223.47 1.16580498e+00 3.49741504e-02 
64 224.27 1.23368633e+00 3.70105915e-02 
65 225.07 1.24915278e+00 3.74745838e-02 
66 225.87 1.26546943e+00 3.79640833e-02 
67 226.68 1.27903903e+00 3.83711718e-02 
68 227.48 1.33945012e+00 4.01835032e-02 
69 228.28 1.29900253e+00 3.89700755e-02 
70 229.08 1.27951717e+00 3.83855142e-02 
71 229.89 1.26466835e+00 3.79400514e-02 
72 230.69 1.25524783e+00 3.76574360e-02 
73 231.49 1.26611161e+00 3.79833467e-02 
74 232.30 1.34453869e+00 4.03361619e-02 
75 233.10 1.32448161e+00 3.97344492e-02 
76 233.90 1.29072392e+00 3.87217179e-02 
77 234.71 1.29408622e+00 3.88225876e-02 
78 235.51 1.20342660e+00 3.61027978e-02 
79 236.32 1.13386619e+00 3.40159871e-02 
80 237.12 1.11390519e+00 3.34171541e-02 
81 237.92 1.08628511e+00 3.25885527e-02 
82 238.73 1.02908623e+00 3.08725871e-02 
83 239.53 9.92157400e-01 2.97647212e-02 
84 240.34 9.83910739e-01 2.95173228e-02 
85 241.14 9.78274465e-01 2.93482337e-02 
86 241.94 9.89473820e-01 2.96842139e-02 
87 242.75 1.07379329e+00 3.22137997e-02 
88 243.55 1.17161858e+00 3.51485573e-02 
89 244.36 9.30439889e-01 2.79131960e-02 
90 245.16 8.67834568e-01 2.60350369e-02 
91 245.97 2.71546268e+00 8.14638808e-02 
92 246.77 -1.00000000e+00 -1.00000000e+00 
93 247.58 -1.00000000e+00 -1.00000000e+00 
94 248.38 -1.00000000e+00 -1.00000000e+00 
95 249.19 -1.00000000e+00 -1.00000000e+00 
96 249.99 -1.00000000e+00 -1.00000000e+00 
97 250.80 -1.00000000e+00 -1.00000000e+00 
98 251.60 -1.00000000e+00 -1.00000000e+00 
99 252.41 -1.00000000e+00 -1.00000000e+00 
100 253.21 -1.00000000e+00 -1.00000000e+00 
101 254.02 -1.00000000e+00 -1.00000000e+00 
102 254.82 -1.00000000e+00 -1.00000000e+00 
103 255.63 -1.00000000e+00 -1.00000000e+00 
104 256.44 -1.00000000e+00 -1.00000000e+00 
105 257.24 -1.00000000e+00 -1.00000000e+00 
106 258.05 -1.00000000e+00 -1.00000000e+00 
107 258.85 -1.00000000e+00 -1.00000000e+00 
108 259.66 -1.00000000e+00 -1.00000000e+00 
109 260.46 -1.00000000e+00 -1.00000000e+00 
110 261.27 -1.00000000e+00 -1.00000000e+00 
111 262.08 -1.00000000e+00 -1.00000000e+00 
112 262.88 1.29136680e+04 3.87410034e+02 
113 263.69 1.74032658e-01 5.22097992e-03 
114 264.49 9.38131034e-01 2.81439312e-02 
115 265.30 1.53281939e+00 4.59845811e-02 
116 266.11 1.11029077e+00 3.33087221e-02 
117 266.91 1.04700804e+00 3.14102396e-02 
118 267.72 9.15833116e-01 2.74749938e-02 
119 268.53 9.21601713e-01 2.76480522e-02 
120 269.33 1.07946098e+00 3.23838294e-02 
121 270.14 1.05891347e+00 3.17674056e-02 
122 270.95 1.04794300e+00 3.14382911e-02 
123 271.75 1.14993966e+00 3.44981886e-02 
124 272.56 1.15801299e+00 3.47403884e-02 
125 273.37 1.19896364e+00 3.59689109e-02 
126 274.17 1.28356504e+00 3.85069512e-02 
127 274.98 1.29254699e+00 3.87764089e-02 
128 275.79 1.32627130e+00 3.97881381e-02 
129 276.59 1.25733256e+00 3.77199762e-02 
130 277.40 1.17623568e+00 3.52870710e-02 
131 278.21 1.17423165e+00 3.52269486e-02 
132 279.01 1.03483367e+00 3.10450103e-02 
133 279.82 1.05464435e+00 3.16393301e-02 
134 280.63 1.03313756e+00 3.09941266e-02 
135 281.43 1.01002145e+00 3.03006433e-02 
136 282.24 9.22495127e-01 2.76748538e-02 
137 283.05 9.24256325e-01 2.77276896e-02 
138 283.86 8.28516960e-01 2.48555094e-02 
139 284.66 8.25256944e-01 2.47577075e-02 
140 285.47 7.94790149e-01 2.38437038e-02 
141 286.28 7.51420796e-01 2.25426238e-02 
142 287.09 7.69288659e-01 2.30786595e-02 
143 287.89 7.32583284e-01 2.19774991e-02 
144 288.70 7.11122930e-01 2.13336870e-02 
145 289.51 7.11026669e-01 2.13307999e-02 
146 290.32 6.84595466e-01 2.05378644e-02 
147 291.12 6.91571474e-01 2.07471438e-02 
148 291.93 6.77364707e-01 2.03209408e-02 
149 292.74 6.51791871e-01 1.95537563e-02 
150 293.55 6.50425136e-01 1.95127539e-02 
151 294.35 6.26166105e-01 1.87849831e-02 
152 295.16 6.36400521e-01 1.90920159e-02 
153 295.97 6.58843815e-01 1.97653137e-02 
154 296.78 6.05288327e-01 1.81586500e-02 
155 297.58 6.21220648e-01 1.86366197e-02 
156 298.39 6.17744446e-01 1.85323339e-02 
157 299.20 5.95860124e-01 1.78758036e-02 
158 300.01 5.97758889e-01 1.79327670e-02 
159 300.81 5.98557770e-01 1.79567337e-02 
160 301.62 6.01362109e-01 1.80408638e-02 
161 302.43 5.77618361e-01 1.73285510e-02 
162 303.24 5.92107713e-01 1.77632309e-02 
163 304.04 6.02759480e-01 1.80827845e-02 
164 304.85 6.04532123e-01 1.81359630e-02 
165 305.66 5.85323453e-01 1.75597034e-02 
166 306.47 5.99392891e-01 1.79817863e-02 
167 307.28 6.24571741e-01 1.87371522e-02 
168 308.08 5.89979529e-01 1.76993851e-02 
169 308.89 6.15247488e-01 1.84574239e-02 
170 309.70 6.08346999e-01 1.82504095e-02 
171 310.51 6.07459962e-01 1.82237998e-02 
172 311.32 6.43044889e-01 1.92913469e-02 
173 312.12 6.29287004e-01 1.88786108e-02 
174 312.93 6.40017569e-01 1.92005262e-02 
175 313.74 6.50777817e-01 1.95233338e-02 
176 314.55 6.40377700e-01 1.92113314e-02 
177 315.36 6.70980394e-01 2.01294124e-02 
178 316.16 6.99016690e-01 2.09705010e-02 
179 316.97 6.95907533e-01 2.08772253e-02 
180 317.78 7.11161256e-01 2.13348381e-02 
181 318.59 7.19070733e-01 2.15721224e-02 
182 319.40 7.44936407e-01 2.23480929e-02 
183 320.20 7.61693120e-01 2.28507929e-02 
184 321.01 8.09533358e-01 2.42860001e-02 
185 321.82 7.95541108e-01 2.38662325e-02 
186 322.63 8.27534914e-01 2.48260479e-02 
187 323.43 8.72923553e-01 2.61877067e-02 
188 324.24 8.63415599e-01 2.59024687e-02 
189 325.05 8.88926029e-01 2.66677812e-02 
190 325.86 9.46369171e-01 2.83910744e-02 
191 326.67 9.45180178e-01 2.83554047e-02 
192 327.48 9.84645128e-01 2.95393541e-02 
193 328.28 1.00596619e+00 3.01789865e-02 
194 329.09 1.07957900e+00 3.23873684e-02 
195 329.90 1.11208522e+00 3.33625562e-02 
196 330.71 1.15514076e+00 3.46542224e-02 
197 331.52 1.29224014e+00 3.87672037e-02 
198 332.32 1.45923376e+00 4.37770113e-02 
199 333.13 1.68520379e+00 5.05561121e-02 
200 333.94 2.23762608e+00 6.71287850e-02 
201 334.75 3.09498119e+00 9.28494334e-02 
202 335.55 4.22628689e+00 1.26788601e-01 
203 336.36 5.98823738e+00 1.79647118e-01 
204 337.17 8.55186749e+00 2.56556034e-01 
205 337.98 1.21257877e+01 3.63773644e-01 
206 338.79 1.65342312e+01 4.96026933e-01 
207 339.60 2.15044250e+01 6.45132780e-01 
208 340.40 2.59676476e+01 7.79029429e-01 
209 341.21 2.98148098e+01 8.94444287e-01 
210 342.02 3.44286957e+01 1.03286088e+00 
211 342.83 3.84669113e+01 1.15400732e+00 
212 343.63 3.96474457e+01 1.18942332e+00 
213 344.44 4.11874542e+01 1.23562360e+00 
214 345.25 4.58530884e+01 1.37559271e+00 
215 346.06 5.02756805e+01 1.50827038e+00 
216 346.87 5.33156738e+01 1.59947026e+00 
217 347.67 5.54613571e+01 1.66384077e+00 
218 348.48 5.75528603e+01 1.72658587e+00 
219 349.29 6.10719070e+01 1.83215725e+00 
220 350.10 6.71815948e+01 2.01544785e+00 
221 350.90 7.13414154e+01 2.14024258e+00 
222 351.71 7.16711655e+01 2.15013504e+00 
223 352.52 7.31761475e+01 2.19528437e+00 
224 353.33 7.95839539e+01 2.38751864e+00 
225 354.14 8.78484039e+01 2.63545203e+00 
226 354.94 9.16088715e+01 2.74826622e+00 
227 355.75 9.01248932e+01 2.70374680e+00 
228 356.56 8.49912872e+01 2.54973865e+00 
229 357.37 7.99757462e+01 2.39927244e+00 
230 358.18 7.91809769e+01 2.37542939e+00 
231 358.98 8.90056152e+01 2.67016840e+00 
232 359.79 1.02767059e+02 3.08301187e+00 
233 360.60 1.04880341e+02 3.14641023e+00 
234 361.41 1.03455299e+02 3.10365891e+00 
235 362.21 1.09072754e+02 3.27218270e+00 
236 363.02 1.15602806e+02 3.46808410e+00 
237 363.83 1.19730286e+02 3.59190845e+00 
238 364.64 1.25659302e+02 3.76977897e+00 
239 365.44 1.37068100e+02 4.11204290e+00 
240 366.25 1.47028198e+02 4.41084576e+00 
241 367.06 1.48620651e+02 4.45861959e+00 
242 367.87 1.46452133e+02 4.39356422e+00 
243 368.67 1.48675873e+02 4.46027613e+00 
244 369.48 1.55051453e+02 4.65154362e+00 
245 370.29 1.56624115e+02 4.69872332e+00 
246 371.10 1.55128204e+02 4.65384626e+00 
247 371.90 1.51160614e+02 4.53481865e+00 
248 372.71 1.43002762e+02 4.29008293e+00 
249 373.52 1.35128891e+02 4.05386686e+00 
250 374.33 1.34737183e+02 4.04211569e+00 
251 375.13 1.44231934e+02 4.32695818e+00 
252 375.94 1.57294266e+02 4.71882820e+00 
253 376.75 1.71308899e+02 5.13926697e+00 
254 377.56 1.87406433e+02 5.62219286e+00 
255 378.36 1.91888245e+02 5.75664711e+00 
256 379.17 1.82785004e+02 5.48355007e+00 
257 379.98 1.78696686e+02 5.36090040e+00 
258 380.78 1.78219391e+02 5.34658194e+00 
259 381.59 1.62999817e+02 4.88999462e+00 
260 382.40 1.39380844e+02 4.18142509e+00 
261 383.20 1.28244003e+02 3.84732008e+00 
262 384.01 1.39146561e+02 4.17439699e+00 
263 384.82 1.57053833e+02 4.71161509e+00 
264 385.63 1.65203842e+02 4.95611525e+00 
265 386.43 1.67046600e+02 5.01139784e+00 
266 387.24 1.68486938e+02 5.05460835e+00 
267 388.05 1.71760742e+02 5.15282249e+00 
268 388.85 1.82571838e+02 5.47715521e+00 
269 389.66 1.99708786e+02 5.99126339e+00 
270 390.47 2.14063660e+02 6.42190981e+00 
271 391.27 2.15397812e+02 6.46193457e+00 
272 392.08 1.92907501e+02 5.78722525e+00 
273 392.89 1.57792923e+02 4.73378754e+00 
274 393.69 1.50026413e+02 4.50079250e+00 
275 394.50 1.78605042e+02 5.35815144e+00 
276 395.31 1.99820038e+02 5.99460125e+00 
277 396.11 1.87622986e+02 5.62868977e+00 
278 396.92 1.78972900e+02 5.36918688e+00 
279 397.73 2.10956238e+02 6.32868719e+00 
280 398.53 2.60408997e+02 7.81226969e+00 
281 399.34 2.92786133e+02 8.78358364e+00 
282 400.15 3.08723694e+02 9.26171112e+00 
283 400.95 3.20121033e+02 9.60363102e+00 
284 401.76 3.28607086e+02 9.85821247e+00 
285 402.57 3.30959106e+02 9.92877293e+00 
286 403.37 3.29549530e+02 9.88648605e+00 
287 404.18 3.28235779e+02 9.84707355e+00 
288 404.99 3.26733551e+02 9.80200672e+00 
289 405.79 3.25091522e+02 9.75274563e+00 
290 406.60 3.26220276e+02 9.78660870e+00 
291 407.40 3.34016907e+02 1.00205069e+01 
292 408.21 3.46125793e+02 1.03837738e+01 
293 409.02 3.51160797e+02 1.05348244e+01 
294 409.82 3.47328247e+02 1.04198475e+01 
295 410.63 3.51720337e+02 1.05516100e+01 
296 411.43 3.66418335e+02 1.09925499e+01 
297 412.24 3.76778076e+02 1.13033419e+01 
298 413.05 3.78598114e+02 1.13579435e+01 
299 413.85 3.78587463e+02 1.13576241e+01 
300 414.66 3.79841309e+02 1.13952389e+01 
301 415.46 3.81679596e+02 1.14503880e+01 
302 416.27 3.82417419e+02 1.14725227e+01 
303 417.08 3.78149963e+02 1.13444986e+01 
304 417.88 3.72789642e+02 1.11836891e+01 
305 418.69 3.70612610e+02 1.11183786e+01 
306 419.49 3.72442444e+02 1.11732731e+01 
307 420.30 3.78061951e+02 1.13418589e+01 
308 421.11 3.82491638e+02 1.14747496e+01 
309 421.91 3.80048370e+02 1.14014511e+01 
310 422.72 3.74389343e+02 1.12316799e+01 
311 423.52 3.73857727e+02 1.12157316e+01 
312 424.33 3.77942993e+02 1.13382902e+01 
313 425.13 3.80448181e+02 1.14134455e+01 
314 425.94 3.79842560e+02 1.13952770e+01 
315 426.74 3.78190521e+02 1.13457155e+01 
316 427.55 3.76039307e+02 1.12811794e+01 
317 428.36 3.69673828e+02 1.10902147e+01 
318 429.16 3.53278656e+02 1.05983601e+01 
319 429.96 3.36906403e+02 1.01071920e+01 
320 430.77 3.43510651e+02 1.03053198e+01 
321 431.58 3.76062073e+02 1.12818623e+01 
322 432.38 4.10076447e+02 1.23022938e+01 
323 433.19 4.26117096e+02 1.27835131e+01 
324 433.99 4.33925201e+02 1.30177565e+01 
325 434.80 4.48679993e+02 1.34603996e+01 
326 435.60 4.69931061e+02 1.40979319e+01 
327 436.41 4.83892975e+02 1.45167894e+01 
328 437.21 4.82092651e+02 1.44627800e+01 
329 438.02 4.74247955e+02 1.42274389e+01 
330 438.82 4.74865936e+02 1.42459784e+01 
331 439.63 4.86959473e+02 1.46087837e+01 
332 440.43 5.06563019e+02 1.51968908e+01 
333 441.24 5.26227539e+02 1.57868261e+01 
334 442.04 5.43232483e+02 1.62969742e+01 
335 442.85 5.55398560e+02 1.66619568e+01 
336 443.65 5.61433838e+02 1.68430157e+01 
337 444.45 5.62916504e+02 1.68874950e+01 
338 445.26 5.62891541e+02 1.68867455e+01 
339 446.06 5.66927246e+02 1.70078182e+01 
340 446.87 5.78972351e+02 1.73691711e+01 
341 447.67 5.94784058e+02 1.78435211e+01 
342 448.48 6.06793701e+02 1.82038116e+01 
343 449.28 6.19414917e+02 1.85824471e+01 
344 450.09 6.31666382e+02 1.89499912e+01 
345 450.89 6.38812134e+02 1.91643639e+01 
346 451.70 6.33086975e+02 1.89926090e+01 
347 452.50 6.21453003e+02 1.86435909e+01 
348 453.30 6.15577698e+02 1.84673309e+01 
349 454.11 6.19069397e+02 1.85720825e+01 
350 454.91 6.28566833e+02 1.88570042e+01 
351 455.72 6.39685181e+02 1.91905556e+01 
352 456.52 6.48507629e+02 1.94552288e+01 
353 457.32 6.52290955e+02 1.95687294e+01 
354 458.13 6.51406982e+02 1.95422096e+01 
355 458.93 6.50684570e+02 1.95205364e+01 
356 459.74 6.54894531e+02 1.96468353e+01 
357 460.54 6.62990295e+02 1.98897095e+01 
358 461.34 6.73816650e+02 2.02145004e+01 
359 462.15 6.80051575e+02 2.04015465e+01 
360 462.95 6.80483337e+02 2.04144993e+01 
361 463.76 6.77042847e+02 2.03112850e+01 
362 464.56 6.72628540e+02 2.01788559e+01 
363 465.36 6.69442871e+02 2.00832863e+01 
364 466.17 6.68149109e+02 2.00444736e+01 
365 466.97 6.69139404e+02 2.00741825e+01 
366 467.77 6.71900879e+02 2.01570263e+01 
367 468.58 6.75008789e+02 2.02502632e+01 
368 469.38 6.76466797e+02 2.02940044e+01 
369 470.18 6.77803528e+02 2.03341064e+01 
370 470.99 6.85581726e+02 2.05674515e+01 
371 471.79 6.95359070e+02 2.08607712e+01 
372 472.59 7.04810547e+02 2.11443157e+01 
373 473.40 7.11529053e+02 2.13458710e+01 
374 474.20 7.14976990e+02 2.14493103e+01 
375 475.00 7.17538513e+02 2.15261555e+01 
376 475.81 7.19416626e+02 2.15824986e+01 
377 476.61 7.23602600e+02 2.17080784e+01 
378 477.41 7.29819519e+02 2.18945847e+01 
379 478.21 7.37116577e+02 2.21134968e+01 
380 479.02 7.42021606e+02 2.22606487e+01 
381 479.82 7.45166260e+02 2.23549881e+01 
382 480.62 7.49487427e+02 2.24846230e+01 
383 481.43 7.50086304e+02 2.25025883e+01 
384 482.23 7.48724060e+02 2.24617214e+01 
385 483.03 7.43270569e+02 2.22981167e+01 
386 483.84 7.30239014e+02 2.19071712e+01 
387 484.64 7.06490967e+02 2.11947289e+01 
388 485.44 6.78775146e+02 2.03632545e+01 
389 486.24 6.62214661e+02 1.98664398e+01 
390 487.04 6.64539307e+02 1.99361801e+01 
391 487.85 6.82471680e+02 2.04741497e+01 
392 488.65 7.05503235e+02 2.11650963e+01 
393 489.45 7.20604919e+02 2.16181469e+01 
394 490.26 7.26262573e+02 2.17878780e+01 
395 491.06 7.23513245e+02 2.17053967e+01 
396 491.86 7.19496582e+02 2.15848980e+01 
397 492.66 7.18597229e+02 2.15579166e+01 
398 493.46 7.25824585e+02 2.17747383e+01 
399 494.27 7.33957886e+02 2.20187359e+01 
400 495.07 7.38601318e+02 2.21580391e+01 
401 495.87 7.40855957e+02 2.22256794e+01 
402 496.67 7.37771973e+02 2.21331596e+01 
403 497.48 7.32270813e+02 2.19681244e+01 
404 498.28 7.26637329e+02 2.17991199e+01 
405 499.08 7.19300720e+02 2.15790215e+01 
406 499.88 7.11157959e+02 2.13347397e+01 
407 500.68 7.05157471e+02 2.11547241e+01 
408 501.48 7.02170898e+02 2.10651264e+01 
409 502.29 7.02656250e+02 2.10796871e+01 
410 503.09 7.07635559e+02 2.12290668e+01 
411 503.89 7.13719055e+02 2.14115715e+01 
412 504.69 7.21913208e+02 2.16573963e+01 
413 505.49 7.28116333e+02 2.18434906e+01 
414 506.29 7.29013977e+02 2.18704185e+01 
415 507.09 7.26335938e+02 2.17900772e+01 
416 507.90 7.22247192e+02 2.16674156e+01 
417 508.70 7.21110168e+02 2.16333046e+01 
418 509.50 7.21919739e+02 2.16575928e+01 
419 510.30 7.22908386e+02 2.16872520e+01 
420 511.10 7.21448242e+02 2.16434479e+01 
421 511.90 7.16855957e+02 2.15056782e+01 
422 512.71 7.09910095e+02 2.12973022e+01 
423 513.51 7.02179932e+02 2.10653973e+01 
424 514.31 6.94750244e+02 2.08425064e+01 
425 515.11 6.83431396e+02 2.05029411e+01 
426 515.91 6.67018738e+02 2.00105629e+01 
427 516.71 6.49116455e+02 1.94734936e+01 
428 517.51 6.39059875e+02 1.91717968e+01 
429 518.31 6.43302856e+02 1.92990856e+01 
430 519.11 6.58549316e+02 1.97564793e+01 
431 519.91 6.75374207e+02 2.02612267e+01 
432 520.71 6.86908936e+02 2.06072674e+01 
433 521.52 6.92558289e+02 2.07767487e+01 
434 522.32 6.96353149e+02 2.08905945e+01 
435 523.12 7.01354370e+02 2.10406303e+01 
436 523.92 7.05849487e+02 2.11754837e+01 
437 524.72 7.05872314e+02 2.11761703e+01 
438 525.52 6.96060364e+02 2.08818111e+01 
439 526.32 6.84200928e+02 2.05260277e+01 
440 527.12 6.82966858e+02 2.04890060e+01 
441 527.92 6.91697571e+02 2.07509270e+01 
442 528.72 7.05703369e+02 2.11711006e+01 
443 529.52 7.19611511e+02 2.15883446e+01 
444 530.32 7.26213379e+02 2.17864017e+01 
445 531.12 7.23929810e+02 2.17178936e+01 
446 531.92 7.17136963e+02 2.15141087e+01 
447 532.72 7.11999390e+02 2.13599815e+01 
448 533.52 7.11729248e+02 2.13518772e+01 
449 534.32 7.16242615e+02 2.14872780e+01 
450 535.12 7.21127380e+02 2.16338215e+01 
451 535.92 7.23457031e+02 2.17037106e+01 
452 536.72 7.20571899e+02 2.16171570e+01 
453 537.52 7.17291870e+02 2.15187569e+01 
454 538.32 7.12193298e+02 2.13657990e+01 
455 539.12 7.05617615e+02 2.11685276e+01 
456 539.92 7.00890686e+02 2.10267200e+01 
457 540.72 6.99907104e+02 2.09972134e+01 
458 541.52 7.01047485e+02 2.10314255e+01 
459 542.32 7.06528320e+02 2.11958504e+01 
460 543.12 7.12371582e+02 2.13711472e+01 
461 543.92 7.18593811e+02 2.15578136e+01 
462 544.72 7.20028931e+02 2.16008682e+01 
463 545.52 7.19150818e+02 2.15745239e+01 
464 546.32 7.15710022e+02 2.14713001e+01 
465 547.12 7.11216248e+02 2.13364868e+01 
466 547.91 7.08758423e+02 2.12627525e+01 
467 548.71 7.06780701e+02 2.12034206e+01 
468 549.51 7.07534363e+02 2.12260303e+01 
469 550.31 7.07996704e+02 2.12399006e+01 
470 551.11 7.07073975e+02 2.12122192e+01 
471 551.91 7.06609863e+02 2.11982956e+01 
472 552.71 7.06494995e+02 2.11948490e+01 
473 553.51 7.09952759e+02 2.12985821e+01 
474 554.31 7.10171143e+02 2.13051338e+01 
475 555.10 7.09352112e+02 2.12805634e+01 
476 555.90 7.03708740e+02 2.11112614e+01 
477 556.70 6.98653748e+02 2.09596119e+01 
478 557.50 6.90374268e+02 2.07112274e+01 
479 558.30 6.83897949e+02 2.05169392e+01 
480 559.10 6.83171387e+02 2.04951420e+01 
481 559.90 6.83453247e+02 2.05035973e+01 
482 560.70 6.86131165e+02 2.05839348e+01 
483 561.49 6.90943665e+02 2.07283096e+01 
484 562.29 6.96163940e+02 2.08849182e+01 
485 563.09 6.98728027e+02 2.09618416e+01 
486 563.89 6.98715027e+02 2.09614506e+01 
487 564.69 6.99350708e+02 2.09805222e+01 
488 565.49 6.98453552e+02 2.09536057e+01 
489 566.29 6.97851624e+02 2.09355488e+01 
490 567.08 7.01228333e+02 2.10368500e+01 
491 567.88 7.05833618e+02 2.11750088e+01 
492 568.68 7.05743774e+02 2.11723137e+01 
493 569.48 7.05376404e+02 2.11612930e+01 
494 570.28 7.03818481e+02 2.11145554e+01 
495 571.07 7.06147705e+02 2.11844311e+01 
496 571.87 7.14773132e+02 2.14431934e+01 
497 572.67 7.25898682e+02 2.17769604e+01 
498 573.47 7.31838623e+02 2.19551582e+01 
499 574.26 7.28253784e+02 2.18476143e+01 
500 575.06 7.25464417e+02 2.17639332e+01 
501 575.86 7.19827393e+02 2.15948219e+01 
502 576.66 7.15834961e+02 2.14750481e+01 
503 577.45 7.11434021e+02 2.13430214e+01 
504 578.25 7.07418335e+02 2.12225494e+01 
505 579.05 7.05627686e+02 2.11688309e+01 
506 579.85 7.04786682e+02 2.11436005e+01 
507 580.65 7.05003174e+02 2.11500950e+01 
508 581.44 7.08321899e+02 2.12496567e+01 
509 582.24 7.08944336e+02 2.12683296e+01 
510 583.04 7.05437256e+02 2.11631184e+01 
511 583.83 7.02564758e+02 2.10769424e+01 
512 584.63 6.97567505e+02 2.09270248e+01 
513 585.43 6.91384949e+02 2.07415485e+01 
514 586.22 6.85186279e+02 2.05555878e+01 
515 587.02 6.81421997e+02 2.04426594e+01 
516 587.82 6.70796143e+02 2.01238842e+01 
517 588.62 6.59284790e+02 1.97785435e+01 
518 589.41 6.54469971e+02 1.96341000e+01 
519 590.21 6.56767090e+02 1.97030125e+01 
520 591.01 6.66270142e+02 1.99881039e+01 
521 591.80 6.73516602e+02 2.02054977e+01 
522 592.60 6.76873047e+02 2.03061905e+01 
523 593.40 6.78634644e+02 2.03590393e+01 
524 594.19 6.77595093e+02 2.03278522e+01 
525 594.99 6.77369263e+02 2.03210773e+01 
526 595.79 6.79296753e+02 2.03789024e+01 
527 596.58 6.78096436e+02 2.03428936e+01 
528 597.38 6.75032593e+02 2.02509785e+01 
529 598.18 6.73325928e+02 2.01997776e+01 
530 598.97 6.70878662e+02 2.01263599e+01 
531 599.77 6.68238037e+02 2.00471420e+01 
532 600.56 6.66084290e+02 1.99825287e+01 
533 601.36 6.64230103e+02 1.99269028e+01 
534 602.16 6.62738403e+02 1.98821526e+01 
535 602.95 6.68345703e+02 2.00503712e+01 
536 603.75 6.70310181e+02 2.01093063e+01 
537 604.54 6.72972473e+02 2.01891747e+01 
538 605.34 6.73373108e+02 2.02011929e+01 
539 606.14 6.71622192e+02 2.01486664e+01 
540 606.93 6.69141968e+02 2.00742588e+01 
541 607.73 6.65831543e+02 1.99749470e+01 
542 608.52 6.64359985e+02 1.99307995e+01 
543 609.32 6.58304077e+02 1.97491226e+01 
544 610.11 6.55722900e+02 1.96716862e+01 
545 610.91 6.56285034e+02 1.96885509e+01 
546 611.71 6.53721680e+02 1.96116505e+01 
547 612.50 6.49846741e+02 1.94954014e+01 
548 613.30 6.45298035e+02 1.93589401e+01 
549 614.09 6.42155457e+02 1.92646637e+01 
550 614.89 6.40122131e+02 1.92036648e+01 
551 615.68 6.34742798e+02 1.90422840e+01 
552 616.48 6.35325439e+02 1.90597630e+01 
553 617.27 6.36497986e+02 1.90949402e+01 
554 618.07 6.39547607e+02 1.91864281e+01 
555 618.86 6.43393982e+02 1.93018188e+01 
556 619.66 6.46178345e+02 1.93853512e+01 
557 620.45 6.46798889e+02 1.94039669e+01 
558 621.25 6.44238220e+02 1.93271465e+01 
559 622.04 6.39829468e+02 1.91948833e+01 
560 622.84 6.34849060e+02 1.90454712e+01 
561 623.63 6.30680115e+02 1.89204025e+01 
562 624.43 6.27211426e+02 1.88163433e+01 
563 625.22 6.26178650e+02 1.87853603e+01 
564 626.02 6.24913635e+02 1.87474098e+01 
565 626.81 6.25774841e+02 1.87732449e+01 
566 627.61 6.28919373e+02 1.88675804e+01 
567 628.40 6.25592224e+02 1.87677670e+01 
568 629.19 6.22305542e+02 1.86691666e+01 
569 629.99 6.19195801e+02 1.85758743e+01 
570 630.78 6.12531067e+02 1.83759327e+01 
571 631.58 6.10549622e+02 1.83164883e+01 
572 632.37 6.08729553e+02 1.82618866e+01 
573 633.17 6.06703979e+02 1.82011185e+01 
574 633.96 6.04540710e+02 1.81362209e+01 
575 634.76 6.04911560e+02 1.81473465e+01 
576 635.55 6.02549194e+02 1.80764751e+01 
577 636.34 6.03238586e+02 1.80971584e+01 
578 637.14 6.02966797e+02 1.80890045e+01 
579 637.93 6.00194336e+02 1.80058308e+01 
580 638.72 5.96040039e+02 1.78812008e+01 
581 639.52 5.91588928e+02 1.77476673e+01 
582 640.31 5.84546753e+02 1.75364017e+01 
583 641.11 5.82181763e+02 1.74654522e+01 
584 641.90 5.78762024e+02 1.73628616e+01 
585 642.69 5.79387451e+02 1.73816242e+01 
586 643.49 5.76077209e+02 1.72823162e+01 
587 644.28 5.73605591e+02 1.72081680e+01 
588 645.07 5.71817139e+02 1.71545143e+01 
589 645.87 5.69264465e+02 1.70779343e+01 
590 646.66 5.68270996e+02 1.70481300e+01 
591 647.45 5.66990723e+02 1.70097218e+01 
592 648.25 5.62647583e+02 1.68794270e+01 
593 649.04 5.58293518e+02 1.67488060e+01 
594 649.83 5.55223511e+02 1.66567059e+01 
595 650.63 5.57770935e+02 1.67331276e+01 
596 651.42 5.59478943e+02 1.67843685e+01 
597 652.21 5.59640625e+02 1.67892189e+01 
598 653.00 5.59796509e+02 1.67938957e+01 
599 653.80 5.52394958e+02 1.65718479e+01 
600 654.59 5.37761719e+02 1.61328506e+01 
601 655.38 5.15700073e+02 1.54710026e+01 
602 656.17 5.02003906e+02 1.50601168e+01 
603 656.97 5.06503357e+02 1.51951008e+01 
604 657.76 5.21625244e+02 1.56487570e+01 
605 658.55 5.38152100e+02 1.61445637e+01 
606 659.34 5.43915161e+02 1.63174553e+01 
607 660.14 5.48254333e+02 1.64476299e+01 
608 660.93 5.50016602e+02 1.65004978e+01 
609 661.72 5.52043213e+02 1.65612965e+01 
610 662.52 5.49091797e+02 1.64727535e+01 
611 663.31 5.47255554e+02 1.64176674e+01 
612 664.10 5.46529053e+02 1.63958721e+01 
613 664.89 5.47019165e+02 1.64105759e+01 
614 665.68 5.46717773e+02 1.64015331e+01 
615 666.47 5.47354187e+02 1.64206257e+01 
616 667.27 5.46453735e+02 1.63936119e+01 
617 668.06 5.47807251e+02 1.64342175e+01 
618 668.85 5.47434326e+02 1.64230289e+01 
619 669.64 5.45004272e+02 1.63501282e+01 
620 670.43 5.42844055e+02 1.62853222e+01 
621 671.23 5.41555481e+02 1.62466640e+01 
622 672.02 5.39775818e+02 1.61932755e+01 
623 672.81 5.39525940e+02 1.61857777e+01 
624 673.60 5.39646606e+02 1.61893978e+01 
625 674.39 5.37402588e+02 1.61220779e+01 
626 675.18 5.34600586e+02 1.60380173e+01 
627 675.97 5.31334656e+02 1.59400396e+01 
628 676.77 5.31878113e+02 1.59563437e+01 
629 677.56 5.29253601e+02 1.58776083e+01 
630 678.35 5.27389343e+02 1.58216801e+01 
631 679.14 5.24964417e+02 1.57489328e+01 
632 679.93 5.22820007e+02 1.56845999e+01 
633 680.72 5.21566528e+02 1.56469955e+01 
634 681.51 5.19857788e+02 1.55957336e+01 
635 682.30 5.18115845e+02 1.55434752e+01 
636 683.09 5.13436584e+02 1.54030972e+01 
637 683.88 5.06913391e+02 1.52074013e+01 
638 684.67 5.03746216e+02 1.51123867e+01 
639 685.46 4.96839600e+02 1.49051876e+01 
640 686.26 4.81637268e+02 1.44491177e+01 
641 687.04 4.67462585e+02 1.40238771e+01 
642 687.84 4.63764618e+02 1.39129381e+01 
643 688.63 4.66569824e+02 1.39970951e+01 
644 689.42 4.70384583e+02 1.41115379e+01 
645 690.21 4.72420898e+02 1.41726265e+01 
646 691.00 4.73768311e+02 1.42130489e+01 
647 691.79 4.74726257e+02 1.42417879e+01 
648 692.58 4.76021027e+02 1.42806311e+01 
649 693.37 4.76857056e+02 1.43057117e+01 
650 694.16 4.75607422e+02 1.42682228e+01 
651 694.95 4.72610138e+02 1.41783037e+01 
652 695.74 4.72330322e+02 1.41699095e+01 
653 696.53 4.70143738e+02 1.41043119e+01 
654 697.32 4.66832642e+02 1.40049791e+01 
655 698.10 4.64064148e+02 1.39219246e+01 
656 698.89 4.63180054e+02 1.38954020e+01 
657 699.68 4.59710358e+02 1.37913103e+01 
658 700.47 4.55821289e+02 1.36746387e+01 
659 701.26 4.52112976e+02 1.35633888e+01 
660 702.05 4.50304413e+02 1.35091324e+01 
661 702.84 4.49961212e+02 1.34988365e+01 
662 703.63 4.52635010e+02 1.35790501e+01 
663 704.42 4.54849457e+02 1.36454840e+01 
664 705.21 4.53886200e+02 1.36165857e+01 
665 706.00 4.52552795e+02 1.35765839e+01 
666 706.79 4.49981598e+02 1.34994478e+01 
667 707.58 4.50356171e+02 1.35106850e+01 
668 708.37 4.48573456e+02 1.34572039e+01 
669 709.15 4.46990631e+02 1.34097185e+01 
670 709.94 4.47172058e+02 1.34151621e+01 
671 710.73 4.45352020e+02 1.33605604e+01 
672 711.52 4.43093384e+02 1.32928019e+01 
673 712.31 4.42065186e+02 1.32619553e+01 
674 713.10 4.39649384e+02 1.31894817e+01 
675 713.88 4.38759308e+02 1.31627789e+01 
676 714.67 4.36818115e+02 1.31045437e+01 
677 715.46 4.32399841e+02 1.29719954e+01 
678 716.25 4.27688202e+02 1.28306465e+01 
679 717.04 4.19959290e+02 1.25987787e+01 
680 717.83 4.10257172e+02 1.23077154e+01 
681 718.61 4.01124847e+02 1.20337458e+01 
682 719.40 3.97797394e+02 1.19339218e+01 
683 720.19 4.00050781e+02 1.20015230e+01 
684 720.98 4.05235321e+02 1.21570597e+01 
685 721.76 4.09802002e+02 1.22940598e+01 
686 722.55 4.08129791e+02 1.22438936e+01 
687 723.34 4.03692047e+02 1.21107616e+01 
688 724.13 4.00487061e+02 1.20146122e+01 
689 724.92 4.00745148e+02 1.20223541e+01 
690 725.70 4.01140320e+02 1.20342093e+01 
691 726.49 4.00957336e+02 1.20287199e+01 
692 727.28 3.99652100e+02 1.19895630e+01 
693 728.06 3.96631042e+02 1.18989315e+01 
694 728.85 3.93490784e+02 1.18047237e+01 
695 729.64 3.93642944e+02 1.18092880e+01 
696 730.42 3.96125824e+02 1.18837748e+01 
697 731.21 3.97476593e+02 1.19242973e+01 
698 732.00 3.98796783e+02 1.19639034e+01 
699 732.78 3.99901794e+02 1.19970541e+01 
700 733.57 4.01339111e+02 1.20401735e+01 
701 734.36 4.00399628e+02 1.20119886e+01 
702 735.14 3.98690674e+02 1.19607201e+01 
703 735.93 3.95379456e+02 1.18613834e+01 
704 736.72 3.93665863e+02 1.18099756e+01 
705 737.51 3.92817749e+02 1.17845325e+01 
706 738.29 3.88782043e+02 1.16634617e+01 
707 739.08 3.86314636e+02 1.15894394e+01 
708 739.86 3.84579437e+02 1.15373831e+01 
709 740.65 3.81466736e+02 1.14440022e+01 
710 741.44 3.79603394e+02 1.13881016e+01 
711 742.22 3.80760498e+02 1.14228153e+01 
712 743.01 3.82645050e+02 1.14793510e+01 
713 743.79 3.81883667e+02 1.14565096e+01 
714 744.58 3.79689545e+02 1.13906860e+01 
715 745.37 3.79964844e+02 1.13989449e+01 
716 746.15 3.79983154e+02 1.13994942e+01 
717 746.94 3.77950012e+02 1.13385000e+01 
718 747.72 3.75987854e+02 1.12796354e+01 
719 748.51 3.72982727e+02 1.11894817e+01 
720 749.29 3.70862213e+02 1.11258659e+01 
721 750.08 3.68530334e+02 1.10559101e+01 
722 750.86 3.66827087e+02 1.10048122e+01 
723 751.65 3.65646545e+02 1.09693966e+01 
724 752.43 3.64304901e+02 1.09291468e+01 
725 753.22 3.63969116e+02 1.09190731e+01 
726 754.00 3.64542450e+02 1.09362736e+01 
727 754.79 3.62579529e+02 1.08773861e+01 
728 755.57 3.59723938e+02 1.07917185e+01 
729 756.36 3.57167664e+02 1.07150297e+01 
730 757.14 3.56355682e+02 1.06906700e+01 
731 757.93 3.50831085e+02 1.05249329e+01 
732 758.71 3.28436493e+02 9.85309505e+00 
733 759.49 2.80089172e+02 8.40267563e+00 
734 760.28 2.40176086e+02 7.20528269e+00 
735 761.06 2.42211288e+02 7.26633883e+00 
736 761.85 2.61191711e+02 7.83575153e+00 
737 762.63 2.69648254e+02 8.08944798e+00 
738 763.41 2.72669434e+02 8.18008327e+00 
739 764.20 2.81490875e+02 8.44472599e+00 
740 764.98 2.92502563e+02 8.77507687e+00 
741 765.77 3.01621002e+02 9.04862976e+00 
742 766.55 3.10952667e+02 9.32857990e+00 
743 767.33 3.21537811e+02 9.64613438e+00 
744 768.12 3.28628845e+02 9.85886574e+00 
745 768.90 3.31486298e+02 9.94458866e+00 
746 769.68 3.31731232e+02 9.95193672e+00 
747 770.47 3.30783203e+02 9.92349625e+00 
748 771.25 3.28399994e+02 9.85200024e+00 
749 772.03 3.28212463e+02 9.84637356e+00 
750 772.82 3.29422424e+02 9.88267231e+00 
751 773.60 3.29023834e+02 9.87071514e+00 
752 774.38 3.26230713e+02 9.78692150e+00 
753 775.17 3.24290283e+02 9.72870827e+00 
754 775.95 3.25060211e+02 9.75180626e+00 
755 776.73 3.23856537e+02 9.71569633e+00 
756 777.51 3.22639160e+02 9.67917442e+00 
757 778.30 3.21214935e+02 9.63644791e+00 
758 779.08 3.18965149e+02 9.56895447e+00 
759 779.86 3.17333740e+02 9.52001190e+00 
760 780.64 3.17451935e+02 9.52355766e+00 
761 781.43 3.18784058e+02 9.56352139e+00 
762 782.21 3.19060547e+02 9.57181644e+00 
763 782.99 3.15259644e+02 9.45778942e+00 
764 783.77 3.12544739e+02 9.37634182e+00 
765 784.55 3.11709625e+02 9.35128880e+00 
766 785.34 3.11171906e+02 9.33515739e+00 
767 786.12 3.11056915e+02 9.33170700e+00 
768 786.90 3.09897278e+02 9.29691792e+00 
769 787.68 3.07553528e+02 9.22660542e+00 
770 788.46 3.05602356e+02 9.16807079e+00 
771 789.24 3.04846405e+02 9.14539242e+00 
772 790.03 3.03920715e+02 9.11762142e+00 
773 790.81 3.01618286e+02 9.04854870e+00 
774 791.59 2.97813354e+02 8.93440056e+00 
775 792.37 2.93386932e+02 8.80160809e+00 
776 793.15 2.90615021e+02 8.71845055e+00 
777 793.93 2.89615540e+02 8.68846607e+00 
778 794.71 2.90472198e+02 8.71416569e+00 
779 795.49 2.90764465e+02 8.72293377e+00 
780 796.27 2.90147858e+02 8.70443535e+00 
781 797.05 2.90751404e+02 8.72254181e+00 
782 797.84 2.91069641e+02 8.73208904e+00 
783 798.61 2.89649780e+02 8.68949318e+00 
784 799.40 2.86290680e+02 8.58872032e+00 
785 800.18 2.83424133e+02 8.50272369e+00 
786 800.96 2.81021210e+02 8.43063641e+00 
787 801.74 2.80401459e+02 8.41204357e+00 
788 802.52 2.80001282e+02 8.40003872e+00 
789 803.30 2.79527710e+02 8.38583088e+00 
790 804.08 2.76475647e+02 8.29426956e+00 
791 804.86 2.73116913e+02 8.19350719e+00 
792 805.64 2.70953400e+02 8.12860203e+00 
793 806.42 2.72241089e+02 8.16723251e+00 
794 807.20 2.73476349e+02 8.20429039e+00 
795 807.97 2.70907135e+02 8.12721443e+00 
796 808.75 2.66065033e+02 7.98195076e+00 
797 809.53 2.62181122e+02 7.86543369e+00 
798 810.31 2.62110229e+02 7.86330700e+00 
799 811.09 2.63733521e+02 7.91200542e+00 
800 811.87 2.63153687e+02 7.89461040e+00 
801 812.65 2.60607269e+02 7.81821823e+00 
802 813.43 2.55341553e+02 7.66024637e+00 
803 814.21 2.49627533e+02 7.48882580e+00 
804 814.99 2.46456375e+02 7.39369106e+00 
805 815.76 2.45004715e+02 7.35014153e+00 
806 816.54 2.43986923e+02 7.31960773e+00 
807 817.32 2.41311768e+02 7.23935318e+00 
808 818.10 2.37817307e+02 7.13451910e+00 
809 818.88 2.35127365e+02 7.05382109e+00 
810 819.66 2.34728348e+02 7.04185057e+00 
811 820.43 2.37629150e+02 7.12887430e+00 
812 821.21 2.39777985e+02 7.19333935e+00 
813 821.99 2.36379120e+02 7.09137344e+00 
814 822.77 2.30680984e+02 6.92042971e+00 
815 823.55 2.28885162e+02 6.86655474e+00 
816 824.32 2.30908020e+02 6.92724037e+00 
817 825.10 2.35150574e+02 7.05451727e+00 
818 825.88 2.38111084e+02 7.14333248e+00 
819 826.66 2.37189911e+02 7.11569738e+00 
820 827.43 2.33093994e+02 6.99281979e+00 
821 828.21 2.28590988e+02 6.85772943e+00 
822 828.99 2.27003922e+02 6.81011772e+00 
823 829.76 2.28564072e+02 6.85692215e+00 
824 830.54 2.30321686e+02 6.90965080e+00 
825 831.32 2.29296997e+02 6.87891006e+00 
826 832.10 2.25788361e+02 6.77365065e+00 
827 832.87 2.21306900e+02 6.63920689e+00 
828 833.65 2.19920197e+02 6.59760571e+00 
829 834.42 2.22538666e+02 6.67615986e+00 
830 835.20 2.26411514e+02 6.79234552e+00 
831 835.98 2.27896622e+02 6.83689880e+00 
832 836.75 2.25909195e+02 6.77727604e+00 
833 837.53 2.21598984e+02 6.64796972e+00 
834 838.30 2.18686050e+02 6.56058168e+00 
835 839.08 2.18770950e+02 6.56312847e+00 
836 839.86 2.21026382e+02 6.63079166e+00 
837 840.63 2.21781647e+02 6.65344954e+00 
838 841.41 2.19509933e+02 6.58529806e+00 
839 842.18 2.14959686e+02 6.44879055e+00 
840 842.96 2.10683609e+02 6.32050848e+00 
841 843.73 2.09614304e+02 6.28842926e+00 
842 844.51 2.11003418e+02 6.33010244e+00 
843 845.28 2.13348297e+02 6.40044880e+00 
844 846.06 2.14495758e+02 6.43487263e+00 
845 846.84 2.11978409e+02 6.35935211e+00 
846 847.61 2.06895309e+02 6.20685911e+00 
847 848.38 2.01776932e+02 6.05330801e+00 
848 849.16 1.99941467e+02 5.99824381e+00 
849 849.93 2.00449799e+02 6.01349401e+00 
850 850.71 2.01277039e+02 6.03831100e+00 
851 851.48 1.99645279e+02 5.98935843e+00 
852 852.26 1.94419662e+02 5.83259010e+00 
853 853.03 1.87720276e+02 5.63160849e+00 
854 853.81 1.83108032e+02 5.49324083e+00 
855 854.58 1.82928253e+02 5.48784781e+00 
856 855.35 1.87514771e+02 5.62544298e+00 
857 856.13 1.93370667e+02 5.80111980e+00 
858 856.90 1.95975067e+02 5.87925196e+00 
859 857.68 1.94494034e+02 5.83482122e+00 
860 858.45 1.91503510e+02 5.74510527e+00 
861 859.22 1.89331909e+02 5.67995739e+00 
862 860.00 1.89874466e+02 5.69623375e+00 
863 860.77 1.92261932e+02 5.76785803e+00 
864 861.54 1.93107132e+02 5.79321384e+00 
865 862.32 1.91213806e+02 5.73641396e+00 
866 863.09 1.87134888e+02 5.61404657e+00 
867 863.86 1.80905304e+02 5.42715931e+00 
868 864.64 1.76476929e+02 5.29430771e+00 
869 865.41 1.74097015e+02 5.22291040e+00 
870 866.18 1.73588364e+02 5.20765114e+00 
871 866.95 1.73987213e+02 5.21961641e+00 
872 867.73 1.74098328e+02 5.22294998e+00 
873 868.50 1.73397507e+02 5.20192528e+00 
874 869.27 1.72299500e+02 5.16898489e+00 
875 870.04 1.72610687e+02 5.17832041e+00 
876 870.81 1.74463913e+02 5.23391724e+00 
877 871.59 1.75971069e+02 5.27913189e+00 
878 872.36 1.76193222e+02 5.28579664e+00 
879 873.13 1.74139435e+02 5.22418308e+00 
880 873.90 1.70237518e+02 5.10712576e+00 
881 874.67 1.66344574e+02 4.99033737e+00 
882 875.44 1.64418976e+02 4.93256950e+00 
883 876.22 1.65104691e+02 4.95314074e+00 
884 876.99 1.66552353e+02 4.99657059e+00 
885 877.76 1.67302643e+02 5.01907921e+00 
886 878.53 1.65845917e+02 4.97537756e+00 
887 879.30 1.62432007e+02 4.87296009e+00 
888 880.07 1.58958496e+02 4.76875496e+00 
889 880.84 1.57661758e+02 4.72985268e+00 
890 881.61 1.58530212e+02 4.75590658e+00 
891 882.38 1.60673187e+02 4.82019567e+00 
892 883.15 1.62636383e+02 4.87909126e+00 
893 883.92 1.62141815e+02 4.86425447e+00 
894 884.69 1.59632843e+02 4.78898525e+00 
895 885.47 1.56540482e+02 4.69621468e+00 
896 886.23 1.54143021e+02 4.62429047e+00 
897 887.00 1.53559799e+02 4.60679388e+00 
898 887.78 1.54663254e+02 4.63989782e+00 
899 888.54 1.56363083e+02 4.69089270e+00 
900 889.31 1.57318115e+02 4.71954346e+00 
901 890.08 1.55625046e+02 4.66875124e+00 
902 890.85 1.52354111e+02 4.57062340e+00 
903 891.62 1.49206680e+02 4.47620058e+00 
904 892.39 1.46938141e+02 4.40814400e+00 
905 893.16 1.46375687e+02 4.39127064e+00 
906 893.93 1.46986145e+02 4.40958452e+00 
907 894.70 1.46826080e+02 4.40478230e+00 
908 895.47 1.44664215e+02 4.33992624e+00 
909 896.24 1.41088455e+02 4.23265362e+00 
910 897.01 1.36626724e+02 4.09880161e+00 
911 897.78 1.33463165e+02 4.00389481e+00 
912 898.54 1.32168610e+02 3.96505833e+00 
913 899.31 1.32087784e+02 3.96263361e+00 
914 900.08 1.31941483e+02 3.95824456e+00 
915 900.85 1.31480881e+02 3.94442654e+00 
916 901.62 1.30273193e+02 3.90819573e+00 
917 902.38 1.29020966e+02 3.87062907e+00 
918 903.15 1.28320465e+02 3.84961390e+00 
919 903.92 1.28655121e+02 3.85965371e+00 
920 904.69 1.29520309e+02 3.88560939e+00 
921 905.46 1.30327927e+02 3.90983772e+00 
922 906.22 1.30200775e+02 3.90602326e+00 
923 906.99 1.28546814e+02 3.85640430e+00 
924 907.76 1.25665291e+02 3.76995873e+00 
925 908.52 1.22534836e+02 3.67604518e+00 
926 909.29 1.20309219e+02 3.60927653e+00 
927 910.06 1.19646103e+02 3.58938313e+00 
928 910.83 1.20085236e+02 3.60255718e+00 
929 911.59 1.20828140e+02 3.62484431e+00 
930 912.36 1.21015533e+02 3.63046598e+00 
931 913.13 1.20179756e+02 3.60539269e+00 
932 913.89 1.18439087e+02 3.55317259e+00 
933 914.66 1.16417969e+02 3.49253917e+00 
934 915.42 1.14820992e+02 3.44462967e+00 
935 916.19 1.14196732e+02 3.42590189e+00 
936 916.96 1.14252502e+02 3.42757511e+00 
937 917.72 1.14641991e+02 3.43925977e+00 
938 918.49 1.14716141e+02 3.44148421e+00 
939 919.26 1.13929626e+02 3.41788888e+00 
940 920.02 1.12407295e+02 3.37221885e+00 
941 920.79 1.10414108e+02 3.31242323e+00 
942 921.55 1.08542046e+02 3.25626135e+00 
943 922.32 1.07201294e+02 3.21603870e+00 
944 923.08 1.06498291e+02 3.19494867e+00 
945 923.85 1.06124435e+02 3.18373299e+00 
946 924.61 1.05378479e+02 3.16135430e+00 
947 925.38 1.03965652e+02 3.11896968e+00 
948 926.14 1.01924591e+02 3.05773783e+00 
949 926.91 9.90305557e+01 2.97091675e+00 
950 927.67 9.57026901e+01 2.87108064e+00 
951 928.44 9.24355927e+01 2.77306771e+00 
952 929.20 8.94668274e+01 2.68400478e+00 
953 929.97 8.65401077e+01 2.59620333e+00 
954 930.73 8.31887436e+01 2.49566221e+00 
955 931.49 7.93283234e+01 2.37984967e+00 
956 932.26 7.53301086e+01 2.25990319e+00 
957 933.02 7.12874527e+01 2.13862348e+00 
958 933.79 6.77378006e+01 2.03213406e+00 
959 934.55 6.52008591e+01 1.95602572e+00 
960 935.32 6.36576271e+01 1.90972877e+00 
961 936.08 6.27594948e+01 1.88278484e+00 
962 936.84 6.21395187e+01 1.86418557e+00 
963 937.61 6.15066261e+01 1.84519875e+00 
964 938.37 6.05772552e+01 1.81731761e+00 
965 939.13 5.95227203e+01 1.78568161e+00 
966 939.89 5.83200607e+01 1.74960184e+00 
967 940.66 5.71534157e+01 1.71460247e+00 
968 941.42 5.63220406e+01 1.68966126e+00 
969 942.18 5.55684357e+01 1.66705310e+00 
970 942.95 5.48674850e+01 1.64602458e+00 
971 943.71 5.41834793e+01 1.62550437e+00 
972 944.47 5.34725876e+01 1.60417759e+00 
973 945.23 5.27437897e+01 1.58231366e+00 
974 946.00 5.23812675e+01 1.57143807e+00 
975 946.76 5.23686790e+01 1.57106042e+00 
976 947.52 5.27408447e+01 1.58222532e+00 
977 948.28 5.35093307e+01 1.60527992e+00 
978 949.04 5.43659515e+01 1.63097858e+00 
979 949.81 5.50590973e+01 1.65177298e+00 
980 950.57 5.53422661e+01 1.66026795e+00 
981 951.33 5.53429527e+01 1.66028857e+00 
982 952.09 5.51802635e+01 1.65540791e+00 
983 952.85 5.51234055e+01 1.65370214e+00 
984 953.61 5.53723068e+01 1.66116917e+00 
985 954.38 5.59525871e+01 1.67857766e+00 
986 955.14 5.66519165e+01 1.69955754e+00 
987 955.90 5.72659988e+01 1.71797991e+00 
988 956.66 5.77145386e+01 1.73143613e+00 
989 957.42 5.78186874e+01 1.73456061e+00 
990 958.18 5.78235931e+01 1.73470783e+00 
991 958.94 5.77980957e+01 1.73394287e+00 
992 959.70 5.80997009e+01 1.74299097e+00 
993 960.46 5.86018333e+01 1.75805497e+00 
994 961.22 5.93246536e+01 1.77973962e+00 
995 961.98 5.99653091e+01 1.79895926e+00 
996 962.74 6.02207947e+01 1.80662382e+00 
997 963.50 6.02814140e+01 1.80844247e+00 
998 964.26 6.00693932e+01 1.80208182e+00 
999 965.02 5.99066620e+01 1.79719985e+00 
1000 965.78 6.00131645e+01 1.80039489e+00 
1001 966.54 6.03037796e+01 1.80911338e+00 
1002 967.30 6.08316345e+01 1.82494903e+00 
1003 968.06 6.12370453e+01 1.83711135e+00 
1004 968.82 6.11613464e+01 1.83484042e+00 
1005 969.58 6.06688042e+01 1.82006407e+00 
1006 970.34 6.01454926e+01 1.80436480e+00 
1007 971.10 5.97463684e+01 1.79239106e+00 
1008 971.86 5.95978088e+01 1.78793430e+00 
1009 972.62 5.95871811e+01 1.78761542e+00 
1010 973.38 5.94321060e+01 1.78296316e+00 
1011 974.14 5.90457954e+01 1.77137387e+00 
1012 974.90 5.83763428e+01 1.75129032e+00 
1013 975.65 5.76506958e+01 1.72952092e+00 
1014 976.41 5.71594391e+01 1.71478319e+00 
1015 977.17 5.70338478e+01 1.71101546e+00 
1016 977.93 5.70638504e+01 1.71191549e+00 
1017 978.69 5.69838028e+01 1.70951414e+00 
1018 979.45 5.65736313e+01 1.69720888e+00 
1019 980.20 5.59715347e+01 1.67914605e+00 
1020 980.96 5.55600624e+01 1.66680193e+00 
1021 981.72 5.53347702e+01 1.66004312e+00 
1022 982.48 5.53470955e+01 1.66041291e+00 
1023 983.23 5.50641632e+01 1.65192485e+00 
1024 983.99 5.43722229e+01 1.63116670e+00 
1025 984.75 5.36321487e+01 1.60896444e+00 
1026 985.51 5.32436752e+01 1.59731030e+00 
1027 986.27 5.30675049e+01 1.59202516e+00 
1028 987.02 5.27061996e+01 1.58118594e+00 
1029 987.78 5.19191360e+01 1.55757403e+00 
1030 988.54 5.09833946e+01 1.52950180e+00 
1031 989.29 5.04770393e+01 1.51431119e+00 
1032 990.05 5.02007141e+01 1.50602138e+00 
1033 990.81 4.95546646e+01 1.48663998e+00 
1034 991.56 4.85740547e+01 1.45722163e+00 
1035 992.32 4.78493042e+01 1.43547916e+00 
1036 993.08 4.72692261e+01 1.41807675e+00 
1037 993.83 4.63555756e+01 1.39066732e+00 
1038 994.59 4.52553101e+01 1.35765934e+00 
1039 995.35 4.44187584e+01 1.33256280e+00 
1040 996.10 2.64512324e+00 7.93536976e-02 
1041 996.86 1.44848377e-01 4.34545148e-03 
1042 997.62 7.62738362e-02 2.28821510e-03 
1043 998.37 8.10274854e-02 2.43082456e-03 
