% C0 (TOA Count Rate, /ms) for 4STAR NIR spectrometer (512 channels) derived from C:\Users\sleblan2\Research\4STAR\roof\4STAR_20171107starsun.mat and recorded on 2017-11-08 17:28:55.
% Data outside 1.8x the STD of 501 nm Langley residuals were screened out. For instrument:4STAR
Pix Wavelength C0 C0err
511 949.79 2.99799943e+00 8.99399817e-02 
510 949.79 4.33196402e+00 1.29958928e-01 
509 951.68 4.69563484e+00 1.40869051e-01 
508 953.57 4.76688099e+00 1.43006429e-01 
507 955.46 5.18379736e+00 1.55513927e-01 
506 957.34 5.29160357e+00 1.58748105e-01 
505 959.22 5.80829334e+00 1.74248800e-01 
504 961.10 5.97700310e+00 1.79310098e-01 
503 962.98 6.52767897e+00 1.95830375e-01 
502 964.85 6.63839483e+00 1.99151844e-01 
501 966.72 7.25659657e+00 2.17697904e-01 
500 968.59 7.41247797e+00 2.22374335e-01 
499 970.45 7.85705900e+00 2.35711768e-01 
498 972.32 7.76118279e+00 2.32835487e-01 
497 974.18 8.08414745e+00 2.42524430e-01 
496 976.04 8.00714588e+00 2.40214378e-01 
495 977.89 8.38312244e+00 2.51493663e-01 
494 979.74 8.36969376e+00 2.51090825e-01 
493 981.59 8.70367527e+00 2.61110246e-01 
492 983.44 8.63596153e+00 2.59078860e-01 
491 985.29 8.90085411e+00 2.67025620e-01 
490 987.13 8.72879982e+00 2.61864007e-01 
489 988.97 8.96686840e+00 2.69006044e-01 
488 990.81 8.76796627e+00 2.63038993e-01 
487 992.65 8.93787956e+00 2.68136382e-01 
486 994.48 8.77250195e+00 2.63175070e-01 
485 996.31 8.90539646e+00 2.67161906e-01 
484 998.14 8.68120193e+00 2.60436058e-01 
483 999.97 8.82531643e+00 2.64759481e-01 
482 1001.79 8.54346085e+00 2.56303817e-01 
481 1003.62 8.61839390e+00 2.58551806e-01 
480 1005.44 8.40482426e+00 2.52144724e-01 
479 1007.25 8.66839314e+00 2.60051787e-01 
478 1009.07 8.47301674e+00 2.54190505e-01 
477 1010.88 8.63418484e+00 2.59025544e-01 
476 1012.69 8.38602352e+00 2.51580715e-01 
475 1014.50 8.48221302e+00 2.54466385e-01 
474 1016.31 8.27040577e+00 2.48112172e-01 
473 1018.11 8.45007706e+00 2.53502309e-01 
472 1019.91 8.22873974e+00 2.46862188e-01 
471 1021.71 8.38472557e+00 2.51541764e-01 
470 1023.51 8.15961456e+00 2.44788438e-01 
469 1025.30 8.31811905e+00 2.49543577e-01 
468 1027.09 8.19502544e+00 2.45850757e-01 
467 1028.88 8.34604740e+00 2.50381410e-01 
466 1030.67 8.18068886e+00 2.45420665e-01 
465 1032.46 8.34719944e+00 2.50415981e-01 
464 1034.24 8.19559193e+00 2.45867759e-01 
463 1036.02 8.37784386e+00 2.51335323e-01 
462 1037.80 8.26046371e+00 2.47813910e-01 
461 1039.58 8.46555138e+00 2.53966540e-01 
460 1041.35 8.33940792e+00 2.50182241e-01 
459 1043.12 8.52995396e+00 2.55898625e-01 
458 1044.89 8.45747375e+00 2.53724217e-01 
457 1046.66 8.66593456e+00 2.59978026e-01 
456 1048.43 8.56475067e+00 2.56942511e-01 
455 1050.19 8.80668926e+00 2.64200687e-01 
454 1051.95 8.63862801e+00 2.59158850e-01 
453 1053.71 8.86382389e+00 2.65914708e-01 
452 1055.47 8.70390606e+00 2.61117190e-01 
451 1057.23 8.84804535e+00 2.65441358e-01 
450 1058.98 8.72339725e+00 2.61701912e-01 
449 1060.73 8.90541935e+00 2.67162591e-01 
448 1062.48 8.72227192e+00 2.61668146e-01 
447 1064.23 8.86802387e+00 2.66040713e-01 
446 1065.97 8.57899094e+00 2.57369727e-01 
445 1067.71 8.62710857e+00 2.58813262e-01 
444 1069.46 8.42149544e+00 2.52644867e-01 
443 1071.19 8.51441097e+00 2.55432338e-01 
442 1072.93 8.35023308e+00 2.50506997e-01 
441 1074.67 8.45081806e+00 2.53524542e-01 
440 1076.40 8.25244427e+00 2.47573331e-01 
439 1078.13 8.28659630e+00 2.48597890e-01 
438 1079.86 8.02973557e+00 2.40892068e-01 
437 1081.58 8.10314846e+00 2.43094459e-01 
436 1083.31 7.94881105e+00 2.38464326e-01 
435 1085.03 8.12306690e+00 2.43692011e-01 
434 1086.75 8.03798485e+00 2.41139546e-01 
433 1088.47 8.20399857e+00 2.46119961e-01 
432 1090.19 8.09361458e+00 2.42808431e-01 
431 1091.90 8.20009899e+00 2.46002972e-01 
430 1093.61 8.06466389e+00 2.41939917e-01 
429 1095.33 8.27781105e+00 2.48334333e-01 
428 1097.03 8.29271698e+00 2.48781502e-01 
427 1098.74 8.50938797e+00 2.55281627e-01 
426 1100.45 8.47779560e+00 2.54333854e-01 
425 1102.15 8.72806740e+00 2.61842012e-01 
424 1103.85 8.67144680e+00 2.60143399e-01 
423 1105.55 8.80258942e+00 2.64077693e-01 
422 1107.25 8.58845997e+00 2.57653803e-01 
421 1108.94 8.51661777e+00 2.55498528e-01 
420 1110.64 8.00208092e+00 2.40062431e-01 
419 1112.33 7.57696438e+00 2.27308929e-01 
418 1114.02 6.68452597e+00 2.00535774e-01 
417 1115.70 6.35408688e+00 1.90622613e-01 
416 1117.39 6.01870537e+00 1.80561155e-01 
415 1119.07 5.89421368e+00 1.76826417e-01 
414 1120.76 5.88817120e+00 1.76645130e-01 
413 1122.44 5.81805944e+00 1.74541786e-01 
412 1124.12 5.81481934e+00 1.74444586e-01 
411 1125.79 6.09057379e+00 1.82717219e-01 
410 1127.47 6.11703587e+00 1.83511078e-01 
409 1129.14 6.74841690e+00 2.02452511e-01 
408 1130.81 6.09547615e+00 1.82864279e-01 
407 1132.48 5.93252182e+00 1.77975655e-01 
406 1134.15 5.88157368e+00 1.76447213e-01 
405 1135.81 6.46768188e+00 1.94030464e-01 
404 1137.48 7.59914589e+00 2.27974370e-01 
403 1139.14 8.04605103e+00 2.41381526e-01 
402 1140.80 7.52034092e+00 2.25610226e-01 
401 1142.46 7.08533478e+00 2.12560043e-01 
400 1144.12 6.35901976e+00 1.90770596e-01 
399 1145.77 6.22747469e+00 1.86824247e-01 
398 1147.43 6.39069176e+00 1.91720754e-01 
397 1149.08 6.99052715e+00 2.09715813e-01 
396 1150.73 7.10024452e+00 2.13007331e-01 
395 1152.38 7.48780441e+00 2.24634126e-01 
394 1154.02 7.56613827e+00 2.26984143e-01 
393 1155.67 8.01294613e+00 2.40388379e-01 
392 1157.31 8.08292770e+00 2.42487833e-01 
391 1158.95 8.28026485e+00 2.48407945e-01 
390 1160.59 8.41135788e+00 2.52340734e-01 
389 1162.23 8.67057419e+00 2.60117233e-01 
388 1163.87 8.68155003e+00 2.60446489e-01 
387 1165.50 8.81643963e+00 2.64493197e-01 
386 1167.13 8.75409031e+00 2.62622714e-01 
385 1168.76 8.94540215e+00 2.68362075e-01 
384 1170.39 8.73912430e+00 2.62173742e-01 
383 1172.02 8.71933842e+00 2.61580139e-01 
382 1173.65 8.54755020e+00 2.56426513e-01 
381 1175.27 8.52959442e+00 2.55887836e-01 
380 1176.90 8.48325062e+00 2.54497528e-01 
379 1178.52 8.38529778e+00 2.51558930e-01 
378 1180.14 8.16999626e+00 2.45099887e-01 
377 1181.75 8.15875435e+00 2.44762629e-01 
376 1183.37 8.00201607e+00 2.40060478e-01 
375 1184.99 8.04414272e+00 2.41324276e-01 
374 1186.60 7.94124556e+00 2.38237366e-01 
373 1188.21 7.96170855e+00 2.38851249e-01 
372 1189.82 7.91467905e+00 2.37440377e-01 
371 1191.43 8.15291119e+00 2.44587332e-01 
370 1193.04 8.05346394e+00 2.41603911e-01 
369 1194.64 8.00926590e+00 2.40277976e-01 
368 1196.24 7.80866814e+00 2.34260038e-01 
367 1197.85 7.83587456e+00 2.35076234e-01 
366 1199.45 7.66096926e+00 2.29829073e-01 
365 1201.05 7.69153118e+00 2.30745941e-01 
364 1202.64 7.63441801e+00 2.29032546e-01 
363 1204.24 7.68977118e+00 2.30693132e-01 
362 1205.83 7.63240671e+00 2.28972197e-01 
361 1207.43 7.66964293e+00 2.30089292e-01 
360 1209.02 7.58905411e+00 2.27671623e-01 
359 1210.61 7.75587368e+00 2.32676208e-01 
358 1212.19 7.77197456e+00 2.33159244e-01 
357 1213.78 7.93210793e+00 2.37963244e-01 
356 1215.37 7.88768053e+00 2.36630410e-01 
355 1216.95 7.98162651e+00 2.39448801e-01 
354 1218.53 7.94864416e+00 2.38459319e-01 
353 1220.11 8.05392647e+00 2.41617799e-01 
352 1221.69 8.01967525e+00 2.40590259e-01 
351 1223.27 8.07914734e+00 2.42374420e-01 
350 1224.84 8.03483677e+00 2.41045102e-01 
349 1226.42 8.05804062e+00 2.41741225e-01 
348 1227.99 8.02214432e+00 2.40664333e-01 
347 1229.56 8.16648674e+00 2.44994596e-01 
346 1231.13 8.10955620e+00 2.43286684e-01 
345 1232.70 8.16204071e+00 2.44861215e-01 
344 1234.27 8.11183167e+00 2.43354946e-01 
343 1235.84 8.12613487e+00 2.43784040e-01 
342 1237.40 8.05830383e+00 2.41749108e-01 
341 1238.96 8.06489849e+00 2.41946951e-01 
340 1240.52 7.89422989e+00 2.36826897e-01 
339 1242.08 8.01258469e+00 2.40377545e-01 
338 1243.64 7.98412943e+00 2.39523888e-01 
337 1245.20 8.05262852e+00 2.41578862e-01 
336 1246.75 8.01229858e+00 2.40368962e-01 
335 1248.31 8.07183647e+00 2.42155090e-01 
334 1249.86 7.97770548e+00 2.39331171e-01 
333 1251.41 8.02652740e+00 2.40795821e-01 
332 1252.96 7.94816113e+00 2.38444835e-01 
331 1254.51 7.97999048e+00 2.39399716e-01 
330 1256.06 7.89715147e+00 2.36914545e-01 
329 1257.61 7.85046387e+00 2.35513911e-01 
328 1259.15 7.70539999e+00 2.31161997e-01 
327 1260.69 7.62116003e+00 2.28634804e-01 
326 1262.23 7.47094059e+00 2.24128217e-01 
325 1263.77 7.42440605e+00 2.22732186e-01 
324 1265.31 7.16050673e+00 2.14815199e-01 
323 1266.85 7.15828562e+00 2.14748561e-01 
322 1268.39 7.20744562e+00 2.16223374e-01 
321 1269.92 7.33432770e+00 2.20029831e-01 
320 1271.46 7.59471750e+00 2.27841526e-01 
319 1272.99 7.67951298e+00 2.30385393e-01 
318 1274.52 7.66005087e+00 2.29801521e-01 
317 1276.05 7.74639893e+00 2.32391968e-01 
316 1277.58 7.62315941e+00 2.28694782e-01 
315 1279.10 7.49854326e+00 2.24956304e-01 
314 1280.63 7.45362043e+00 2.23608613e-01 
313 1282.15 7.47287321e+00 2.24186197e-01 
312 1283.68 7.56778574e+00 2.27033570e-01 
311 1285.20 7.78032494e+00 2.33409747e-01 
310 1286.72 7.74075890e+00 2.32222766e-01 
309 1288.24 7.76105309e+00 2.32831597e-01 
308 1289.75 7.65811491e+00 2.29743451e-01 
307 1291.27 7.66774321e+00 2.30032295e-01 
306 1292.78 7.66198158e+00 2.29859442e-01 
305 1294.30 7.64063978e+00 2.29219198e-01 
304 1295.81 7.54517174e+00 2.26355150e-01 
303 1297.32 7.50973940e+00 2.25292176e-01 
302 1298.83 7.43492603e+00 2.23047778e-01 
301 1300.34 7.32880592e+00 2.19864175e-01 
300 1301.85 7.24509716e+00 2.17352912e-01 
299 1303.35 7.17332888e+00 2.15199873e-01 
298 1304.86 7.07499409e+00 2.12249815e-01 
297 1306.36 7.06664133e+00 2.11999238e-01 
296 1307.86 6.98539734e+00 2.09561914e-01 
295 1309.36 6.89298058e+00 2.06789419e-01 
294 1310.86 6.76089478e+00 2.02826843e-01 
293 1312.36 6.69468546e+00 2.00840563e-01 
292 1313.86 6.60620022e+00 1.98186010e-01 
291 1315.36 6.57433844e+00 1.97230160e-01 
290 1316.85 6.45549679e+00 1.93664908e-01 
289 1318.34 6.40888500e+00 1.92266554e-01 
288 1319.84 6.31442070e+00 1.89432621e-01 
287 1321.33 6.33985996e+00 1.90195799e-01 
286 1322.82 6.37287617e+00 1.91186279e-01 
285 1324.30 6.29440928e+00 1.88832283e-01 
284 1325.79 6.06917858e+00 1.82075351e-01 
283 1327.28 5.83777332e+00 1.75133198e-01 
282 1328.76 5.44325352e+00 1.63297608e-01 
281 1330.25 5.30830669e+00 1.59249201e-01 
280 1331.73 5.25057220e+00 1.57517165e-01 
279 1333.21 5.25602818e+00 1.57680839e-01 
278 1334.69 5.32886171e+00 1.59865856e-01 
277 1336.17 5.34820557e+00 1.60446167e-01 
276 1337.65 5.16821861e+00 1.55046552e-01 
275 1339.12 5.12091732e+00 1.53627515e-01 
274 1340.60 4.84322309e+00 1.45296693e-01 
273 1342.07 4.45851326e+00 1.33755401e-01 
272 1343.55 4.12019396e+00 1.23605818e-01 
271 1345.02 3.30938125e+00 9.92814377e-02 
270 1346.49 2.43794012e+00 7.31382072e-02 
269 1347.96 2.35645866e+00 7.06937611e-02 
268 1349.43 1.53514576e+00 4.60543744e-02 
267 1350.89 1.19445240e+00 3.58335711e-02 
266 1352.36 1.76987618e-01 5.30962832e-03 
265 1353.82 1.43294394e-01 4.29883180e-03 
264 1355.29 2.61546075e-01 7.84638245e-03 
263 1356.75 4.16437201e-02 1.24931161e-03 
262 1358.21 7.52361864e-02 2.25708564e-03 
261 1359.67 2.01317355e-01 6.03952073e-03 
260 1361.13 1.81976110e-01 5.45928348e-03 
259 1362.59 1.38892785e-01 4.16678376e-03 
258 1364.04 4.36782986e-02 1.31034898e-03 
257 1365.50 1.97273958e-02 5.91821852e-04 
256 1366.95 3.10721517e-01 9.32164583e-03 
255 1368.41 1.56746492e-01 4.70239483e-03 
254 1369.86 7.29828849e-02 2.18948652e-03 
253 1371.31 1.93711780e-02 5.81135333e-04 
252 1372.76 4.04983401e-01 1.21495016e-02 
251 1374.21 6.43604547e-02 1.93081365e-03 
250 1375.65 1.47884578e-01 4.43653716e-03 
249 1377.10 1.03598401e-01 3.10795195e-03 
248 1378.55 2.36427307e-01 7.09281908e-03 
247 1379.99 3.66136692e-02 1.09841011e-03 
246 1381.43 2.39435971e-01 7.18307914e-03 
245 1382.87 2.55614873e-02 7.66844605e-04 
244 1384.32 5.30839115e-02 1.59251736e-03 
243 1385.75 3.20371501e-02 9.61114478e-04 
242 1387.19 7.41151273e-02 2.22345372e-03 
241 1388.63 1.81777179e-01 5.45331556e-03 
240 1390.07 1.10776789e-01 3.32330377e-03 
239 1391.50 8.78918171e-02 2.63675442e-03 
238 1392.94 3.98055911e-01 1.19416770e-02 
237 1394.37 6.10121340e-02 1.83036400e-03 
236 1395.80 1.01971492e-01 3.05914483e-03 
235 1397.23 1.39870957e-01 4.19612881e-03 
234 1398.66 4.62075531e-01 1.38622662e-02 
233 1400.09 2.76462138e-01 8.29386432e-03 
232 1401.52 2.03005269e-01 6.09015813e-03 
231 1402.94 2.19679177e-01 6.59037521e-03 
230 1404.37 1.99584737e-01 5.98754222e-03 
229 1405.79 1.97441697e-01 5.92325069e-03 
228 1407.22 1.77444845e-01 5.32334531e-03 
227 1408.64 2.56066203e-01 7.68198632e-03 
226 1410.06 1.93042785e-01 5.79128368e-03 
225 1411.48 8.17340195e-01 2.45202053e-02 
224 1412.90 3.27288449e-01 9.81865358e-03 
223 1414.32 6.28506064e-01 1.88551825e-02 
222 1415.73 8.04684043e-01 2.41405219e-02 
221 1417.15 1.08158743e+00 3.24476212e-02 
220 1418.56 1.15745485e+00 3.47236469e-02 
219 1419.98 1.33574927e+00 4.00724784e-02 
218 1421.39 1.40639520e+00 4.21918556e-02 
217 1422.80 1.84581244e+00 5.53743728e-02 
216 1424.21 1.60450459e+00 4.81351390e-02 
215 1425.62 1.67099762e+00 5.01299277e-02 
214 1427.03 1.52975416e+00 4.58926260e-02 
213 1428.44 1.80187750e+00 5.40563241e-02 
212 1429.84 1.21956062e+00 3.65868174e-02 
211 1431.25 1.72636330e+00 5.17909005e-02 
210 1432.65 1.57292831e+00 4.71878499e-02 
209 1434.06 1.11793470e+00 3.35380398e-02 
208 1435.46 2.08828950e+00 6.26486838e-02 
207 1436.86 2.07936430e+00 6.23809285e-02 
206 1438.26 2.11325264e+00 6.33975789e-02 
205 1439.66 2.10410333e+00 6.31230995e-02 
204 1441.05 1.53867412e+00 4.61602248e-02 
203 1442.45 1.78055525e+00 5.34166582e-02 
202 1443.85 2.26019621e+00 6.78058863e-02 
201 1445.24 2.33168364e+00 6.99505061e-02 
200 1446.64 2.37921882e+00 7.13765621e-02 
199 1448.03 2.35123086e+00 7.05369264e-02 
198 1449.42 2.05845714e+00 6.17537126e-02 
197 1450.81 2.53612518e+00 7.60837570e-02 
196 1452.20 2.65954304e+00 7.97862932e-02 
195 1453.59 3.05139685e+00 9.15419087e-02 
194 1454.97 3.40741920e+00 1.02222577e-01 
193 1456.36 3.48285723e+00 1.04485720e-01 
192 1457.75 3.51337600e+00 1.05401278e-01 
191 1459.13 3.44431448e+00 1.03329435e-01 
190 1460.51 3.30680656e+00 9.92041975e-02 
189 1461.90 3.10631514e+00 9.31894556e-02 
188 1463.28 2.94730854e+00 8.84192586e-02 
187 1464.66 2.73070097e+00 8.19210261e-02 
186 1466.04 2.75661278e+00 8.26983824e-02 
185 1467.41 2.54881263e+00 7.64643773e-02 
184 1468.79 2.14442110e+00 6.43326342e-02 
183 1470.17 2.46321487e+00 7.38964453e-02 
182 1471.54 2.14963889e+00 6.44891635e-02 
181 1472.92 2.45363855e+00 7.36091584e-02 
180 1474.29 2.67721963e+00 8.03165883e-02 
179 1475.66 2.77844143e+00 8.33532438e-02 
178 1477.03 2.69490075e+00 8.08470249e-02 
177 1478.40 2.63112330e+00 7.89337009e-02 
176 1479.77 2.76822877e+00 8.30468610e-02 
175 1481.14 2.87302279e+00 8.61906856e-02 
174 1482.51 3.04296207e+00 9.12888646e-02 
173 1483.87 3.09323502e+00 9.27970484e-02 
172 1485.24 3.06714559e+00 9.20143649e-02 
171 1486.60 3.02239823e+00 9.06719491e-02 
170 1487.96 3.07398796e+00 9.22196358e-02 
169 1489.32 3.18850827e+00 9.56552476e-02 
168 1490.68 3.44758582e+00 1.03427574e-01 
167 1492.04 3.49513459e+00 1.04854040e-01 
166 1493.40 3.54410195e+00 1.06323056e-01 
165 1494.76 3.53796673e+00 1.06139004e-01 
164 1496.12 3.58712530e+00 1.07613757e-01 
163 1497.47 3.59876251e+00 1.07962877e-01 
162 1498.83 3.71894217e+00 1.11568265e-01 
161 1500.18 3.59341049e+00 1.07802317e-01 
160 1501.53 3.50044131e+00 1.05013236e-01 
159 1502.89 3.39448929e+00 1.01834677e-01 
158 1504.24 3.41560364e+00 1.02468111e-01 
157 1505.59 3.42290020e+00 1.02687009e-01 
156 1506.93 3.57691813e+00 1.07307546e-01 
155 1508.28 3.67102861e+00 1.10130861e-01 
154 1509.63 3.73880577e+00 1.12164170e-01 
153 1510.97 3.71553969e+00 1.11466192e-01 
152 1512.32 3.80313396e+00 1.14094019e-01 
151 1513.66 3.72177219e+00 1.11653164e-01 
150 1515.00 3.75307298e+00 1.12592191e-01 
149 1516.34 3.71545649e+00 1.11463696e-01 
148 1517.69 3.74769497e+00 1.12430848e-01 
147 1519.02 3.70805597e+00 1.11241676e-01 
146 1520.36 3.74925375e+00 1.12477615e-01 
145 1521.70 3.70341754e+00 1.11102529e-01 
144 1523.04 3.75312352e+00 1.12593703e-01 
143 1524.37 3.72170329e+00 1.11651100e-01 
142 1525.71 3.77558589e+00 1.13267578e-01 
141 1527.04 3.70999885e+00 1.11299962e-01 
140 1528.37 3.73570752e+00 1.12071224e-01 
139 1529.70 3.67398334e+00 1.10219501e-01 
138 1531.03 3.72022390e+00 1.11606717e-01 
137 1532.36 3.66472006e+00 1.09941602e-01 
136 1533.69 3.69465137e+00 1.10839538e-01 
135 1535.02 3.62755823e+00 1.08826749e-01 
134 1536.34 3.63804197e+00 1.09141260e-01 
133 1537.67 3.57412720e+00 1.07223816e-01 
132 1538.99 3.59406161e+00 1.07821852e-01 
131 1540.31 3.54042721e+00 1.06212817e-01 
130 1541.64 3.57676554e+00 1.07302964e-01 
129 1542.96 3.54361868e+00 1.06308557e-01 
128 1544.28 3.57521367e+00 1.07256413e-01 
127 1545.60 3.49605632e+00 1.04881689e-01 
126 1546.91 3.52260971e+00 1.05678290e-01 
125 1548.23 3.44796181e+00 1.03438854e-01 
124 1549.55 3.49235392e+00 1.04770616e-01 
123 1550.86 3.42632627e+00 1.02789789e-01 
122 1552.18 3.46185803e+00 1.03855744e-01 
121 1553.49 3.42104292e+00 1.02631286e-01 
120 1554.80 3.44571185e+00 1.03371352e-01 
119 1556.11 3.36650896e+00 1.00995272e-01 
118 1557.42 3.37536263e+00 1.01260878e-01 
117 1558.73 3.30700588e+00 9.92101729e-02 
116 1560.04 3.31962585e+00 9.95887741e-02 
115 1561.34 3.24983454e+00 9.74950343e-02 
114 1562.65 3.29810929e+00 9.89432782e-02 
113 1563.95 3.22315073e+00 9.66945216e-02 
112 1565.26 3.28530979e+00 9.85592902e-02 
111 1566.56 3.15845370e+00 9.47536081e-02 
110 1567.86 3.16482353e+00 9.49447080e-02 
109 1569.16 3.06927609e+00 9.20782834e-02 
108 1570.46 3.04825020e+00 9.14475024e-02 
107 1571.76 2.95346928e+00 8.86040777e-02 
106 1573.05 2.92556953e+00 8.77670869e-02 
105 1574.35 2.83316541e+00 8.49949643e-02 
104 1575.64 2.84938121e+00 8.54814351e-02 
103 1576.94 2.82586622e+00 8.47759843e-02 
102 1578.23 2.89117265e+00 8.67351815e-02 
101 1579.52 2.87537384e+00 8.62612128e-02 
100 1580.81 2.92925549e+00 8.78776610e-02 
99 1582.10 2.86996889e+00 8.60990658e-02 
98 1583.39 2.91666412e+00 8.74999240e-02 
97 1584.68 2.84155440e+00 8.52466300e-02 
96 1585.97 2.83158350e+00 8.49475041e-02 
95 1587.25 2.73806453e+00 8.21419358e-02 
94 1588.54 2.76218176e+00 8.28654543e-02 
93 1589.82 2.69762707e+00 8.09288099e-02 
92 1591.10 2.77791834e+00 8.33375528e-02 
91 1592.38 2.75267816e+00 8.25803429e-02 
90 1593.66 2.81049895e+00 8.43149722e-02 
89 1594.94 2.73845124e+00 8.21535364e-02 
88 1596.22 2.75808644e+00 8.27425942e-02 
87 1597.50 2.66342902e+00 7.99028724e-02 
86 1598.77 2.66006827e+00 7.98020512e-02 
85 1600.05 2.57365441e+00 7.72096291e-02 
84 1601.32 2.59216070e+00 7.77648240e-02 
83 1602.59 2.52040315e+00 7.56120980e-02 
82 1603.86 2.57541728e+00 7.72625208e-02 
81 1605.13 2.47859597e+00 7.43578821e-02 
80 1606.40 2.51755452e+00 7.55266324e-02 
79 1607.67 2.43025613e+00 7.29076862e-02 
78 1608.94 2.45430827e+00 7.36292452e-02 
77 1610.20 2.39507699e+00 7.18523115e-02 
76 1611.47 2.46660471e+00 7.39981383e-02 
75 1612.73 2.41778779e+00 7.25336373e-02 
74 1614.00 2.47588921e+00 7.42766783e-02 
73 1615.26 2.41463995e+00 7.24392012e-02 
72 1616.52 2.44918346e+00 7.34755024e-02 
71 1617.78 2.36377788e+00 7.09133372e-02 
70 1619.03 2.39271021e+00 7.17813075e-02 
69 1620.29 2.34319735e+00 7.02959225e-02 
68 1621.55 2.39272523e+00 7.17817545e-02 
67 1622.80 2.33782053e+00 7.01346174e-02 
66 1624.06 2.39104247e+00 7.17312768e-02 
65 1625.31 2.31695867e+00 6.95087612e-02 
64 1626.56 2.37712979e+00 7.13138953e-02 
63 1627.81 2.29436946e+00 6.88310862e-02 
62 1629.06 2.31001854e+00 6.93005547e-02 
61 1630.31 2.22946119e+00 6.68838322e-02 
60 1631.56 2.26488256e+00 6.79464787e-02 
59 1632.80 2.18039966e+00 6.54119924e-02 
58 1634.05 2.22004771e+00 6.66014329e-02 
57 1635.29 2.12689710e+00 6.38069138e-02 
56 1636.53 2.14667416e+00 6.44002259e-02 
55 1637.77 2.04238153e+00 6.12714440e-02 
54 1639.01 2.06313944e+00 6.18941821e-02 
53 1640.25 1.97835302e+00 5.93505912e-02 
52 1641.49 1.98619413e+00 5.95858246e-02 
51 1642.73 1.91144049e+00 5.73432148e-02 
50 1643.96 1.93359292e+00 5.80077879e-02 
49 1645.20 1.84330869e+00 5.52992597e-02 
48 1646.43 1.86105740e+00 5.58317229e-02 
47 1647.66 1.78014827e+00 5.34044467e-02 
46 1648.89 1.77453792e+00 5.32361381e-02 
45 1650.12 1.68404484e+00 5.05213439e-02 
44 1651.35 1.66697824e+00 5.00093475e-02 
43 1652.58 1.55302954e+00 4.65908870e-02 
42 1653.80 1.51869047e+00 4.55607139e-02 
41 1655.03 1.40395939e+00 4.21187803e-02 
40 1656.25 1.37544954e+00 4.12634872e-02 
39 1657.47 1.25004351e+00 3.75013053e-02 
38 1658.70 1.19488263e+00 3.58464792e-02 
37 1659.92 1.08327353e+00 3.24982069e-02 
36 1661.13 1.03030467e+00 3.09091397e-02 
35 1662.35 9.23516035e-01 2.77054813e-02 
34 1663.57 8.56389523e-01 2.56916862e-02 
33 1664.78 7.61634529e-01 2.28490364e-02 
32 1666.00 7.15131164e-01 2.14539357e-02 
31 1667.21 6.38117194e-01 1.91435162e-02 
30 1668.42 5.98132551e-01 1.79439764e-02 
29 1669.63 5.31301141e-01 1.59390345e-02 
28 1670.84 4.86835331e-01 1.46050602e-02 
27 1672.05 4.33330178e-01 1.29999053e-02 
26 1673.26 4.08114612e-01 1.22434385e-02 
25 1674.46 3.58104795e-01 1.07431440e-02 
24 1675.67 3.47116858e-01 1.04135061e-02 
23 1676.87 2.99446166e-01 8.98338482e-03 
22 1678.07 2.84331113e-01 8.52993317e-03 
21 1679.27 2.57495314e-01 7.72485929e-03 
20 1680.47 3.67573857e-01 1.10272160e-02 
19 1681.67 2.20912799e-01 6.62738411e-03 
18 1682.87 2.08289087e-01 6.24867249e-03 
17 1684.06 1.87933564e-01 5.63800707e-03 
16 1685.26 1.72527120e-01 5.17581357e-03 
15 1686.45 1.53401554e-01 4.60204668e-03 
14 1687.64 1.52411208e-01 4.57233610e-03 
13 1688.83 1.29586831e-01 3.88760492e-03 
12 1690.02 1.31197140e-01 3.93591402e-03 
11 1691.21 1.10377170e-01 3.31131509e-03 
10 1692.39 1.06797278e-01 3.20391823e-03 
9 1693.58 1.05433911e-01 3.16301733e-03 
8 1694.76 1.70939833e-01 5.12819504e-03 
7 1695.95 1.99554428e-01 5.98663278e-03 
6 1697.13 3.17337245e-01 9.52011719e-03 
5 1698.31 1.64917439e-01 4.94752312e-03 
4 1699.49 7.24368393e-02 2.17310525e-03 
3 1700.66 9.46969688e-02 2.84090918e-03 
2 1701.84 6.85116425e-02 2.05534929e-03 
1 1703.01 6.89300150e-02 2.06790050e-03 
0 1703.01 3.19474125e+00 9.58422348e-02 
