% C0 (TOA Count Rate, /ms) for 4STAR VIS spectrometer (1044 channels) derived from 4STAR_20170904starsun.mat and recorded on 2018-04-13 16:38:28.
% Using a high altitude AOD spectra from Bonanza AERONET station, which has been polyfit to extrapolate, calculating the c0 from the comparison 4STARs AOD at low airmass to AERONET. 
Pix Wavelength C0 C0err
0 173.18 0.00000000e+00 0.00000000e+00 
1 173.98 -1.00000000e+00 0.00000000e+00 
2 174.77 -1.00000000e+00 0.00000000e+00 
3 175.56 -1.00000000e+00 0.00000000e+00 
4 176.36 -1.00000000e+00 0.00000000e+00 
5 177.15 -1.00000000e+00 0.00000000e+00 
6 177.94 -1.00000000e+00 0.00000000e+00 
7 178.74 -1.00000000e+00 0.00000000e+00 
8 179.53 -1.00000000e+00 0.00000000e+00 
9 180.33 -1.00000000e+00 0.00000000e+00 
10 181.12 -1.00000000e+00 0.00000000e+00 
11 181.92 -1.00000000e+00 0.00000000e+00 
12 182.71 -1.00000000e+00 0.00000000e+00 
13 183.51 -1.00000000e+00 0.00000000e+00 
14 184.30 -1.00000000e+00 0.00000000e+00 
15 185.10 -1.00000000e+00 0.00000000e+00 
16 185.89 -1.00000000e+00 0.00000000e+00 
17 186.69 -1.00000000e+00 0.00000000e+00 
18 187.49 -1.00000000e+00 0.00000000e+00 
19 188.28 -1.00000000e+00 0.00000000e+00 
20 189.08 -1.00000000e+00 0.00000000e+00 
21 189.88 -1.00000000e+00 0.00000000e+00 
22 190.67 -1.00000000e+00 0.00000000e+00 
23 191.47 -1.00000000e+00 0.00000000e+00 
24 192.27 -1.00000000e+00 0.00000000e+00 
25 193.07 -1.00000000e+00 0.00000000e+00 
26 193.86 -1.00000000e+00 0.00000000e+00 
27 194.66 -1.00000000e+00 0.00000000e+00 
28 195.46 -1.00000000e+00 0.00000000e+00 
29 196.26 -1.00000000e+00 0.00000000e+00 
30 197.05 -1.00000000e+00 0.00000000e+00 
31 197.85 -1.00000000e+00 0.00000000e+00 
32 198.65 -1.00000000e+00 0.00000000e+00 
33 199.45 -1.00000000e+00 0.00000000e+00 
34 200.25 -1.00000000e+00 0.00000000e+00 
35 201.05 -1.00000000e+00 0.00000000e+00 
36 201.85 -1.00000000e+00 0.00000000e+00 
37 202.65 -1.00000000e+00 0.00000000e+00 
38 203.44 -1.00000000e+00 0.00000000e+00 
39 204.24 -1.00000000e+00 0.00000000e+00 
40 205.04 -1.00000000e+00 0.00000000e+00 
41 205.84 -1.00000000e+00 0.00000000e+00 
42 206.64 -1.00000000e+00 0.00000000e+00 
43 207.44 -1.00000000e+00 0.00000000e+00 
44 208.24 -1.00000000e+00 0.00000000e+00 
45 209.04 -1.00000000e+00 0.00000000e+00 
46 209.84 -1.00000000e+00 0.00000000e+00 
47 210.64 -1.00000000e+00 0.00000000e+00 
48 211.44 -1.00000000e+00 0.00000000e+00 
49 212.24 -1.00000000e+00 0.00000000e+00 
50 213.04 -1.00000000e+00 0.00000000e+00 
51 213.85 -1.00000000e+00 0.00000000e+00 
52 214.65 -1.00000000e+00 0.00000000e+00 
53 215.45 -1.00000000e+00 0.00000000e+00 
54 216.25 -1.00000000e+00 0.00000000e+00 
55 217.05 -1.00000000e+00 0.00000000e+00 
56 217.85 -1.00000000e+00 0.00000000e+00 
57 218.65 -1.00000000e+00 0.00000000e+00 
58 219.46 -1.00000000e+00 0.00000000e+00 
59 220.26 -1.00000000e+00 0.00000000e+00 
60 221.06 -1.00000000e+00 0.00000000e+00 
61 221.86 -1.00000000e+00 0.00000000e+00 
62 222.66 -1.00000000e+00 0.00000000e+00 
63 223.47 -1.00000000e+00 0.00000000e+00 
64 224.27 -1.00000000e+00 -1.00000000e+00 
65 225.07 -1.00000000e+00 -1.00000000e+00 
66 225.87 -1.00000000e+00 -1.00000000e+00 
67 226.68 1.60703414e+35 -1.00000000e+00 
68 227.48 5.06027458e+33 -1.00000000e+00 
69 228.28 2.03349389e+32 -1.00000000e+00 
70 229.08 1.49155092e+31 -1.00000000e+00 
71 229.89 3.12004532e+30 -1.00000000e+00 
72 230.69 2.92520003e+30 -1.00000000e+00 
73 231.49 1.33961300e+31 -1.00000000e+00 
74 232.30 2.23900431e+32 -1.00000000e+00 
75 233.10 8.15640254e+33 -1.00000000e+00 
76 233.90 -1.00000000e+00 -1.00000000e+00 
77 234.71 -1.00000000e+00 -1.00000000e+00 
78 235.51 -1.00000000e+00 -1.00000000e+00 
79 236.32 -1.00000000e+00 -1.00000000e+00 
80 237.12 -1.00000000e+00 0.00000000e+00 
81 237.92 -1.00000000e+00 0.00000000e+00 
82 238.73 -1.00000000e+00 0.00000000e+00 
83 239.53 -1.00000000e+00 0.00000000e+00 
84 240.34 -1.00000000e+00 0.00000000e+00 
85 241.14 -1.00000000e+00 0.00000000e+00 
86 241.94 -1.00000000e+00 0.00000000e+00 
87 242.75 -1.00000000e+00 0.00000000e+00 
88 243.55 -1.00000000e+00 0.00000000e+00 
89 244.36 -1.00000000e+00 0.00000000e+00 
90 245.16 -1.00000000e+00 0.00000000e+00 
91 245.97 -1.00000000e+00 0.00000000e+00 
92 246.77 -1.00000000e+00 0.00000000e+00 
93 247.58 -1.00000000e+00 0.00000000e+00 
94 248.38 -1.00000000e+00 0.00000000e+00 
95 249.19 -1.00000000e+00 0.00000000e+00 
96 249.99 -1.00000000e+00 0.00000000e+00 
97 250.80 -1.00000000e+00 0.00000000e+00 
98 251.60 -1.00000000e+00 0.00000000e+00 
99 252.41 -1.00000000e+00 0.00000000e+00 
100 253.21 -1.00000000e+00 0.00000000e+00 
101 254.02 -1.00000000e+00 0.00000000e+00 
102 254.82 -1.00000000e+00 0.00000000e+00 
103 255.63 -1.00000000e+00 0.00000000e+00 
104 256.44 -1.00000000e+00 0.00000000e+00 
105 257.24 -1.00000000e+00 0.00000000e+00 
106 258.05 -1.00000000e+00 0.00000000e+00 
107 258.85 -1.00000000e+00 0.00000000e+00 
108 259.66 -1.00000000e+00 0.00000000e+00 
109 260.46 -1.00000000e+00 0.00000000e+00 
110 261.27 -1.00000000e+00 0.00000000e+00 
111 262.08 -1.00000000e+00 0.00000000e+00 
112 262.88 -1.00000000e+00 0.00000000e+00 
113 263.69 -1.00000000e+00 0.00000000e+00 
114 264.49 -1.00000000e+00 0.00000000e+00 
115 265.30 -1.00000000e+00 0.00000000e+00 
116 266.11 -1.00000000e+00 0.00000000e+00 
117 266.91 -1.00000000e+00 0.00000000e+00 
118 267.72 -1.00000000e+00 0.00000000e+00 
119 268.53 -1.00000000e+00 0.00000000e+00 
120 269.33 -1.00000000e+00 0.00000000e+00 
121 270.14 -1.00000000e+00 0.00000000e+00 
122 270.95 -1.00000000e+00 0.00000000e+00 
123 271.75 -1.00000000e+00 0.00000000e+00 
124 272.56 -1.00000000e+00 -1.00000000e+00 
125 273.37 -1.00000000e+00 -1.00000000e+00 
126 274.17 -1.00000000e+00 -1.00000000e+00 
127 274.98 7.00984191e+34 -1.00000000e+00 
128 275.79 9.39878895e+32 -1.00000000e+00 
129 276.59 1.45844122e+31 -1.00000000e+00 
130 277.40 2.41230928e+29 -1.00000000e+00 
131 278.21 3.85243427e+27 -1.00000000e+00 
132 279.01 6.88354367e+25 -1.00000000e+00 
133 279.82 1.37869337e+24 -1.00000000e+00 
134 280.63 2.70868549e+22 -1.00000000e+00 
135 281.43 5.85888686e+20 -1.00000000e+00 
136 282.24 1.75690952e+19 -1.00000000e+00 
137 283.05 7.14045322e+17 -1.00000000e+00 
138 283.86 3.41971309e+16 3.06978643e+16 
139 284.66 1.65837062e+15 1.37648951e+15 
140 285.47 9.99891875e+13 7.72006111e+13 
141 286.28 8.30519011e+12 5.95342446e+12 
142 287.09 7.67044616e+11 5.12460128e+11 
143 287.89 7.18665482e+10 4.37339136e+10 
144 288.70 8.04994253e+09 4.50382438e+09 
145 289.51 1.15447053e+09 5.91721216e+08 
146 290.32 1.96761232e+08 9.31159680e+07 
147 291.12 3.66427400e+07 1.56768540e+07 
148 291.93 7.37917250e+06 2.93295175e+06 
149 292.74 1.74672913e+06 6.26133813e+05 
150 293.55 4.66534563e+05 1.50157500e+05 
151 294.35 1.41307891e+05 4.23295000e+04 
152 295.16 4.73221719e+04 1.27387070e+04 
153 295.97 1.72833125e+04 4.22561084e+03 
154 296.78 6.79021387e+03 1.51597913e+03 
155 297.58 2.90010962e+03 5.87852234e+02 
156 298.39 1.35513904e+03 2.45515152e+02 
157 299.20 6.95352173e+02 1.13165123e+02 
158 300.01 3.80172699e+02 5.85905991e+01 
159 300.81 2.21949509e+02 3.11693592e+01 
160 301.62 1.35760651e+02 1.72021980e+01 
161 302.43 8.83106079e+01 1.00036373e+01 
162 303.24 6.02393341e+01 6.31768847e+00 
163 304.04 4.27120972e+01 4.25687838e+00 
164 304.85 3.11627998e+01 2.74331498e+00 
165 305.66 2.35411396e+01 1.98311460e+00 
166 306.47 1.84029808e+01 1.38236606e+00 
167 307.28 1.44634075e+01 1.03893745e+00 
168 308.08 1.20323992e+01 8.07246864e-01 
169 308.89 1.00703650e+01 6.49659514e-01 
170 309.70 8.39451885e+00 4.93679762e-01 
171 310.51 7.33557940e+00 4.10116553e-01 
172 311.32 6.35969687e+00 3.19839120e-01 
173 312.12 5.52739191e+00 2.75619388e-01 
174 312.93 4.94494152e+00 2.06643090e-01 
175 313.74 4.46193981e+00 1.60477117e-01 
176 314.55 4.11973524e+00 1.73562065e-01 
177 315.36 3.83120823e+00 1.51437759e-01 
178 316.16 3.62409496e+00 1.40414804e-01 
179 316.97 3.45825052e+00 1.27337575e-01 
180 317.78 3.24243689e+00 1.17270499e-01 
181 318.59 3.11361146e+00 1.05531991e-01 
182 319.40 3.02092600e+00 1.02097787e-01 
183 320.20 2.90763783e+00 9.27907228e-02 
184 321.01 2.79562855e+00 8.95463601e-02 
185 321.82 2.76207018e+00 7.98275471e-02 
186 322.63 2.73796368e+00 8.34113508e-02 
187 323.43 2.65880466e+00 8.30901191e-02 
188 324.24 2.61567760e+00 7.79528618e-02 
189 325.05 2.61626482e+00 6.80116564e-02 
190 325.86 2.58480263e+00 6.95885867e-02 
191 326.67 2.54315829e+00 5.97348772e-02 
192 327.48 2.57191682e+00 5.95214665e-02 
193 328.28 2.57201266e+00 6.20680116e-02 
194 329.09 2.57436585e+00 5.82346246e-02 
195 329.90 2.58522153e+00 6.05383813e-02 
196 330.71 2.67139745e+00 5.56070618e-02 
197 331.52 2.74777651e+00 5.80549277e-02 
198 332.32 2.92523217e+00 5.73007353e-02 
199 333.13 3.23717451e+00 5.87008782e-02 
200 333.94 3.85183907e+00 5.73294051e-02 
201 334.75 4.74589062e+00 6.03772067e-02 
202 335.55 5.99884701e+00 6.50870577e-02 
203 336.36 7.74803162e+00 7.04543665e-02 
204 337.17 1.04507265e+01 7.47351870e-02 
205 337.98 1.40408382e+01 8.22170153e-02 
206 338.79 1.82366276e+01 9.43056643e-02 
207 339.60 2.28309078e+01 1.01573624e-01 
208 340.40 2.68205338e+01 1.08419888e-01 
209 341.21 3.03197002e+01 1.19138353e-01 
210 342.02 3.45430794e+01 1.17896125e-01 
211 342.83 3.78679390e+01 1.30128592e-01 
212 343.63 3.85529900e+01 1.32805362e-01 
213 344.44 4.03678589e+01 1.35090053e-01 
214 345.25 4.48973846e+01 1.38604596e-01 
215 346.06 4.87747345e+01 1.42873734e-01 
216 346.87 5.13361397e+01 1.50659472e-01 
217 347.67 5.31784401e+01 1.57333314e-01 
218 348.48 5.51145020e+01 1.54705763e-01 
219 349.29 5.87720108e+01 1.58837542e-01 
220 350.10 6.44866028e+01 1.62506044e-01 
221 350.90 6.78002930e+01 1.65678099e-01 
222 351.71 6.78226700e+01 1.71393186e-01 
223 352.52 6.98082657e+01 1.69669703e-01 
224 353.33 7.65537949e+01 1.79079667e-01 
225 354.14 8.38299026e+01 1.92850366e-01 
226 354.94 8.66052170e+01 1.89646110e-01 
227 355.75 8.46384964e+01 1.96181312e-01 
228 356.56 7.97799759e+01 1.75529271e-01 
229 357.37 7.54023666e+01 1.83660924e-01 
230 358.18 7.55695724e+01 1.75273150e-01 
231 358.98 8.60802307e+01 1.90153137e-01 
232 359.79 9.78739014e+01 1.99453756e-01 
233 360.60 9.83174744e+01 1.97036922e-01 
234 361.41 9.77357254e+01 2.01174766e-01 
235 362.21 1.03737778e+02 2.05581874e-01 
236 363.02 1.09557228e+02 2.16030508e-01 
237 363.83 1.13105782e+02 2.25333825e-01 
238 364.64 1.19307480e+02 2.26546437e-01 
239 365.44 1.30386383e+02 2.43430287e-01 
240 366.25 1.38744003e+02 2.46563435e-01 
241 367.06 1.39155853e+02 2.53860623e-01 
242 367.87 1.37215027e+02 2.34530255e-01 
243 368.67 1.40194992e+02 2.41648301e-01 
244 369.48 1.46164124e+02 2.45060563e-01 
245 370.29 1.46727310e+02 2.50611067e-01 
246 371.10 1.45120270e+02 2.49670774e-01 
247 371.90 1.41055542e+02 2.41911262e-01 
248 372.71 1.33046982e+02 2.24369541e-01 
249 373.52 1.26313896e+02 2.22434118e-01 
250 374.33 1.27083542e+02 2.17831954e-01 
251 375.13 1.36884888e+02 2.23781750e-01 
252 375.94 1.48898483e+02 2.38990158e-01 
253 376.75 1.62096756e+02 2.49371529e-01 
254 377.56 1.76942688e+02 2.64434218e-01 
255 378.36 1.78642838e+02 2.55488873e-01 
256 379.17 1.69022400e+02 2.69252628e-01 
257 379.98 1.67079071e+02 2.63248682e-01 
258 380.78 1.66158493e+02 2.53339261e-01 
259 381.59 1.49527695e+02 2.36842573e-01 
260 382.40 1.27542061e+02 2.13545814e-01 
261 383.20 1.19948624e+02 2.09416986e-01 
262 384.01 1.32650055e+02 2.17938319e-01 
263 384.82 1.49148666e+02 2.34487534e-01 
264 385.63 1.54682953e+02 2.45222241e-01 
265 386.43 1.56082291e+02 2.38850132e-01 
266 387.24 1.57236313e+02 2.46711090e-01 
267 388.05 1.60311539e+02 2.46748582e-01 
268 388.85 1.71303131e+02 2.51353472e-01 
269 389.66 1.87391724e+02 2.69058138e-01 
270 390.47 1.99244980e+02 2.83098340e-01 
271 391.27 1.98553009e+02 2.75624365e-01 
272 392.08 1.74149475e+02 2.53248692e-01 
273 392.89 1.41381577e+02 2.25719273e-01 
274 393.69 1.39581757e+02 2.28209719e-01 
275 394.50 1.69323883e+02 2.48711199e-01 
276 395.31 1.84945190e+02 2.56731570e-01 
277 396.11 1.68997192e+02 2.44745508e-01 
278 396.92 1.63879456e+02 2.46041298e-01 
279 397.73 1.98842316e+02 2.73423702e-01 
280 398.53 2.42940536e+02 3.06932092e-01 
281 399.34 2.68540039e+02 3.25459689e-01 
282 400.15 2.81161316e+02 3.08383971e-01 
283 400.95 2.90877502e+02 3.36668372e-01 
284 401.76 2.98229797e+02 3.39844912e-01 
285 402.57 2.99756104e+02 3.39847237e-01 
286 403.37 2.97996918e+02 3.18076730e-01 
287 404.18 2.96931580e+02 3.20394069e-01 
288 404.99 2.95748077e+02 3.29817206e-01 
289 405.79 2.94497772e+02 3.26048106e-01 
290 406.60 2.96105194e+02 3.29176277e-01 
291 407.40 3.04559937e+02 3.37825686e-01 
292 408.21 3.16175232e+02 3.65996003e-01 
293 409.02 3.19128601e+02 3.40988874e-01 
294 409.82 3.14812439e+02 3.45038205e-01 
295 410.63 3.20786804e+02 3.64534914e-01 
296 411.43 3.35385803e+02 3.68152589e-01 
297 412.24 3.43042664e+02 3.63365352e-01 
298 413.05 3.43388214e+02 3.67796630e-01 
299 413.85 3.43406952e+02 3.86581272e-01 
300 414.66 3.43943939e+02 3.70691448e-01 
301 415.46 3.45358429e+02 3.71226013e-01 
302 416.27 3.45119720e+02 3.62502456e-01 
303 417.08 3.39836304e+02 3.62446547e-01 
304 417.88 3.33983612e+02 3.50272745e-01 
305 418.69 3.31842163e+02 3.43770832e-01 
306 419.49 3.32778015e+02 3.47688198e-01 
307 420.30 3.37399963e+02 3.61635506e-01 
308 421.11 3.40503326e+02 3.57218891e-01 
309 421.91 3.36231171e+02 3.50838631e-01 
310 422.72 3.30334167e+02 3.49453330e-01 
311 423.52 3.30724854e+02 3.44123721e-01 
312 424.33 3.34094055e+02 3.35344940e-01 
313 425.13 3.35693451e+02 3.40131253e-01 
314 425.94 3.35386353e+02 3.45769227e-01 
315 426.74 3.34389038e+02 3.36825699e-01 
316 427.55 3.33327026e+02 3.18622768e-01 
317 428.36 3.28183868e+02 3.36755306e-01 
318 429.16 3.13462921e+02 3.32451403e-01 
319 429.96 3.00150574e+02 3.07751209e-01 
320 430.77 3.11751923e+02 3.16366106e-01 
321 431.58 3.46716644e+02 3.42940450e-01 
322 432.38 3.78123657e+02 3.68570596e-01 
323 433.19 3.91437164e+02 3.73716682e-01 
324 433.99 3.99839081e+02 3.85513335e-01 
325 434.80 4.17231232e+02 3.99082452e-01 
326 435.60 4.40000946e+02 4.05730218e-01 
327 436.41 4.53513519e+02 4.18641627e-01 
328 437.21 4.51638367e+02 4.21012372e-01 
329 438.02 4.45716522e+02 3.98743629e-01 
330 438.82 4.49925018e+02 3.98137510e-01 
331 439.63 4.64513123e+02 4.22351927e-01 
332 440.43 4.84367432e+02 4.29289550e-01 
333 441.24 5.04991333e+02 4.55226809e-01 
334 442.04 5.22914490e+02 4.60147023e-01 
335 442.85 5.34696716e+02 4.86751705e-01 
336 443.65 5.41782227e+02 4.56868231e-01 
337 444.45 5.44272522e+02 4.66297746e-01 
338 445.26 5.43879639e+02 4.61100996e-01 
339 446.06 5.49497192e+02 4.91206914e-01 
340 446.87 5.63653198e+02 4.84434813e-01 
341 447.67 5.79645691e+02 4.95256603e-01 
342 448.48 5.91757324e+02 4.92750376e-01 
343 449.28 6.04036560e+02 5.27761281e-01 
344 450.09 6.17528748e+02 5.25539696e-01 
345 450.89 6.24114258e+02 5.03542423e-01 
346 451.70 6.17243835e+02 5.36204278e-01 
347 452.50 6.05601501e+02 5.05887866e-01 
348 453.30 6.01843750e+02 5.01590371e-01 
349 454.11 6.06808655e+02 4.74659622e-01 
350 454.91 6.16878052e+02 5.16790450e-01 
351 455.72 6.27416504e+02 5.35014093e-01 
352 456.52 6.35910095e+02 5.14936805e-01 
353 457.32 6.39000427e+02 5.25887132e-01 
354 458.13 6.37577820e+02 5.31398118e-01 
355 458.93 6.37260986e+02 5.20967841e-01 
356 459.74 6.42435181e+02 5.32580197e-01 
357 460.54 6.51711792e+02 5.18455148e-01 
358 461.34 6.61209656e+02 5.46124518e-01 
359 462.15 6.66932190e+02 5.43768048e-01 
360 462.95 6.66455505e+02 5.33548653e-01 
361 463.76 6.61801941e+02 5.18422782e-01 
362 464.56 6.57670654e+02 5.18545568e-01 
363 465.36 6.54804199e+02 5.32215059e-01 
364 466.17 6.53410217e+02 5.12032032e-01 
365 466.97 6.54712036e+02 5.33853531e-01 
366 467.77 6.58789185e+02 5.13232827e-01 
367 468.58 6.62567688e+02 5.34828544e-01 
368 469.38 6.62813049e+02 5.37906706e-01 
369 470.18 6.64126831e+02 5.55855274e-01 
370 470.99 6.72122620e+02 5.60383737e-01 
371 471.79 6.82635620e+02 5.45333862e-01 
372 472.59 6.91018860e+02 5.55248618e-01 
373 473.40 6.96998169e+02 5.47429979e-01 
374 474.20 7.01148438e+02 5.67559838e-01 
375 475.00 7.03548218e+02 5.59968770e-01 
376 475.81 7.05560242e+02 5.49375415e-01 
377 476.61 7.10416626e+02 5.34949243e-01 
378 477.41 7.17997009e+02 5.60277879e-01 
379 478.21 7.24964600e+02 5.35717070e-01 
380 479.02 7.29620605e+02 5.48563540e-01 
381 479.82 7.32671997e+02 5.33382297e-01 
382 480.62 7.36142639e+02 5.40192723e-01 
383 481.43 7.37523499e+02 5.48522651e-01 
384 482.23 7.35566833e+02 5.72969496e-01 
385 483.03 7.29361816e+02 5.23467183e-01 
386 483.84 7.16525269e+02 5.51668227e-01 
387 484.64 6.91656250e+02 5.36211669e-01 
388 485.44 6.62785950e+02 5.14959991e-01 
389 486.24 6.48899597e+02 5.05803704e-01 
390 487.04 6.55700439e+02 5.28940260e-01 
391 487.85 6.75999695e+02 5.32438040e-01 
392 488.65 6.97881958e+02 5.13331950e-01 
393 489.45 7.12083435e+02 5.05545080e-01 
394 490.26 7.15825806e+02 5.33441305e-01 
395 491.06 7.11896179e+02 5.18671989e-01 
396 491.86 7.06864685e+02 5.31826079e-01 
397 492.66 7.07487244e+02 5.22596359e-01 
398 493.46 7.15138062e+02 5.17786384e-01 
399 494.27 7.22918335e+02 5.32705128e-01 
400 495.07 7.26764954e+02 5.48370898e-01 
401 495.87 7.28184448e+02 5.31690001e-01 
402 496.67 7.24819824e+02 5.36251009e-01 
403 497.48 7.19184570e+02 5.24574280e-01 
404 498.28 7.13940430e+02 5.18132269e-01 
405 499.08 7.07241455e+02 5.14808118e-01 
406 499.88 6.99487915e+02 5.02056777e-01 
407 500.68 6.93084534e+02 5.24884105e-01 
408 501.48 6.90707764e+02 5.08194387e-01 
409 502.29 6.93455017e+02 5.16711950e-01 
410 503.09 6.97933960e+02 5.17582059e-01 
411 503.89 7.04150269e+02 5.10910392e-01 
412 504.69 7.11891663e+02 5.40057182e-01 
413 505.49 7.17543640e+02 5.21077394e-01 
414 506.29 7.17737183e+02 5.26523292e-01 
415 507.09 7.13468384e+02 5.07314801e-01 
416 507.90 7.09904419e+02 5.14421582e-01 
417 508.70 7.09206543e+02 5.17293990e-01 
418 509.50 7.10670776e+02 5.27112007e-01 
419 510.30 7.12609253e+02 5.24351537e-01 
420 511.10 7.11454834e+02 5.24149060e-01 
421 511.90 7.06492371e+02 5.25972009e-01 
422 512.71 6.98681152e+02 5.01999855e-01 
423 513.51 6.90743225e+02 4.99359548e-01 
424 514.31 6.84652405e+02 5.07660806e-01 
425 515.11 6.73685181e+02 5.07398367e-01 
426 515.91 6.55123962e+02 5.17983854e-01 
427 516.71 6.37641968e+02 5.02798021e-01 
428 517.51 6.29226746e+02 4.94909793e-01 
429 518.31 6.35722534e+02 4.85890508e-01 
430 519.11 6.52267639e+02 4.88450885e-01 
431 519.91 6.68202393e+02 5.08621335e-01 
432 520.71 6.79510681e+02 5.08193851e-01 
433 521.52 6.83723328e+02 4.83782709e-01 
434 522.32 6.86512756e+02 5.02645791e-01 
435 523.12 6.92053711e+02 4.98520732e-01 
436 523.92 6.97137085e+02 5.08730054e-01 
437 524.72 6.95973633e+02 5.07126868e-01 
438 525.52 6.84739624e+02 4.97300267e-01 
439 526.32 6.72597961e+02 4.97697473e-01 
440 527.12 6.72076355e+02 4.95701492e-01 
441 527.92 6.83018860e+02 4.88609850e-01 
442 528.72 6.98572144e+02 5.11574268e-01 
443 529.52 7.11039124e+02 5.09554803e-01 
444 530.32 7.16113586e+02 5.03279924e-01 
445 531.12 7.12704956e+02 5.07663012e-01 
446 531.92 7.05700378e+02 5.08898318e-01 
447 532.72 6.99983215e+02 5.19900560e-01 
448 533.52 7.00328979e+02 4.90692258e-01 
449 534.32 7.06759033e+02 5.03789723e-01 
450 535.12 7.12043396e+02 5.19682765e-01 
451 535.92 7.12281982e+02 4.98422861e-01 
452 536.72 7.10251526e+02 5.20130396e-01 
453 537.52 7.07080505e+02 4.89558756e-01 
454 538.32 7.02337097e+02 4.98078823e-01 
455 539.12 6.95951233e+02 5.04036129e-01 
456 539.92 6.90585632e+02 4.93166715e-01 
457 540.72 6.89487061e+02 4.99027014e-01 
458 541.52 6.92434387e+02 5.08007467e-01 
459 542.32 6.98125305e+02 5.09636581e-01 
460 543.12 7.03510742e+02 5.08949637e-01 
461 543.92 7.07373779e+02 5.27660131e-01 
462 544.72 7.09847717e+02 5.28872252e-01 
463 545.52 7.09477661e+02 5.06604731e-01 
464 546.32 7.05920837e+02 5.20501852e-01 
465 547.12 7.01855896e+02 5.06753504e-01 
466 547.91 6.99818970e+02 4.98318940e-01 
467 548.71 6.99356689e+02 5.17252326e-01 
468 549.51 6.99575989e+02 5.24062157e-01 
469 550.31 6.99368774e+02 5.29080987e-01 
470 551.11 6.98713989e+02 5.25466561e-01 
471 551.91 6.97987061e+02 4.97586817e-01 
472 552.71 6.98052368e+02 5.14308214e-01 
473 553.51 7.00104370e+02 5.02188265e-01 
474 554.31 7.00999756e+02 5.00739932e-01 
475 555.10 6.98644470e+02 4.95590836e-01 
476 555.90 6.94105652e+02 5.25113702e-01 
477 556.70 6.88477234e+02 4.98610526e-01 
478 557.50 6.80451843e+02 5.16173661e-01 
479 558.30 6.74278320e+02 4.97396141e-01 
480 559.10 6.73568237e+02 5.03701448e-01 
481 559.90 6.74515564e+02 4.84917641e-01 
482 560.70 6.77935364e+02 4.98928070e-01 
483 561.49 6.83772949e+02 5.18976986e-01 
484 562.29 6.87316406e+02 5.05692184e-01 
485 563.09 6.88885864e+02 4.94450182e-01 
486 563.89 6.89791992e+02 5.05403578e-01 
487 564.69 6.88856934e+02 5.21386206e-01 
488 565.49 6.87206055e+02 5.11570096e-01 
489 566.29 6.87433777e+02 5.22334278e-01 
490 567.08 6.91212769e+02 4.96744663e-01 
491 567.88 6.94683655e+02 5.14285207e-01 
492 568.68 6.95436707e+02 5.07179797e-01 
493 569.48 6.94196228e+02 4.86547559e-01 
494 570.28 6.92814697e+02 4.95797068e-01 
495 571.07 6.97099792e+02 5.09758413e-01 
496 571.87 7.07077942e+02 5.28655231e-01 
497 572.67 7.16536255e+02 5.20474613e-01 
498 573.47 7.21534180e+02 5.08717477e-01 
499 574.26 7.18965942e+02 5.06350160e-01 
500 575.06 7.13841736e+02 5.14590859e-01 
501 575.86 7.09961060e+02 5.03649235e-01 
502 576.66 7.05328857e+02 5.15474796e-01 
503 577.45 7.00351990e+02 5.36356926e-01 
504 578.25 6.96453308e+02 5.28975487e-01 
505 579.05 6.94313538e+02 4.99323249e-01 
506 579.85 6.94400146e+02 4.81486589e-01 
507 580.65 6.95627686e+02 4.78714079e-01 
508 581.44 6.96616821e+02 4.92839128e-01 
509 582.24 6.96810913e+02 4.93890852e-01 
510 583.04 6.95912720e+02 4.89127815e-01 
511 583.83 6.92143372e+02 4.89119440e-01 
512 584.63 6.86053101e+02 4.94073361e-01 
513 585.43 6.80828247e+02 4.78146732e-01 
514 586.22 6.77577271e+02 4.82080251e-01 
515 587.02 6.72255554e+02 4.75910664e-01 
516 587.82 6.60815979e+02 4.95931715e-01 
517 588.62 6.48408081e+02 5.18766761e-01 
518 589.41 6.43682251e+02 5.55601120e-01 
519 590.21 6.48167358e+02 5.64958930e-01 
520 591.01 6.57790100e+02 5.93580008e-01 
521 591.80 6.65069153e+02 5.80855012e-01 
522 592.60 6.67576050e+02 5.76687992e-01 
523 593.40 6.67758179e+02 5.54987729e-01 
524 594.19 6.67445007e+02 5.50129592e-01 
525 594.99 6.67799866e+02 5.49255311e-01 
526 595.79 6.68751282e+02 5.44819713e-01 
527 596.58 6.68379578e+02 5.20478785e-01 
528 597.38 6.66954102e+02 5.10218680e-01 
529 598.18 6.64929688e+02 5.32326043e-01 
530 598.97 6.62720703e+02 4.87739503e-01 
531 599.77 6.60403259e+02 5.08783221e-01 
532 600.56 6.57839233e+02 5.13519287e-01 
533 601.36 6.56076782e+02 4.86944437e-01 
534 602.16 6.57708008e+02 4.86406535e-01 
535 602.95 6.61616150e+02 4.95404929e-01 
536 603.75 6.65412720e+02 5.06412446e-01 
537 604.54 6.66747986e+02 4.78699952e-01 
538 605.34 6.65604919e+02 4.97130871e-01 
539 606.14 6.63501343e+02 4.94321704e-01 
540 606.93 6.60539551e+02 4.87501889e-01 
541 607.73 6.56852844e+02 4.98976529e-01 
542 608.52 6.52657532e+02 4.84052539e-01 
543 609.32 6.48832764e+02 4.74425167e-01 
544 610.11 6.46430420e+02 4.71909106e-01 
545 610.91 6.44896545e+02 4.81217533e-01 
546 611.71 6.42189758e+02 4.58353579e-01 
547 612.50 6.38867920e+02 4.80151087e-01 
548 613.30 6.35901978e+02 4.70244557e-01 
549 614.09 6.33592651e+02 4.47964668e-01 
550 614.89 6.29779358e+02 4.45622712e-01 
551 615.68 6.25655579e+02 4.81095672e-01 
552 616.48 6.24730713e+02 4.59471703e-01 
553 617.27 6.27556152e+02 4.67662692e-01 
554 618.07 6.32709290e+02 4.59763169e-01 
555 618.86 6.37230530e+02 4.65943038e-01 
556 619.66 6.39081360e+02 4.56556320e-01 
557 620.45 6.38042358e+02 4.60808456e-01 
558 621.25 6.35006897e+02 4.62431967e-01 
559 622.04 6.30167297e+02 4.61918801e-01 
560 622.84 6.25006042e+02 4.55340803e-01 
561 623.63 6.20091248e+02 4.63614017e-01 
562 624.43 6.15815002e+02 4.48984951e-01 
563 625.22 6.14594055e+02 4.45943683e-01 
564 626.02 6.14398071e+02 4.36623484e-01 
565 626.81 6.14053833e+02 4.51941222e-01 
566 627.61 6.12157715e+02 4.97079402e-01 
567 628.40 6.09030884e+02 5.22512496e-01 
568 629.19 6.05798035e+02 5.03192186e-01 
569 629.99 6.03100952e+02 4.76408064e-01 
570 630.78 6.00557617e+02 4.51843113e-01 
571 631.58 5.99844055e+02 4.29060519e-01 
572 632.37 5.99600464e+02 4.15870398e-01 
573 633.17 5.99032166e+02 4.14362490e-01 
574 633.96 5.98057678e+02 4.27290499e-01 
575 634.76 5.95913452e+02 4.37226325e-01 
576 635.55 5.94147400e+02 4.23733622e-01 
577 636.34 5.93468018e+02 4.33995664e-01 
578 637.14 5.93627686e+02 4.32282537e-01 
579 637.93 5.92255920e+02 4.31096852e-01 
580 638.72 5.87387329e+02 4.36146259e-01 
581 639.52 5.81206543e+02 4.10563231e-01 
582 640.31 5.75615967e+02 4.17022049e-01 
583 641.11 5.72193604e+02 3.98542017e-01 
584 641.90 5.71152100e+02 3.86938214e-01 
585 642.69 5.70947144e+02 3.99228871e-01 
586 643.49 5.69633728e+02 4.09111172e-01 
587 644.28 5.67177551e+02 4.19105619e-01 
588 645.07 5.63567139e+02 4.06247973e-01 
589 645.87 5.60879089e+02 4.29373413e-01 
590 646.66 5.59434937e+02 4.63863254e-01 
591 647.45 5.58091553e+02 4.60503191e-01 
592 648.25 5.54347412e+02 4.79116321e-01 
593 649.04 5.49637939e+02 4.72512573e-01 
594 649.83 5.48533447e+02 4.57107604e-01 
595 650.63 5.51166565e+02 4.42453742e-01 
596 651.42 5.53658630e+02 4.32663739e-01 
597 652.21 5.53503601e+02 4.41738278e-01 
598 653.00 5.51656067e+02 4.28788155e-01 
599 653.80 5.45701416e+02 4.19998139e-01 
600 654.59 5.29807190e+02 4.19214725e-01 
601 655.38 5.06285156e+02 4.04027522e-01 
602 656.17 4.92468872e+02 4.09592450e-01 
603 656.97 4.99616760e+02 3.89867336e-01 
604 657.76 5.18642334e+02 3.99227202e-01 
605 658.55 5.32981689e+02 3.86790931e-01 
606 659.34 5.38971924e+02 4.06952709e-01 
607 660.14 5.42034729e+02 4.04564500e-01 
608 660.93 5.44329834e+02 4.17867362e-01 
609 661.72 5.45037170e+02 4.24039036e-01 
610 662.52 5.43294006e+02 3.97247225e-01 
611 663.31 5.40980225e+02 4.11952198e-01 
612 664.10 5.40740906e+02 4.22311664e-01 
613 664.89 5.41533936e+02 3.96277517e-01 
614 665.68 5.41414185e+02 4.01898712e-01 
615 666.47 5.40278503e+02 3.92268568e-01 
616 667.27 5.39531860e+02 3.89038593e-01 
617 668.06 5.39913879e+02 3.72286439e-01 
618 668.85 5.39819092e+02 3.87500942e-01 
619 669.64 5.38234314e+02 3.74188840e-01 
620 670.43 5.35274597e+02 3.80359918e-01 
621 671.23 5.32205688e+02 3.71962577e-01 
622 672.02 5.30827942e+02 3.66543710e-01 
623 672.81 5.30936462e+02 3.75261068e-01 
624 673.60 5.30416931e+02 3.60569239e-01 
625 674.39 5.28615173e+02 3.64270091e-01 
626 675.18 5.26915955e+02 3.81903738e-01 
627 675.97 5.25584534e+02 3.78046364e-01 
628 676.77 5.24287964e+02 3.64456266e-01 
629 677.56 5.22516724e+02 3.68248791e-01 
630 678.35 5.20256531e+02 3.67151976e-01 
631 679.14 5.18064514e+02 3.72107834e-01 
632 679.93 5.15755981e+02 3.58977109e-01 
633 680.72 5.13754883e+02 3.59813839e-01 
634 681.51 5.11916260e+02 3.37521881e-01 
635 682.30 5.09255127e+02 3.60054940e-01 
636 683.09 5.04522949e+02 3.72849345e-01 
637 683.88 4.99342285e+02 3.51574063e-01 
638 684.67 4.94526825e+02 3.76228839e-01 
639 685.46 4.82934509e+02 3.83499801e-01 
640 686.26 4.58888611e+02 5.65371096e-01 
641 687.04 4.36342041e+02 8.01603377e-01 
642 687.84 4.31900055e+02 8.65039706e-01 
643 688.63 4.38487030e+02 7.58771777e-01 
644 689.42 4.44148315e+02 6.77502036e-01 
645 690.21 4.49584961e+02 5.53077638e-01 
646 691.00 4.55441071e+02 4.40893769e-01 
647 691.79 4.60525482e+02 3.84723842e-01 
648 692.58 4.64262695e+02 4.19113159e-01 
649 693.37 4.65729706e+02 4.87290055e-01 
650 694.16 4.65426910e+02 5.48055232e-01 
651 694.95 4.64268616e+02 5.51806092e-01 
652 695.74 4.64128906e+02 4.94288176e-01 
653 696.53 4.63006989e+02 4.42714751e-01 
654 697.32 4.59943909e+02 4.08990949e-01 
655 698.10 4.56939026e+02 4.27820206e-01 
656 698.89 4.54850922e+02 4.47733551e-01 
657 699.68 4.51893036e+02 4.75982279e-01 
658 700.47 4.47951965e+02 4.64559436e-01 
659 701.26 4.44457428e+02 4.51849312e-01 
660 702.05 4.42623413e+02 4.30709600e-01 
661 702.84 4.43218140e+02 4.16030824e-01 
662 703.63 4.45161163e+02 3.96672487e-01 
663 704.42 4.46684357e+02 3.81417304e-01 
664 705.21 4.45837891e+02 3.80273044e-01 
665 706.00 4.44431396e+02 3.69490445e-01 
666 706.79 4.43599091e+02 3.61574054e-01 
667 707.58 4.42810028e+02 3.52730602e-01 
668 708.37 4.40671509e+02 3.41076851e-01 
669 709.15 4.39109344e+02 3.60743612e-01 
670 709.94 4.39076752e+02 3.61082345e-01 
671 710.73 4.38031036e+02 3.54645848e-01 
672 711.52 4.35204529e+02 3.37894559e-01 
673 712.31 4.32727173e+02 3.25140029e-01 
674 713.10 4.32050629e+02 3.36532563e-01 
675 713.88 4.31080811e+02 3.51875931e-01 
676 714.67 4.28437775e+02 3.58959556e-01 
677 715.46 4.24562866e+02 4.10408616e-01 
678 716.25 4.18988190e+02 6.05481386e-01 
679 717.04 4.11499146e+02 9.30232644e-01 
680 717.83 4.01769714e+02 1.22853899e+00 
681 718.61 3.93349976e+02 1.37116158e+00 
682 719.40 3.90386841e+02 1.37047303e+00 
683 720.19 3.92640198e+02 1.20481455e+00 
684 720.98 3.98432495e+02 8.70897293e-01 
685 721.76 4.02544891e+02 6.42865062e-01 
686 722.55 4.00948059e+02 6.99565172e-01 
687 723.34 3.97102814e+02 9.33021963e-01 
688 724.13 3.94737274e+02 1.06411970e+00 
689 724.92 3.94370300e+02 1.04896522e+00 
690 725.70 3.94312317e+02 9.99271750e-01 
691 726.49 3.93826752e+02 9.76369143e-01 
692 727.28 3.91892395e+02 9.56077754e-01 
693 728.06 3.88186646e+02 9.17224824e-01 
694 728.85 3.85482880e+02 8.54730606e-01 
695 729.64 3.86935852e+02 8.38211834e-01 
696 730.42 3.89171967e+02 7.82410622e-01 
697 731.21 3.90038635e+02 7.23078251e-01 
698 732.00 3.91029816e+02 5.99673748e-01 
699 732.78 3.91961578e+02 4.77268428e-01 
700 733.57 3.93578552e+02 4.16857123e-01 
701 734.36 3.93154968e+02 3.97578835e-01 
702 735.14 3.90198853e+02 3.81003678e-01 
703 735.93 3.87533325e+02 3.87528569e-01 
704 736.72 3.86484833e+02 3.96172583e-01 
705 737.51 3.85290466e+02 3.65492433e-01 
706 738.29 3.81552338e+02 3.46325189e-01 
707 739.08 3.78629852e+02 3.30856323e-01 
708 739.86 3.77164063e+02 3.26170534e-01 
709 740.65 3.73948608e+02 3.12147826e-01 
710 741.44 3.71967255e+02 3.00147533e-01 
711 742.22 3.73455841e+02 3.07345152e-01 
712 743.01 3.75204224e+02 2.90195644e-01 
713 743.79 3.73810669e+02 3.02020282e-01 
714 744.58 3.71661591e+02 2.95537055e-01 
715 745.37 3.71810455e+02 2.95136869e-01 
716 746.15 3.71541656e+02 2.97518134e-01 
717 746.94 3.70162933e+02 2.92584449e-01 
718 747.72 3.67865173e+02 3.08031499e-01 
719 748.51 3.64944946e+02 3.01535189e-01 
720 749.29 3.62545074e+02 2.98275590e-01 
721 750.08 3.60625336e+02 2.91422069e-01 
722 750.86 3.58520844e+02 2.93949991e-01 
723 751.65 3.57168823e+02 2.98070967e-01 
724 752.43 3.56790253e+02 2.97258168e-01 
725 753.22 3.57337921e+02 2.97291487e-01 
726 754.00 3.57429932e+02 2.94988215e-01 
727 754.79 3.54715668e+02 2.98949569e-01 
728 755.57 3.51973755e+02 3.03528726e-01 
729 756.36 3.50542175e+02 3.11722666e-01 
730 757.14 3.49043457e+02 2.96563804e-01 
731 757.93 3.41311768e+02 3.10997069e-01 
732 758.71 3.09244354e+02 4.80787247e-01 
733 759.49 2.42086472e+02 1.03311825e+00 
734 760.28 1.83994476e+02 1.58048332e+00 
735 761.06 1.83441483e+02 1.63820732e+00 
736 761.85 2.06756775e+02 1.49373960e+00 
737 762.63 2.13184158e+02 1.43470120e+00 
738 763.41 2.17649384e+02 1.40788186e+00 
739 764.20 2.34937897e+02 1.23586178e+00 
740 764.98 2.56811676e+02 9.73042607e-01 
741 765.77 2.76096497e+02 7.23372459e-01 
742 766.55 2.93410400e+02 5.05701959e-01 
743 767.33 3.08224182e+02 3.83671701e-01 
744 768.12 3.17600922e+02 3.41082901e-01 
745 768.90 3.21888092e+02 3.06070238e-01 
746 769.68 3.23326965e+02 2.96409667e-01 
747 770.47 3.22963745e+02 2.95337051e-01 
748 771.25 3.21683014e+02 2.89295971e-01 
749 772.03 3.21790558e+02 2.75808901e-01 
750 772.82 3.23144775e+02 2.72200823e-01 
751 773.60 3.22526642e+02 2.66668350e-01 
752 774.38 3.19613190e+02 2.74468929e-01 
753 775.17 3.18358826e+02 2.79540956e-01 
754 775.95 3.19023712e+02 2.71494269e-01 
755 776.73 3.18181793e+02 2.71580249e-01 
756 777.51 3.16183350e+02 2.65499532e-01 
757 778.30 3.14736145e+02 2.64961600e-01 
758 779.08 3.12717987e+02 2.64143646e-01 
759 779.86 3.11108917e+02 2.73937106e-01 
760 780.64 3.11495972e+02 2.77231783e-01 
761 781.43 3.12997559e+02 2.78068632e-01 
762 782.21 3.12254822e+02 2.56158859e-01 
763 782.99 3.08755920e+02 2.63479859e-01 
764 783.77 3.06824280e+02 2.64084190e-01 
765 784.55 3.06542328e+02 2.66103983e-01 
766 785.34 3.06580566e+02 2.74183244e-01 
767 786.12 3.06514465e+02 2.76973456e-01 
768 786.90 3.05252869e+02 2.74444669e-01 
769 787.68 3.02588104e+02 2.82251805e-01 
770 788.46 3.00327515e+02 2.89267242e-01 
771 789.24 2.99448212e+02 2.89471477e-01 
772 790.03 2.98514404e+02 2.96321422e-01 
773 790.81 2.95946014e+02 2.83735484e-01 
774 791.59 2.91627228e+02 2.83566564e-01 
775 792.37 2.87554779e+02 2.86159664e-01 
776 793.15 2.85095001e+02 2.71558076e-01 
777 793.93 2.84667175e+02 2.71479130e-01 
778 794.71 2.85459930e+02 2.75224984e-01 
779 795.49 2.85504761e+02 2.81219304e-01 
780 796.27 2.84580048e+02 2.82625735e-01 
781 797.05 2.84741302e+02 2.86592275e-01 
782 797.84 2.84662048e+02 2.77664363e-01 
783 798.61 2.82931732e+02 2.57659674e-01 
784 799.40 2.80412018e+02 2.83521265e-01 
785 800.18 2.77773376e+02 2.87146151e-01 
786 800.96 2.75658173e+02 2.87298024e-01 
787 801.74 2.75196838e+02 2.77031898e-01 
788 802.52 2.75061890e+02 2.76548117e-01 
789 803.30 2.74077515e+02 2.71952838e-01 
790 804.08 2.71331604e+02 2.88589656e-01 
791 804.86 2.68003693e+02 2.71976411e-01 
792 805.64 2.66697632e+02 2.64944166e-01 
793 806.42 2.67847534e+02 2.54885644e-01 
794 807.20 2.68538483e+02 2.54496902e-01 
795 807.97 2.65385590e+02 2.63704479e-01 
796 808.75 2.60096497e+02 2.53229350e-01 
797 809.53 2.56875427e+02 2.54539549e-01 
798 810.31 2.57452057e+02 2.87219822e-01 
799 811.09 2.59290894e+02 2.92497396e-01 
800 811.87 2.59040863e+02 3.39687347e-01 
801 812.65 2.55949570e+02 4.10205960e-01 
802 813.43 2.50830292e+02 5.01049995e-01 
803 814.21 2.45620178e+02 5.87310016e-01 
804 814.99 2.42912155e+02 7.00309455e-01 
805 815.76 2.41832535e+02 7.66106427e-01 
806 816.54 2.40789032e+02 7.82806039e-01 
807 817.32 2.38002670e+02 7.75161326e-01 
808 818.10 2.34007355e+02 7.17841983e-01 
809 818.88 2.31227875e+02 6.31457627e-01 
810 819.66 2.30886032e+02 5.57747960e-01 
811 820.43 2.33177277e+02 4.91164654e-01 
812 821.21 2.34689957e+02 5.12737811e-01 
813 821.99 2.31444000e+02 6.41703904e-01 
814 822.77 2.26759689e+02 7.10242331e-01 
815 823.55 2.25674957e+02 6.50062978e-01 
816 824.32 2.27841385e+02 5.52904606e-01 
817 825.10 2.31448639e+02 4.47555393e-01 
818 825.88 2.33612061e+02 4.18716013e-01 
819 826.66 2.31840652e+02 4.41743582e-01 
820 827.43 2.27707901e+02 4.72505212e-01 
821 828.21 2.23946716e+02 4.91437525e-01 
822 828.99 2.22703140e+02 4.93626386e-01 
823 829.76 2.24165329e+02 4.55985516e-01 
824 830.54 2.25621567e+02 4.13863599e-01 
825 831.32 2.24419617e+02 4.02579755e-01 
826 832.10 2.21085571e+02 3.69294435e-01 
827 832.87 2.17323105e+02 3.51825327e-01 
828 833.65 2.16341705e+02 3.23169440e-01 
829 834.42 2.19084747e+02 2.93294519e-01 
830 835.20 2.22910934e+02 2.77356476e-01 
831 835.98 2.23987961e+02 2.53312916e-01 
832 836.75 2.21567993e+02 2.55728841e-01 
833 837.53 2.17151520e+02 2.53966033e-01 
834 838.30 2.14394882e+02 2.33525008e-01 
835 839.08 2.14873001e+02 2.38719016e-01 
836 839.86 2.17078217e+02 2.32501402e-01 
837 840.63 2.17660309e+02 2.29736567e-01 
838 841.41 2.15351471e+02 2.27520347e-01 
839 842.18 2.10838089e+02 2.35601440e-01 
840 842.96 2.06829239e+02 2.30888337e-01 
841 843.73 2.05866867e+02 2.29599774e-01 
842 844.51 2.07612305e+02 2.16611549e-01 
843 845.28 2.09696274e+02 2.24692062e-01 
844 846.06 2.10037720e+02 2.23946258e-01 
845 846.84 2.06934235e+02 2.26532638e-01 
846 847.61 2.01546036e+02 2.23048583e-01 
847 848.38 1.96775711e+02 2.07954049e-01 
848 849.16 1.95350616e+02 2.08697692e-01 
849 849.93 1.95962036e+02 2.13749468e-01 
850 850.71 1.96663696e+02 2.06539065e-01 
851 851.48 1.94198929e+02 2.16517240e-01 
852 852.26 1.88748077e+02 2.03828514e-01 
853 853.03 1.82581848e+02 1.96341768e-01 
854 853.81 1.78709625e+02 1.96581125e-01 
855 854.58 1.79503983e+02 1.96839660e-01 
856 855.35 1.84094009e+02 1.99645281e-01 
857 856.13 1.89240112e+02 2.13874221e-01 
858 856.90 1.91248016e+02 2.06390083e-01 
859 857.68 1.89611664e+02 2.02774003e-01 
860 858.45 1.86895782e+02 2.00434282e-01 
861 859.22 1.85232605e+02 1.95200950e-01 
862 860.00 1.86151382e+02 2.00000703e-01 
863 860.77 1.88270416e+02 2.05620319e-01 
864 861.54 1.88712097e+02 2.08935037e-01 
865 862.32 1.86612778e+02 2.02319667e-01 
866 863.09 1.82404236e+02 2.03178093e-01 
867 863.86 1.76600952e+02 1.94880575e-01 
868 864.64 1.72694977e+02 1.87478051e-01 
869 865.41 1.70814255e+02 1.92540497e-01 
870 866.18 1.70628311e+02 1.95137933e-01 
871 866.95 1.71076218e+02 1.90397203e-01 
872 867.73 1.70977814e+02 1.96669936e-01 
873 868.50 1.69912888e+02 1.89736590e-01 
874 869.27 1.68949234e+02 1.79354116e-01 
875 870.04 1.69251083e+02 1.84957027e-01 
876 870.81 1.71090576e+02 1.94953024e-01 
877 871.59 1.72306992e+02 1.91828400e-01 
878 872.36 1.72209076e+02 1.93339825e-01 
879 873.13 1.69996262e+02 1.91191882e-01 
880 873.90 1.66412781e+02 1.93622619e-01 
881 874.67 1.62862183e+02 1.96397468e-01 
882 875.44 1.61511703e+02 1.95601121e-01 
883 876.22 1.62590652e+02 1.97516173e-01 
884 876.99 1.64035416e+02 1.94502786e-01 
885 877.76 1.64455856e+02 1.91932917e-01 
886 878.53 1.62827652e+02 1.83988795e-01 
887 879.30 1.59374069e+02 1.88652366e-01 
888 880.07 1.56044281e+02 1.88058630e-01 
889 880.84 1.54798965e+02 1.69085115e-01 
890 881.61 1.55708954e+02 1.84059858e-01 
891 882.38 1.57486252e+02 1.94083050e-01 
892 883.15 1.58869720e+02 1.92121446e-01 
893 883.92 1.57923355e+02 1.88749731e-01 
894 884.69 1.55227753e+02 1.78376481e-01 
895 885.47 1.52402969e+02 1.75642475e-01 
896 886.23 1.50302063e+02 1.82935387e-01 
897 887.00 1.49906189e+02 1.82173207e-01 
898 887.78 1.50962082e+02 1.84438780e-01 
899 888.54 1.52475754e+02 1.84561178e-01 
900 889.31 1.53011993e+02 1.82736233e-01 
901 890.08 1.51156555e+02 1.83259338e-01 
902 890.85 1.47975510e+02 1.86377838e-01 
903 891.62 1.45135880e+02 1.89032197e-01 
904 892.39 1.43223267e+02 2.07525700e-01 
905 893.16 1.43058014e+02 2.27287963e-01 
906 893.93 1.43658096e+02 2.64335722e-01 
907 894.70 1.43413620e+02 3.01585525e-01 
908 895.47 1.41345642e+02 3.49686086e-01 
909 896.24 1.37844131e+02 4.13068086e-01 
910 897.01 1.33866257e+02 4.40425873e-01 
911 897.78 1.31086548e+02 4.79639620e-01 
912 898.54 1.30139328e+02 5.16575754e-01 
913 899.31 1.30099030e+02 5.33855319e-01 
914 900.08 1.30007278e+02 5.26408970e-01 
915 900.85 1.29401306e+02 5.00434756e-01 
916 901.62 1.27984535e+02 4.52432364e-01 
917 902.38 1.26621483e+02 4.08342451e-01 
918 903.15 1.26041504e+02 3.79878134e-01 
919 903.92 1.26320198e+02 3.59766334e-01 
920 904.69 1.27006149e+02 3.25071305e-01 
921 905.46 1.27587677e+02 3.56555194e-01 
922 906.22 1.27302048e+02 3.66726607e-01 
923 906.99 1.25512230e+02 4.07903135e-01 
924 907.76 1.22744904e+02 4.31259304e-01 
925 908.52 1.19931206e+02 4.51974303e-01 
926 909.29 1.17964485e+02 4.59433377e-01 
927 910.06 1.17418983e+02 4.72791672e-01 
928 910.83 1.17807106e+02 4.72761363e-01 
929 911.59 1.18491882e+02 4.71425891e-01 
930 912.36 1.18482635e+02 4.77018893e-01 
931 913.13 1.17498306e+02 4.76020515e-01 
932 913.89 1.15758759e+02 4.77112800e-01 
933 914.66 1.13789589e+02 4.65219915e-01 
934 915.42 1.12366531e+02 4.48488683e-01 
935 916.19 1.11771454e+02 4.39694434e-01 
936 916.96 1.11811081e+02 4.16381121e-01 
937 917.72 1.12112679e+02 3.97481650e-01 
938 918.49 1.11973503e+02 3.61491412e-01 
939 919.26 1.11116379e+02 3.39762956e-01 
940 920.02 1.09508812e+02 3.12732309e-01 
941 920.79 1.07521706e+02 2.91956455e-01 
942 921.55 1.05691856e+02 2.89975315e-01 
943 922.32 1.04453445e+02 2.73440093e-01 
944 923.08 1.03708763e+02 2.73294181e-01 
945 923.85 1.03203102e+02 2.88635701e-01 
946 924.61 1.02465744e+02 3.15465450e-01 
947 925.38 1.01139755e+02 3.29328865e-01 
948 926.14 9.91609039e+01 3.40884060e-01 
949 926.91 9.66358261e+01 3.92540276e-01 
950 927.67 9.38392181e+01 4.50454026e-01 
951 928.44 9.11430130e+01 5.17650247e-01 
952 929.20 8.85678024e+01 5.83990514e-01 
953 929.97 8.59412918e+01 6.47111118e-01 
954 930.73 8.29359512e+01 7.32651651e-01 
955 931.49 7.94978485e+01 7.92979002e-01 
956 932.26 7.56883545e+01 8.45106244e-01 
957 933.02 7.19446716e+01 8.54735255e-01 
958 933.79 6.87025909e+01 8.95572901e-01 
959 934.55 6.63160629e+01 8.81082535e-01 
960 935.32 6.47090836e+01 8.68445694e-01 
961 936.08 6.36242828e+01 8.46916199e-01 
962 936.84 6.27913246e+01 8.12498510e-01 
963 937.61 6.19112091e+01 7.66211510e-01 
964 938.37 6.08097076e+01 7.14740574e-01 
965 939.13 5.95039520e+01 6.57327473e-01 
966 939.89 5.82158012e+01 6.07556462e-01 
967 940.66 5.70432320e+01 5.72081923e-01 
968 941.42 5.62058907e+01 5.67785084e-01 
969 942.18 5.55014229e+01 5.44155240e-01 
970 942.95 5.48556061e+01 5.49289227e-01 
971 943.71 5.42387466e+01 5.65258086e-01 
972 944.47 5.35994225e+01 5.67099333e-01 
973 945.23 5.30312691e+01 5.57865322e-01 
974 946.00 5.27274475e+01 5.62912762e-01 
975 946.76 5.27840500e+01 5.52479804e-01 
976 947.52 5.31815910e+01 5.53942978e-01 
977 948.28 5.38829918e+01 5.54866970e-01 
978 949.04 5.46300049e+01 5.50228357e-01 
979 949.81 5.52324028e+01 5.48788607e-01 
980 950.57 5.54678574e+01 5.41048169e-01 
981 951.33 5.54546661e+01 5.33271670e-01 
982 952.09 5.53022156e+01 5.22171319e-01 
983 952.85 5.52831612e+01 5.11638343e-01 
984 953.61 5.55501976e+01 5.04048526e-01 
985 954.38 5.61507607e+01 4.96361881e-01 
986 955.14 5.67724075e+01 4.97036338e-01 
987 955.90 5.73042946e+01 4.79016125e-01 
988 956.66 5.76672478e+01 4.75608915e-01 
989 957.42 5.77531548e+01 4.67854470e-01 
990 958.18 5.76959267e+01 4.51047301e-01 
991 958.94 5.76763687e+01 4.37621891e-01 
992 959.70 5.79330063e+01 4.33724701e-01 
993 960.46 5.83915443e+01 4.26739901e-01 
994 961.22 5.89762840e+01 4.12185699e-01 
995 961.98 5.94812965e+01 3.94885540e-01 
996 962.74 5.96677971e+01 3.77393007e-01 
997 963.50 5.95671349e+01 3.59146833e-01 
998 964.26 5.93097076e+01 3.34653348e-01 
999 965.02 5.91068764e+01 3.10643733e-01 
1000 965.78 5.91324501e+01 2.87590384e-01 
1001 966.54 5.94585686e+01 2.78201133e-01 
1002 967.30 5.99133339e+01 2.57759929e-01 
1003 968.06 6.02066154e+01 2.40795955e-01 
1004 968.82 6.00585976e+01 2.27253273e-01 
1005 969.58 5.95724335e+01 2.16188625e-01 
1006 970.34 5.90956841e+01 2.03671575e-01 
1007 971.10 5.87608032e+01 1.92615643e-01 
1008 971.86 5.86494370e+01 1.86822325e-01 
1009 972.62 5.86586266e+01 1.97510019e-01 
1010 973.38 5.84756889e+01 1.95898846e-01 
1011 974.14 5.80221939e+01 1.89771309e-01 
1012 974.90 5.73888931e+01 1.73425585e-01 
1013 975.65 5.67415848e+01 1.87507182e-01 
1014 976.41 5.62513962e+01 1.77142054e-01 
1015 977.17 5.61231689e+01 1.75137565e-01 
1016 977.93 5.61246033e+01 1.71211779e-01 
1017 978.69 5.59901886e+01 1.64263949e-01 
1018 979.45 5.55746613e+01 1.55996114e-01 
1019 980.20 5.49931984e+01 1.50109053e-01 
1020 980.96 5.45587540e+01 1.37272298e-01 
1021 981.72 5.43836250e+01 1.34761438e-01 
1022 982.48 5.43139915e+01 1.28623396e-01 
1023 983.23 5.40020485e+01 1.22407675e-01 
1024 983.99 5.33349342e+01 1.20366767e-01 
1025 984.75 5.26135788e+01 1.09420508e-01 
1026 985.51 5.22199364e+01 1.12619102e-01 
1027 986.27 5.20556488e+01 1.10742308e-01 
1028 987.02 5.16667061e+01 1.10972889e-01 
1029 987.78 5.08926125e+01 1.07500792e-01 
1030 988.54 5.00384521e+01 1.02682605e-01 
1031 989.29 4.95116653e+01 1.10535987e-01 
1032 990.05 4.92197609e+01 1.00722618e-01 
1033 990.81 4.85410461e+01 1.02128386e-01 
1034 991.56 4.75765724e+01 1.01997145e-01 
1035 992.32 4.68287354e+01 1.00059904e-01 
1036 993.08 4.62130852e+01 1.02330044e-01 
1037 993.83 4.53235321e+01 1.00544170e-01 
1038 994.59 4.42341461e+01 1.01397239e-01 
1039 995.35 4.33812294e+01 9.41413119e-02 
1040 996.10 2.65349221e+00 1.47345755e-02 
1041 996.86 1.35170370e-01 1.35507891e-02 
1042 997.62 8.21896419e-02 1.30778654e-02 
1043 998.37 8.06039795e-02 1.49698751e-02 
