% C0 (TOA Count Rate, /ms) for 4STAR NIR spectrometer (512 channels) derived from C:\Users\sleblanc\Research\MLO\2018_Febuary\20180215_day11\4STAR_20180215starsun.mat and recorded on 2018-02-20 13:03:17.
% Data outside 1.8x the STD of 501 nm Langley residuals were screened out. For instrument:4STAR
Pix Wavelength C0 C0err
511 949.79 3.55137277e+00 1.06541187e-01 
510 949.79 4.02526379e+00 1.20757915e-01 
509 951.68 4.37722826e+00 1.31316841e-01 
508 953.57 4.46493626e+00 1.33948088e-01 
507 955.46 4.88745213e+00 1.46623567e-01 
506 957.34 5.02520561e+00 1.50756165e-01 
505 959.22 5.52267218e+00 1.65680170e-01 
504 961.10 5.69051647e+00 1.70715496e-01 
503 962.98 6.18664932e+00 1.85599476e-01 
502 964.85 6.31163120e+00 1.89348936e-01 
501 966.72 6.91405678e+00 2.07421705e-01 
500 968.59 7.08115768e+00 2.12434724e-01 
499 970.45 7.53483868e+00 2.26045161e-01 
498 972.32 7.46650839e+00 2.23995253e-01 
497 974.18 7.76325893e+00 2.32897773e-01 
496 976.04 7.71118927e+00 2.31335685e-01 
495 977.89 8.09049320e+00 2.42714792e-01 
494 979.74 8.10023403e+00 2.43007019e-01 
493 981.59 8.45638466e+00 2.53691554e-01 
492 983.44 8.43338203e+00 2.53001451e-01 
491 985.29 8.73274899e+00 2.61982471e-01 
490 987.13 8.58139038e+00 2.57441700e-01 
489 988.97 8.82931137e+00 2.64879346e-01 
488 990.81 8.65207386e+00 2.59562224e-01 
487 992.65 8.82309055e+00 2.64692724e-01 
486 994.48 8.62781334e+00 2.58834392e-01 
485 996.31 8.77850246e+00 2.63355076e-01 
484 998.14 8.52624321e+00 2.55787283e-01 
483 999.97 8.68134308e+00 2.60440290e-01 
482 1001.79 8.39562130e+00 2.51868635e-01 
481 1003.62 8.48307514e+00 2.54492253e-01 
480 1005.44 8.25875473e+00 2.47762635e-01 
479 1007.25 8.47683334e+00 2.54305005e-01 
478 1009.07 8.30404568e+00 2.49121368e-01 
477 1010.88 8.47967911e+00 2.54390359e-01 
476 1012.69 8.21634007e+00 2.46490195e-01 
475 1014.50 8.33878136e+00 2.50163436e-01 
474 1016.31 8.14634991e+00 2.44390503e-01 
473 1018.11 8.29626846e+00 2.48888060e-01 
472 1019.91 8.06217957e+00 2.41865382e-01 
471 1021.71 8.21975136e+00 2.46592537e-01 
470 1023.51 8.02267647e+00 2.40680292e-01 
469 1025.30 8.17009544e+00 2.45102867e-01 
468 1027.09 8.06353092e+00 2.41905928e-01 
467 1028.88 8.20593929e+00 2.46178180e-01 
466 1030.67 8.05112362e+00 2.41533712e-01 
465 1032.46 8.22041416e+00 2.46612430e-01 
464 1034.24 8.07657242e+00 2.42297173e-01 
463 1036.02 8.24415684e+00 2.47324705e-01 
462 1037.80 8.14263344e+00 2.44278997e-01 
461 1039.58 8.34267902e+00 2.50280380e-01 
460 1041.35 8.19715500e+00 2.45914653e-01 
459 1043.12 8.36997795e+00 2.51099348e-01 
458 1044.89 8.27096939e+00 2.48129085e-01 
457 1046.66 8.48079967e+00 2.54423976e-01 
456 1048.43 8.40285683e+00 2.52085716e-01 
455 1050.19 8.62073612e+00 2.58622080e-01 
454 1051.95 8.49400330e+00 2.54820108e-01 
453 1053.71 8.74780846e+00 2.62434244e-01 
452 1055.47 8.57602119e+00 2.57280648e-01 
451 1057.23 8.70162106e+00 2.61048645e-01 
450 1058.98 8.55288696e+00 2.56586611e-01 
449 1060.73 8.72823143e+00 2.61846930e-01 
448 1062.48 8.53588676e+00 2.56076604e-01 
447 1064.23 8.67674065e+00 2.60302216e-01 
446 1065.97 8.43200302e+00 2.52960086e-01 
445 1067.71 8.44934177e+00 2.53480256e-01 
444 1069.46 8.24417305e+00 2.47325197e-01 
443 1071.19 8.34949207e+00 2.50484765e-01 
442 1072.93 8.19006634e+00 2.45701984e-01 
441 1074.67 8.29218960e+00 2.48765692e-01 
440 1076.40 8.10301399e+00 2.43090421e-01 
439 1078.13 8.12877369e+00 2.43863210e-01 
438 1079.86 7.89556217e+00 2.36866862e-01 
437 1081.58 7.94385481e+00 2.38315642e-01 
436 1083.31 7.80893469e+00 2.34268039e-01 
435 1085.03 7.93795538e+00 2.38138661e-01 
434 1086.75 7.85553980e+00 2.35666201e-01 
433 1088.47 8.00699139e+00 2.40209743e-01 
432 1090.19 7.89907932e+00 2.36972377e-01 
431 1091.90 7.96992636e+00 2.39097789e-01 
430 1093.61 7.80092716e+00 2.34027818e-01 
429 1095.33 7.94021940e+00 2.38206580e-01 
428 1097.03 7.90843391e+00 2.37253010e-01 
427 1098.74 8.07977295e+00 2.42393196e-01 
426 1100.45 8.00168800e+00 2.40050644e-01 
425 1102.15 8.21106815e+00 2.46332049e-01 
424 1103.85 8.13552094e+00 2.44065627e-01 
423 1105.55 8.30375099e+00 2.49112532e-01 
422 1107.25 8.13570118e+00 2.44071037e-01 
421 1108.94 8.12326622e+00 2.43697986e-01 
420 1110.64 7.66807079e+00 2.30042130e-01 
419 1112.33 7.30024242e+00 2.19007269e-01 
418 1114.02 6.44632912e+00 1.93389878e-01 
417 1115.70 6.06818104e+00 1.82045430e-01 
416 1117.39 5.58220243e+00 1.67466074e-01 
415 1119.07 5.39605284e+00 1.61881581e-01 
414 1120.76 5.14018583e+00 1.54205576e-01 
413 1122.44 5.07328415e+00 1.52198523e-01 
412 1124.12 4.97576189e+00 1.49272859e-01 
411 1125.79 5.19897366e+00 1.55969203e-01 
410 1127.47 5.39924431e+00 1.61977336e-01 
409 1129.14 6.04009247e+00 1.81202769e-01 
408 1130.81 5.65554237e+00 1.69666275e-01 
407 1132.48 5.36702776e+00 1.61010832e-01 
406 1134.15 5.26034832e+00 1.57810450e-01 
405 1135.81 5.80492830e+00 1.74147844e-01 
404 1137.48 6.69615555e+00 2.00884670e-01 
403 1139.14 7.17656708e+00 2.15297014e-01 
402 1140.80 6.82857323e+00 2.04857200e-01 
401 1142.46 6.42018795e+00 1.92605644e-01 
400 1144.12 5.91895866e+00 1.77568763e-01 
399 1145.77 5.83363295e+00 1.75008982e-01 
398 1147.43 5.94013500e+00 1.78204045e-01 
397 1149.08 6.37161160e+00 1.91148341e-01 
396 1150.73 6.44611263e+00 1.93383381e-01 
395 1152.38 6.80948973e+00 2.04284698e-01 
394 1154.02 6.98136997e+00 2.09441096e-01 
393 1155.67 7.43213272e+00 2.22963989e-01 
392 1157.31 7.53427505e+00 2.26028249e-01 
391 1158.95 7.79772139e+00 2.33931646e-01 
390 1160.59 7.93391037e+00 2.38017306e-01 
389 1162.23 8.21952438e+00 2.46585727e-01 
388 1163.87 8.25124168e+00 2.47537255e-01 
387 1165.50 8.37016869e+00 2.51105070e-01 
386 1167.13 8.33038330e+00 2.49911502e-01 
385 1168.76 8.53794003e+00 2.56138206e-01 
384 1170.39 8.42428684e+00 2.52728611e-01 
383 1172.02 8.41004848e+00 2.52301455e-01 
382 1173.65 8.25201893e+00 2.47560561e-01 
381 1175.27 8.24195004e+00 2.47258499e-01 
380 1176.90 8.20048428e+00 2.46014535e-01 
379 1178.52 8.09796524e+00 2.42938951e-01 
378 1180.14 7.89526653e+00 2.36857995e-01 
377 1181.75 7.87417078e+00 2.36225128e-01 
376 1183.37 7.71284962e+00 2.31385484e-01 
375 1184.99 7.74339104e+00 2.32301727e-01 
374 1186.60 7.66137314e+00 2.29841188e-01 
373 1188.21 7.68890190e+00 2.30667055e-01 
372 1189.82 7.67158175e+00 2.30147451e-01 
371 1191.43 7.90806580e+00 2.37241969e-01 
370 1193.04 7.81583548e+00 2.34475061e-01 
369 1194.64 7.75826311e+00 2.32747898e-01 
368 1196.24 7.52640057e+00 2.25792021e-01 
367 1197.85 7.57251453e+00 2.27175429e-01 
366 1199.45 7.43178558e+00 2.22953573e-01 
365 1201.05 7.47127008e+00 2.24138096e-01 
364 1202.64 7.43079185e+00 2.22923756e-01 
363 1204.24 7.49165058e+00 2.24749520e-01 
362 1205.83 7.45996380e+00 2.23798916e-01 
361 1207.43 7.51962566e+00 2.25588769e-01 
360 1209.02 7.44502449e+00 2.23350734e-01 
359 1210.61 7.57354879e+00 2.27206469e-01 
358 1212.19 7.54917192e+00 2.26475164e-01 
357 1213.78 7.70890760e+00 2.31267229e-01 
356 1215.37 7.68140268e+00 2.30442077e-01 
355 1216.95 7.78660440e+00 2.33598128e-01 
354 1218.53 7.73461008e+00 2.32038304e-01 
353 1220.11 7.79939127e+00 2.33981743e-01 
352 1221.69 7.75877380e+00 2.32763216e-01 
351 1223.27 7.81783152e+00 2.34534949e-01 
350 1224.84 7.81641674e+00 2.34492496e-01 
349 1226.42 7.89040232e+00 2.36712068e-01 
348 1227.99 7.87229204e+00 2.36168757e-01 
347 1229.56 8.02945805e+00 2.40883738e-01 
346 1231.13 7.98939276e+00 2.39681780e-01 
345 1232.70 8.05469227e+00 2.41640761e-01 
344 1234.27 7.97524118e+00 2.39257231e-01 
343 1235.84 7.97739553e+00 2.39321873e-01 
342 1237.40 7.91454315e+00 2.37436295e-01 
341 1238.96 7.91290379e+00 2.37387121e-01 
340 1240.52 7.79567671e+00 2.33870298e-01 
339 1242.08 7.92622280e+00 2.37786680e-01 
338 1243.64 7.92198706e+00 2.37659618e-01 
337 1245.20 7.97816420e+00 2.39344925e-01 
336 1246.75 7.93521166e+00 2.38056347e-01 
335 1248.31 7.97641802e+00 2.39292547e-01 
334 1249.86 7.90851307e+00 2.37255394e-01 
333 1251.41 7.94394398e+00 2.38318324e-01 
332 1252.96 7.85917950e+00 2.35775381e-01 
331 1254.51 7.85881805e+00 2.35764548e-01 
330 1256.06 7.78182554e+00 2.33454764e-01 
329 1257.61 7.76568413e+00 2.32970521e-01 
328 1259.15 7.67660379e+00 2.30298117e-01 
327 1260.69 7.60537767e+00 2.28161335e-01 
326 1262.23 7.47258139e+00 2.24177435e-01 
325 1263.77 7.43242550e+00 2.22972766e-01 
324 1265.31 7.22338152e+00 2.16701448e-01 
323 1266.85 7.18562317e+00 2.15568691e-01 
322 1268.39 7.21981621e+00 2.16594487e-01 
321 1269.92 7.31638670e+00 2.19491601e-01 
320 1271.46 7.50862217e+00 2.25258663e-01 
319 1272.99 7.59313536e+00 2.27794066e-01 
318 1274.52 7.59728909e+00 2.27918670e-01 
317 1276.05 7.66364193e+00 2.29909256e-01 
316 1277.58 7.56194925e+00 2.26858482e-01 
315 1279.10 7.40437222e+00 2.22131163e-01 
314 1280.63 7.32624722e+00 2.19787419e-01 
313 1282.15 7.34018373e+00 2.20205516e-01 
312 1283.68 7.42484140e+00 2.22745240e-01 
311 1285.20 7.59698868e+00 2.27909654e-01 
310 1286.72 7.53900957e+00 2.26170287e-01 
309 1288.24 7.52409840e+00 2.25722954e-01 
308 1289.75 7.42934418e+00 2.22880319e-01 
307 1291.27 7.44815445e+00 2.23444641e-01 
306 1292.78 7.44996929e+00 2.23499075e-01 
305 1294.30 7.43773460e+00 2.23132044e-01 
304 1295.81 7.35585690e+00 2.20675707e-01 
303 1297.32 7.31656933e+00 2.19497085e-01 
302 1298.83 7.24750137e+00 2.17425048e-01 
301 1300.34 7.15514517e+00 2.14654356e-01 
300 1301.85 7.07081938e+00 2.12124586e-01 
299 1303.35 6.99631548e+00 2.09889472e-01 
298 1304.86 6.87858152e+00 2.06357449e-01 
297 1306.36 6.85673380e+00 2.05702007e-01 
296 1307.86 6.77450562e+00 2.03235164e-01 
295 1309.36 6.68641329e+00 2.00592399e-01 
294 1310.86 6.54708004e+00 1.96412399e-01 
293 1312.36 6.46366215e+00 1.93909869e-01 
292 1313.86 6.40075493e+00 1.92022651e-01 
291 1315.36 6.34817076e+00 1.90445125e-01 
290 1316.85 6.26832008e+00 1.88049600e-01 
289 1318.34 6.23313856e+00 1.86994150e-01 
288 1319.84 6.10763311e+00 1.83228999e-01 
287 1321.33 6.10722256e+00 1.83216676e-01 
286 1322.82 6.09271193e+00 1.82781354e-01 
285 1324.30 6.01431370e+00 1.80429414e-01 
284 1325.79 5.80570316e+00 1.74171090e-01 
283 1327.28 5.57384205e+00 1.67215258e-01 
282 1328.76 5.18520927e+00 1.55556276e-01 
281 1330.25 4.97285318e+00 1.49185598e-01 
280 1331.73 4.91719627e+00 1.47515893e-01 
279 1333.21 4.92772102e+00 1.47831634e-01 
278 1334.69 4.97574043e+00 1.49272218e-01 
277 1336.17 5.01256371e+00 1.50376916e-01 
276 1337.65 4.91810083e+00 1.47543028e-01 
275 1339.12 4.86222172e+00 1.45866647e-01 
274 1340.60 4.68932247e+00 1.40679672e-01 
273 1342.07 4.35123539e+00 1.30537063e-01 
272 1343.55 4.03630257e+00 1.21089078e-01 
271 1345.02 3.33339405e+00 1.00001819e-01 
270 1346.49 2.84830952e+00 8.54492858e-02 
269 1347.96 2.33164883e+00 6.99494630e-02 
268 1349.43 1.75596774e+00 5.26790321e-02 
267 1350.89 1.37664127e+00 4.12992388e-02 
266 1352.36 8.91118884e-01 2.67335661e-02 
265 1353.82 5.86380243e-01 1.75914075e-02 
264 1355.29 2.60761112e-01 7.82283302e-03 
263 1356.75 2.15835959e-01 6.47507887e-03 
262 1358.21 1.26938745e-01 3.80816241e-03 
261 1359.67 2.10270703e-01 6.30812114e-03 
260 1361.13 1.65069625e-01 4.95208893e-03 
259 1362.59 1.43578216e-01 4.30734642e-03 
258 1364.04 1.00033119e-01 3.00099351e-03 
257 1365.50 9.11709145e-02 2.73512746e-03 
256 1366.95 2.86591947e-01 8.59775860e-03 
255 1368.41 1.60000771e-01 4.80002305e-03 
254 1369.86 6.46933615e-02 1.94080081e-03 
253 1371.31 1.22180291e-01 3.66540882e-03 
252 1372.76 3.83219272e-01 1.14965783e-02 
251 1374.21 2.59475768e-01 7.78427301e-03 
250 1375.65 2.84754336e-01 8.54262989e-03 
249 1377.10 2.74665892e-01 8.23997706e-03 
248 1378.55 2.17705935e-01 6.53117802e-03 
247 1379.99 1.77121848e-01 5.31365536e-03 
246 1381.43 2.20966265e-01 6.62898785e-03 
245 1382.87 4.97877561e-02 1.49363268e-03 
244 1384.32 7.93464184e-02 2.38039251e-03 
243 1385.75 1.62371293e-01 4.87113884e-03 
242 1387.19 3.15521955e-01 9.46565904e-03 
241 1388.63 2.93243557e-01 8.79730657e-03 
240 1390.07 4.62094009e-01 1.38628203e-02 
239 1391.50 4.18615997e-01 1.25584798e-02 
238 1392.94 3.76308262e-01 1.12892482e-02 
237 1394.37 2.97918767e-01 8.93756282e-03 
236 1395.80 4.05458778e-01 1.21637629e-02 
235 1397.23 3.95001382e-01 1.18500413e-02 
234 1398.66 4.35073942e-01 1.30522186e-02 
233 1400.09 5.35597801e-01 1.60679333e-02 
232 1401.52 4.57685113e-01 1.37305530e-02 
231 1402.94 5.23018301e-01 1.56905483e-02 
230 1404.37 4.66758400e-01 1.40027516e-02 
229 1405.79 5.66975415e-01 1.70092620e-02 
228 1407.22 4.40537184e-01 1.32161155e-02 
227 1408.64 6.46586180e-01 1.93975847e-02 
226 1410.06 7.13258505e-01 2.13977545e-02 
225 1411.48 8.05277586e-01 2.41583269e-02 
224 1412.90 8.27242732e-01 2.48172823e-02 
223 1414.32 1.10698605e+00 3.32095809e-02 
222 1415.73 1.06985092e+00 3.20955291e-02 
221 1417.15 1.06073940e+00 3.18221822e-02 
220 1418.56 1.20004249e+00 3.60012762e-02 
219 1419.98 1.22050166e+00 3.66150513e-02 
218 1421.39 1.33466399e+00 4.00399193e-02 
217 1422.80 1.55244923e+00 4.65734750e-02 
216 1424.21 1.63716924e+00 4.91150767e-02 
215 1425.62 1.56809998e+00 4.70429994e-02 
214 1427.03 1.68912148e+00 5.06736450e-02 
213 1428.44 1.67762268e+00 5.03286794e-02 
212 1429.84 1.57426047e+00 4.72278148e-02 
211 1431.25 1.62083733e+00 4.86251190e-02 
210 1432.65 1.62836754e+00 4.88510281e-02 
209 1434.06 1.60802507e+00 4.82407510e-02 
208 1435.46 1.68488061e+00 5.05464189e-02 
207 1436.86 1.75272465e+00 5.25817387e-02 
206 1438.26 1.78723133e+00 5.36169410e-02 
205 1439.66 1.83156180e+00 5.49468547e-02 
204 1441.05 2.00583720e+00 6.01751171e-02 
203 1442.45 1.97206283e+00 5.91618866e-02 
202 1443.85 1.95388365e+00 5.86165078e-02 
201 1445.24 2.09816504e+00 6.29449487e-02 
200 1446.64 2.18230534e+00 6.54691607e-02 
199 1448.03 2.07288003e+00 6.21864013e-02 
198 1449.42 2.15250826e+00 6.45752475e-02 
197 1450.81 2.23637557e+00 6.70912638e-02 
196 1452.20 2.31009555e+00 6.93028644e-02 
195 1453.59 2.60489655e+00 7.81468973e-02 
194 1454.97 2.92669272e+00 8.78007784e-02 
193 1456.36 3.03432631e+00 9.10297930e-02 
192 1457.75 3.07074285e+00 9.21222866e-02 
191 1459.13 3.01812553e+00 9.05437693e-02 
190 1460.51 2.94077039e+00 8.82231146e-02 
189 1461.90 2.78500414e+00 8.35501254e-02 
188 1463.28 2.69292569e+00 8.07877705e-02 
187 1464.66 2.54021049e+00 7.62063116e-02 
186 1466.04 2.53305674e+00 7.59917051e-02 
185 1467.41 2.31241155e+00 6.93723485e-02 
184 1468.79 2.17007208e+00 6.51021600e-02 
183 1470.17 2.13685322e+00 6.41056001e-02 
182 1471.54 2.22280502e+00 6.66841492e-02 
181 1472.92 2.39183736e+00 7.17551187e-02 
180 1474.29 2.57887197e+00 7.73661584e-02 
179 1475.66 2.64610338e+00 7.93831050e-02 
178 1477.03 2.58148766e+00 7.74446279e-02 
177 1478.40 2.48493791e+00 7.45481402e-02 
176 1479.77 2.59390640e+00 7.78171942e-02 
175 1481.14 2.68090081e+00 8.04270208e-02 
174 1482.51 2.81646204e+00 8.44938606e-02 
173 1483.87 2.84432983e+00 8.53298977e-02 
172 1485.24 2.83457184e+00 8.50371569e-02 
171 1486.60 2.83126163e+00 8.49378482e-02 
170 1487.96 2.97498870e+00 8.92496631e-02 
169 1489.32 3.07519817e+00 9.22559425e-02 
168 1490.68 3.30590582e+00 9.91771743e-02 
167 1492.04 3.36043024e+00 1.00812905e-01 
166 1493.40 3.40644193e+00 1.02193259e-01 
165 1494.76 3.41202593e+00 1.02360778e-01 
164 1496.12 3.48244333e+00 1.04473300e-01 
163 1497.47 3.50289106e+00 1.05086729e-01 
162 1498.83 3.64028621e+00 1.09208584e-01 
161 1500.18 3.52869892e+00 1.05860971e-01 
160 1501.53 3.44114113e+00 1.03234231e-01 
159 1502.89 3.33227372e+00 9.99682099e-02 
158 1504.24 3.36642456e+00 1.00992739e-01 
157 1505.59 3.38892221e+00 1.01667665e-01 
156 1506.93 3.55349994e+00 1.06605001e-01 
155 1508.28 3.62842894e+00 1.08852871e-01 
154 1509.63 3.68069339e+00 1.10420801e-01 
153 1510.97 3.66637492e+00 1.09991245e-01 
152 1512.32 3.75173187e+00 1.12551957e-01 
151 1513.66 3.67533946e+00 1.10260181e-01 
150 1515.00 3.69647026e+00 1.10894106e-01 
149 1516.34 3.64254761e+00 1.09276429e-01 
148 1517.69 3.67844629e+00 1.10353388e-01 
147 1519.02 3.63207197e+00 1.08962156e-01 
146 1520.36 3.66123152e+00 1.09836943e-01 
145 1521.70 3.60893369e+00 1.08268008e-01 
144 1523.04 3.66054392e+00 1.09816320e-01 
143 1524.37 3.61720467e+00 1.08516142e-01 
142 1525.71 3.66700649e+00 1.10010192e-01 
141 1527.04 3.60690260e+00 1.08207077e-01 
140 1528.37 3.65403843e+00 1.09621152e-01 
139 1529.70 3.58659506e+00 1.07597850e-01 
138 1531.03 3.62356257e+00 1.08706877e-01 
137 1532.36 3.55610776e+00 1.06683232e-01 
136 1533.69 3.60258675e+00 1.08077601e-01 
135 1535.02 3.52881575e+00 1.05864473e-01 
134 1536.34 3.56419730e+00 1.06925920e-01 
133 1537.67 3.49707866e+00 1.04912363e-01 
132 1538.99 3.52968669e+00 1.05890602e-01 
131 1540.31 3.46757388e+00 1.04027219e-01 
130 1541.64 3.50794125e+00 1.05238236e-01 
129 1542.96 3.47118974e+00 1.04135692e-01 
128 1544.28 3.52605724e+00 1.05781719e-01 
127 1545.60 3.45538473e+00 1.03661545e-01 
126 1546.91 3.49555731e+00 1.04866721e-01 
125 1548.23 3.42849255e+00 1.02854773e-01 
124 1549.55 3.46475959e+00 1.03942789e-01 
123 1550.86 3.40096712e+00 1.02029011e-01 
122 1552.18 3.43150306e+00 1.02945089e-01 
121 1553.49 3.35853076e+00 1.00755922e-01 
120 1554.80 3.38547015e+00 1.01564102e-01 
119 1556.11 3.28961062e+00 9.86883193e-02 
118 1557.42 3.32353616e+00 9.97060835e-02 
117 1558.73 3.26170564e+00 9.78511721e-02 
116 1560.04 3.28853345e+00 9.86560062e-02 
115 1561.34 3.20447969e+00 9.61343944e-02 
114 1562.65 3.25786901e+00 9.77360681e-02 
113 1563.95 3.17773318e+00 9.53319967e-02 
112 1565.26 3.22727847e+00 9.68183577e-02 
111 1566.56 3.11994386e+00 9.35983136e-02 
110 1567.86 3.14325571e+00 9.42976698e-02 
109 1569.16 3.04341745e+00 9.13025215e-02 
108 1570.46 3.03854895e+00 9.11564678e-02 
107 1571.76 2.94992256e+00 8.84976760e-02 
106 1573.05 2.94209433e+00 8.82628262e-02 
105 1574.35 2.85271215e+00 8.55813622e-02 
104 1575.64 2.85423803e+00 8.56271386e-02 
103 1576.94 2.83190441e+00 8.49571303e-02 
102 1578.23 2.89157677e+00 8.67473036e-02 
101 1579.52 2.86635995e+00 8.59908015e-02 
100 1580.81 2.92620850e+00 8.77862573e-02 
99 1582.10 2.88061047e+00 8.64183158e-02 
98 1583.39 2.94879341e+00 8.84638056e-02 
97 1584.68 2.88039637e+00 8.64118934e-02 
96 1585.97 2.88699961e+00 8.66099894e-02 
95 1587.25 2.80155420e+00 8.40466246e-02 
94 1588.54 2.81588125e+00 8.44764411e-02 
93 1589.82 2.74991393e+00 8.24974179e-02 
92 1591.10 2.82215929e+00 8.46647769e-02 
91 1592.38 2.77680540e+00 8.33041593e-02 
90 1593.66 2.82964396e+00 8.48893225e-02 
89 1594.94 2.74074316e+00 8.22222978e-02 
88 1596.22 2.76434135e+00 8.29302371e-02 
87 1597.50 2.67829943e+00 8.03489834e-02 
86 1598.77 2.68729258e+00 8.06187764e-02 
85 1600.05 2.60713935e+00 7.82141834e-02 
84 1601.32 2.62738466e+00 7.88215399e-02 
83 1602.59 2.53578186e+00 7.60734528e-02 
82 1603.86 2.58910155e+00 7.76730478e-02 
81 1605.13 2.49761367e+00 7.49284104e-02 
80 1606.40 2.55096006e+00 7.65288025e-02 
79 1607.67 2.46097803e+00 7.38293380e-02 
78 1608.94 2.50475788e+00 7.51427338e-02 
77 1610.20 2.44826245e+00 7.34478757e-02 
76 1611.47 2.51135254e+00 7.53405765e-02 
75 1612.73 2.46297479e+00 7.38892406e-02 
74 1614.00 2.51654673e+00 7.54964054e-02 
73 1615.26 2.45575094e+00 7.36725256e-02 
72 1616.52 2.48307967e+00 7.44923875e-02 
71 1617.78 2.38712549e+00 7.16137663e-02 
70 1619.03 2.41641903e+00 7.24925697e-02 
69 1620.29 2.36185670e+00 7.08556995e-02 
68 1621.55 2.40766621e+00 7.22299889e-02 
67 1622.80 2.34303832e+00 7.02911466e-02 
66 1624.06 2.40170479e+00 7.20511451e-02 
65 1625.31 2.31196046e+00 6.93588108e-02 
64 1626.56 2.36662865e+00 7.09988624e-02 
63 1627.81 2.28817773e+00 6.86453283e-02 
62 1629.06 2.31205201e+00 6.93615600e-02 
61 1630.31 2.22865415e+00 6.68596253e-02 
60 1631.56 2.26047134e+00 6.78141415e-02 
59 1632.80 2.18173909e+00 6.54521734e-02 
58 1634.05 2.20744658e+00 6.62233979e-02 
57 1635.29 2.10444403e+00 6.31333217e-02 
56 1636.53 2.11439228e+00 6.34317696e-02 
55 1637.77 2.00208068e+00 6.00624196e-02 
54 1639.01 2.01909852e+00 6.05729558e-02 
53 1640.25 1.94270980e+00 5.82812950e-02 
52 1641.49 1.95717049e+00 5.87151162e-02 
51 1642.73 1.89185643e+00 5.67556918e-02 
50 1643.96 1.91727912e+00 5.75183742e-02 
49 1645.20 1.82452917e+00 5.47358766e-02 
48 1646.43 1.84122586e+00 5.52367754e-02 
47 1647.66 1.76062322e+00 5.28186969e-02 
46 1648.89 1.74807644e+00 5.24422936e-02 
45 1650.12 1.65501618e+00 4.96504866e-02 
44 1651.35 1.63603032e+00 4.90809083e-02 
43 1652.58 1.52010155e+00 4.56030481e-02 
42 1653.80 1.48724627e+00 4.46173884e-02 
41 1655.03 1.37691784e+00 4.13075350e-02 
40 1656.25 1.35209703e+00 4.05629128e-02 
39 1657.47 1.23932958e+00 3.71798873e-02 
38 1658.70 1.19158018e+00 3.57474051e-02 
37 1659.92 1.08252227e+00 3.24756689e-02 
36 1661.13 1.02217615e+00 3.06652840e-02 
35 1662.35 9.10298288e-01 2.73089483e-02 
34 1663.57 8.60562325e-01 2.58168690e-02 
33 1664.78 7.54135132e-01 2.26240531e-02 
32 1666.00 7.03468084e-01 2.11040433e-02 
31 1667.21 6.24470294e-01 1.87341087e-02 
30 1668.42 5.99348903e-01 1.79804675e-02 
29 1669.63 5.24711013e-01 1.57413296e-02 
28 1670.84 4.87542152e-01 1.46262646e-02 
27 1672.05 4.29946125e-01 1.28983837e-02 
26 1673.26 4.08445835e-01 1.22533748e-02 
25 1674.46 3.57074648e-01 1.07122399e-02 
24 1675.67 3.47231299e-01 1.04169389e-02 
23 1676.87 2.93756843e-01 8.81270505e-03 
22 1678.07 2.85875529e-01 8.57626554e-03 
21 1679.27 2.47654542e-01 7.42963608e-03 
20 1680.47 3.47062886e-01 1.04118865e-02 
19 1681.67 2.07556993e-01 6.22670958e-03 
18 1682.87 2.13723451e-01 6.41170330e-03 
17 1684.06 1.83764130e-01 5.51292393e-03 
16 1685.26 1.80208340e-01 5.40625025e-03 
15 1686.45 1.52815551e-01 4.58446657e-03 
14 1687.64 1.53599083e-01 4.60797269e-03 
13 1688.83 1.30309299e-01 3.90927913e-03 
12 1690.02 1.29003778e-01 3.87011329e-03 
11 1691.21 1.11808911e-01 3.35426722e-03 
10 1692.39 1.14756122e-01 3.44268372e-03 
9 1693.58 1.00296244e-01 3.00888740e-03 
8 1694.76 1.56370744e-01 4.69112210e-03 
7 1695.95 1.97997198e-01 5.93991578e-03 
6 1697.13 2.95267165e-01 8.85801483e-03 
5 1698.31 1.60797387e-01 4.82392171e-03 
4 1699.49 7.94944316e-02 2.38483306e-03 
3 1700.66 1.07206248e-01 3.21618747e-03 
2 1701.84 6.50274381e-02 1.95082312e-03 
1 1703.01 7.56648406e-02 2.26994511e-03 
0 1703.01 3.14857745e+00 9.44573209e-02 
