% C0 (TOA Count Rate, /ms) for 4STAR NIR spectrometer (512 channels) derived from (SEE Original files for sources) and recorded on 2019-04-28 13:59:09.
% Langley at MLO outside of 1.8x the STD of 501 nm Langley residuals were screened out. 
% c0 from best days at MLO
% Averages of c0 from multiple days including: , MLO -go-od, MLO -go-od, MLO -go-od, MLO -go-od. See the list of files below
% 20180209_NIR_C0_refined_langley_4STARam_MLOFeb2018_day5_shortwvl.dat
% 20180210_NIR_C0_refined_langley_4STARam_MLOFeb2018_day6_shortwvl.dat
% 20180211_NIR_C0_refined_langley_4STARam_MLOFeb2018_day7_shortwvl.dat
% 20180212_NIR_C0_refined_langley_4STARam_MLOFeb2018_day8_shortwvl.dat
Pix Wavelength C0 C0err
511 949.79 4.63066339e+00 2.49655302e-01 
510 949.79 4.85234368e+00 1.57716447e-01 
509 951.68 5.23615623e+00 1.60617508e-01 
508 953.57 5.29584491e+00 1.60746963e-01 
507 955.46 5.72833705e+00 1.65657399e-01 
506 957.34 5.84870970e+00 1.64065407e-01 
505 959.22 6.32610774e+00 1.63989963e-01 
504 961.10 6.45058024e+00 1.43483771e-01 
503 962.98 6.88111556e+00 1.45746625e-01 
502 964.85 6.91855049e+00 1.27578774e-01 
501 966.72 7.42315066e+00 1.10268168e-01 
500 968.59 7.49434054e+00 9.11005057e-02 
499 970.45 7.91458047e+00 9.70409209e-02 
498 972.32 7.86928797e+00 9.77419177e-02 
497 974.18 8.17869806e+00 8.80385471e-02 
496 976.04 8.13441658e+00 9.53319170e-02 
495 977.89 8.44797444e+00 7.81105604e-02 
494 979.74 8.39358163e+00 7.02932713e-02 
493 981.59 8.70702887e+00 7.27815173e-02 
492 983.44 8.61579228e+00 6.43034311e-02 
491 985.29 8.87081981e+00 6.17890400e-02 
490 987.13 8.68446207e+00 5.78233094e-02 
489 988.97 8.90549421e+00 5.93023228e-02 
488 990.81 8.72138715e+00 6.23186441e-02 
487 992.65 8.88076306e+00 6.51587238e-02 
486 994.48 8.68578506e+00 5.30453259e-02 
485 996.31 8.83144092e+00 6.39686204e-02 
484 998.14 8.58238482e+00 6.17083070e-02 
483 999.97 8.73767781e+00 5.85010507e-02 
482 1001.79 8.45983791e+00 5.15502078e-02 
481 1003.62 8.54033732e+00 5.45239034e-02 
480 1005.44 8.31824422e+00 5.25727323e-02 
479 1007.25 8.53921080e+00 5.20049517e-02 
478 1009.07 8.36281943e+00 5.14521696e-02 
477 1010.88 8.54467249e+00 5.18913182e-02 
476 1012.69 8.28226637e+00 5.21843596e-02 
475 1014.50 8.40350175e+00 4.80658212e-02 
474 1016.31 8.20471549e+00 5.22645846e-02 
473 1018.11 8.34915137e+00 4.89137131e-02 
472 1019.91 8.10080886e+00 4.52617876e-02 
471 1021.71 8.25782442e+00 4.47519942e-02 
470 1023.51 8.05957162e+00 5.50569207e-02 
469 1025.30 8.22082948e+00 5.22492027e-02 
468 1027.09 8.11289406e+00 6.53389413e-02 
467 1028.88 8.23855710e+00 6.36012920e-02 
466 1030.67 8.08441091e+00 7.29505796e-02 
465 1032.46 8.23907185e+00 6.23844452e-02 
464 1034.24 8.07809782e+00 6.15967676e-02 
463 1036.02 8.24611878e+00 6.11158441e-02 
462 1037.80 8.13520026e+00 5.36136781e-02 
461 1039.58 8.33121872e+00 5.16759726e-02 
460 1041.35 8.21241832e+00 6.53402683e-02 
459 1043.12 8.37448359e+00 6.88276797e-02 
458 1044.89 8.28201842e+00 7.05660288e-02 
457 1046.66 8.47978234e+00 5.73819815e-02 
456 1048.43 8.41161489e+00 6.53544369e-02 
455 1050.19 8.63939571e+00 5.56875120e-02 
454 1051.95 8.50192809e+00 6.50555526e-02 
453 1053.71 8.74757647e+00 5.28220328e-02 
452 1055.47 8.60481096e+00 5.98419319e-02 
451 1057.23 8.73950577e+00 5.93204766e-02 
450 1058.98 8.58953214e+00 6.22850507e-02 
449 1060.73 8.76002646e+00 5.67168368e-02 
448 1062.48 8.57004928e+00 5.44715194e-02 
447 1064.23 8.70261813e+00 4.45550274e-02 
446 1065.97 8.46233105e+00 5.36457715e-02 
445 1067.71 8.49590564e+00 5.56974487e-02 
444 1069.46 8.29131556e+00 5.92953092e-02 
443 1071.19 8.39164090e+00 5.59966170e-02 
442 1072.93 8.23405838e+00 5.30525780e-02 
441 1074.67 8.34091997e+00 5.02074864e-02 
440 1076.40 8.15729833e+00 5.88239521e-02 
439 1078.13 8.19978976e+00 5.25386287e-02 
438 1079.86 7.97476864e+00 5.73910974e-02 
437 1081.58 8.01787889e+00 5.32716834e-02 
436 1083.31 7.90736806e+00 7.47863006e-02 
435 1085.03 8.05748427e+00 7.65217901e-02 
434 1086.75 7.98708224e+00 8.13011224e-02 
433 1088.47 8.11471152e+00 7.19031551e-02 
432 1090.19 8.04973758e+00 8.29536757e-02 
431 1091.90 8.13819242e+00 7.85883055e-02 
430 1093.61 7.99543655e+00 8.21614349e-02 
429 1095.33 8.18458342e+00 7.52720380e-02 
428 1097.03 8.23018169e+00 9.14417593e-02 
427 1098.74 8.47034883e+00 9.51749284e-02 
426 1100.45 8.46118593e+00 9.62547271e-02 
425 1102.15 8.73410058e+00 9.87702836e-02 
424 1103.85 8.71304989e+00 1.02776591e-01 
423 1105.55 8.94265675e+00 1.01329897e-01 
422 1107.25 8.84919429e+00 1.23831471e-01 
421 1108.94 8.93686843e+00 1.24347164e-01 
420 1110.64 8.66492534e+00 1.68297480e-01 
419 1112.33 8.52766442e+00 1.76388909e-01 
418 1114.02 7.99623823e+00 2.51678161e-01 
417 1115.70 7.87226427e+00 2.98445978e-01 
416 1117.39 7.56565130e+00 3.25395018e-01 
415 1119.07 7.47124887e+00 3.48823047e-01 
414 1120.76 7.23967481e+00 3.67418928e-01 
413 1122.44 7.21358526e+00 3.81106289e-01 
412 1124.12 7.14907276e+00 4.05279403e-01 
411 1125.79 7.45106077e+00 3.94123276e-01 
410 1127.47 7.59522831e+00 3.82977938e-01 
409 1129.14 8.09187806e+00 3.57129758e-01 
408 1130.81 7.64410865e+00 3.59394514e-01 
407 1132.48 7.31279576e+00 3.65682811e-01 
406 1134.15 7.17487955e+00 3.68702394e-01 
405 1135.81 7.51891375e+00 3.33913903e-01 
404 1137.48 8.21133959e+00 2.72526567e-01 
403 1139.14 8.59702683e+00 2.43310613e-01 
402 1140.80 8.34941864e+00 2.62198800e-01 
401 1142.46 8.21339559e+00 2.94929504e-01 
400 1144.12 7.86914349e+00 3.25800726e-01 
399 1145.77 7.85987782e+00 3.42901659e-01 
398 1147.43 7.84951985e+00 3.23663547e-01 
397 1149.08 8.08063817e+00 2.71503732e-01 
396 1150.73 8.11293638e+00 2.66405773e-01 
395 1152.38 8.36744022e+00 2.35421741e-01 
394 1154.02 8.39488363e+00 2.18992243e-01 
393 1155.67 8.69473100e+00 1.82674395e-01 
392 1157.31 8.64927626e+00 1.74373933e-01 
391 1158.95 8.76202679e+00 1.47044055e-01 
390 1160.59 8.75441385e+00 1.18078557e-01 
389 1162.23 8.97895765e+00 1.00526343e-01 
388 1163.87 8.94784069e+00 9.87211242e-02 
387 1165.50 9.03799677e+00 9.25073805e-02 
386 1167.13 8.93147492e+00 8.28764752e-02 
385 1168.76 9.04792189e+00 6.72028364e-02 
384 1170.39 8.93242598e+00 6.59300971e-02 
383 1172.02 8.92416310e+00 8.17904733e-02 
382 1173.65 8.73616028e+00 9.15282653e-02 
381 1175.27 8.71305990e+00 8.11595639e-02 
380 1176.90 8.60307503e+00 8.97768694e-02 
379 1178.52 8.56081534e+00 9.54710854e-02 
378 1180.14 8.34824872e+00 9.45381751e-02 
377 1181.75 8.34225727e+00 1.04664381e-01 
376 1183.37 8.16021919e+00 9.84304495e-02 
375 1184.99 8.19848347e+00 1.13149743e-01 
374 1186.60 8.06366575e+00 9.71551421e-02 
373 1188.21 8.07278276e+00 1.01759212e-01 
372 1189.82 7.99294913e+00 9.92571154e-02 
371 1191.43 8.18907714e+00 8.78843416e-02 
370 1193.04 8.07401466e+00 7.89792360e-02 
369 1194.64 8.05025208e+00 8.92268952e-02 
368 1196.24 7.85035539e+00 9.45214068e-02 
367 1197.85 7.89641905e+00 9.84954791e-02 
366 1199.45 7.79437661e+00 1.01223217e-01 
365 1201.05 7.85272074e+00 1.11100277e-01 
364 1202.64 7.78147256e+00 1.02460138e-01 
363 1204.24 7.82114529e+00 9.11254647e-02 
362 1205.83 7.73198402e+00 7.25536940e-02 
361 1207.43 7.76941097e+00 6.60253930e-02 
360 1209.02 7.71070385e+00 6.33595521e-02 
359 1210.61 7.82226670e+00 5.30680089e-02 
358 1212.19 7.79022109e+00 5.64291494e-02 
357 1213.78 7.90476620e+00 4.08291587e-02 
356 1215.37 7.86129212e+00 4.27506207e-02 
355 1216.95 7.94051099e+00 4.81614105e-02 
354 1218.53 7.90480649e+00 4.97926593e-02 
353 1220.11 7.96075583e+00 4.24232588e-02 
352 1221.69 7.91785789e+00 4.41989163e-02 
351 1223.27 7.95455361e+00 3.64409284e-02 
350 1224.84 7.92417061e+00 3.09169829e-02 
349 1226.42 7.99466074e+00 3.19059600e-02 
348 1227.99 7.94432664e+00 2.07760713e-02 
347 1229.56 8.09430480e+00 2.47013611e-02 
346 1231.13 8.03569603e+00 2.25703545e-02 
345 1232.70 8.09912014e+00 3.88162805e-02 
344 1234.27 8.04272520e+00 4.66227193e-02 
343 1235.84 8.04333448e+00 5.24020820e-02 
342 1237.40 7.96549916e+00 5.30970289e-02 
341 1238.96 7.95559561e+00 4.80204265e-02 
340 1240.52 7.82828760e+00 5.58959683e-02 
339 1242.08 7.94660759e+00 5.10738895e-02 
338 1243.64 7.94064617e+00 4.96652359e-02 
337 1245.20 8.00045264e+00 5.46320734e-02 
336 1246.75 7.96823800e+00 5.94813021e-02 
335 1248.31 7.99810243e+00 6.01478411e-02 
334 1249.86 7.93088591e+00 5.05177409e-02 
333 1251.41 7.96473157e+00 5.04746338e-02 
332 1252.96 7.88827622e+00 6.45921669e-02 
331 1254.51 7.89339685e+00 6.65682676e-02 
330 1256.06 7.80772662e+00 5.04490125e-02 
329 1257.61 7.80328369e+00 3.54817819e-02 
328 1259.15 7.69804442e+00 2.87496502e-02 
327 1260.69 7.66609907e+00 3.27814928e-02 
326 1262.23 7.54161775e+00 3.47344972e-02 
325 1263.77 7.49531114e+00 2.55443608e-02 
324 1265.31 7.30751359e+00 2.69444523e-02 
323 1266.85 7.28387988e+00 3.32214311e-02 
322 1268.39 7.31833887e+00 2.63269636e-02 
321 1269.92 7.40700149e+00 1.97047629e-02 
320 1271.46 7.58454454e+00 2.14049161e-02 
319 1272.99 7.63598680e+00 1.07849897e-02 
318 1274.52 7.62128127e+00 2.51291329e-02 
317 1276.05 7.68193472e+00 2.54760504e-02 
316 1277.58 7.57837450e+00 2.42735322e-02 
315 1279.10 7.45516908e+00 3.12020330e-02 
314 1280.63 7.39701581e+00 4.75003182e-02 
313 1282.15 7.40153945e+00 3.79600129e-02 
312 1283.68 7.48898256e+00 5.06982660e-02 
311 1285.20 7.66167665e+00 4.52761664e-02 
310 1286.72 7.63197565e+00 5.10066749e-02 
309 1288.24 7.62828160e+00 3.83289847e-02 
308 1289.75 7.53230572e+00 3.29971353e-02 
307 1291.27 7.54783428e+00 2.70689897e-02 
306 1292.78 7.57856595e+00 2.65364130e-02 
305 1294.30 7.58631480e+00 3.04810947e-02 
304 1295.81 7.52350414e+00 3.39435797e-02 
303 1297.32 7.52316868e+00 3.76178409e-02 
302 1298.83 7.45510507e+00 4.12004721e-02 
301 1300.34 7.41434133e+00 5.77110273e-02 
300 1301.85 7.36883485e+00 5.68240208e-02 
299 1303.35 7.33243024e+00 6.66255721e-02 
298 1304.86 7.23329842e+00 6.88937928e-02 
297 1306.36 7.20410382e+00 6.70301964e-02 
296 1307.86 7.12828493e+00 6.75381624e-02 
295 1309.36 7.03991270e+00 6.61222502e-02 
294 1310.86 6.96779799e+00 6.11465836e-02 
293 1312.36 6.90473163e+00 7.00035845e-02 
292 1313.86 6.85421932e+00 8.17401947e-02 
291 1315.36 6.83081221e+00 7.68161366e-02 
290 1316.85 6.79234898e+00 9.87889561e-02 
289 1318.34 6.75943136e+00 9.66981120e-02 
288 1319.84 6.71701777e+00 1.21795488e-01 
287 1321.33 6.72370410e+00 1.19872398e-01 
286 1322.82 6.68714428e+00 1.20916010e-01 
285 1324.30 6.65027797e+00 1.28707164e-01 
284 1325.79 6.48792350e+00 1.28435391e-01 
283 1327.28 6.34460258e+00 1.35851656e-01 
282 1328.76 6.14880729e+00 1.64428933e-01 
281 1330.25 6.04464352e+00 1.85888613e-01 
280 1331.73 5.98852587e+00 1.87009296e-01 
279 1333.21 5.96608198e+00 1.86202577e-01 
278 1334.69 5.94177902e+00 1.70171817e-01 
277 1336.17 5.90549719e+00 1.44063685e-01 
276 1337.65 5.82778942e+00 1.46826801e-01 
275 1339.12 5.77497315e+00 1.44630501e-01 
274 1340.60 5.66090846e+00 1.53450308e-01 
273 1342.07 5.47179461e+00 1.79385614e-01 
272 1343.55 5.26613080e+00 1.87315143e-01 
271 1345.02 4.73019159e+00 2.17426471e-01 
270 1346.49 4.36265576e+00 2.39150571e-01 
269 1347.96 3.98359614e+00 2.82255493e-01 
268 1349.43 3.58260071e+00 3.19067751e-01 
267 1350.89 3.21925843e+00 3.60605615e-01 
266 1352.36 2.62795049e+00 3.75816367e-01 
265 1353.82 2.35142770e+00 4.11997196e-01 
264 1355.29 1.84810442e+00 7.51978041e-01 
263 1356.75 1.77745208e+00 5.23657270e-01 
262 1358.21 1.48547700e+00 4.93335810e-01 
261 1359.67 5.58736796e-01 4.41246713e-01 
260 1361.13 7.73145325e-01 5.14718598e-01 
259 1362.59 5.94483058e-01 4.88884874e-01 
258 1364.04 1.07821961e+00 3.98886459e-01 
257 1365.50 1.14379092e+00 3.98884281e-01 
256 1366.95 4.05591935e-01 1.95731012e-01 
255 1368.41 4.59198861e-01 4.00050359e-01 
254 1369.86 9.19122308e-01 4.78170298e-01 
253 1371.31 1.27423002e+00 4.33373823e-01 
252 1372.76 8.02867040e-01 4.84845064e-01 
251 1374.21 1.63714797e+00 3.87286598e-01 
250 1375.65 1.72343966e+00 4.21336679e-01 
249 1377.10 1.57446030e+00 3.95045238e-01 
248 1378.55 1.22543439e+00 5.08122318e-01 
247 1379.99 1.00130795e+00 2.11063070e-01 
246 1381.43 3.59723806e-01 1.83828844e-01 
245 1382.87 6.46351893e-01 3.64243126e-01 
244 1384.32 8.38677436e-01 2.86670385e-01 
243 1385.75 1.08005971e+00 2.57562651e-01 
242 1387.19 1.43691078e+00 2.55616386e-01 
241 1388.63 1.56917571e+00 4.41041653e-01 
240 1390.07 1.74971420e+00 2.38737940e-01 
239 1391.50 1.70718542e+00 2.56531211e-01 
238 1392.94 9.74905834e-01 5.15215906e-01 
237 1394.37 1.27241841e+00 2.53404940e-01 
236 1395.80 1.45719451e+00 2.17110772e-01 
235 1397.23 1.37547064e+00 2.30562145e-01 
234 1398.66 1.20117860e+00 4.72077609e-01 
233 1400.09 1.57211006e+00 2.24206791e-01 
232 1401.52 1.42077586e+00 2.18335647e-01 
231 1402.94 1.57573167e+00 2.23561511e-01 
230 1404.37 1.75764969e+00 2.24468374e-01 
229 1405.79 1.71701384e+00 1.93642402e-01 
228 1407.22 1.75843755e+00 2.33119085e-01 
227 1408.64 1.89698517e+00 2.31087704e-01 
226 1410.06 2.06527522e+00 2.47748877e-01 
225 1411.48 2.06044778e+00 2.82108134e-01 
224 1412.90 2.20534447e+00 2.61162043e-01 
223 1414.32 2.37867904e+00 2.47835574e-01 
222 1415.73 2.33750397e+00 2.37797426e-01 
221 1417.15 2.32981342e+00 2.39140737e-01 
220 1418.56 2.50686002e+00 2.27050970e-01 
219 1419.98 2.46929556e+00 2.27996490e-01 
218 1421.39 2.57558870e+00 2.24144060e-01 
217 1422.80 2.79540133e+00 2.14582243e-01 
216 1424.21 2.87691945e+00 1.97176992e-01 
215 1425.62 2.82915932e+00 2.21645392e-01 
214 1427.03 2.92973262e+00 2.06387444e-01 
213 1428.44 2.83121753e+00 1.93832646e-01 
212 1429.84 2.67433000e+00 1.75216182e-01 
211 1431.25 2.70246357e+00 1.65798952e-01 
210 1432.65 2.73262739e+00 1.60816670e-01 
209 1434.06 2.78387869e+00 1.72951822e-01 
208 1435.46 2.87066811e+00 1.83390388e-01 
207 1436.86 2.90437472e+00 1.88641724e-01 
206 1438.26 2.91955221e+00 1.62652258e-01 
205 1439.66 2.96211833e+00 1.57447074e-01 
204 1441.05 3.15377247e+00 1.51311570e-01 
203 1442.45 3.11291504e+00 1.60634933e-01 
202 1443.85 3.08785438e+00 1.60910379e-01 
201 1445.24 3.16153628e+00 1.55508327e-01 
200 1446.64 3.24420756e+00 1.67957952e-01 
199 1448.03 3.12617958e+00 1.86640754e-01 
198 1449.42 3.21074558e+00 1.83280154e-01 
197 1450.81 3.25062501e+00 1.79958321e-01 
196 1452.20 3.29551864e+00 1.72825989e-01 
195 1453.59 3.53501522e+00 1.34376969e-01 
194 1454.97 3.78029066e+00 1.07412009e-01 
193 1456.36 3.84648561e+00 1.29222897e-01 
192 1457.75 3.88590414e+00 1.22969095e-01 
191 1459.13 3.84363103e+00 1.26796304e-01 
190 1460.51 3.78264213e+00 1.31489909e-01 
189 1461.90 3.62444782e+00 1.30280874e-01 
188 1463.28 3.53032202e+00 1.38007029e-01 
187 1464.66 3.41518861e+00 1.48215071e-01 
186 1466.04 3.44226903e+00 1.40567138e-01 
185 1467.41 3.31474900e+00 1.54548916e-01 
184 1468.79 3.24585861e+00 1.73518163e-01 
183 1470.17 3.20108038e+00 1.88542257e-01 
182 1471.54 3.23269915e+00 1.73312211e-01 
181 1472.92 3.31832308e+00 1.48383977e-01 
180 1474.29 3.47105175e+00 1.41161884e-01 
179 1475.66 3.50284600e+00 1.27563727e-01 
178 1477.03 3.46154457e+00 1.38068045e-01 
177 1478.40 3.40632850e+00 1.41618055e-01 
176 1479.77 3.47052556e+00 1.32607651e-01 
175 1481.14 3.49115264e+00 1.26916662e-01 
174 1482.51 3.57471728e+00 1.14843281e-01 
173 1483.87 3.57905114e+00 1.18709682e-01 
172 1485.24 3.57696182e+00 1.15691444e-01 
171 1486.60 3.52484703e+00 1.02649447e-01 
170 1487.96 3.61221641e+00 1.05010535e-01 
169 1489.32 3.60871518e+00 8.28392997e-02 
168 1490.68 3.79491788e+00 9.18164886e-02 
167 1492.04 3.82939249e+00 8.51870221e-02 
166 1493.40 3.87300557e+00 8.19698669e-02 
165 1494.76 3.83647257e+00 7.40257363e-02 
164 1496.12 3.86123162e+00 6.31889364e-02 
163 1497.47 3.83028424e+00 6.13756182e-02 
162 1498.83 3.92045158e+00 5.82686532e-02 
161 1500.18 3.79224193e+00 5.21344428e-02 
160 1501.53 3.72605240e+00 5.18729166e-02 
159 1502.89 3.60931581e+00 5.10306730e-02 
158 1504.24 3.62883759e+00 5.88033967e-02 
157 1505.59 3.64454526e+00 5.55716310e-02 
156 1506.93 3.77636099e+00 5.48988294e-02 
155 1508.28 3.80832547e+00 3.84695281e-02 
154 1509.63 3.86401492e+00 3.06772463e-02 
153 1510.97 3.83490270e+00 2.58577838e-02 
152 1512.32 3.89588177e+00 2.54121663e-02 
151 1513.66 3.81416815e+00 2.68313465e-02 
150 1515.00 3.82723874e+00 2.61417107e-02 
149 1516.34 3.77768415e+00 4.13539837e-02 
148 1517.69 3.79137481e+00 2.76396325e-02 
147 1519.02 3.73211717e+00 2.92554802e-02 
146 1520.36 3.75319260e+00 3.22721586e-02 
145 1521.70 3.68257725e+00 1.85241356e-02 
144 1523.04 3.72740745e+00 2.31607349e-02 
143 1524.37 3.68321908e+00 2.26892857e-02 
142 1525.71 3.73691559e+00 2.50128022e-02 
141 1527.04 3.66971022e+00 2.60804069e-02 
140 1528.37 3.70860517e+00 2.44037168e-02 
139 1529.70 3.62710184e+00 1.56028646e-02 
138 1531.03 3.66289187e+00 1.66860136e-02 
137 1532.36 3.59893912e+00 1.50595410e-02 
136 1533.69 3.62559831e+00 1.10473899e-02 
135 1535.02 3.56005746e+00 9.60112393e-03 
134 1536.34 3.59013027e+00 1.43803657e-02 
133 1537.67 3.52712595e+00 2.12351784e-02 
132 1538.99 3.55869138e+00 2.05872248e-02 
131 1540.31 3.50108141e+00 1.95175166e-02 
130 1541.64 3.53450471e+00 1.53344967e-02 
129 1542.96 3.48730475e+00 1.32799953e-02 
128 1544.28 3.53421986e+00 1.53311154e-02 
127 1545.60 3.45489210e+00 9.03773026e-03 
126 1546.91 3.49398905e+00 9.08252001e-03 
125 1548.23 3.43000108e+00 1.11163490e-02 
124 1549.55 3.47546226e+00 9.30875648e-03 
123 1550.86 3.41784895e+00 1.09272338e-02 
122 1552.18 3.45129508e+00 2.25128867e-02 
121 1553.49 3.37763273e+00 3.73638307e-02 
120 1554.80 3.40095240e+00 3.91320190e-02 
119 1556.11 3.31597566e+00 3.26091010e-02 
118 1557.42 3.35012483e+00 2.96966459e-02 
117 1558.73 3.28646535e+00 3.02222890e-02 
116 1560.04 3.30814505e+00 1.79118874e-02 
115 1561.34 3.22490745e+00 1.80278113e-02 
114 1562.65 3.26328534e+00 2.64337634e-02 
113 1563.95 3.19135433e+00 1.31995338e-02 
112 1565.26 3.25154316e+00 1.90712603e-02 
111 1566.56 3.13177240e+00 1.99372991e-02 
110 1567.86 3.16535324e+00 1.02253705e-02 
109 1569.16 3.07497549e+00 6.95525695e-03 
108 1570.46 3.08199292e+00 9.60970856e-03 
107 1571.76 2.97864604e+00 1.09995049e-02 
106 1573.05 2.98097426e+00 5.70803217e-03 
105 1574.35 2.87945932e+00 8.01139073e-03 
104 1575.64 2.89157802e+00 7.47351196e-03 
103 1576.94 2.85025877e+00 8.82985649e-03 
102 1578.23 2.91344362e+00 1.17216370e-02 
101 1579.52 2.88029480e+00 1.07838997e-03 
100 1580.81 2.94267869e+00 6.73113105e-03 
99 1582.10 2.87481779e+00 1.27472764e-02 
98 1583.39 2.94919592e+00 1.18651281e-02 
97 1584.68 2.87898576e+00 8.51871677e-03 
96 1585.97 2.88929170e+00 1.04593888e-02 
95 1587.25 2.79282487e+00 6.95137697e-03 
94 1588.54 2.80750787e+00 6.55373292e-03 
93 1589.82 2.74127018e+00 1.36155626e-02 
92 1591.10 2.81584370e+00 1.18547886e-02 
91 1592.38 2.77359116e+00 1.20589132e-02 
90 1593.66 2.82869423e+00 2.01563025e-02 
89 1594.94 2.73677766e+00 1.08755155e-02 
88 1596.22 2.76005548e+00 1.59944499e-02 
87 1597.50 2.67815608e+00 1.07130044e-02 
86 1598.77 2.68907994e+00 1.92066374e-02 
85 1600.05 2.61247885e+00 1.27044653e-02 
84 1601.32 2.64376962e+00 1.24949732e-02 
83 1602.59 2.55288869e+00 5.67111143e-03 
82 1603.86 2.60925389e+00 6.83916284e-03 
81 1605.13 2.49608570e+00 8.49795722e-03 
80 1606.40 2.55497343e+00 1.01736714e-02 
79 1607.67 2.45669502e+00 1.14944752e-02 
78 1608.94 2.50280613e+00 6.21336282e-03 
77 1610.20 2.45129168e+00 8.67992202e-03 
76 1611.47 2.51295698e+00 7.89868990e-03 
75 1612.73 2.46030986e+00 5.93016912e-03 
74 1614.00 2.51793820e+00 3.19430617e-03 
73 1615.26 2.45332443e+00 1.74653942e-02 
72 1616.52 2.47697306e+00 1.06874318e-02 
71 1617.78 2.37602270e+00 9.34625289e-03 
70 1619.03 2.41750341e+00 8.34970048e-03 
69 1620.29 2.35551310e+00 5.70003416e-03 
68 1621.55 2.40381730e+00 7.77103925e-03 
67 1622.80 2.32680559e+00 7.54321894e-03 
66 1624.06 2.39953673e+00 6.38175169e-03 
65 1625.31 2.31151986e+00 5.52501659e-03 
64 1626.56 2.37360137e+00 7.15135875e-03 
63 1627.81 2.29925936e+00 1.30828994e-02 
62 1629.06 2.31396532e+00 9.43320727e-03 
61 1630.31 2.23938668e+00 1.01352940e-02 
60 1631.56 2.27182710e+00 7.59802402e-03 
59 1632.80 2.18503648e+00 9.35446059e-03 
58 1634.05 2.21950168e+00 1.20715621e-02 
57 1635.29 2.11137325e+00 1.65645729e-02 
56 1636.53 2.12806958e+00 1.55940543e-02 
55 1637.77 2.01768714e+00 1.23992174e-02 
54 1639.01 2.03268760e+00 1.12980079e-02 
53 1640.25 1.95849881e+00 1.16299128e-02 
52 1641.49 1.97089612e+00 6.13974107e-03 
51 1642.73 1.89989320e+00 5.60379644e-03 
50 1643.96 1.93400836e+00 7.14554986e-03 
49 1645.20 1.83789161e+00 1.85662240e-02 
48 1646.43 1.85710162e+00 1.19502408e-02 
47 1647.66 1.77566606e+00 5.86955789e-03 
46 1648.89 1.75760296e+00 9.16089941e-03 
45 1650.12 1.65411184e+00 1.05253926e-02 
44 1651.35 1.64665255e+00 1.13069745e-02 
43 1652.58 1.52872017e+00 7.10657343e-03 
42 1653.80 1.50402108e+00 8.48352880e-03 
41 1655.03 1.38543972e+00 1.29085610e-02 
40 1656.25 1.36382479e+00 8.01998437e-03 
39 1657.47 1.24051800e+00 4.35852975e-03 
38 1658.70 1.20898750e+00 1.03484176e-02 
37 1659.92 1.07697361e+00 5.01215603e-03 
36 1661.13 1.03435033e+00 3.33433118e-03 
35 1662.35 9.17164609e-01 5.45712092e-03 
34 1663.57 8.65605146e-01 8.24971565e-03 
33 1664.78 7.61579379e-01 6.15087624e-03 
32 1666.00 7.10637570e-01 3.70476782e-03 
31 1667.21 6.30595893e-01 5.20917024e-03 
30 1668.42 6.02680549e-01 8.89741292e-03 
29 1669.63 5.25755152e-01 8.60845523e-03 
28 1670.84 4.96123105e-01 8.51892911e-03 
27 1672.05 4.36274454e-01 4.79671430e-03 
26 1673.26 4.24559004e-01 9.46795087e-03 
25 1674.46 3.62396643e-01 7.72530619e-03 
24 1675.67 3.48341033e-01 6.16170598e-03 
23 1676.87 2.97521062e-01 6.00656927e-03 
22 1678.07 2.91093387e-01 4.65646326e-03 
21 1679.27 2.51366861e-01 3.46901184e-03 
20 1680.47 2.99819842e-01 2.28084623e-02 
19 1681.67 2.11758394e-01 5.07423801e-03 
18 1682.87 2.12593738e-01 4.16647666e-03 
17 1684.06 1.82452559e-01 2.74795593e-03 
16 1685.26 1.78586017e-01 5.61895770e-03 
15 1686.45 1.51901081e-01 9.98663879e-03 
14 1687.64 1.59835819e-01 2.88462037e-03 
13 1688.83 1.28969645e-01 9.24543305e-03 
12 1690.02 1.36992075e-01 4.69213319e-03 
11 1691.21 1.11219017e-01 5.90518418e-03 
10 1692.39 1.13850165e-01 1.05138795e-02 
9 1693.58 1.01983370e-01 2.54267580e-03 
8 1694.76 1.19664419e-01 1.34752039e-02 
7 1695.95 2.00266551e-01 5.31772597e-03 
6 1697.13 2.48934724e-01 2.14995229e-02 
5 1698.31 1.74205609e-01 3.78752864e-03 
4 1699.49 8.22209417e-02 7.29048225e-03 
3 1700.66 1.10322822e-01 7.26717014e-03 
2 1701.84 7.33048823e-02 8.98873057e-03 
1 1703.01 7.30148740e-02 1.03501859e-02 
0 1703.01 3.09285581e+00 1.60832856e-02 
