% C0 (TOA Count Rate, /ms) for 4STAR VIS spectrometer (1044 channels) derived from C:\Users\sleblanc\Research\ORACLES\data_2018\4STAR_20180921starsun.mat and recorded on 2018-09-22 06:44:51.
% Data outside 1.8x the STD of 501 nm Langley residuals were screened out. For instrument:4STAR
Pix Wavelength C0 C0err
0 173.18 -1.00000000e+00 -1.00000000e+00 
1 173.98 -1.00000000e+00 -1.00000000e+00 
2 174.77 -1.00000000e+00 -1.00000000e+00 
3 175.56 -1.00000000e+00 -1.00000000e+00 
4 176.36 -1.00000000e+00 -1.00000000e+00 
5 177.15 -1.00000000e+00 -1.00000000e+00 
6 177.94 -1.00000000e+00 -1.00000000e+00 
7 178.74 -1.00000000e+00 -1.00000000e+00 
8 179.53 -1.00000000e+00 -1.00000000e+00 
9 180.33 -1.00000000e+00 -1.00000000e+00 
10 181.12 -1.00000000e+00 -1.00000000e+00 
11 181.92 -1.00000000e+00 -1.00000000e+00 
12 182.71 -1.00000000e+00 -1.00000000e+00 
13 183.51 -1.00000000e+00 -1.00000000e+00 
14 184.30 -1.00000000e+00 -1.00000000e+00 
15 185.10 -1.00000000e+00 -1.00000000e+00 
16 185.89 -1.00000000e+00 -1.00000000e+00 
17 186.69 -1.00000000e+00 -1.00000000e+00 
18 187.49 -1.00000000e+00 -1.00000000e+00 
19 188.28 -1.00000000e+00 -1.00000000e+00 
20 189.08 -1.00000000e+00 -1.00000000e+00 
21 189.88 -1.00000000e+00 -1.00000000e+00 
22 190.67 -1.00000000e+00 -1.00000000e+00 
23 191.47 -1.00000000e+00 -1.00000000e+00 
24 192.27 -1.00000000e+00 -1.00000000e+00 
25 193.07 -1.00000000e+00 -1.00000000e+00 
26 193.86 -1.00000000e+00 -1.00000000e+00 
27 194.66 -1.00000000e+00 -1.00000000e+00 
28 195.46 -1.00000000e+00 -1.00000000e+00 
29 196.26 -1.00000000e+00 -1.00000000e+00 
30 197.05 -1.00000000e+00 -1.00000000e+00 
31 197.85 -1.00000000e+00 -1.00000000e+00 
32 198.65 -1.00000000e+00 -1.00000000e+00 
33 199.45 -1.00000000e+00 -1.00000000e+00 
34 200.25 -1.00000000e+00 -1.00000000e+00 
35 201.05 -1.00000000e+00 -1.00000000e+00 
36 201.85 -1.00000000e+00 -1.00000000e+00 
37 202.65 -1.00000000e+00 -1.00000000e+00 
38 203.44 -1.00000000e+00 -1.00000000e+00 
39 204.24 -1.00000000e+00 -1.00000000e+00 
40 205.04 -1.00000000e+00 -1.00000000e+00 
41 205.84 -1.00000000e+00 -1.00000000e+00 
42 206.64 -1.00000000e+00 -1.00000000e+00 
43 207.44 -1.00000000e+00 -1.00000000e+00 
44 208.24 -1.00000000e+00 -1.00000000e+00 
45 209.04 -1.00000000e+00 -1.00000000e+00 
46 209.84 -1.00000000e+00 -1.00000000e+00 
47 210.64 -1.00000000e+00 -1.00000000e+00 
48 211.44 -1.00000000e+00 -1.00000000e+00 
49 212.24 -1.00000000e+00 -1.00000000e+00 
50 213.04 -1.00000000e+00 -1.00000000e+00 
51 213.85 -1.00000000e+00 -1.00000000e+00 
52 214.65 -1.00000000e+00 -1.00000000e+00 
53 215.45 -1.00000000e+00 -1.00000000e+00 
54 216.25 -1.00000000e+00 -1.00000000e+00 
55 217.05 -1.00000000e+00 -1.00000000e+00 
56 217.85 -1.00000000e+00 -1.00000000e+00 
57 218.65 -1.00000000e+00 -1.00000000e+00 
58 219.46 -1.00000000e+00 -1.00000000e+00 
59 220.26 -1.00000000e+00 -1.00000000e+00 
60 221.06 4.68356609e+00 1.40506983e-01 
61 221.86 5.95287609e+00 1.78586289e-01 
62 222.66 5.24462461e+00 1.57338738e-01 
63 223.47 5.06628454e-01 1.51988538e-02 
64 224.27 4.36095059e-01 1.30828517e-02 
65 225.07 5.81881404e-01 1.74564421e-02 
66 225.87 5.82432151e-01 1.74729638e-02 
67 226.68 1.17009115e+00 3.51027362e-02 
68 227.48 2.08648586e+00 6.25945777e-02 
69 228.28 2.46009493e+00 7.38028511e-02 
70 229.08 2.70522714e+00 8.11568126e-02 
71 229.89 2.78155541e+00 8.34466591e-02 
72 230.69 2.80825210e+00 8.42475593e-02 
73 231.49 2.67008162e+00 8.01024511e-02 
74 232.30 2.45454550e+00 7.36363679e-02 
75 233.10 1.91510534e+00 5.74531592e-02 
76 233.90 1.27518058e+00 3.82554159e-02 
77 234.71 6.46905839e-01 1.94071755e-02 
78 235.51 4.89955872e-01 1.46986758e-02 
79 236.32 5.50519288e-01 1.65155791e-02 
80 237.12 4.50438166e+00 1.35131449e-01 
81 237.92 5.84058857e+00 1.75217658e-01 
82 238.73 5.43572617e+00 1.63071781e-01 
83 239.53 -1.00000000e+00 -1.00000000e+00 
84 240.34 -1.00000000e+00 -1.00000000e+00 
85 241.14 -1.00000000e+00 -1.00000000e+00 
86 241.94 -1.00000000e+00 -1.00000000e+00 
87 242.75 -1.00000000e+00 -1.00000000e+00 
88 243.55 -1.00000000e+00 -1.00000000e+00 
89 244.36 -1.00000000e+00 -1.00000000e+00 
90 245.16 -1.00000000e+00 -1.00000000e+00 
91 245.97 -1.00000000e+00 -1.00000000e+00 
92 246.77 -1.00000000e+00 -1.00000000e+00 
93 247.58 -1.00000000e+00 -1.00000000e+00 
94 248.38 -1.00000000e+00 -1.00000000e+00 
95 249.19 -1.00000000e+00 -1.00000000e+00 
96 249.99 -1.00000000e+00 -1.00000000e+00 
97 250.80 -1.00000000e+00 -1.00000000e+00 
98 251.60 -1.00000000e+00 -1.00000000e+00 
99 252.41 -1.00000000e+00 -1.00000000e+00 
100 253.21 -1.00000000e+00 -1.00000000e+00 
101 254.02 -1.00000000e+00 -1.00000000e+00 
102 254.82 -1.00000000e+00 -1.00000000e+00 
103 255.63 -1.00000000e+00 -1.00000000e+00 
104 256.44 -1.00000000e+00 -1.00000000e+00 
105 257.24 -1.00000000e+00 -1.00000000e+00 
106 258.05 -1.00000000e+00 -1.00000000e+00 
107 258.85 -1.00000000e+00 -1.00000000e+00 
108 259.66 -1.00000000e+00 -1.00000000e+00 
109 260.46 -1.00000000e+00 -1.00000000e+00 
110 261.27 -1.00000000e+00 -1.00000000e+00 
111 262.08 -1.00000000e+00 -1.00000000e+00 
112 262.88 -1.00000000e+00 -1.00000000e+00 
113 263.69 -1.00000000e+00 -1.00000000e+00 
114 264.49 -1.00000000e+00 -1.00000000e+00 
115 265.30 -1.00000000e+00 -1.00000000e+00 
116 266.11 -1.00000000e+00 -1.00000000e+00 
117 266.91 -1.00000000e+00 -1.00000000e+00 
118 267.72 -1.00000000e+00 -1.00000000e+00 
119 268.53 -1.00000000e+00 -1.00000000e+00 
120 269.33 -1.00000000e+00 -1.00000000e+00 
121 270.14 1.50702524e+01 4.52107579e-01 
122 270.95 5.52414989e+00 1.65724501e-01 
123 271.75 4.18300676e+00 1.25490203e-01 
124 272.56 6.78023934e-01 2.03407183e-02 
125 273.37 6.67787194e-01 2.00336166e-02 
126 274.17 8.78633976e-01 2.63590198e-02 
127 274.98 1.46734309e+00 4.40202914e-02 
128 275.79 2.54934597e+00 7.64803812e-02 
129 276.59 2.86287546e+00 8.58862624e-02 
130 277.40 3.08762836e+00 9.26288515e-02 
131 278.21 3.45937824e+00 1.03781350e-01 
132 279.01 4.07713890e+00 1.22314170e-01 
133 279.82 3.95200014e+00 1.18560001e-01 
134 280.63 3.67718267e+00 1.10315479e-01 
135 281.43 3.42987871e+00 1.02896363e-01 
136 282.24 3.25963068e+00 9.77889225e-02 
137 283.05 3.06142712e+00 9.18428153e-02 
138 283.86 2.91091132e+00 8.73273388e-02 
139 284.66 2.72579956e+00 8.17739889e-02 
140 285.47 2.63796782e+00 7.91390315e-02 
141 286.28 2.49722528e+00 7.49167576e-02 
142 287.09 2.42207479e+00 7.26622418e-02 
143 287.89 2.30430198e+00 6.91290572e-02 
144 288.70 2.18050861e+00 6.54152557e-02 
145 289.51 2.11857533e+00 6.35572597e-02 
146 290.32 2.05737662e+00 6.17212988e-02 
147 291.12 1.98896885e+00 5.96690662e-02 
148 291.93 1.96748471e+00 5.90245426e-02 
149 292.74 1.89504063e+00 5.68512194e-02 
150 293.55 1.85926294e+00 5.57778887e-02 
151 294.35 1.80662286e+00 5.41986860e-02 
152 295.16 1.79812479e+00 5.39437421e-02 
153 295.97 1.77773368e+00 5.33320121e-02 
154 296.78 1.72775280e+00 5.18325828e-02 
155 297.58 1.72419405e+00 5.17258197e-02 
156 298.39 1.69023418e+00 5.07070273e-02 
157 299.20 1.64742064e+00 4.94226180e-02 
158 300.01 1.64658737e+00 4.93976213e-02 
159 300.81 1.64351642e+00 4.93054911e-02 
160 301.62 1.63331556e+00 4.89994660e-02 
161 302.43 1.63892174e+00 4.91676517e-02 
162 303.24 1.60873723e+00 4.82621156e-02 
163 304.04 1.61487269e+00 4.84461822e-02 
164 304.85 1.58691597e+00 4.76074778e-02 
165 305.66 1.59990692e+00 4.79972064e-02 
166 306.47 1.59347951e+00 4.78043854e-02 
167 307.28 1.58668482e+00 4.76005450e-02 
168 308.08 1.57543910e+00 4.72631715e-02 
169 308.89 1.57567203e+00 4.72701602e-02 
170 309.70 1.60326338e+00 4.80979010e-02 
171 310.51 1.58467960e+00 4.75403890e-02 
172 311.32 1.57066441e+00 4.71199304e-02 
173 312.12 1.60318649e+00 4.80955951e-02 
174 312.93 1.60185349e+00 4.80556041e-02 
175 313.74 1.63644183e+00 4.90932539e-02 
176 314.55 1.61587524e+00 4.84762564e-02 
177 315.36 1.60115838e+00 4.80347499e-02 
178 316.16 1.63402522e+00 4.90207560e-02 
179 316.97 1.66194153e+00 4.98582460e-02 
180 317.78 1.66127741e+00 4.98383231e-02 
181 318.59 1.66436124e+00 4.99308370e-02 
182 319.40 1.67905402e+00 5.03716208e-02 
183 320.20 1.69960904e+00 5.09882718e-02 
184 321.01 1.70610046e+00 5.11830151e-02 
185 321.82 1.74720001e+00 5.24160005e-02 
186 322.63 1.78275168e+00 5.34825511e-02 
187 323.43 1.81805837e+00 5.45417517e-02 
188 324.24 1.84464777e+00 5.53394333e-02 
189 325.05 1.88797164e+00 5.66391498e-02 
190 325.86 1.92397070e+00 5.77191226e-02 
191 326.67 1.91252720e+00 5.73758148e-02 
192 327.48 1.97136343e+00 5.91409020e-02 
193 328.28 1.97740304e+00 5.93220927e-02 
194 329.09 2.00782180e+00 6.02346547e-02 
195 329.90 2.07867074e+00 6.23601228e-02 
196 330.71 2.15677953e+00 6.47033826e-02 
197 331.52 2.24395657e+00 6.73187003e-02 
198 332.32 2.44181466e+00 7.32544363e-02 
199 333.13 2.74619412e+00 8.23858231e-02 
200 333.94 3.34732533e+00 1.00419760e-01 
201 334.75 4.27470207e+00 1.28241062e-01 
202 335.55 5.42078829e+00 1.62623644e-01 
203 336.36 7.09126663e+00 2.12737992e-01 
204 337.17 9.64870071e+00 2.89461017e-01 
205 337.98 1.30925636e+01 3.92776906e-01 
206 338.79 1.71695385e+01 5.15086174e-01 
207 339.60 2.15119324e+01 6.45357966e-01 
208 340.40 2.51970634e+01 7.55911887e-01 
209 341.21 2.85173931e+01 8.55521798e-01 
210 342.02 3.23806877e+01 9.71420646e-01 
211 342.83 3.54028397e+01 1.06208515e+00 
212 343.63 3.59704208e+01 1.07911265e+00 
213 344.44 3.75295029e+01 1.12588513e+00 
214 345.25 4.16834526e+01 1.25050354e+00 
215 346.06 4.52620010e+01 1.35786009e+00 
216 346.87 4.76220474e+01 1.42866147e+00 
217 347.67 4.93622475e+01 1.48086739e+00 
218 348.48 5.11978989e+01 1.53593695e+00 
219 349.29 5.44702759e+01 1.63410830e+00 
220 350.10 5.98327255e+01 1.79498172e+00 
221 350.90 6.27983208e+01 1.88394964e+00 
222 351.71 6.28662720e+01 1.88598812e+00 
223 352.52 6.47443466e+01 1.94233036e+00 
224 353.33 7.08405609e+01 2.12521672e+00 
225 354.14 7.77025909e+01 2.33107781e+00 
226 354.94 8.02346802e+01 2.40704036e+00 
227 355.75 7.82664032e+01 2.34799218e+00 
228 356.56 7.37052231e+01 2.21115661e+00 
229 357.37 6.95661469e+01 2.08698440e+00 
230 358.18 6.98907623e+01 2.09672284e+00 
231 358.98 7.97499237e+01 2.39249778e+00 
232 359.79 9.06312256e+01 2.71893668e+00 
233 360.60 9.08428802e+01 2.72528648e+00 
234 361.41 9.02692719e+01 2.70807815e+00 
235 362.21 9.57575073e+01 2.87272525e+00 
236 363.02 1.01057800e+02 3.03173399e+00 
237 363.83 1.04096619e+02 3.12289858e+00 
238 364.64 1.10009453e+02 3.30028367e+00 
239 365.44 1.20209274e+02 3.60627818e+00 
240 366.25 1.27528763e+02 3.82586288e+00 
241 367.06 1.27694763e+02 3.83084297e+00 
242 367.87 1.25816566e+02 3.77449703e+00 
243 368.67 1.28460846e+02 3.85382533e+00 
244 369.48 1.33858505e+02 4.01575518e+00 
245 370.29 1.34188461e+02 4.02565384e+00 
246 371.10 1.32523224e+02 3.97569680e+00 
247 371.90 1.28564163e+02 3.85692501e+00 
248 372.71 1.21034462e+02 3.63103390e+00 
249 373.52 1.14908630e+02 3.44725895e+00 
250 374.33 1.15601151e+02 3.46803451e+00 
251 375.13 1.24498077e+02 3.73494244e+00 
252 375.94 1.35266327e+02 4.05798960e+00 
253 376.75 1.47238403e+02 4.41715193e+00 
254 377.56 1.60309525e+02 4.80928564e+00 
255 378.36 1.61356049e+02 4.84068155e+00 
256 379.17 1.52562820e+02 4.57688475e+00 
257 379.98 1.50555649e+02 4.51666927e+00 
258 380.78 1.49401184e+02 4.48203564e+00 
259 381.59 1.34008911e+02 4.02026749e+00 
260 382.40 1.14321114e+02 3.42963338e+00 
261 383.20 1.07889236e+02 3.23667717e+00 
262 384.01 1.19281250e+02 3.57843757e+00 
263 384.82 1.33687881e+02 4.01063633e+00 
264 385.63 1.38343201e+02 4.15029621e+00 
265 386.43 1.39407364e+02 4.18222094e+00 
266 387.24 1.40175064e+02 4.20525169e+00 
267 388.05 1.42881363e+02 4.28644085e+00 
268 388.85 1.52546387e+02 4.57639170e+00 
269 389.66 1.66386292e+02 4.99158859e+00 
270 390.47 1.76276001e+02 5.28828001e+00 
271 391.27 1.74703003e+02 5.24109030e+00 
272 392.08 1.52428375e+02 4.57285118e+00 
273 392.89 1.23825630e+02 3.71476889e+00 
274 393.69 1.22596558e+02 3.67789674e+00 
275 394.50 1.48115097e+02 4.44345284e+00 
276 395.31 1.60696930e+02 4.82090807e+00 
277 396.11 1.46198792e+02 4.38596392e+00 
278 396.92 1.42165344e+02 4.26496029e+00 
279 397.73 1.72123611e+02 5.16370821e+00 
280 398.53 2.09307877e+02 6.27923632e+00 
281 399.34 2.30465271e+02 6.91395807e+00 
282 400.15 2.40888458e+02 7.22665358e+00 
283 400.95 2.48886124e+02 7.46658373e+00 
284 401.76 2.54917343e+02 7.64752007e+00 
285 402.57 2.55836731e+02 7.67510176e+00 
286 403.37 2.54151367e+02 7.62454081e+00 
287 404.18 2.53315567e+02 7.59946680e+00 
288 404.99 2.52333405e+02 7.57000208e+00 
289 405.79 2.51489548e+02 7.54468632e+00 
290 406.60 2.53190704e+02 7.59572124e+00 
291 407.40 2.60546631e+02 7.81639910e+00 
292 408.21 2.70586456e+02 8.11759377e+00 
293 409.02 2.72887299e+02 8.18661880e+00 
294 409.82 2.69362061e+02 8.08086205e+00 
295 410.63 2.74656158e+02 8.23968506e+00 
296 411.43 2.86947388e+02 8.60842133e+00 
297 412.24 2.92777893e+02 8.78333664e+00 
298 413.05 2.92703217e+02 8.78109646e+00 
299 413.85 2.92005493e+02 8.76016521e+00 
300 414.66 2.91765808e+02 8.75297451e+00 
301 415.46 2.92058838e+02 8.76176548e+00 
302 416.27 2.90660889e+02 8.71982670e+00 
303 417.08 2.85071075e+02 8.55213261e+00 
304 417.88 2.79129456e+02 8.37388325e+00 
305 418.69 2.76007629e+02 8.28022861e+00 
306 419.49 2.75714569e+02 8.27143669e+00 
307 420.30 2.78368530e+02 8.35105610e+00 
308 421.11 2.79928406e+02 8.39785194e+00 
309 421.91 2.75514160e+02 8.26542473e+00 
310 422.72 2.70334961e+02 8.11004925e+00 
311 423.52 2.70310211e+02 8.10930634e+00 
312 424.33 2.72685791e+02 8.18057346e+00 
313 425.13 2.73957550e+02 8.21872616e+00 
314 425.94 2.73983307e+02 8.21949959e+00 
315 426.74 2.73809082e+02 8.21427250e+00 
316 427.55 2.73977173e+02 8.21931553e+00 
317 428.36 2.70731140e+02 8.12193394e+00 
318 429.16 2.60115265e+02 7.80345774e+00 
319 429.96 2.51375534e+02 7.54126596e+00 
320 430.77 2.63786621e+02 7.91359854e+00 
321 431.58 2.95586639e+02 8.86759949e+00 
322 432.38 3.24107117e+02 9.72321320e+00 
323 433.19 3.37829468e+02 1.01348839e+01 
324 433.99 3.48031860e+02 1.04409561e+01 
325 434.80 3.66296936e+02 1.09889078e+01 
326 435.60 3.89092499e+02 1.16727753e+01 
327 436.41 4.03317627e+02 1.20995293e+01 
328 437.21 4.03953918e+02 1.21186180e+01 
329 438.02 4.01585510e+02 1.20475655e+01 
330 438.82 4.08296814e+02 1.22489042e+01 
331 439.63 4.24034241e+02 1.27210274e+01 
332 440.43 4.44539001e+02 1.33361702e+01 
333 441.24 4.65615265e+02 1.39684582e+01 
334 442.04 4.83827454e+02 1.45148239e+01 
335 442.85 4.96545441e+02 1.48963633e+01 
336 443.65 5.04607605e+02 1.51382284e+01 
337 444.45 5.08176239e+02 1.52452869e+01 
338 445.26 5.09112671e+02 1.52733803e+01 
339 446.06 5.16014709e+02 1.54804411e+01 
340 446.87 5.30375793e+02 1.59112740e+01 
341 447.67 5.46057800e+02 1.63817348e+01 
342 448.48 5.58282104e+02 1.67484627e+01 
343 449.28 5.70800476e+02 1.71240139e+01 
344 450.09 5.84435547e+02 1.75330658e+01 
345 450.89 5.90784424e+02 1.77235336e+01 
346 451.70 5.84338867e+02 1.75301666e+01 
347 452.50 5.73607544e+02 1.72082272e+01 
348 453.30 5.70533508e+02 1.71160049e+01 
349 454.11 5.75851746e+02 1.72755527e+01 
350 454.91 5.85970276e+02 1.75791092e+01 
351 455.72 5.96399170e+02 1.78919754e+01 
352 456.52 6.04671021e+02 1.81401310e+01 
353 457.32 6.07412903e+02 1.82223873e+01 
354 458.13 6.06304016e+02 1.81891212e+01 
355 458.93 6.06513672e+02 1.81954098e+01 
356 459.74 6.11621338e+02 1.83486404e+01 
357 460.54 6.20670837e+02 1.86201248e+01 
358 461.34 6.29614319e+02 1.88884296e+01 
359 462.15 6.34853882e+02 1.90456161e+01 
360 462.95 6.34279297e+02 1.90283794e+01 
361 463.76 6.29903503e+02 1.88971043e+01 
362 464.56 6.26022522e+02 1.87806759e+01 
363 465.36 6.23372009e+02 1.87011604e+01 
364 466.17 6.21835632e+02 1.86550694e+01 
365 466.97 6.23235291e+02 1.86970596e+01 
366 467.77 6.27070313e+02 1.88121090e+01 
367 468.58 6.30658752e+02 1.89197617e+01 
368 469.38 6.30582397e+02 1.89174728e+01 
369 470.18 6.32198547e+02 1.89659557e+01 
370 470.99 6.39981689e+02 1.91994514e+01 
371 471.79 6.49863464e+02 1.94959030e+01 
372 472.59 6.57851929e+02 1.97355576e+01 
373 473.40 6.63780151e+02 1.99134045e+01 
374 474.20 6.67574280e+02 2.00272293e+01 
375 475.00 6.70070129e+02 2.01021042e+01 
376 475.81 6.72298950e+02 2.01689682e+01 
377 476.61 6.77083496e+02 2.03125057e+01 
378 477.41 6.84366699e+02 2.05310001e+01 
379 478.21 6.90852722e+02 2.07255821e+01 
380 479.02 6.94641235e+02 2.08392372e+01 
381 479.82 6.97560181e+02 2.09268055e+01 
382 480.62 7.00647461e+02 2.10194244e+01 
383 481.43 7.01960327e+02 2.10588093e+01 
384 482.23 7.00037964e+02 2.10011387e+01 
385 483.03 6.94095276e+02 2.08228588e+01 
386 483.84 6.81798706e+02 2.04539604e+01 
387 484.64 6.58012207e+02 1.97403660e+01 
388 485.44 6.30822388e+02 1.89246712e+01 
389 486.24 6.18469299e+02 1.85540791e+01 
390 487.04 6.25524536e+02 1.87657356e+01 
391 487.85 6.44869507e+02 1.93460846e+01 
392 488.65 6.65549622e+02 1.99664879e+01 
393 489.45 6.78692261e+02 2.03607674e+01 
394 490.26 6.81760986e+02 2.04528294e+01 
395 491.06 6.77819397e+02 2.03345814e+01 
396 491.86 6.73493164e+02 2.02047958e+01 
397 492.66 6.74690857e+02 2.02407265e+01 
398 493.46 6.82505554e+02 2.04751663e+01 
399 494.27 6.90125427e+02 2.07037621e+01 
400 495.07 6.94063843e+02 2.08219147e+01 
401 495.87 6.95372681e+02 2.08611813e+01 
402 496.67 6.91815002e+02 2.07544498e+01 
403 497.48 6.86085999e+02 2.05825806e+01 
404 498.28 6.80795898e+02 2.04238777e+01 
405 499.08 6.74423584e+02 2.02327080e+01 
406 499.88 6.66906738e+02 2.00072021e+01 
407 500.68 6.60798340e+02 1.98239498e+01 
408 501.48 6.58917725e+02 1.97675323e+01 
409 502.29 6.61683411e+02 1.98505020e+01 
410 503.09 6.66113525e+02 1.99834061e+01 
411 503.89 6.72070068e+02 2.01621017e+01 
412 504.69 6.79358948e+02 2.03807678e+01 
413 505.49 6.84729004e+02 2.05418701e+01 
414 506.29 6.85006592e+02 2.05501976e+01 
415 507.09 6.81287537e+02 2.04386253e+01 
416 507.90 6.78116455e+02 2.03434944e+01 
417 508.70 6.77360229e+02 2.03208065e+01 
418 509.50 6.78081909e+02 2.03424568e+01 
419 510.30 6.79688843e+02 2.03906651e+01 
420 511.10 6.78244507e+02 2.03473358e+01 
421 511.90 6.73309204e+02 2.01992760e+01 
422 512.71 6.65755005e+02 1.99726505e+01 
423 513.51 6.58190796e+02 1.97457237e+01 
424 514.31 6.52583679e+02 1.95775108e+01 
425 515.11 6.41881775e+02 1.92564526e+01 
426 515.91 6.24066772e+02 1.87220039e+01 
427 516.71 6.07650452e+02 1.82295132e+01 
428 517.51 6.00272766e+02 1.80081825e+01 
429 518.31 6.06923889e+02 1.82077160e+01 
430 519.11 6.22838379e+02 1.86851521e+01 
431 519.91 6.37760315e+02 1.91328087e+01 
432 520.71 6.48259338e+02 1.94477806e+01 
433 521.52 6.51956360e+02 1.95586910e+01 
434 522.32 6.54620361e+02 1.96386108e+01 
435 523.12 6.59783264e+02 1.97934971e+01 
436 523.92 6.64680664e+02 1.99404202e+01 
437 524.72 6.63187622e+02 1.98956280e+01 
438 525.52 6.52392029e+02 1.95717602e+01 
439 526.32 6.41325256e+02 1.92397575e+01 
440 527.12 6.41620422e+02 1.92486134e+01 
441 527.92 6.52434326e+02 1.95730305e+01 
442 528.72 6.67019653e+02 2.00105896e+01 
443 529.52 6.78622375e+02 2.03586712e+01 
444 530.32 6.82956787e+02 2.04887028e+01 
445 531.12 6.79780518e+02 2.03934155e+01 
446 531.92 6.72785095e+02 2.01835537e+01 
447 532.72 6.67441528e+02 2.00232468e+01 
448 533.52 6.67727417e+02 2.00318222e+01 
449 534.32 6.73388489e+02 2.02016544e+01 
450 535.12 6.77969666e+02 2.03390903e+01 
451 535.92 6.77883362e+02 2.03365002e+01 
452 536.72 6.76178162e+02 2.02853451e+01 
453 537.52 6.73627747e+02 2.02088318e+01 
454 538.32 6.69450928e+02 2.00835285e+01 
455 539.12 6.63703613e+02 1.99111080e+01 
456 539.92 6.58824402e+02 1.97647324e+01 
457 540.72 6.58088135e+02 1.97426434e+01 
458 541.52 6.60602051e+02 1.98180618e+01 
459 542.32 6.65894409e+02 1.99768314e+01 
460 543.12 6.71005981e+02 2.01301804e+01 
461 543.92 6.74600464e+02 2.02380142e+01 
462 544.72 6.77011475e+02 2.03103447e+01 
463 545.52 6.76552612e+02 2.02965775e+01 
464 546.32 6.73143555e+02 2.01943073e+01 
465 547.12 6.69350952e+02 2.00805283e+01 
466 547.91 6.67773560e+02 2.00332069e+01 
467 548.71 6.67222656e+02 2.00166798e+01 
468 549.51 6.67250610e+02 2.00175190e+01 
469 550.31 6.67178101e+02 2.00153427e+01 
470 551.11 6.66654968e+02 1.99996490e+01 
471 551.91 6.66458252e+02 1.99937477e+01 
472 552.71 6.67008240e+02 2.00102463e+01 
473 553.51 6.69182129e+02 2.00754642e+01 
474 554.31 6.70192200e+02 2.01057663e+01 
475 555.10 6.67605164e+02 2.00281544e+01 
476 555.90 6.63065552e+02 1.98919659e+01 
477 556.70 6.57512878e+02 1.97253857e+01 
478 557.50 6.49249573e+02 1.94774876e+01 
479 558.30 6.43337524e+02 1.93001251e+01 
480 559.10 6.42720337e+02 1.92816105e+01 
481 559.90 6.43822449e+02 1.93146744e+01 
482 560.70 6.47196899e+02 1.94159069e+01 
483 561.49 6.52969360e+02 1.95890808e+01 
484 562.29 6.56701660e+02 1.97010498e+01 
485 563.09 6.58243774e+02 1.97473125e+01 
486 563.89 6.59236694e+02 1.97771015e+01 
487 564.69 6.58289917e+02 1.97486973e+01 
488 565.49 6.56564514e+02 1.96969357e+01 
489 566.29 6.56796875e+02 1.97039070e+01 
490 567.08 6.60572754e+02 1.98171825e+01 
491 567.88 6.64111023e+02 1.99233303e+01 
492 568.68 6.64999573e+02 1.99499874e+01 
493 569.48 6.63684265e+02 1.99105282e+01 
494 570.28 6.62584473e+02 1.98775349e+01 
495 571.07 6.67065491e+02 2.00119648e+01 
496 571.87 6.76901428e+02 2.03070431e+01 
497 572.67 6.85684387e+02 2.05705318e+01 
498 573.47 6.89915161e+02 2.06974545e+01 
499 574.26 6.87127441e+02 2.06138229e+01 
500 575.06 6.81995117e+02 2.04598541e+01 
501 575.86 6.78447998e+02 2.03534393e+01 
502 576.66 6.74153809e+02 2.02246151e+01 
503 577.45 6.69735046e+02 2.00920506e+01 
504 578.25 6.66547241e+02 1.99964180e+01 
505 579.05 6.64753235e+02 1.99425964e+01 
506 579.85 6.64861023e+02 1.99458313e+01 
507 580.65 6.66053162e+02 1.99815941e+01 
508 581.44 6.66929688e+02 2.00078907e+01 
509 582.24 6.67081665e+02 2.00124493e+01 
510 583.04 6.66207214e+02 1.99862156e+01 
511 583.83 6.62391479e+02 1.98717442e+01 
512 584.63 6.56574524e+02 1.96972351e+01 
513 585.43 6.51841003e+02 1.95552292e+01 
514 586.22 6.48716980e+02 1.94615097e+01 
515 587.02 6.43520996e+02 1.93056297e+01 
516 587.82 6.32859680e+02 1.89857903e+01 
517 588.62 6.21666992e+02 1.86500092e+01 
518 589.41 6.18094543e+02 1.85428371e+01 
519 590.21 6.23013062e+02 1.86903915e+01 
520 591.01 6.32383667e+02 1.89715099e+01 
521 591.80 6.39051941e+02 1.91715584e+01 
522 592.60 6.41377563e+02 1.92413273e+01 
523 593.40 6.41612793e+02 1.92483845e+01 
524 594.19 6.41194092e+02 1.92358227e+01 
525 594.99 6.41160156e+02 1.92348042e+01 
526 595.79 6.41689575e+02 1.92506866e+01 
527 596.58 6.41049438e+02 1.92314835e+01 
528 597.38 6.39259155e+02 1.91777744e+01 
529 598.18 6.36866577e+02 1.91059971e+01 
530 598.97 6.34083313e+02 1.90224991e+01 
531 599.77 6.31193970e+02 1.89358196e+01 
532 600.56 6.28263306e+02 1.88478985e+01 
533 601.36 6.26723267e+02 1.88016987e+01 
534 602.16 6.28300110e+02 1.88490028e+01 
535 602.95 6.32083374e+02 1.89625015e+01 
536 603.75 6.35773621e+02 1.90732079e+01 
537 604.54 6.37131714e+02 1.91139507e+01 
538 605.34 6.35985840e+02 1.90795746e+01 
539 606.14 6.34249329e+02 1.90274792e+01 
540 606.93 6.31381531e+02 1.89414463e+01 
541 607.73 6.27879028e+02 1.88363705e+01 
542 608.52 6.23991760e+02 1.87197533e+01 
543 609.32 6.20427002e+02 1.86128101e+01 
544 610.11 6.18539795e+02 1.85561943e+01 
545 610.91 6.17328125e+02 1.85198441e+01 
546 611.71 6.14812622e+02 1.84443779e+01 
547 612.50 6.11543457e+02 1.83463039e+01 
548 613.30 6.08467773e+02 1.82540340e+01 
549 614.09 6.06025940e+02 1.81807785e+01 
550 614.89 6.02239258e+02 1.80671768e+01 
551 615.68 5.98347778e+02 1.79504337e+01 
552 616.48 5.97520386e+02 1.79256115e+01 
553 617.27 6.00085876e+02 1.80025768e+01 
554 618.07 6.05102539e+02 1.81530762e+01 
555 618.86 6.09284790e+02 1.82785435e+01 
556 619.66 6.11257751e+02 1.83377323e+01 
557 620.45 6.10408752e+02 1.83122635e+01 
558 621.25 6.07564392e+02 1.82269325e+01 
559 622.04 6.02967651e+02 1.80890293e+01 
560 622.84 5.98047180e+02 1.79414158e+01 
561 623.63 5.93532898e+02 1.78059864e+01 
562 624.43 5.89721069e+02 1.76916313e+01 
563 625.22 5.88846619e+02 1.76653976e+01 
564 626.02 5.90093750e+02 1.77028122e+01 
565 626.81 5.92455872e+02 1.77736759e+01 
566 627.61 5.93206116e+02 1.77961826e+01 
567 628.40 5.91471008e+02 1.77441311e+01 
568 629.19 5.87697083e+02 1.76309128e+01 
569 629.99 5.83147522e+02 1.74944248e+01 
570 630.78 5.78795654e+02 1.73638687e+01 
571 631.58 5.76277222e+02 1.72883167e+01 
572 632.37 5.74541260e+02 1.72362385e+01 
573 633.17 5.72993286e+02 1.71897984e+01 
574 633.96 5.71579956e+02 1.71473980e+01 
575 634.76 5.69329346e+02 1.70798798e+01 
576 635.55 5.67449219e+02 1.70234756e+01 
577 636.34 5.67063477e+02 1.70119038e+01 
578 637.14 5.67687073e+02 1.70306129e+01 
579 637.93 5.66752869e+02 1.70025864e+01 
580 638.72 5.62683838e+02 1.68805161e+01 
581 639.52 5.56995422e+02 1.67098618e+01 
582 640.31 5.51912354e+02 1.65573711e+01 
583 641.11 5.48752869e+02 1.64625854e+01 
584 641.90 5.47799133e+02 1.64339733e+01 
585 642.69 5.47572205e+02 1.64271660e+01 
586 643.49 5.46436523e+02 1.63930950e+01 
587 644.28 5.44310059e+02 1.63293018e+01 
588 645.07 5.41479797e+02 1.62443943e+01 
589 645.87 5.39778137e+02 1.61933441e+01 
590 646.66 5.38869324e+02 1.61660805e+01 
591 647.45 5.37458679e+02 1.61237602e+01 
592 648.25 5.33437866e+02 1.60031357e+01 
593 649.04 5.28664917e+02 1.58599472e+01 
594 649.83 5.27670349e+02 1.58301105e+01 
595 650.63 5.29890198e+02 1.58967056e+01 
596 651.42 5.32341675e+02 1.59702501e+01 
597 652.21 5.32088928e+02 1.59626675e+01 
598 653.00 5.30050171e+02 1.59015055e+01 
599 653.80 5.24077759e+02 1.57223330e+01 
600 654.59 5.08489166e+02 1.52546749e+01 
601 655.38 4.85960205e+02 1.45788059e+01 
602 656.17 4.73390533e+02 1.42017164e+01 
603 656.97 4.80866455e+02 1.44259939e+01 
604 657.76 4.98529022e+02 1.49558706e+01 
605 658.55 5.11872345e+02 1.53561707e+01 
606 659.34 5.17614807e+02 1.55284443e+01 
607 660.14 5.20720154e+02 1.56216049e+01 
608 660.93 5.23020264e+02 1.56906080e+01 
609 661.72 5.23607422e+02 1.57082224e+01 
610 662.52 5.22163757e+02 1.56649132e+01 
611 663.31 5.19980042e+02 1.55994015e+01 
612 664.10 5.19705383e+02 1.55911617e+01 
613 664.89 5.20229980e+02 1.56068993e+01 
614 665.68 5.19841431e+02 1.55952425e+01 
615 666.47 5.18704895e+02 1.55611467e+01 
616 667.27 5.18157593e+02 1.55447273e+01 
617 668.06 5.18513733e+02 1.55554123e+01 
618 668.85 5.18341919e+02 1.55502577e+01 
619 669.64 5.16747253e+02 1.55024176e+01 
620 670.43 5.13604065e+02 1.54081221e+01 
621 671.23 5.10883301e+02 1.53264990e+01 
622 672.02 5.09704376e+02 1.52911310e+01 
623 672.81 5.09802582e+02 1.52940779e+01 
624 673.60 5.09311768e+02 1.52793531e+01 
625 674.39 5.07570313e+02 1.52271090e+01 
626 675.18 5.05806824e+02 1.51742048e+01 
627 675.97 5.04388702e+02 1.51316614e+01 
628 676.77 5.03060181e+02 1.50918055e+01 
629 677.56 5.01341766e+02 1.50402527e+01 
630 678.35 4.99372681e+02 1.49811802e+01 
631 679.14 4.97529236e+02 1.49258766e+01 
632 679.93 4.95637054e+02 1.48691120e+01 
633 680.72 4.93866974e+02 1.48160095e+01 
634 681.51 4.92109314e+02 1.47632790e+01 
635 682.30 4.89606781e+02 1.46882038e+01 
636 683.09 4.85216919e+02 1.45565071e+01 
637 683.88 4.80277740e+02 1.44083319e+01 
638 684.67 4.76352295e+02 1.42905693e+01 
639 685.46 4.70655396e+02 1.41196623e+01 
640 686.26 4.60636353e+02 1.38190908e+01 
641 687.04 4.51895508e+02 1.35568657e+01 
642 687.84 4.50086090e+02 1.35025826e+01 
643 688.63 4.52193207e+02 1.35657959e+01 
644 689.42 4.53476685e+02 1.36043005e+01 
645 690.21 4.54168274e+02 1.36250486e+01 
646 691.00 4.54630890e+02 1.36389265e+01 
647 691.79 4.54847931e+02 1.36454382e+01 
648 692.58 4.55660919e+02 1.36698275e+01 
649 693.37 4.55691559e+02 1.36707468e+01 
650 694.16 4.54245178e+02 1.36273556e+01 
651 694.95 4.51803314e+02 1.35540991e+01 
652 695.74 4.50332550e+02 1.35099764e+01 
653 696.53 4.48154419e+02 1.34446325e+01 
654 697.32 4.44786224e+02 1.33435869e+01 
655 698.10 4.42261688e+02 1.32678509e+01 
656 698.89 4.40936584e+02 1.32280979e+01 
657 699.68 4.38262268e+02 1.31478682e+01 
658 700.47 4.34227814e+02 1.30268345e+01 
659 701.26 4.30962646e+02 1.29288797e+01 
660 702.05 4.29420074e+02 1.28826027e+01 
661 702.84 4.29587402e+02 1.28876219e+01 
662 703.63 4.30863831e+02 1.29259148e+01 
663 704.42 4.32172882e+02 1.29651861e+01 
664 705.21 4.31275757e+02 1.29382725e+01 
665 706.00 4.29698425e+02 1.28909531e+01 
666 706.79 4.28760437e+02 1.28628130e+01 
667 707.58 4.27842194e+02 1.28352661e+01 
668 708.37 4.25676422e+02 1.27702923e+01 
669 709.15 4.24352814e+02 1.27305841e+01 
670 709.94 4.24437012e+02 1.27331104e+01 
671 710.73 4.23204651e+02 1.26961393e+01 
672 711.52 4.20727173e+02 1.26218147e+01 
673 712.31 4.19063324e+02 1.25718994e+01 
674 713.10 4.18720367e+02 1.25616112e+01 
675 713.88 4.17707123e+02 1.25312138e+01 
676 714.67 4.15289551e+02 1.24586868e+01 
677 715.46 4.12815277e+02 1.23844585e+01 
678 716.25 4.09965576e+02 1.22989674e+01 
679 717.04 4.06407410e+02 1.21922226e+01 
680 717.83 4.00314484e+02 1.20094347e+01 
681 718.61 3.94135803e+02 1.18240738e+01 
682 719.40 3.91491760e+02 1.17447529e+01 
683 720.19 3.91920990e+02 1.17576294e+01 
684 720.98 3.93532990e+02 1.18059893e+01 
685 721.76 3.94642242e+02 1.18392677e+01 
686 722.55 3.93720673e+02 1.18116198e+01 
687 723.34 3.93121307e+02 1.17936392e+01 
688 724.13 3.92363770e+02 1.17709131e+01 
689 724.92 3.91449036e+02 1.17434711e+01 
690 725.70 3.90296265e+02 1.17088881e+01 
691 726.49 3.89496063e+02 1.16848822e+01 
692 727.28 3.87721436e+02 1.16316433e+01 
693 728.06 3.83835999e+02 1.15150795e+01 
694 728.85 3.80749451e+02 1.14224834e+01 
695 729.64 3.81792450e+02 1.14537735e+01 
696 730.42 3.83487671e+02 1.15046301e+01 
697 731.21 3.83681732e+02 1.15104523e+01 
698 732.00 3.82929810e+02 1.14878941e+01 
699 732.78 3.82097534e+02 1.14629259e+01 
700 733.57 3.82418518e+02 1.14725552e+01 
701 734.36 3.81599518e+02 1.14479856e+01 
702 735.14 3.78916534e+02 1.13674965e+01 
703 735.93 3.76481201e+02 1.12944365e+01 
704 736.72 3.75030975e+02 1.12509289e+01 
705 737.51 3.73099243e+02 1.11929770e+01 
706 738.29 3.69092041e+02 1.10727615e+01 
707 739.08 3.66233337e+02 1.09870005e+01 
708 739.86 3.64872345e+02 1.09461708e+01 
709 740.65 3.61888245e+02 1.08566475e+01 
710 741.44 3.59841431e+02 1.07952433e+01 
711 742.22 3.61102905e+02 1.08330870e+01 
712 743.01 3.62561340e+02 1.08768406e+01 
713 743.79 3.61441772e+02 1.08432531e+01 
714 744.58 3.59607483e+02 1.07882242e+01 
715 745.37 3.59985443e+02 1.07995634e+01 
716 746.15 3.59887451e+02 1.07966232e+01 
717 746.94 3.58573090e+02 1.07571926e+01 
718 747.72 3.56592468e+02 1.06977739e+01 
719 748.51 3.53847137e+02 1.06154137e+01 
720 749.29 3.51641022e+02 1.05492306e+01 
721 750.08 3.49653320e+02 1.04895992e+01 
722 750.86 3.47397156e+02 1.04219151e+01 
723 751.65 3.46097717e+02 1.03829317e+01 
724 752.43 3.45649628e+02 1.03694887e+01 
725 753.22 3.46321075e+02 1.03896322e+01 
726 754.00 3.46351135e+02 1.03905344e+01 
727 754.79 3.43469727e+02 1.03040915e+01 
728 755.57 3.40917572e+02 1.02275276e+01 
729 756.36 3.39882172e+02 1.01964655e+01 
730 757.14 3.38707092e+02 1.01612129e+01 
731 757.93 3.33980896e+02 1.00194273e+01 
732 758.71 3.17717987e+02 9.53153992e+00 
733 759.49 2.85918793e+02 8.57756424e+00 
734 760.28 2.64820557e+02 7.94461679e+00 
735 761.06 2.67521271e+02 8.02563858e+00 
736 761.85 2.77974426e+02 8.33923244e+00 
737 762.63 2.82376129e+02 8.47128391e+00 
738 763.41 2.85410156e+02 8.56230450e+00 
739 764.20 2.92133209e+02 8.76399612e+00 
740 764.98 2.98304962e+02 8.94914913e+00 
741 765.77 3.01689911e+02 9.05069733e+00 
742 766.55 3.06664490e+02 9.19993496e+00 
743 767.33 3.13308411e+02 9.39925194e+00 
744 768.12 3.17454041e+02 9.52362156e+00 
745 768.90 3.18328522e+02 9.54985523e+00 
746 769.68 3.17564880e+02 9.52694607e+00 
747 770.47 3.15942841e+02 9.47828484e+00 
748 771.25 3.14156067e+02 9.42468166e+00 
749 772.03 3.14282959e+02 9.42848873e+00 
750 772.82 3.15280670e+02 9.45841980e+00 
751 773.60 3.14534241e+02 9.43602753e+00 
752 774.38 3.11535492e+02 9.34606457e+00 
753 775.17 3.10298737e+02 9.30896187e+00 
754 775.95 3.10750061e+02 9.32250214e+00 
755 776.73 3.09852203e+02 9.29556656e+00 
756 777.51 3.07837433e+02 9.23512268e+00 
757 778.30 3.06705872e+02 9.20117569e+00 
758 779.08 3.04811096e+02 9.14433289e+00 
759 779.86 3.02983643e+02 9.08950901e+00 
760 780.64 3.02919220e+02 9.08757687e+00 
761 781.43 3.04275696e+02 9.12827110e+00 
762 782.21 3.03449219e+02 9.10347652e+00 
763 782.99 3.00006317e+02 9.00018978e+00 
764 783.77 2.97962219e+02 8.93886662e+00 
765 784.55 2.97625092e+02 8.92875290e+00 
766 785.34 2.97771179e+02 8.93313503e+00 
767 786.12 2.97843597e+02 8.93530750e+00 
768 786.90 2.96415283e+02 8.89245892e+00 
769 787.68 2.93641388e+02 8.80924129e+00 
770 788.46 2.91683472e+02 8.75050449e+00 
771 789.24 2.91308716e+02 8.73926163e+00 
772 790.03 2.90887604e+02 8.72662830e+00 
773 790.81 2.88642181e+02 8.65926552e+00 
774 791.59 2.84546326e+02 8.53638935e+00 
775 792.37 2.80685333e+02 8.42055988e+00 
776 793.15 2.77873596e+02 8.33620834e+00 
777 793.93 2.76996094e+02 8.30988312e+00 
778 794.71 2.77940369e+02 8.33821106e+00 
779 795.49 2.78502625e+02 8.35507870e+00 
780 796.27 2.77672241e+02 8.33016682e+00 
781 797.05 2.77715820e+02 8.33147430e+00 
782 797.84 2.77789978e+02 8.33369923e+00 
783 798.61 2.76293640e+02 8.28880882e+00 
784 799.40 2.73986176e+02 8.21958542e+00 
785 800.18 2.71575958e+02 8.14727879e+00 
786 800.96 2.69379150e+02 8.08137417e+00 
787 801.74 2.68780334e+02 8.06340981e+00 
788 802.52 2.68615845e+02 8.05847549e+00 
789 803.30 2.67705658e+02 8.03116989e+00 
790 804.08 2.64884583e+02 7.94653749e+00 
791 804.86 2.61475708e+02 7.84427118e+00 
792 805.64 2.60235596e+02 7.80706787e+00 
793 806.42 2.61365387e+02 7.84096146e+00 
794 807.20 2.62047363e+02 7.86142111e+00 
795 807.97 2.58976410e+02 7.76929235e+00 
796 808.75 2.54198395e+02 7.62595177e+00 
797 809.53 2.51567993e+02 7.54703999e+00 
798 810.31 2.52551514e+02 7.57654524e+00 
799 811.09 2.54654068e+02 7.63962221e+00 
800 811.87 2.54977386e+02 7.64932156e+00 
801 812.65 2.52505753e+02 7.57517242e+00 
802 813.43 2.48527252e+02 7.45581770e+00 
803 814.21 2.44704651e+02 7.34113932e+00 
804 814.99 2.43415665e+02 7.30246973e+00 
805 815.76 2.43498199e+02 7.30494595e+00 
806 816.54 2.43084503e+02 7.29253531e+00 
807 817.32 2.40248932e+02 7.20746803e+00 
808 818.10 2.35697723e+02 7.07093191e+00 
809 818.88 2.32261642e+02 6.96784925e+00 
810 819.66 2.31050110e+02 6.93150330e+00 
811 820.43 2.32518066e+02 6.97554207e+00 
812 821.21 2.34218063e+02 7.02654171e+00 
813 821.99 2.32520401e+02 6.97561216e+00 
814 822.77 2.28846420e+02 6.86539268e+00 
815 823.55 2.27082626e+02 6.81247902e+00 
816 824.32 2.27665924e+02 6.82997751e+00 
817 825.10 2.29995071e+02 6.89985228e+00 
818 825.88 2.31875778e+02 6.95627356e+00 
819 826.66 2.30437912e+02 6.91313744e+00 
820 827.43 2.26889435e+02 6.80668306e+00 
821 828.21 2.23128586e+02 6.69385767e+00 
822 828.99 2.21915573e+02 6.65746737e+00 
823 829.76 2.22753967e+02 6.68261909e+00 
824 830.54 2.23863602e+02 6.71590805e+00 
825 831.32 2.22115448e+02 6.66346359e+00 
826 832.10 2.18381668e+02 6.55145025e+00 
827 832.87 2.14009354e+02 6.42028046e+00 
828 833.65 2.12389587e+02 6.37168741e+00 
829 834.42 2.14553040e+02 6.43659115e+00 
830 835.20 2.17849365e+02 6.53548098e+00 
831 835.98 2.18487915e+02 6.55463743e+00 
832 836.75 2.16366058e+02 6.49098158e+00 
833 837.53 2.12116928e+02 6.36350775e+00 
834 838.30 2.09378647e+02 6.28135920e+00 
835 839.08 2.09823807e+02 6.29471397e+00 
836 839.86 2.11978409e+02 6.35935211e+00 
837 840.63 2.12481369e+02 6.37444115e+00 
838 841.41 2.10090820e+02 6.30272484e+00 
839 842.18 2.05664032e+02 6.16992092e+00 
840 842.96 2.02085052e+02 6.06255150e+00 
841 843.73 2.01288177e+02 6.03864527e+00 
842 844.51 2.03071777e+02 6.09215355e+00 
843 845.28 2.05068146e+02 6.15204430e+00 
844 846.06 2.05350342e+02 6.16051006e+00 
845 846.84 2.02308258e+02 6.06924772e+00 
846 847.61 1.97004944e+02 5.91014814e+00 
847 848.38 1.92210693e+02 5.76632071e+00 
848 849.16 1.90960052e+02 5.72880173e+00 
849 849.93 1.91590652e+02 5.74771976e+00 
850 850.71 1.92382614e+02 5.77147865e+00 
851 851.48 1.90065689e+02 5.70197058e+00 
852 852.26 1.84633942e+02 5.53901815e+00 
853 853.03 1.78503036e+02 5.35509109e+00 
854 853.81 1.74752655e+02 5.24257946e+00 
855 854.58 1.75758316e+02 5.27274942e+00 
856 855.35 1.80537689e+02 5.41613054e+00 
857 856.13 1.85568207e+02 5.56704617e+00 
858 856.90 1.87333618e+02 5.62000847e+00 
859 857.68 1.85656982e+02 5.56970930e+00 
860 858.45 1.82723038e+02 5.48169136e+00 
861 859.22 1.80905487e+02 5.42716455e+00 
862 860.00 1.81786194e+02 5.45358562e+00 
863 860.77 1.83924561e+02 5.51773691e+00 
864 861.54 1.84241699e+02 5.52725077e+00 
865 862.32 1.82182587e+02 5.46547747e+00 
866 863.09 1.77899475e+02 5.33698416e+00 
867 863.86 1.72213181e+02 5.16639519e+00 
868 864.64 1.68199005e+02 5.04596996e+00 
869 865.41 1.66281448e+02 4.98844337e+00 
870 866.18 1.66263763e+02 4.98791313e+00 
871 866.95 1.66963058e+02 5.00889158e+00 
872 867.73 1.67046600e+02 5.01139784e+00 
873 868.50 1.66081833e+02 4.98245478e+00 
874 869.27 1.65178406e+02 4.95535231e+00 
875 870.04 1.65580582e+02 4.96741724e+00 
876 870.81 1.67446136e+02 5.02338409e+00 
877 871.59 1.68733368e+02 5.06200123e+00 
878 872.36 1.68648102e+02 5.05944300e+00 
879 873.13 1.66391296e+02 4.99173880e+00 
880 873.90 1.62910370e+02 4.88731098e+00 
881 874.67 1.59468430e+02 4.78405285e+00 
882 875.44 1.58249634e+02 4.74748898e+00 
883 876.22 1.59424484e+02 4.78273439e+00 
884 876.99 1.60968353e+02 4.82905054e+00 
885 877.76 1.61406921e+02 4.84220743e+00 
886 878.53 1.59868912e+02 4.79606724e+00 
887 879.30 1.56538025e+02 4.69614077e+00 
888 880.07 1.53373260e+02 4.60119772e+00 
889 880.84 1.52077347e+02 4.56232023e+00 
890 881.61 1.53100494e+02 4.59301472e+00 
891 882.38 1.54852615e+02 4.64557838e+00 
892 883.15 1.56250610e+02 4.68751812e+00 
893 883.92 1.55253632e+02 4.65760899e+00 
894 884.69 1.52515320e+02 4.57545948e+00 
895 885.47 1.49730026e+02 4.49190092e+00 
896 886.23 1.47700668e+02 4.43102026e+00 
897 887.00 1.47478149e+02 4.42434454e+00 
898 887.78 1.48636169e+02 4.45908499e+00 
899 888.54 1.50115356e+02 4.50346088e+00 
900 889.31 1.50533615e+02 4.51600838e+00 
901 890.08 1.48705078e+02 4.46115255e+00 
902 890.85 1.45524338e+02 4.36573029e+00 
903 891.62 1.42838989e+02 4.28516960e+00 
904 892.39 1.41303436e+02 4.23910332e+00 
905 893.16 1.41626617e+02 4.24879837e+00 
906 893.93 1.42696716e+02 4.28090143e+00 
907 894.70 1.43075745e+02 4.29227257e+00 
908 895.47 1.41776077e+02 4.25328255e+00 
909 896.24 1.38992447e+02 4.16977358e+00 
910 897.01 1.35884491e+02 4.07653475e+00 
911 897.78 1.33651352e+02 4.00954056e+00 
912 898.54 1.33184265e+02 3.99552798e+00 
913 899.31 1.33389999e+02 4.00169992e+00 
914 900.08 1.33228287e+02 3.99684858e+00 
915 900.85 1.32209457e+02 3.96628380e+00 
916 901.62 1.30252136e+02 3.90756416e+00 
917 902.38 1.28262543e+02 3.84787631e+00 
918 903.15 1.27161636e+02 3.81484914e+00 
919 903.92 1.27127197e+02 3.81381583e+00 
920 904.69 1.27706696e+02 3.83120084e+00 
921 905.46 1.28432434e+02 3.85297298e+00 
922 906.22 1.28491547e+02 3.85474634e+00 
923 906.99 1.27089859e+02 3.81269574e+00 
924 907.76 1.24635704e+02 3.73907113e+00 
925 908.52 1.22132111e+02 3.66396332e+00 
926 909.29 1.20369019e+02 3.61107063e+00 
927 910.06 1.19922844e+02 3.59768534e+00 
928 910.83 1.20304977e+02 3.60914922e+00 
929 911.59 1.20949715e+02 3.62849140e+00 
930 912.36 1.20967941e+02 3.62903833e+00 
931 913.13 1.20083290e+02 3.60249877e+00 
932 913.89 1.18424232e+02 3.55272698e+00 
933 914.66 1.16406921e+02 3.49220753e+00 
934 915.42 1.14891151e+02 3.44673443e+00 
935 916.19 1.14100822e+02 3.42302465e+00 
936 916.96 1.13854027e+02 3.41562080e+00 
937 917.72 1.13858643e+02 3.41575933e+00 
938 918.49 1.13341278e+02 3.40023828e+00 
939 919.26 1.12158333e+02 3.36474991e+00 
940 920.02 1.10237244e+02 3.30711722e+00 
941 920.79 1.08153580e+02 3.24460745e+00 
942 921.55 1.06217331e+02 3.18651986e+00 
943 922.32 1.05001137e+02 3.15003419e+00 
944 923.08 1.04391327e+02 3.13173985e+00 
945 923.85 1.04040741e+02 3.12122226e+00 
946 924.61 1.03644264e+02 3.10932803e+00 
947 925.38 1.02701370e+02 3.08104110e+00 
948 926.14 1.01172119e+02 3.03516364e+00 
949 926.91 9.92047272e+01 2.97614193e+00 
950 927.67 9.72157669e+01 2.91647291e+00 
951 928.44 9.56110992e+01 2.86833286e+00 
952 929.20 9.41970367e+01 2.82591105e+00 
953 929.97 9.28539429e+01 2.78561831e+00 
954 930.73 9.10011749e+01 2.73003531e+00 
955 931.49 8.86302109e+01 2.65890622e+00 
956 932.26 8.56257858e+01 2.56877351e+00 
957 933.02 8.24929276e+01 2.47478771e+00 
958 933.79 7.95661926e+01 2.38698578e+00 
959 934.55 7.71800003e+01 2.31540012e+00 
960 935.32 7.53908005e+01 2.26172400e+00 
961 936.08 7.39326477e+01 2.21797943e+00 
962 936.84 7.24943237e+01 2.17482972e+00 
963 937.61 7.08684387e+01 2.12605309e+00 
964 938.37 6.90661697e+01 2.07198501e+00 
965 939.13 6.69624252e+01 2.00887275e+00 
966 939.89 6.50139008e+01 1.95041704e+00 
967 940.66 6.33462296e+01 1.90038693e+00 
968 941.42 6.22053299e+01 1.86615992e+00 
969 942.18 6.14854546e+01 1.84456360e+00 
970 942.95 6.09231033e+01 1.82769310e+00 
971 943.71 6.04624023e+01 1.81387210e+00 
972 944.47 5.99360924e+01 1.79808283e+00 
973 945.23 5.93342743e+01 1.78002822e+00 
974 946.00 5.90200386e+01 1.77060115e+00 
975 946.76 5.89885292e+01 1.76965582e+00 
976 947.52 5.93298302e+01 1.77989495e+00 
977 948.28 5.99642525e+01 1.79892755e+00 
978 949.04 6.07062798e+01 1.82118845e+00 
979 949.81 6.12312927e+01 1.83693874e+00 
980 950.57 6.13529587e+01 1.84058881e+00 
981 951.33 6.11546669e+01 1.83464003e+00 
982 952.09 6.09244690e+01 1.82773411e+00 
983 952.85 6.07793007e+01 1.82337904e+00 
984 953.61 6.09655304e+01 1.82896590e+00 
985 954.38 6.15096779e+01 1.84529030e+00 
986 955.14 6.21035271e+01 1.86310577e+00 
987 955.90 6.25915642e+01 1.87774694e+00 
988 956.66 6.27992783e+01 1.88397837e+00 
989 957.42 6.27223663e+01 1.88167095e+00 
990 958.18 6.24153061e+01 1.87245917e+00 
991 958.94 6.21928444e+01 1.86578536e+00 
992 959.70 6.22265434e+01 1.86679626e+00 
993 960.46 6.24162560e+01 1.87248766e+00 
994 961.22 6.27837982e+01 1.88351393e+00 
995 961.98 6.29951248e+01 1.88985372e+00 
996 962.74 6.29001846e+01 1.88700557e+00 
997 963.50 6.25461845e+01 1.87638557e+00 
998 964.26 6.19742813e+01 1.85922849e+00 
999 965.02 6.15073891e+01 1.84522164e+00 
1000 965.78 6.12617226e+01 1.83785164e+00 
1001 966.54 6.13418732e+01 1.84025621e+00 
1002 967.30 6.15895653e+01 1.84768701e+00 
1003 968.06 6.17030602e+01 1.85109186e+00 
1004 968.82 6.13275146e+01 1.83982539e+00 
1005 969.58 6.06743584e+01 1.82023072e+00 
1006 970.34 6.00854378e+01 1.80256319e+00 
1007 971.10 5.96070175e+01 1.78821051e+00 
1008 971.86 5.94345131e+01 1.78303540e+00 
1009 972.62 5.94001465e+01 1.78200436e+00 
1010 973.38 5.91553078e+01 1.77465928e+00 
1011 974.14 5.86653290e+01 1.75995982e+00 
1012 974.90 5.79908981e+01 1.73972690e+00 
1013 975.65 5.73085060e+01 1.71925521e+00 
1014 976.41 5.66986427e+01 1.70095932e+00 
1015 977.17 5.65287056e+01 1.69586122e+00 
1016 977.93 5.63918037e+01 1.69175410e+00 
1017 978.69 5.62140732e+01 1.68642223e+00 
1018 979.45 5.56976242e+01 1.67092872e+00 
1019 980.20 5.50107346e+01 1.65032208e+00 
1020 980.96 5.44744339e+01 1.63423300e+00 
1021 981.72 5.42506065e+01 1.62751818e+00 
1022 982.48 5.40830956e+01 1.62249291e+00 
1023 983.23 5.37210884e+01 1.61163270e+00 
1024 983.99 5.29525681e+01 1.58857703e+00 
1025 984.75 5.21857986e+01 1.56557393e+00 
1026 985.51 5.17269478e+01 1.55180848e+00 
1027 986.27 5.15164261e+01 1.54549277e+00 
1028 987.02 5.10834808e+01 1.53250444e+00 
1029 987.78 5.03116302e+01 1.50934887e+00 
1030 988.54 4.94567833e+01 1.48370349e+00 
1031 989.29 4.89370880e+01 1.46811259e+00 
1032 990.05 4.86583672e+01 1.45975101e+00 
1033 990.81 4.79502907e+01 1.43850875e+00 
1034 991.56 4.69844322e+01 1.40953302e+00 
1035 992.32 4.62779808e+01 1.38833940e+00 
1036 993.08 4.56530724e+01 1.36959219e+00 
1037 993.83 4.48387680e+01 1.34516299e+00 
1038 994.59 4.37379913e+01 1.31213975e+00 
1039 995.35 4.28711014e+01 1.28613305e+00 
1040 996.10 2.58765101e+00 7.76295289e-02 
1041 996.86 1.01913914e-01 3.05741746e-03 
1042 997.62 5.97708374e-02 1.79312518e-03 
1043 998.37 5.59547171e-02 1.67864154e-03 
