% C0 (TOA Count Rate, /ms) for 4STAR NIR spectrometer (512 channels) derived from (SEE Original files for sources) and recorded on 2018-10-12 09:54:58.
% Langley at MLO and airborne Data outside 2.0x the STD of 501 nm Langley residuals were screened out. 
% Including high Altitude rate spectra, matched to splined stratospheric AOD measured at MLO.
% Averages of c0 from multiple days including: , MLO -fe-b , In f-li-gh, In f-li-gh, In f-li-gh. See the list of files below
% 20180212_NIR_C0_4STAR_refined_averaged_MLO_Feb2018.dat
% 20180921_4STAR_NIR_C0_refined_flight_langley_am.dat
% 20180922_NIR_C0_4STAR_refined_flight_langley_am.dat
% 20181005_NIR_C0_4STAR_refined_flight_langley_am.dat
Pix Wavelength C0 C0err
511 949.79 4.98037675e+00 3.90825150e-01 
510 949.79 5.17329100e+00 3.07596017e-01 
509 951.68 5.55504850e+00 3.14639449e-01 
508 953.57 5.60003010e+00 2.97078480e-01 
507 955.46 6.05838233e+00 3.11520176e-01 
506 957.34 6.14856785e+00 2.92102486e-01 
505 959.22 6.60964480e+00 2.73384349e-01 
504 961.10 6.68781352e+00 2.46276208e-01 
503 962.98 7.10410968e+00 2.23214759e-01 
502 964.85 7.10337195e+00 1.96429672e-01 
501 966.72 7.59535811e+00 1.75474354e-01 
500 968.59 7.62932473e+00 1.39519105e-01 
499 970.45 8.04098624e+00 1.27885742e-01 
498 972.32 7.99209765e+00 1.29144519e-01 
497 974.18 8.32978505e+00 1.37499986e-01 
496 976.04 8.23841411e+00 1.15840704e-01 
495 977.89 8.58142656e+00 1.20680819e-01 
494 979.74 8.48423708e+00 8.88214920e-02 
493 981.59 8.78451437e+00 7.87453200e-02 
492 983.44 8.67029059e+00 6.09845001e-02 
491 985.29 8.91784537e+00 4.90232152e-02 
490 987.13 8.71231514e+00 4.25327629e-02 
489 988.97 8.94611007e+00 5.17860818e-02 
488 990.81 8.75618160e+00 4.60957352e-02 
487 992.65 8.92796987e+00 5.20120462e-02 
486 994.48 8.72438877e+00 4.13623421e-02 
485 996.31 8.87285519e+00 4.28229950e-02 
484 998.14 8.61607569e+00 3.95772359e-02 
483 999.97 8.77628881e+00 3.97553640e-02 
482 1001.79 8.48986971e+00 3.73031031e-02 
481 1003.62 8.56601691e+00 3.11090925e-02 
480 1005.44 8.34833950e+00 3.35866685e-02 
479 1007.25 8.58793950e+00 3.65301921e-02 
478 1009.07 8.39149100e+00 2.68603221e-02 
477 1010.88 8.57032687e+00 2.81860755e-02 
476 1012.69 8.31395584e+00 3.28435349e-02 
475 1014.50 8.43303120e+00 2.92068904e-02 
474 1016.31 8.21830171e+00 2.41513023e-02 
473 1018.11 8.38103390e+00 2.72999541e-02 
472 1019.91 8.15180027e+00 3.71282144e-02 
471 1021.71 8.31656152e+00 3.90910286e-02 
470 1023.51 8.09174716e+00 2.99051096e-02 
469 1025.30 8.26741284e+00 4.20568807e-02 
468 1027.09 8.13765782e+00 3.61250076e-02 
467 1028.88 8.27532643e+00 3.74015924e-02 
466 1030.67 8.11364007e+00 3.68109468e-02 
465 1032.46 8.30029327e+00 4.98586624e-02 
464 1034.24 8.13909459e+00 5.55290431e-02 
463 1036.02 8.32474858e+00 6.38420558e-02 
462 1037.80 8.21312720e+00 6.26943873e-02 
461 1039.58 8.41360682e+00 6.64558990e-02 
460 1041.35 8.26248855e+00 5.78871205e-02 
459 1043.12 8.42364127e+00 5.07815005e-02 
458 1044.89 8.33448476e+00 5.71256889e-02 
457 1046.66 8.55764455e+00 6.42444249e-02 
456 1048.43 8.46894967e+00 5.79587439e-02 
455 1050.19 8.69969940e+00 5.94298876e-02 
454 1051.95 8.55154526e+00 5.58137166e-02 
453 1053.71 8.79061616e+00 4.73885671e-02 
452 1055.47 8.62438095e+00 3.72876890e-02 
451 1057.23 8.76696187e+00 3.44265394e-02 
450 1058.98 8.61528861e+00 3.54779103e-02 
449 1060.73 8.79690617e+00 3.68537448e-02 
448 1062.48 8.61434329e+00 3.68780024e-02 
447 1064.23 8.76091832e+00 4.11444293e-02 
446 1065.97 8.49232280e+00 3.23879839e-02 
445 1067.71 8.53871637e+00 3.76397851e-02 
444 1069.46 8.33685273e+00 4.05618598e-02 
443 1071.19 8.45676052e+00 5.50683083e-02 
442 1072.93 8.29492301e+00 5.19203907e-02 
441 1074.67 8.40420508e+00 5.43493600e-02 
440 1076.40 8.21495342e+00 5.63003548e-02 
439 1078.13 8.26582813e+00 6.42044088e-02 
438 1079.86 8.02365544e+00 5.85077767e-02 
437 1081.58 8.09296495e+00 7.33311718e-02 
436 1083.31 7.96266574e+00 6.93234097e-02 
435 1085.03 8.11930144e+00 6.85589285e-02 
434 1086.75 8.04043585e+00 6.98676972e-02 
433 1088.47 8.18680394e+00 7.52127250e-02 
432 1090.19 8.08985100e+00 6.19411963e-02 
431 1091.90 8.18843156e+00 7.00592520e-02 
430 1093.61 8.03838980e+00 6.83804264e-02 
429 1095.33 8.23545861e+00 7.55262211e-02 
428 1097.03 8.27521610e+00 8.62054512e-02 
427 1098.74 8.52598041e+00 8.97195642e-02 
426 1100.45 8.52371919e+00 1.01382847e-01 
425 1102.15 8.81379872e+00 1.13618569e-01 
424 1103.85 8.79958314e+00 1.18209516e-01 
423 1105.55 9.06026888e+00 1.36716836e-01 
422 1107.25 8.99473703e+00 1.65696481e-01 
421 1108.94 9.15290791e+00 2.12540978e-01 
420 1110.64 8.94434178e+00 2.74033102e-01 
419 1112.33 8.96972608e+00 3.96344021e-01 
418 1114.02 8.59720817e+00 5.46128314e-01 
417 1115.70 8.55696151e+00 6.28883030e-01 
416 1117.39 8.27333641e+00 6.69188281e-01 
415 1119.07 8.25522402e+00 7.24833346e-01 
414 1120.76 8.07089084e+00 7.66710719e-01 
413 1122.44 8.13261315e+00 8.30335545e-01 
412 1124.12 8.04730409e+00 8.24779913e-01 
411 1125.79 8.26186305e+00 7.80521317e-01 
410 1127.47 8.33466234e+00 7.21295851e-01 
409 1129.14 8.69633463e+00 6.16860965e-01 
408 1130.81 8.36940140e+00 7.00971212e-01 
407 1132.48 8.21376282e+00 8.11437543e-01 
406 1134.15 8.05085117e+00 7.98447960e-01 
405 1135.81 8.30995449e+00 7.14351858e-01 
404 1137.48 8.71652547e+00 4.92662801e-01 
403 1139.14 8.99745887e+00 4.13091983e-01 
402 1140.80 8.75873676e+00 4.40184314e-01 
401 1142.46 8.70755667e+00 5.24271999e-01 
400 1144.12 8.44822040e+00 5.96812266e-01 
399 1145.77 8.49421605e+00 6.38322721e-01 
398 1147.43 8.46356008e+00 6.10271792e-01 
397 1149.08 8.64371425e+00 5.40736852e-01 
396 1150.73 8.61116123e+00 4.98151784e-01 
395 1152.38 8.84366849e+00 4.59025056e-01 
394 1154.02 8.80622932e+00 3.98865095e-01 
393 1155.67 9.06411815e+00 3.48143476e-01 
392 1157.31 8.94803059e+00 2.90112184e-01 
391 1158.95 9.05186224e+00 2.55662144e-01 
390 1160.59 8.97188669e+00 1.98150053e-01 
389 1162.23 9.15728521e+00 1.67591078e-01 
388 1163.87 9.06570584e+00 1.26675178e-01 
387 1165.50 9.14785188e+00 1.17129648e-01 
386 1167.13 9.02194476e+00 1.02518183e-01 
385 1168.76 9.12777901e+00 8.40563368e-02 
384 1170.39 9.00978952e+00 8.50430142e-02 
383 1172.02 9.00695187e+00 9.11373451e-02 
382 1173.65 8.82397103e+00 9.11932713e-02 
381 1175.27 8.82440990e+00 9.63321830e-02 
380 1176.90 8.69070923e+00 8.19968076e-02 
379 1178.52 8.67644656e+00 1.01075898e-01 
378 1180.14 8.44943637e+00 9.71263835e-02 
377 1181.75 8.43676514e+00 9.86882936e-02 
376 1183.37 8.22888693e+00 8.47989117e-02 
375 1184.99 8.24955794e+00 8.73289609e-02 
374 1186.60 8.12957043e+00 8.61313640e-02 
373 1188.21 8.13324320e+00 8.65719751e-02 
372 1189.82 8.03394574e+00 7.37157921e-02 
371 1191.43 8.21676045e+00 6.12779886e-02 
370 1193.04 8.09615317e+00 5.90735624e-02 
369 1194.64 8.08029696e+00 5.96399581e-02 
368 1196.24 7.89035636e+00 7.28880437e-02 
367 1197.85 7.94175127e+00 7.28151768e-02 
366 1199.45 7.82329765e+00 7.65141631e-02 
365 1201.05 7.88182688e+00 8.23167924e-02 
364 1202.64 7.82057977e+00 8.21957757e-02 
363 1204.24 7.88203743e+00 8.12458376e-02 
362 1205.83 7.79832036e+00 7.67681146e-02 
361 1207.43 7.82568911e+00 7.11442791e-02 
360 1209.02 7.75224352e+00 6.87590631e-02 
359 1210.61 7.86856207e+00 6.56752609e-02 
358 1212.19 7.84014630e+00 6.82002755e-02 
357 1213.78 7.96707350e+00 6.25581406e-02 
356 1215.37 7.91264275e+00 6.06048465e-02 
355 1216.95 7.97591191e+00 5.18519303e-02 
354 1218.53 7.91792640e+00 3.77999170e-02 
353 1220.11 7.99449507e+00 4.57767682e-02 
352 1221.69 7.95374551e+00 4.19071276e-02 
351 1223.27 8.01486236e+00 5.40393272e-02 
350 1224.84 7.97786039e+00 4.83930050e-02 
349 1226.42 8.02697659e+00 4.24748167e-02 
348 1227.99 7.99590045e+00 4.40582907e-02 
347 1229.56 8.14634514e+00 5.76969847e-02 
346 1231.13 8.07422304e+00 4.57127161e-02 
345 1232.70 8.13733590e+00 4.83735969e-02 
344 1234.27 8.06076282e+00 4.06923439e-02 
343 1235.84 8.05836373e+00 4.54461053e-02 
342 1237.40 7.98463628e+00 4.25873499e-02 
341 1238.96 8.00561189e+00 4.70153563e-02 
340 1240.52 7.86048314e+00 4.44344600e-02 
339 1242.08 7.97454581e+00 3.73476312e-02 
338 1243.64 7.94963131e+00 4.34406349e-02 
337 1245.20 8.01388591e+00 3.63003028e-02 
336 1246.75 7.98279995e+00 4.05804620e-02 
335 1248.31 8.02936453e+00 4.92104884e-02 
334 1249.86 7.95336827e+00 4.45670203e-02 
333 1251.41 7.97441837e+00 4.14625963e-02 
332 1252.96 7.88990015e+00 3.72619532e-02 
331 1254.51 7.91068509e+00 2.87498380e-02 
330 1256.06 7.85158789e+00 4.05215586e-02 
329 1257.61 7.87556246e+00 6.18438256e-02 
328 1259.15 7.78849837e+00 7.36144591e-02 
327 1260.69 7.75363871e+00 8.71661958e-02 
326 1262.23 7.62814453e+00 9.48715401e-02 
325 1263.77 7.62820160e+00 1.18770329e-01 
324 1265.31 7.47845512e+00 1.65803933e-01 
323 1266.85 7.49139455e+00 1.95326927e-01 
322 1268.39 7.51368961e+00 1.77774131e-01 
321 1269.92 7.58637756e+00 1.53845998e-01 
320 1271.46 7.70141020e+00 9.58337576e-02 
319 1272.99 7.75997102e+00 8.33843578e-02 
318 1274.52 7.73361820e+00 7.95826676e-02 
317 1276.05 7.79492774e+00 7.69706872e-02 
316 1277.58 7.66960362e+00 6.29569904e-02 
315 1279.10 7.51950824e+00 4.90880383e-02 
314 1280.63 7.44522828e+00 4.30686166e-02 
313 1282.15 7.45200500e+00 3.93748251e-02 
312 1283.68 7.52653098e+00 3.66825805e-02 
311 1285.20 7.71457207e+00 4.12368393e-02 
310 1286.72 7.67361256e+00 3.80609429e-02 
309 1288.24 7.68819451e+00 4.70836567e-02 
308 1289.75 7.58101192e+00 4.53542330e-02 
307 1291.27 7.61007177e+00 4.88792082e-02 
306 1292.78 7.63422179e+00 5.51862703e-02 
305 1294.30 7.64587635e+00 5.65936130e-02 
304 1295.81 7.57777104e+00 5.89759414e-02 
303 1297.32 7.58167940e+00 5.86017656e-02 
302 1298.83 7.52295175e+00 6.32855778e-02 
301 1300.34 7.46542064e+00 5.65434568e-02 
300 1301.85 7.41515756e+00 5.97438064e-02 
299 1303.35 7.37960449e+00 6.47918100e-02 
298 1304.86 7.30887675e+00 8.06909366e-02 
297 1306.36 7.30193725e+00 8.95281631e-02 
296 1307.86 7.22802907e+00 9.21558230e-02 
295 1309.36 7.16791141e+00 1.05131957e-01 
294 1310.86 7.10996166e+00 1.27059305e-01 
293 1312.36 7.04659924e+00 1.29424588e-01 
292 1313.86 6.97742793e+00 1.25342462e-01 
291 1315.36 6.95417380e+00 1.18395372e-01 
290 1316.85 6.90100390e+00 1.20008044e-01 
289 1318.34 6.88434639e+00 1.28952479e-01 
288 1319.84 6.83982948e+00 1.41550121e-01 
287 1321.33 6.85208032e+00 1.40846751e-01 
286 1322.82 6.77854586e+00 1.17766627e-01 
285 1324.30 6.75681770e+00 1.31235270e-01 
284 1325.79 6.61869264e+00 1.59486458e-01 
283 1327.28 6.53209260e+00 2.01385221e-01 
282 1328.76 6.36803186e+00 2.55497698e-01 
281 1330.25 6.29064867e+00 2.84275604e-01 
280 1331.73 6.21985629e+00 2.78204059e-01 
279 1333.21 6.21177194e+00 2.81006434e-01 
278 1334.69 6.19827941e+00 2.73889568e-01 
277 1336.17 6.17443159e+00 2.67987944e-01 
276 1337.65 6.11681720e+00 2.87580863e-01 
275 1339.12 6.06481507e+00 2.85698001e-01 
274 1340.60 5.99464950e+00 3.19280320e-01 
273 1342.07 5.88911056e+00 3.88653994e-01 
272 1343.55 5.72786048e+00 4.35022838e-01 
271 1345.02 5.36618081e+00 5.63112647e-01 
270 1346.49 5.08784750e+00 6.39718205e-01 
269 1347.96 4.82610303e+00 7.37376087e-01 
268 1349.43 4.49307160e+00 8.19728612e-01 
267 1350.89 4.21065696e+00 9.03285792e-01 
266 1352.36 3.74224765e+00 1.01799617e+00 
265 1353.82 3.44844835e+00 1.05992729e+00 
264 1355.29 3.10177684e+00 1.17060888e+00 
263 1356.75 2.90834230e+00 1.11589964e+00 
262 1358.21 2.59446108e+00 1.10861943e+00 
261 1359.67 2.20824814e+00 1.24918785e+00 
260 1361.13 2.10463174e+00 1.16810935e+00 
259 1362.59 2.02275238e+00 1.16815503e+00 
258 1364.04 2.20132931e+00 1.06251573e+00 
257 1365.50 2.19419648e+00 1.06498402e+00 
256 1366.95 2.09646464e+00 1.22772230e+00 
255 1368.41 2.05313543e+00 1.22272827e+00 
254 1369.86 2.10907510e+00 1.09011202e+00 
253 1371.31 2.29021826e+00 1.00881260e+00 
252 1372.76 2.25163909e+00 1.07451550e+00 
251 1374.21 2.44358396e+00 8.35184336e-01 
250 1375.65 2.39035508e+00 7.18672230e-01 
249 1377.10 2.17314642e+00 6.51479317e-01 
248 1378.55 1.85531632e+00 6.40571455e-01 
247 1379.99 1.56359492e+00 5.77750441e-01 
246 1381.43 1.33758042e+00 7.19290868e-01 
245 1382.87 1.38117997e+00 6.85299661e-01 
244 1384.32 1.54377696e+00 6.77493706e-01 
243 1385.75 1.75742088e+00 6.68207210e-01 
242 1387.19 2.03928302e+00 6.12806193e-01 
241 1388.63 2.14856538e+00 6.15821218e-01 
240 1390.07 2.20985664e+00 5.36473794e-01 
239 1391.50 2.21519842e+00 5.65094582e-01 
238 1392.94 1.86595662e+00 7.42187923e-01 
237 1394.37 1.94781105e+00 6.61492270e-01 
236 1395.80 2.14849823e+00 6.61077707e-01 
235 1397.23 2.09115621e+00 6.53521745e-01 
234 1398.66 2.13190085e+00 7.84391481e-01 
233 1400.09 2.34509862e+00 6.83826094e-01 
232 1401.52 2.24162282e+00 7.33409545e-01 
231 1402.94 2.39134279e+00 7.33444320e-01 
230 1404.37 2.50752213e+00 7.49250617e-01 
229 1405.79 2.47469669e+00 7.04605180e-01 
228 1407.22 2.48928013e+00 7.54236577e-01 
227 1408.64 2.65365975e+00 7.00207088e-01 
226 1410.06 2.80640966e+00 7.23198257e-01 
225 1411.48 2.84153027e+00 6.96145416e-01 
224 1412.90 2.95022644e+00 7.14412756e-01 
223 1414.32 3.08233570e+00 6.36524942e-01 
222 1415.73 3.06716810e+00 6.45935566e-01 
221 1417.15 3.11036700e+00 6.71131275e-01 
220 1418.56 3.22906637e+00 6.42233310e-01 
219 1419.98 3.21436959e+00 6.38106425e-01 
218 1421.39 3.28331776e+00 6.19803955e-01 
217 1422.80 3.41511278e+00 5.52073950e-01 
216 1424.21 3.46373095e+00 5.30282513e-01 
215 1425.62 3.44682359e+00 5.50207782e-01 
214 1427.03 3.53319490e+00 5.35624464e-01 
213 1428.44 3.43755630e+00 5.12963359e-01 
212 1429.84 3.31023185e+00 5.21465026e-01 
211 1431.25 3.30541099e+00 4.93804466e-01 
210 1432.65 3.29315983e+00 4.69768649e-01 
209 1434.06 3.32590750e+00 4.73912306e-01 
208 1435.46 3.42899799e+00 4.82789061e-01 
207 1436.86 3.45436126e+00 4.73161956e-01 
206 1438.26 3.48048070e+00 4.74975471e-01 
205 1439.66 3.48529388e+00 4.49414228e-01 
204 1441.05 3.60124278e+00 4.06541729e-01 
203 1442.45 3.54017747e+00 3.95512092e-01 
202 1443.85 3.52065434e+00 4.07669480e-01 
201 1445.24 3.58744386e+00 3.85740586e-01 
200 1446.64 3.64996117e+00 3.86430795e-01 
199 1448.03 3.59469220e+00 4.22347649e-01 
198 1449.42 3.67246155e+00 4.21968075e-01 
197 1450.81 3.68311045e+00 3.96238240e-01 
196 1452.20 3.71237542e+00 3.79968226e-01 
195 1453.59 3.86775343e+00 3.05411456e-01 
194 1454.97 4.01879783e+00 2.37723291e-01 
193 1456.36 4.04575263e+00 2.12904581e-01 
192 1457.75 4.07490970e+00 2.05419802e-01 
191 1459.13 4.04151635e+00 2.10892967e-01 
190 1460.51 4.00789788e+00 2.30271562e-01 
189 1461.90 3.89552811e+00 2.61404635e-01 
188 1463.28 3.84244883e+00 2.87282125e-01 
187 1464.66 3.74440452e+00 3.07660270e-01 
186 1466.04 3.77259136e+00 3.10285598e-01 
185 1467.41 3.66724873e+00 3.37390892e-01 
184 1468.79 3.63070972e+00 3.65214500e-01 
183 1470.17 3.59390001e+00 3.66550821e-01 
182 1471.54 3.62566774e+00 3.64074341e-01 
181 1472.92 3.67227474e+00 3.25766205e-01 
180 1474.29 3.77311008e+00 2.90128361e-01 
179 1475.66 3.77974501e+00 2.63451612e-01 
178 1477.03 3.74560559e+00 2.74079052e-01 
177 1478.40 3.70847103e+00 2.87439578e-01 
176 1479.77 3.75698447e+00 2.75344744e-01 
175 1481.14 3.76342207e+00 2.52768982e-01 
174 1482.51 3.82868125e+00 2.35390776e-01 
173 1483.87 3.80759664e+00 2.17975095e-01 
172 1485.24 3.78536289e+00 2.06331240e-01 
171 1486.60 3.72742114e+00 1.95630162e-01 
170 1487.96 3.77673270e+00 1.73760797e-01 
169 1489.32 3.76961751e+00 1.51827064e-01 
168 1490.68 3.90463388e+00 1.22071008e-01 
167 1492.04 3.91390604e+00 1.02739061e-01 
166 1493.40 3.96106569e+00 1.04060147e-01 
165 1494.76 3.93946029e+00 1.04216319e-01 
164 1496.12 3.96651080e+00 1.04423368e-01 
163 1497.47 3.92856160e+00 8.95494351e-02 
162 1498.83 3.97884530e+00 6.15551344e-02 
161 1500.18 3.84754080e+00 5.55565742e-02 
160 1501.53 3.78517272e+00 6.14726049e-02 
159 1502.89 3.67667550e+00 6.58762509e-02 
158 1504.24 3.68963414e+00 6.60314768e-02 
157 1505.59 3.72173435e+00 6.95278556e-02 
156 1506.93 3.84225451e+00 6.27445452e-02 
155 1508.28 3.87757154e+00 6.02855046e-02 
154 1509.63 3.92427300e+00 5.58375207e-02 
153 1510.97 3.87815049e+00 4.24461700e-02 
152 1512.32 3.91357481e+00 3.01190424e-02 
151 1513.66 3.84636481e+00 3.38515729e-02 
150 1515.00 3.87398684e+00 4.13746285e-02 
149 1516.34 3.82291244e+00 3.95473310e-02 
148 1517.69 3.81957106e+00 2.84547138e-02 
147 1519.02 3.74386302e+00 1.83406548e-02 
146 1520.36 3.76209429e+00 2.24180613e-02 
145 1521.70 3.70643312e+00 1.77010109e-02 
144 1523.04 3.74877071e+00 2.08054463e-02 
143 1524.37 3.70988271e+00 2.38888948e-02 
142 1525.71 3.75983045e+00 2.03588774e-02 
141 1527.04 3.68686299e+00 1.42564499e-02 
140 1528.37 3.71565116e+00 1.76977048e-02 
139 1529.70 3.64563789e+00 1.38071293e-02 
138 1531.03 3.68448180e+00 2.07716742e-02 
137 1532.36 3.62249447e+00 2.29095486e-02 
136 1533.69 3.65825669e+00 2.47301863e-02 
135 1535.02 3.59002482e+00 2.67074256e-02 
134 1536.34 3.61648839e+00 2.58217766e-02 
133 1537.67 3.54466274e+00 1.94037962e-02 
132 1538.99 3.57075010e+00 2.04920297e-02 
131 1540.31 3.51370370e+00 1.77154266e-02 
130 1541.64 3.55648431e+00 1.86440655e-02 
129 1542.96 3.52150622e+00 2.54863402e-02 
128 1544.28 3.56311242e+00 2.64142308e-02 
127 1545.60 3.49762368e+00 3.34395215e-02 
126 1546.91 3.53386308e+00 2.73223071e-02 
125 1548.23 3.45310673e+00 2.40920437e-02 
124 1549.55 3.48995690e+00 2.26758458e-02 
123 1550.86 3.41896106e+00 2.11334985e-02 
122 1552.18 3.42932959e+00 1.89543047e-02 
121 1553.49 3.36205487e+00 1.40120786e-02 
120 1554.80 3.37911250e+00 1.58547327e-02 
119 1556.11 3.30804208e+00 6.33074709e-03 
118 1557.42 3.34603813e+00 5.89594838e-03 
117 1558.73 3.28798763e+00 6.78349928e-03 
116 1560.04 3.31281543e+00 9.04716021e-03 
115 1561.34 3.22965599e+00 4.61369017e-03 
114 1562.65 3.26694535e+00 7.81900071e-03 
113 1563.95 3.19487123e+00 1.31084533e-02 
112 1565.26 3.24629048e+00 1.77595610e-02 
111 1566.56 3.14224224e+00 1.45146345e-02 
110 1567.86 3.18294334e+00 2.79051736e-02 
109 1569.16 3.10478485e+00 3.84811885e-02 
108 1570.46 3.10118060e+00 4.32262264e-02 
107 1571.76 3.01403511e+00 4.75540972e-02 
106 1573.05 2.99398036e+00 3.83975461e-02 
105 1574.35 2.89260930e+00 3.95939338e-02 
104 1575.64 2.90498957e+00 3.60526864e-02 
103 1576.94 2.87239485e+00 4.00777821e-02 
102 1578.23 2.93046621e+00 3.66151030e-02 
101 1579.52 2.89904255e+00 3.47754133e-02 
100 1580.81 2.96970337e+00 3.87473845e-02 
99 1582.10 2.91872913e+00 3.35903560e-02 
98 1583.39 2.97435838e+00 2.79008741e-02 
97 1584.68 2.91217423e+00 2.70226094e-02 
96 1585.97 2.91191023e+00 2.26956270e-02 
95 1587.25 2.81080247e+00 1.99009286e-02 
94 1588.54 2.82458182e+00 1.96429804e-02 
93 1589.82 2.75909448e+00 2.16777080e-02 
92 1591.10 2.82840045e+00 2.07479856e-02 
91 1592.38 2.78056926e+00 1.49990373e-02 
90 1593.66 2.82902387e+00 1.16992393e-02 
89 1594.94 2.75995305e+00 1.89846244e-02 
88 1596.22 2.79070151e+00 2.36349844e-02 
87 1597.50 2.72257876e+00 3.50303244e-02 
86 1598.77 2.74494395e+00 4.27872830e-02 
85 1600.05 2.66747154e+00 4.70883434e-02 
84 1601.32 2.68324423e+00 4.77549108e-02 
83 1602.59 2.60821190e+00 5.15051169e-02 
82 1603.86 2.65516654e+00 4.77165686e-02 
81 1605.13 2.54552626e+00 4.33003345e-02 
80 1606.40 2.60286122e+00 4.52372121e-02 
79 1607.67 2.51387745e+00 5.13389902e-02 
78 1608.94 2.55811764e+00 4.72579968e-02 
77 1610.20 2.49811656e+00 4.45214077e-02 
76 1611.47 2.55567525e+00 3.71870214e-02 
75 1612.73 2.50179614e+00 3.45438430e-02 
74 1614.00 2.55639191e+00 3.06244993e-02 
73 1615.26 2.48779675e+00 2.65200426e-02 
72 1616.52 2.51070415e+00 2.56544262e-02 
71 1617.78 2.41779225e+00 2.64992968e-02 
70 1619.03 2.44167391e+00 2.09903428e-02 
69 1620.29 2.38470757e+00 2.12869561e-02 
68 1621.55 2.42568076e+00 1.79799416e-02 
67 1622.80 2.36313392e+00 2.40258886e-02 
66 1624.06 2.42187587e+00 2.06823064e-02 
65 1625.31 2.33746350e+00 1.61878638e-02 
64 1626.56 2.38893990e+00 1.41960710e-02 
63 1627.81 2.31105867e+00 1.77351042e-02 
62 1629.06 2.33099299e+00 1.39361077e-02 
61 1630.31 2.25206715e+00 1.19077083e-02 
60 1631.56 2.27251342e+00 1.15327160e-02 
59 1632.80 2.19078335e+00 1.34132171e-02 
58 1634.05 2.22258865e+00 6.75224694e-03 
57 1635.29 2.12535099e+00 1.04659399e-02 
56 1636.53 2.13249740e+00 8.51094773e-03 
55 1637.77 2.02532713e+00 1.26792074e-02 
54 1639.01 2.03684917e+00 1.30421805e-02 
53 1640.25 1.96703768e+00 1.30956682e-02 
52 1641.49 1.97656905e+00 1.12798391e-02 
51 1642.73 1.91757811e+00 1.45666203e-02 
50 1643.96 1.94130863e+00 9.74337523e-03 
49 1645.20 1.85107858e+00 1.07356021e-02 
48 1646.43 1.86568677e+00 1.03164069e-02 
47 1647.66 1.77857098e+00 7.20971261e-03 
46 1648.89 1.75312063e+00 9.90160772e-03 
45 1650.12 1.66807212e+00 6.95331047e-03 
44 1651.35 1.65064784e+00 5.60903463e-03 
43 1652.58 1.52520535e+00 9.62179185e-03 
42 1653.80 1.50975426e+00 7.66128013e-03 
41 1655.03 1.40478812e+00 8.56600670e-03 
40 1656.25 1.37405240e+00 1.02725136e-02 
39 1657.47 1.25934210e+00 1.18996961e-02 
38 1658.70 1.21747021e+00 1.04755283e-02 
37 1659.92 1.09730671e+00 9.09905900e-03 
36 1661.13 1.04599732e+00 1.41383216e-02 
35 1662.35 9.33018007e-01 9.60423513e-03 
34 1663.57 8.71852286e-01 5.45615111e-03 
33 1664.78 7.70560030e-01 9.04231422e-03 
32 1666.00 7.21099212e-01 6.69396140e-03 
31 1667.21 6.39098264e-01 7.34773189e-03 
30 1668.42 6.06969926e-01 5.30091293e-03 
29 1669.63 5.33561945e-01 6.15681600e-03 
28 1670.84 4.98195235e-01 4.08653397e-03 
27 1672.05 4.40268660e-01 4.05054925e-03 
26 1673.26 4.23589295e-01 6.20863167e-03 
25 1674.46 3.67961291e-01 7.87673358e-03 
24 1675.67 3.54649460e-01 4.52928194e-03 
23 1676.87 3.03316349e-01 2.92902271e-03 
22 1678.07 2.90805424e-01 4.46083558e-03 
21 1679.27 2.61487558e-01 6.63219101e-03 
20 1680.47 3.10578214e-01 1.14806182e-02 
19 1681.67 2.19623184e-01 4.15378034e-03 
18 1682.87 2.09910112e-01 2.83083373e-03 
17 1684.06 1.89786006e-01 7.82165152e-03 
16 1685.26 1.83739770e-01 7.35299212e-03 
15 1686.45 1.55963284e-01 5.29219554e-03 
14 1687.64 1.60420582e-01 7.32831795e-03 
13 1688.83 1.37259420e-01 4.59865488e-03 
12 1690.02 1.33320581e-01 3.79013910e-03 
11 1691.21 1.19312550e-01 3.97152763e-03 
10 1692.39 1.15115828e-01 3.62378412e-03 
9 1693.58 1.06633242e-01 5.01396394e-03 
8 1694.76 1.17414056e-01 6.06952385e-03 
7 1695.95 2.05840299e-01 6.79135102e-03 
6 1697.13 2.55914970e-01 1.01319132e-02 
5 1698.31 1.70359023e-01 1.21536583e-02 
4 1699.49 8.15424947e-02 2.27418196e-03 
3 1700.66 1.08285014e-01 7.47552353e-03 
2 1701.84 6.92553339e-02 2.54930619e-03 
1 1703.01 6.60429499e-02 9.26590549e-03 
0 1703.01 3.18008684e+00 5.91892240e-02 
