% C0 (TOA Count Rate, /ms) for 4STAR VIS spectrometer (1044 channels) derived from C:\_star\IOP\MLO\MLO_2018_Aug\starsun\4STARB_20180813starsun.mat and recorded on 2018-08-13 17:45:29.
% Data outside 1.8x the STD of 501 nm Langley residuals were screened out. For instrument:4STARB
Pix Wavelength C0 C0err
0 171.70 -1.00000000e+00 -1.00000000e+00 
1 172.51 -1.00000000e+00 -1.00000000e+00 
2 173.33 -1.00000000e+00 -1.00000000e+00 
3 174.14 -1.00000000e+00 -1.00000000e+00 
4 174.95 -1.00000000e+00 -1.00000000e+00 
5 175.76 -1.00000000e+00 -1.00000000e+00 
6 176.58 -1.00000000e+00 -1.00000000e+00 
7 177.39 -1.00000000e+00 -1.00000000e+00 
8 178.20 -1.00000000e+00 -1.00000000e+00 
9 179.01 -1.00000000e+00 -1.00000000e+00 
10 179.83 -1.00000000e+00 -1.00000000e+00 
11 180.64 -1.00000000e+00 -1.00000000e+00 
12 181.45 -1.00000000e+00 -1.00000000e+00 
13 182.26 -1.00000000e+00 -1.00000000e+00 
14 183.08 -1.00000000e+00 -1.00000000e+00 
15 183.89 -1.00000000e+00 -1.00000000e+00 
16 184.70 -1.00000000e+00 -1.00000000e+00 
17 185.51 -1.00000000e+00 -1.00000000e+00 
18 186.33 -1.00000000e+00 -1.00000000e+00 
19 187.14 -1.00000000e+00 -1.00000000e+00 
20 187.95 -1.00000000e+00 -1.00000000e+00 
21 188.76 -1.00000000e+00 -1.00000000e+00 
22 189.57 -1.00000000e+00 -1.00000000e+00 
23 190.39 -1.00000000e+00 -1.00000000e+00 
24 191.20 -1.00000000e+00 -1.00000000e+00 
25 192.01 -1.00000000e+00 -1.00000000e+00 
26 192.82 -1.00000000e+00 -1.00000000e+00 
27 193.64 -1.00000000e+00 -1.00000000e+00 
28 194.45 -1.00000000e+00 -1.00000000e+00 
29 195.26 -1.00000000e+00 -1.00000000e+00 
30 196.07 -1.00000000e+00 -1.00000000e+00 
31 196.89 -1.00000000e+00 -1.00000000e+00 
32 197.70 -1.00000000e+00 -1.00000000e+00 
33 198.51 -1.00000000e+00 -1.00000000e+00 
34 199.32 -1.00000000e+00 -1.00000000e+00 
35 200.14 -1.00000000e+00 -1.00000000e+00 
36 200.95 -1.00000000e+00 -1.00000000e+00 
37 201.76 -1.00000000e+00 -1.00000000e+00 
38 202.57 -1.00000000e+00 -1.00000000e+00 
39 203.39 -1.00000000e+00 -1.00000000e+00 
40 204.20 -1.00000000e+00 -1.00000000e+00 
41 205.01 -1.00000000e+00 -1.00000000e+00 
42 205.82 -1.00000000e+00 -1.00000000e+00 
43 206.64 -1.00000000e+00 -1.00000000e+00 
44 207.45 -1.00000000e+00 -1.00000000e+00 
45 208.26 -1.00000000e+00 -1.00000000e+00 
46 209.07 -1.00000000e+00 -1.00000000e+00 
47 209.88 -1.00000000e+00 -1.00000000e+00 
48 210.70 -1.00000000e+00 -1.00000000e+00 
49 211.51 -1.00000000e+00 -1.00000000e+00 
50 212.32 -1.00000000e+00 -1.00000000e+00 
51 213.13 -1.00000000e+00 -1.00000000e+00 
52 213.95 -1.00000000e+00 -1.00000000e+00 
53 214.76 -1.00000000e+00 -1.00000000e+00 
54 215.57 -1.00000000e+00 -1.00000000e+00 
55 216.38 -1.00000000e+00 -1.00000000e+00 
56 217.19 -1.00000000e+00 -1.00000000e+00 
57 218.01 -1.00000000e+00 -1.00000000e+00 
58 218.82 -1.00000000e+00 -1.00000000e+00 
59 219.63 -1.00000000e+00 -1.00000000e+00 
60 220.44 -1.00000000e+00 -1.00000000e+00 
61 221.26 -1.00000000e+00 -1.00000000e+00 
62 222.07 -1.00000000e+00 -1.00000000e+00 
63 222.88 -1.00000000e+00 -1.00000000e+00 
64 223.69 -1.00000000e+00 -1.00000000e+00 
65 224.50 -1.00000000e+00 -1.00000000e+00 
66 225.32 -1.00000000e+00 -1.00000000e+00 
67 226.13 -1.00000000e+00 -1.00000000e+00 
68 226.94 -1.00000000e+00 -1.00000000e+00 
69 227.75 9.47225761e+00 2.84167737e-01 
70 228.56 1.09171515e+01 3.27514529e-01 
71 229.38 9.73431873e+00 2.92029560e-01 
72 230.19 1.09354076e+01 3.28062236e-01 
73 231.00 8.81666183e+00 2.64499843e-01 
74 231.81 9.13624763e+00 2.74087429e-01 
75 232.63 -1.00000000e+00 -1.00000000e+00 
76 233.44 -1.00000000e+00 -1.00000000e+00 
77 234.25 -1.00000000e+00 -1.00000000e+00 
78 235.06 -1.00000000e+00 -1.00000000e+00 
79 235.87 -1.00000000e+00 -1.00000000e+00 
80 236.69 -1.00000000e+00 -1.00000000e+00 
81 237.50 -1.00000000e+00 -1.00000000e+00 
82 238.31 -1.00000000e+00 -1.00000000e+00 
83 239.12 -1.00000000e+00 -1.00000000e+00 
84 239.93 -1.00000000e+00 -1.00000000e+00 
85 240.74 -1.00000000e+00 -1.00000000e+00 
86 241.56 -1.00000000e+00 -1.00000000e+00 
87 242.37 -1.00000000e+00 -1.00000000e+00 
88 243.18 -1.00000000e+00 -1.00000000e+00 
89 243.99 -1.00000000e+00 -1.00000000e+00 
90 244.80 -1.00000000e+00 -1.00000000e+00 
91 245.62 -1.00000000e+00 -1.00000000e+00 
92 246.43 -1.00000000e+00 -1.00000000e+00 
93 247.24 -1.00000000e+00 -1.00000000e+00 
94 248.05 -1.00000000e+00 -1.00000000e+00 
95 248.86 -1.00000000e+00 -1.00000000e+00 
96 249.68 -1.00000000e+00 -1.00000000e+00 
97 250.49 -1.00000000e+00 -1.00000000e+00 
98 251.30 -1.00000000e+00 -1.00000000e+00 
99 252.11 -1.00000000e+00 -1.00000000e+00 
100 252.92 -1.00000000e+00 -1.00000000e+00 
101 253.73 -1.00000000e+00 -1.00000000e+00 
102 254.55 -1.00000000e+00 -1.00000000e+00 
103 255.36 -1.00000000e+00 -1.00000000e+00 
104 256.17 -1.00000000e+00 -1.00000000e+00 
105 256.98 -1.00000000e+00 -1.00000000e+00 
106 257.79 -1.00000000e+00 -1.00000000e+00 
107 258.60 -1.00000000e+00 -1.00000000e+00 
108 259.42 -1.00000000e+00 -1.00000000e+00 
109 260.23 -1.00000000e+00 -1.00000000e+00 
110 261.04 -1.00000000e+00 -1.00000000e+00 
111 261.85 -1.00000000e+00 -1.00000000e+00 
112 262.66 -1.00000000e+00 -1.00000000e+00 
113 263.47 -1.00000000e+00 -1.00000000e+00 
114 264.29 -1.00000000e+00 -1.00000000e+00 
115 265.10 -1.00000000e+00 -1.00000000e+00 
116 265.91 -1.00000000e+00 -1.00000000e+00 
117 266.72 -1.00000000e+00 -1.00000000e+00 
118 267.53 -1.00000000e+00 -1.00000000e+00 
119 268.34 -1.00000000e+00 -1.00000000e+00 
120 269.15 -1.00000000e+00 -1.00000000e+00 
121 269.97 -1.00000000e+00 -1.00000000e+00 
122 270.78 -1.00000000e+00 -1.00000000e+00 
123 271.59 -1.00000000e+00 -1.00000000e+00 
124 272.40 -1.00000000e+00 -1.00000000e+00 
125 273.21 -1.00000000e+00 -1.00000000e+00 
126 274.02 -1.00000000e+00 -1.00000000e+00 
127 274.83 -1.00000000e+00 -1.00000000e+00 
128 275.65 1.33414230e+01 4.00242686e-01 
129 276.46 8.51195717e+00 2.55358726e-01 
130 277.27 1.37797413e+01 4.13392246e-01 
131 278.08 1.34857178e+01 4.04571533e-01 
132 278.89 1.36316767e+01 4.08950299e-01 
133 279.70 1.33738308e+01 4.01214927e-01 
134 280.51 1.14240685e+01 3.42722058e-01 
135 281.33 9.76999474e+00 2.93099850e-01 
136 282.14 8.20428181e+00 2.46128455e-01 
137 282.95 7.40129948e+00 2.22038984e-01 
138 283.76 6.27352285e+00 1.88205689e-01 
139 284.57 5.62101841e+00 1.68630555e-01 
140 285.38 5.23822641e+00 1.57146797e-01 
141 286.19 4.43784761e+00 1.33135423e-01 
142 287.00 4.22794151e+00 1.26838252e-01 
143 287.81 3.83901119e+00 1.15170337e-01 
144 288.63 3.49944878e+00 1.04983464e-01 
145 289.44 3.27090979e+00 9.81272906e-02 
146 290.25 3.05271006e+00 9.15812999e-02 
147 291.06 2.77601671e+00 8.32805037e-02 
148 291.87 2.65059686e+00 7.95179084e-02 
149 292.68 2.69828558e+00 8.09485689e-02 
150 293.49 2.41908288e+00 7.25724846e-02 
151 294.30 2.44440484e+00 7.33321458e-02 
152 295.11 2.37052059e+00 7.11156204e-02 
153 295.93 2.28606892e+00 6.85820654e-02 
154 296.74 2.33424544e+00 7.00273663e-02 
155 297.55 2.07455134e+00 6.22365400e-02 
156 298.36 2.18441963e+00 6.55325875e-02 
157 299.17 2.12106395e+00 6.36319220e-02 
158 299.98 2.24256968e+00 6.72770888e-02 
159 300.79 2.45465541e+00 7.36396611e-02 
160 301.60 2.66078186e+00 7.98234567e-02 
161 302.41 3.23799062e+00 9.71397161e-02 
162 303.22 4.05541897e+00 1.21662572e-01 
163 304.03 5.38533545e+00 1.61560059e-01 
164 304.84 7.37611198e+00 2.21283361e-01 
165 305.66 1.00973864e+01 3.02921593e-01 
166 306.47 1.36693640e+01 4.10080910e-01 
167 307.28 1.98886929e+01 5.96660793e-01 
168 308.09 2.56616325e+01 7.69849002e-01 
169 308.90 2.85650120e+01 8.56950343e-01 
170 309.71 3.60738831e+01 1.08221650e+00 
171 310.52 4.81925087e+01 1.44577527e+00 
172 311.33 6.06830978e+01 1.82049298e+00 
173 312.14 6.63877640e+01 1.99163294e+00 
174 312.95 7.17486191e+01 2.15245867e+00 
175 313.76 7.72292633e+01 2.31687784e+00 
176 314.57 8.08549881e+01 2.42564964e+00 
177 315.38 8.03469772e+01 2.41040921e+00 
178 316.19 8.36808014e+01 2.51042414e+00 
179 317.00 9.40281677e+01 2.82084513e+00 
180 317.81 9.96432037e+01 2.98929620e+00 
181 318.62 9.93758774e+01 2.98127627e+00 
182 319.43 1.04329224e+02 3.12987661e+00 
183 320.25 1.12813194e+02 3.38439584e+00 
184 321.06 1.13558914e+02 3.40676737e+00 
185 321.87 1.10363998e+02 3.31092000e+00 
186 322.68 1.08035393e+02 3.24106169e+00 
187 323.49 1.10322906e+02 3.30968714e+00 
188 324.30 1.21014961e+02 3.63044882e+00 
189 325.11 1.35705444e+02 4.07116318e+00 
190 325.92 1.52549866e+02 4.57649612e+00 
191 326.73 1.62619415e+02 4.87858248e+00 
192 327.54 1.63579971e+02 4.90739918e+00 
193 328.35 1.64905869e+02 4.94717598e+00 
194 329.16 1.75049805e+02 5.25149393e+00 
195 329.97 1.84324829e+02 5.52974510e+00 
196 330.78 1.82709961e+02 5.48129892e+00 
197 331.59 1.79470703e+02 5.38412094e+00 
198 332.40 1.79601685e+02 5.38805056e+00 
199 333.21 1.78335434e+02 5.35006285e+00 
200 334.02 1.80731049e+02 5.42193127e+00 
201 334.83 1.85126663e+02 5.55380011e+00 
202 335.64 1.80538727e+02 5.41616201e+00 
203 336.45 1.70596207e+02 5.11788607e+00 
204 337.26 1.69800140e+02 5.09400415e+00 
205 338.07 1.80580994e+02 5.41742992e+00 
206 338.88 1.91726089e+02 5.75178289e+00 
207 339.69 2.02473083e+02 6.07419252e+00 
208 340.50 2.06865219e+02 6.20595646e+00 
209 341.31 2.04002136e+02 6.12006426e+00 
210 342.12 2.06379791e+02 6.19139385e+00 
211 342.93 2.09255188e+02 6.27765560e+00 
212 343.74 1.97664566e+02 5.92993689e+00 
213 344.55 1.87545258e+02 5.62635756e+00 
214 345.36 1.94800781e+02 5.84402323e+00 
215 346.17 2.02166870e+02 6.06500626e+00 
216 346.98 2.03112457e+02 6.09337378e+00 
217 347.79 2.01533356e+02 6.04600048e+00 
218 348.59 2.00869354e+02 6.02608061e+00 
219 349.40 2.04141876e+02 6.12425613e+00 
220 350.21 2.17215591e+02 6.51646757e+00 
221 351.02 2.24912277e+02 6.74736834e+00 
222 351.83 2.19106384e+02 6.57319164e+00 
223 352.64 2.15517181e+02 6.46551561e+00 
224 353.45 2.25796860e+02 6.77390575e+00 
225 354.26 2.40916946e+02 7.22750854e+00 
226 355.07 2.44536224e+02 7.33608675e+00 
227 355.88 2.33215729e+02 6.99647188e+00 
228 356.69 2.12822983e+02 6.38468933e+00 
229 357.50 1.93631500e+02 5.80894518e+00 
230 358.31 1.83713150e+02 5.51139450e+00 
231 359.12 1.98945740e+02 5.96837234e+00 
232 359.93 2.25855331e+02 6.77566004e+00 
233 360.74 2.26491531e+02 6.79474592e+00 
234 361.55 2.18846909e+02 6.56540728e+00 
235 362.35 2.27733246e+02 6.83199739e+00 
236 363.16 2.38872559e+02 7.16617680e+00 
237 363.97 2.43119049e+02 7.29357147e+00 
238 364.78 2.51477798e+02 7.54433393e+00 
239 365.59 2.71725830e+02 8.15177536e+00 
240 366.40 2.89367493e+02 8.68102455e+00 
241 367.21 2.90213287e+02 8.70639896e+00 
242 368.02 2.83054077e+02 8.49162197e+00 
243 368.83 2.84533691e+02 8.53601074e+00 
244 369.64 2.96219604e+02 8.88658810e+00 
245 370.44 2.98063385e+02 8.94190121e+00 
246 371.25 2.94474823e+02 8.83424473e+00 
247 372.06 2.86765076e+02 8.60295200e+00 
248 372.87 2.70177246e+02 8.10531712e+00 
249 373.68 2.54798126e+02 7.64394379e+00 
250 374.49 2.53838043e+02 7.61514139e+00 
251 375.30 2.72539185e+02 8.17617512e+00 
252 376.11 2.97212830e+02 8.91638470e+00 
253 376.92 3.22146301e+02 9.66438866e+00 
254 377.72 3.53020508e+02 1.05906153e+01 
255 378.53 3.60085876e+02 1.08025761e+01 
256 379.34 3.41692566e+02 1.02507772e+01 
257 380.15 3.37802094e+02 1.01340628e+01 
258 380.96 3.41413086e+02 1.02423925e+01 
259 381.77 3.10892761e+02 9.32678318e+00 
260 382.58 2.65239227e+02 7.95717669e+00 
261 383.38 2.44451691e+02 7.33355093e+00 
262 384.19 2.65851593e+02 7.97554779e+00 
263 385.00 3.00054688e+02 9.00164032e+00 
264 385.81 3.14744415e+02 9.44233227e+00 
265 386.62 3.18654419e+02 9.55963230e+00 
266 387.43 3.21236084e+02 9.63708210e+00 
267 388.23 3.27905518e+02 9.83716583e+00 
268 389.04 3.50731873e+02 1.05219564e+01 
269 389.85 3.84906555e+02 1.15471964e+01 
270 390.66 4.10428772e+02 1.23128633e+01 
271 391.47 4.13922455e+02 1.24176741e+01 
272 392.28 3.70314758e+02 1.11094427e+01 
273 393.08 3.00481628e+02 9.01444912e+00 
274 393.89 2.89122803e+02 8.67368412e+00 
275 394.70 3.49882813e+02 1.04964848e+01 
276 395.51 3.90248230e+02 1.17074471e+01 
277 396.32 3.59942017e+02 1.07982607e+01 
278 397.12 3.43198425e+02 1.02959528e+01 
279 397.93 4.11763885e+02 1.23529167e+01 
280 398.74 5.06276367e+02 1.51882906e+01 
281 399.55 5.64423035e+02 1.69326916e+01 
282 400.36 5.92637268e+02 1.77791176e+01 
283 401.16 6.12511475e+02 1.83753433e+01 
284 401.97 6.28231201e+02 1.88469353e+01 
285 402.78 6.29658447e+02 1.88897533e+01 
286 403.59 6.23738342e+02 1.87121506e+01 
287 404.39 6.19357300e+02 1.85807190e+01 
288 405.20 6.15460327e+02 1.84638100e+01 
289 406.01 6.09955994e+02 1.82986794e+01 
290 406.82 6.09384460e+02 1.82815342e+01 
291 407.63 6.22445862e+02 1.86733761e+01 
292 408.43 6.45203247e+02 1.93560982e+01 
293 409.24 6.52046204e+02 1.95613861e+01 
294 410.05 6.42899963e+02 1.92869987e+01 
295 410.86 6.54154541e+02 1.96246357e+01 
296 411.66 6.85044800e+02 2.05513439e+01 
297 412.47 7.04405701e+02 2.11321716e+01 
298 413.28 7.09257080e+02 2.12777119e+01 
299 414.08 7.12757568e+02 2.13827267e+01 
300 414.89 7.16838501e+02 2.15051556e+01 
301 415.70 7.24817505e+02 2.17445259e+01 
302 416.51 7.31504028e+02 2.19451218e+01 
303 417.31 7.27118408e+02 2.18135529e+01 
304 418.12 7.20259644e+02 2.16077900e+01 
305 418.93 7.21370850e+02 2.16411247e+01 
306 419.74 7.28039185e+02 2.18411751e+01 
307 420.54 7.41562134e+02 2.22468643e+01 
308 421.35 7.54489502e+02 2.26346855e+01 
309 422.16 7.50502686e+02 2.25150814e+01 
310 422.96 7.42383667e+02 2.22715092e+01 
311 423.77 7.46413818e+02 2.23924141e+01 
312 424.58 7.54603943e+02 2.26381187e+01 
313 425.38 7.56965942e+02 2.27089787e+01 
314 426.19 7.54361084e+02 2.26308327e+01 
315 427.00 7.47726196e+02 2.24317856e+01 
316 427.80 7.42687744e+02 2.22806320e+01 
317 428.61 7.27570374e+02 2.18271103e+01 
318 429.42 6.86720947e+02 2.06016293e+01 
319 430.23 6.46492065e+02 1.93947620e+01 
320 431.03 6.55969360e+02 1.96790810e+01 
321 431.84 7.18304993e+02 2.15491505e+01 
322 432.65 7.71220276e+02 2.31366081e+01 
323 433.45 7.87384644e+02 2.36215401e+01 
324 434.26 7.92707764e+02 2.37812328e+01 
325 435.06 8.15303467e+02 2.44591045e+01 
326 435.87 8.47760803e+02 2.54328232e+01 
327 436.68 8.63586914e+02 2.59076080e+01 
328 437.48 8.49721252e+02 2.54916382e+01 
329 438.29 8.29078979e+02 2.48723698e+01 
330 439.10 8.28651367e+02 2.48595409e+01 
331 439.90 8.46543274e+02 2.53962975e+01 
332 440.71 8.72692749e+02 2.61807823e+01 
333 441.52 9.02176392e+02 2.70652924e+01 
334 442.32 9.26569519e+02 2.77970848e+01 
335 443.13 9.40926636e+02 2.82277985e+01 
336 443.93 9.48523926e+02 2.84557171e+01 
337 444.74 9.47599487e+02 2.84279842e+01 
338 445.55 9.40663757e+02 2.82199135e+01 
339 446.35 9.45255432e+02 2.83576622e+01 
340 447.16 9.65638367e+02 2.89691505e+01 
341 447.96 9.87745728e+02 2.96323719e+01 
342 448.77 1.00381635e+03 3.01144905e+01 
343 449.58 1.02156689e+03 3.06470070e+01 
344 450.38 1.04157043e+03 3.12471123e+01 
345 451.19 1.04871741e+03 3.14615231e+01 
346 451.99 1.03318408e+03 3.09955215e+01 
347 452.80 1.01030389e+03 3.03091164e+01 
348 453.60 1.00224091e+03 3.00672264e+01 
349 454.41 1.00767450e+03 3.02302341e+01 
350 455.22 1.02003021e+03 3.06009064e+01 
351 456.02 1.03565320e+03 3.10695953e+01 
352 456.83 1.04733618e+03 3.14200859e+01 
353 457.63 1.05034094e+03 3.15102291e+01 
354 458.44 1.04625647e+03 3.13876934e+01 
355 459.24 1.04447742e+03 3.13343220e+01 
356 460.05 1.05188110e+03 3.15564327e+01 
357 460.85 1.06548132e+03 3.19644394e+01 
358 461.66 1.07841772e+03 3.23525314e+01 
359 462.46 1.08504016e+03 3.25512047e+01 
360 463.27 1.08098523e+03 3.24295578e+01 
361 464.08 1.07036621e+03 3.21109848e+01 
362 464.88 1.06281628e+03 3.18844891e+01 
363 465.69 1.05792383e+03 3.17377148e+01 
364 466.49 1.05517407e+03 3.16552219e+01 
365 467.30 1.05702832e+03 3.17108498e+01 
366 468.10 1.06321973e+03 3.18965912e+01 
367 468.91 1.06848706e+03 3.20546112e+01 
368 469.71 1.06732556e+03 3.20197678e+01 
369 470.52 1.06830933e+03 3.20492783e+01 
370 471.32 1.08074500e+03 3.24223480e+01 
371 472.13 1.09570801e+03 3.28712387e+01 
372 472.93 1.10555042e+03 3.31665115e+01 
373 473.73 1.11373315e+03 3.34119949e+01 
374 474.54 1.12075366e+03 3.36226082e+01 
375 475.34 1.12410303e+03 3.37230911e+01 
376 476.15 1.12690295e+03 3.38070869e+01 
377 476.95 1.13521716e+03 3.40565147e+01 
378 477.76 1.14689282e+03 3.44067841e+01 
379 478.56 1.15687561e+03 3.47062683e+01 
380 479.37 1.16316760e+03 3.48950272e+01 
381 480.17 1.16802417e+03 3.50407257e+01 
382 480.98 1.17248779e+03 3.51746330e+01 
383 481.78 1.17370166e+03 3.52110481e+01 
384 482.58 1.16906116e+03 3.50718346e+01 
385 483.39 1.15937512e+03 3.47812538e+01 
386 484.19 1.13914368e+03 3.41743088e+01 
387 485.00 1.10011926e+03 3.30035782e+01 
388 485.80 1.05548462e+03 3.16645393e+01 
389 486.61 1.03759534e+03 3.11278610e+01 
390 487.41 1.05251282e+03 3.15753841e+01 
391 488.21 1.08346887e+03 3.25040665e+01 
392 489.02 1.11625549e+03 3.34876633e+01 
393 489.82 1.14001636e+03 3.42004890e+01 
394 490.63 1.14578101e+03 3.43734283e+01 
395 491.43 1.13891382e+03 3.41674156e+01 
396 492.23 1.13336475e+03 3.40009422e+01 
397 493.04 1.13815442e+03 3.41446342e+01 
398 493.84 1.15262695e+03 3.45788078e+01 
399 494.64 1.16640344e+03 3.49921036e+01 
400 495.45 1.17415564e+03 3.52246704e+01 
401 496.25 1.17764270e+03 3.53292809e+01 
402 497.06 1.17364172e+03 3.52092514e+01 
403 497.86 1.16492053e+03 3.49476166e+01 
404 498.66 1.15680396e+03 3.47041168e+01 
405 499.47 1.14796472e+03 3.44389420e+01 
406 500.27 1.13656750e+03 3.40970268e+01 
407 501.07 1.12758069e+03 3.38274193e+01 
408 501.88 1.12842517e+03 3.38527565e+01 
409 502.68 1.13663037e+03 3.40989113e+01 
410 503.48 1.14577722e+03 3.43733177e+01 
411 504.29 1.15711841e+03 3.47135506e+01 
412 505.09 1.17161926e+03 3.51485786e+01 
413 505.89 1.18044873e+03 3.54134636e+01 
414 506.70 1.17976440e+03 3.53929329e+01 
415 507.50 1.17248779e+03 3.51746330e+01 
416 508.30 1.16817285e+03 3.50451851e+01 
417 509.10 1.16815344e+03 3.50446014e+01 
418 509.91 1.17133777e+03 3.51401329e+01 
419 510.71 1.17465454e+03 3.52396355e+01 
420 511.51 1.17353210e+03 3.52059631e+01 
421 512.32 1.16511658e+03 3.49534988e+01 
422 513.12 1.15208301e+03 3.45624886e+01 
423 513.92 1.14038379e+03 3.42115135e+01 
424 514.72 1.13155518e+03 3.39466553e+01 
425 515.53 1.11280371e+03 3.33841095e+01 
426 516.33 1.08030042e+03 3.24090118e+01 
427 517.13 1.05200452e+03 3.15601349e+01 
428 517.93 1.04296497e+03 3.12889481e+01 
429 518.74 1.05806360e+03 3.17419071e+01 
430 519.54 1.08573938e+03 3.25721817e+01 
431 520.34 1.11074573e+03 3.33223724e+01 
432 521.14 1.12738391e+03 3.38215179e+01 
433 521.95 1.13300269e+03 3.39900818e+01 
434 522.75 1.13720605e+03 3.41161804e+01 
435 523.55 1.14726648e+03 3.44179955e+01 
436 524.35 1.15572876e+03 3.46718636e+01 
437 525.15 1.15125757e+03 3.45377274e+01 
438 525.96 1.13056653e+03 3.39169960e+01 
439 526.76 1.11231030e+03 3.33693085e+01 
440 527.56 1.11556372e+03 3.34669113e+01 
441 528.36 1.13653125e+03 3.40959358e+01 
442 529.16 1.16093567e+03 3.48280716e+01 
443 529.97 1.17916602e+03 3.53749809e+01 
444 530.77 1.18621362e+03 3.55864105e+01 
445 531.57 1.17940112e+03 3.53820343e+01 
446 532.37 1.16615381e+03 3.49846153e+01 
447 533.17 1.15830420e+03 3.47491264e+01 
448 533.97 1.16060083e+03 3.48180237e+01 
449 534.78 1.17105518e+03 3.51316566e+01 
450 535.58 1.17757751e+03 3.53273239e+01 
451 536.38 1.17589526e+03 3.52768593e+01 
452 537.18 1.17130420e+03 3.51391258e+01 
453 537.98 1.16687634e+03 3.50062904e+01 
454 538.78 1.15884338e+03 3.47653008e+01 
455 539.58 1.14745361e+03 3.44236069e+01 
456 540.39 1.13956897e+03 3.41870689e+01 
457 541.19 1.14034961e+03 3.42104874e+01 
458 541.99 1.14696240e+03 3.44088707e+01 
459 542.79 1.15605457e+03 3.46816368e+01 
460 543.59 1.16409253e+03 3.49227753e+01 
461 544.39 1.16879419e+03 3.50638275e+01 
462 545.19 1.17148914e+03 3.51446724e+01 
463 545.99 1.16977991e+03 3.50933990e+01 
464 546.79 1.16444238e+03 3.49332733e+01 
465 547.59 1.15844116e+03 3.47532349e+01 
466 548.39 1.15684363e+03 3.47053070e+01 
467 549.20 1.15795789e+03 3.47387352e+01 
468 550.00 1.15921033e+03 3.47763100e+01 
469 550.80 1.15925403e+03 3.47776222e+01 
470 551.60 1.15817273e+03 3.47451820e+01 
471 552.40 1.15719397e+03 3.47158203e+01 
472 553.20 1.15763879e+03 3.47291641e+01 
473 554.00 1.16120251e+03 3.48360748e+01 
474 554.80 1.16211597e+03 3.48634796e+01 
475 555.60 1.15750854e+03 3.47252579e+01 
476 556.40 1.14978894e+03 3.44936676e+01 
477 557.20 1.14082385e+03 3.42247162e+01 
478 558.00 1.12918628e+03 3.38755875e+01 
479 558.80 1.12118933e+03 3.36356812e+01 
480 559.60 1.12114014e+03 3.36342049e+01 
481 560.40 1.12447290e+03 3.37341881e+01 
482 561.20 1.13052612e+03 3.39157829e+01 
483 562.00 1.13919849e+03 3.41759529e+01 
484 562.80 1.14447388e+03 3.43342171e+01 
485 563.60 1.14833752e+03 3.44501266e+01 
486 564.40 1.15042456e+03 3.45127373e+01 
487 565.20 1.14960754e+03 3.44882278e+01 
488 566.00 1.14780713e+03 3.44342155e+01 
489 566.80 1.14885181e+03 3.44655533e+01 
490 567.60 1.15380542e+03 3.46141624e+01 
491 568.40 1.15744568e+03 3.47233696e+01 
492 569.20 1.15686963e+03 3.47060890e+01 
493 570.00 1.15296509e+03 3.45889511e+01 
494 570.80 1.14977856e+03 3.44933586e+01 
495 571.60 1.15699707e+03 3.47099113e+01 
496 572.39 1.17236865e+03 3.51710587e+01 
497 573.19 1.18627930e+03 3.55883789e+01 
498 573.99 1.19170898e+03 3.57512703e+01 
499 574.79 1.18607178e+03 3.55821533e+01 
500 575.59 1.17810266e+03 3.53430786e+01 
501 576.39 1.17332507e+03 3.51997528e+01 
502 577.19 1.16712500e+03 3.50137482e+01 
503 577.99 1.15764380e+03 3.47293129e+01 
504 578.79 1.14907483e+03 3.44722443e+01 
505 579.59 1.14456006e+03 3.43368034e+01 
506 580.38 1.14242212e+03 3.42726631e+01 
507 581.18 1.14125964e+03 3.42377892e+01 
508 581.98 1.14021753e+03 3.42065277e+01 
509 582.78 1.13856262e+03 3.41568794e+01 
510 583.58 1.13361169e+03 3.40083504e+01 
511 584.38 1.12308618e+03 3.36925850e+01 
512 585.18 1.10981018e+03 3.32943039e+01 
513 585.97 1.09929126e+03 3.29787369e+01 
514 586.77 1.09381360e+03 3.28144073e+01 
515 587.57 1.08285327e+03 3.24855995e+01 
516 588.37 1.06052100e+03 3.18156300e+01 
517 589.17 1.04107495e+03 3.12322483e+01 
518 589.97 1.03916943e+03 3.11750832e+01 
519 590.76 1.05109290e+03 3.15327873e+01 
520 591.56 1.06634436e+03 3.19903316e+01 
521 592.36 1.07597473e+03 3.22792435e+01 
522 593.16 1.08018237e+03 3.24054718e+01 
523 593.96 1.08158850e+03 3.24476547e+01 
524 594.75 1.08268860e+03 3.24806595e+01 
525 595.55 1.08533252e+03 3.25599747e+01 
526 596.35 1.08837158e+03 3.26511459e+01 
527 597.15 1.08929517e+03 3.26788559e+01 
528 597.94 1.08833105e+03 3.26499329e+01 
529 598.74 1.08667273e+03 3.26001816e+01 
530 599.54 1.08434546e+03 3.25303650e+01 
531 600.34 1.08183752e+03 3.24551239e+01 
532 601.13 1.07893616e+03 3.23680840e+01 
533 601.93 1.08018958e+03 3.24056854e+01 
534 602.73 1.08792322e+03 3.26376953e+01 
535 603.53 1.09860950e+03 3.29582863e+01 
536 604.32 1.10581250e+03 3.31743736e+01 
537 605.12 1.10821106e+03 3.32463303e+01 
538 605.92 1.10701953e+03 3.32105865e+01 
539 606.71 1.10523633e+03 3.31570892e+01 
540 607.51 1.10231104e+03 3.30693321e+01 
541 608.31 1.09704370e+03 3.29113121e+01 
542 609.10 1.09030383e+03 3.27091141e+01 
543 609.90 1.08429382e+03 3.25288162e+01 
544 610.70 1.08127905e+03 3.24383698e+01 
545 611.49 1.07956860e+03 3.23870583e+01 
546 612.29 1.07595166e+03 3.22785492e+01 
547 613.09 1.07131445e+03 3.21394348e+01 
548 613.88 1.06792432e+03 3.20377312e+01 
549 614.68 1.06431897e+03 3.19295692e+01 
550 615.48 1.05717554e+03 3.17152653e+01 
551 616.27 1.05032935e+03 3.15098801e+01 
552 617.07 1.04997241e+03 3.14991722e+01 
553 617.87 1.05589587e+03 3.16768761e+01 
554 618.66 1.06350012e+03 3.19050045e+01 
555 619.46 1.07015393e+03 3.21046181e+01 
556 620.25 1.07345911e+03 3.22037735e+01 
557 621.05 1.07248083e+03 3.21744232e+01 
558 621.85 1.06751746e+03 3.20255241e+01 
559 622.64 1.06040417e+03 3.18121262e+01 
560 623.44 1.05303540e+03 3.15910625e+01 
561 624.23 1.04615076e+03 3.13845234e+01 
562 625.03 1.04105261e+03 3.12315788e+01 
563 625.83 1.04119006e+03 3.12357025e+01 
564 626.62 1.04352759e+03 3.13058281e+01 
565 627.42 1.04304114e+03 3.12912350e+01 
566 628.21 1.04154016e+03 3.12462044e+01 
567 629.01 1.03851697e+03 3.11555099e+01 
568 629.80 1.03526953e+03 3.10580864e+01 
569 630.60 1.03209290e+03 3.09627876e+01 
570 631.39 1.02996851e+03 3.08990555e+01 
571 632.19 1.03146216e+03 3.09438648e+01 
572 632.98 1.03325098e+03 3.09975300e+01 
573 633.78 1.03318896e+03 3.09956684e+01 
574 634.57 1.03256299e+03 3.09768906e+01 
575 635.37 1.03044458e+03 3.09133377e+01 
576 636.16 1.02946277e+03 3.08838825e+01 
577 636.96 1.03067847e+03 3.09203548e+01 
578 637.75 1.03228186e+03 3.09684563e+01 
579 638.55 1.03014832e+03 3.09044495e+01 
580 639.34 1.02223297e+03 3.06669884e+01 
581 640.14 1.01212219e+03 3.03636665e+01 
582 640.93 1.00360864e+03 3.01082592e+01 
583 641.73 9.99625366e+02 2.99887619e+01 
584 642.52 9.99195068e+02 2.99758530e+01 
585 643.32 9.99242676e+02 2.99772797e+01 
586 644.11 9.96996277e+02 2.99098892e+01 
587 644.90 9.91610229e+02 2.97483063e+01 
588 645.70 9.84288574e+02 2.95286579e+01 
589 646.49 9.78381348e+02 2.93514404e+01 
590 647.29 9.74261780e+02 2.92278538e+01 
591 648.08 9.68589294e+02 2.90576782e+01 
592 648.88 9.57339600e+02 2.87201881e+01 
593 649.67 9.47487854e+02 2.84246349e+01 
594 650.46 9.46773376e+02 2.84032021e+01 
595 651.26 9.49827454e+02 2.84948235e+01 
596 652.05 9.49615479e+02 2.84884644e+01 
597 652.84 9.45976013e+02 2.83792801e+01 
598 653.64 9.39455261e+02 2.81836586e+01 
599 654.43 9.23321655e+02 2.76996498e+01 
600 655.22 8.88384277e+02 2.66515274e+01 
601 656.02 8.46692627e+02 2.54007797e+01 
602 656.81 8.34034302e+02 2.50210285e+01 
603 657.61 8.57872192e+02 2.57361660e+01 
604 658.40 8.88089905e+02 2.66426964e+01 
605 659.19 9.04058716e+02 2.71217613e+01 
606 659.98 9.09953125e+02 2.72985935e+01 
607 660.78 9.13894531e+02 2.74168358e+01 
608 661.57 9.16912476e+02 2.75073738e+01 
609 662.36 9.16380981e+02 2.74914303e+01 
610 663.16 9.12330139e+02 2.73699036e+01 
611 663.95 9.09908020e+02 2.72972412e+01 
612 664.74 9.11976501e+02 2.73592949e+01 
613 665.53 9.13643127e+02 2.74092941e+01 
614 666.33 9.12328796e+02 2.73698635e+01 
615 667.12 9.09808655e+02 2.72942600e+01 
616 667.91 9.09357605e+02 2.72807274e+01 
617 668.71 9.11146301e+02 2.73343887e+01 
618 669.50 9.11332703e+02 2.73399811e+01 
619 670.29 9.08820923e+02 2.72646275e+01 
620 671.08 9.05244995e+02 2.71573505e+01 
621 671.87 9.02826660e+02 2.70848007e+01 
622 672.67 9.04592529e+02 2.71377754e+01 
623 673.46 9.07960693e+02 2.72388210e+01 
624 674.25 9.08771973e+02 2.72631588e+01 
625 675.04 9.08548401e+02 2.72564526e+01 
626 675.83 9.09626465e+02 2.72887936e+01 
627 676.63 9.10643311e+02 2.73192997e+01 
628 677.42 9.09851624e+02 2.72955494e+01 
629 678.21 9.08217468e+02 2.72465248e+01 
630 679.00 9.07121155e+02 2.72136345e+01 
631 679.79 9.06748840e+02 2.72024651e+01 
632 680.58 9.06153625e+02 2.71846085e+01 
633 681.38 9.05353333e+02 2.71606007e+01 
634 682.17 9.03909119e+02 2.71172733e+01 
635 682.96 8.99671021e+02 2.69901314e+01 
636 683.75 8.92059509e+02 2.67617855e+01 
637 684.54 8.84132080e+02 2.65239620e+01 
638 685.33 8.73655396e+02 2.62096615e+01 
639 686.12 8.42126282e+02 2.52637882e+01 
640 686.91 7.93260559e+02 2.37978172e+01 
641 687.71 7.69414917e+02 2.30824471e+01 
642 688.50 7.79302368e+02 2.33790703e+01 
643 689.29 7.92466248e+02 2.37739868e+01 
644 690.08 8.01569031e+02 2.40470715e+01 
645 690.87 8.11342224e+02 2.43402672e+01 
646 691.66 8.20045776e+02 2.46013737e+01 
647 692.45 8.26831787e+02 2.48049545e+01 
648 693.24 8.30090088e+02 2.49027023e+01 
649 694.03 8.28204224e+02 2.48461266e+01 
650 694.82 8.23836487e+02 2.47150955e+01 
651 695.61 8.22305847e+02 2.46691761e+01 
652 696.40 8.23747314e+02 2.47124195e+01 
653 697.19 8.21532959e+02 2.46459885e+01 
654 697.98 8.14739136e+02 2.44421749e+01 
655 698.77 8.08488220e+02 2.42546463e+01 
656 699.56 8.02846313e+02 2.40853901e+01 
657 700.35 7.95600098e+02 2.38680038e+01 
658 701.14 7.88442627e+02 2.36532784e+01 
659 701.93 7.83029480e+02 2.34908848e+01 
660 702.72 7.80607056e+02 2.34182110e+01 
661 703.51 7.80743652e+02 2.34223099e+01 
662 704.30 7.82017517e+02 2.34605255e+01 
663 705.09 7.82038391e+02 2.34611511e+01 
664 705.88 7.78409546e+02 2.33522873e+01 
665 706.67 7.75302002e+02 2.32590599e+01 
666 707.46 7.73786621e+02 2.32135983e+01 
667 708.25 7.71669434e+02 2.31500835e+01 
668 709.04 7.67989746e+02 2.30396919e+01 
669 709.83 7.67215637e+02 2.30164700e+01 
670 710.61 7.66697021e+02 2.30009098e+01 
671 711.40 7.62533325e+02 2.28759995e+01 
672 712.19 7.57472168e+02 2.27241650e+01 
673 712.98 7.55476318e+02 2.26642895e+01 
674 713.77 7.55315308e+02 2.26594601e+01 
675 714.56 7.53888611e+02 2.26166592e+01 
676 715.35 7.50992798e+02 2.25297832e+01 
677 716.14 7.43158936e+02 2.22947674e+01 
678 716.92 7.25953735e+02 2.17786121e+01 
679 717.71 7.03327637e+02 2.10998287e+01 
680 718.50 6.81043274e+02 2.04312973e+01 
681 719.29 6.70966309e+02 2.01289902e+01 
682 720.08 6.74757080e+02 2.02427120e+01 
683 720.87 6.88060913e+02 2.06418266e+01 
684 721.65 7.05526733e+02 2.11658020e+01 
685 722.44 7.11723755e+02 2.13517132e+01 
686 723.23 7.03195190e+02 2.10958557e+01 
687 724.02 6.93709473e+02 2.08112850e+01 
688 724.81 6.93560303e+02 2.08068085e+01 
689 725.59 7.00170532e+02 2.10051155e+01 
690 726.38 7.05761292e+02 2.11728382e+01 
691 727.17 7.05019653e+02 2.11505890e+01 
692 727.96 7.00960205e+02 2.10288067e+01 
693 728.74 6.96495300e+02 2.08948593e+01 
694 729.53 6.98018066e+02 2.09405422e+01 
695 730.32 7.06147400e+02 2.11844215e+01 
696 731.11 7.12116211e+02 2.13634872e+01 
697 731.89 7.18723328e+02 2.15616989e+01 
698 732.68 7.25474121e+02 2.17642231e+01 
699 733.47 7.31972656e+02 2.19591789e+01 
700 734.25 7.35669861e+02 2.20700951e+01 
701 735.04 7.32540405e+02 2.19762115e+01 
702 735.83 7.27703979e+02 2.18311195e+01 
703 736.62 7.26390381e+02 2.17917118e+01 
704 737.40 7.26001099e+02 2.17800331e+01 
705 738.19 7.20039185e+02 2.16011753e+01 
706 738.98 7.12410034e+02 2.13723011e+01 
707 739.76 7.11793335e+02 2.13537998e+01 
708 740.55 7.10867737e+02 2.13260326e+01 
709 741.33 7.05422852e+02 2.11626854e+01 
710 742.12 7.04511475e+02 2.11353436e+01 
711 742.91 7.08700623e+02 2.12610188e+01 
712 743.69 7.10470886e+02 2.13141270e+01 
713 744.48 7.07116089e+02 2.12134819e+01 
714 745.27 7.03458130e+02 2.11037445e+01 
715 746.05 7.01349060e+02 2.10404720e+01 
716 746.84 6.99204651e+02 2.09761391e+01 
717 747.62 6.98112915e+02 2.09433880e+01 
718 748.41 6.94336548e+02 2.08300972e+01 
719 749.19 6.87067200e+02 2.06120167e+01 
720 749.98 6.81017944e+02 2.04305382e+01 
721 750.77 6.76989258e+02 2.03096771e+01 
722 751.55 6.73354492e+02 2.02006340e+01 
723 752.34 6.69954834e+02 2.00986443e+01 
724 753.12 6.66030945e+02 1.99809284e+01 
725 753.91 6.64032471e+02 1.99209747e+01 
726 754.69 6.61249390e+02 1.98374825e+01 
727 755.48 6.55749756e+02 1.96724930e+01 
728 756.26 6.49961670e+02 1.94988499e+01 
729 757.05 6.44645386e+02 1.93393612e+01 
730 757.83 6.36135986e+02 1.90840797e+01 
731 758.62 6.00222412e+02 1.80066719e+01 
732 759.40 4.88268768e+02 1.46480627e+01 
733 760.19 3.39037872e+02 1.01711359e+01 
734 760.97 2.88809204e+02 8.66427612e+00 
735 761.75 3.40542603e+02 1.02162781e+01 
736 762.54 3.85151276e+02 1.15545387e+01 
737 763.32 3.97177429e+02 1.19153233e+01 
738 764.11 4.15516937e+02 1.24655085e+01 
739 764.89 4.47624115e+02 1.34287233e+01 
740 765.68 4.83014679e+02 1.44904404e+01 
741 766.46 5.17067383e+02 1.55120211e+01 
742 767.24 5.47587830e+02 1.64276352e+01 
743 768.03 5.68212769e+02 1.70463829e+01 
744 768.81 5.77820557e+02 1.73346176e+01 
745 769.60 5.82614990e+02 1.74784489e+01 
746 770.38 5.85353088e+02 1.75605927e+01 
747 771.16 5.84286743e+02 1.75286026e+01 
748 771.95 5.82330566e+02 1.74699173e+01 
749 772.73 5.83289612e+02 1.74986877e+01 
750 773.51 5.84252197e+02 1.75275650e+01 
751 774.30 5.81187927e+02 1.74356384e+01 
752 775.08 5.77824158e+02 1.73347244e+01 
753 775.86 5.78310425e+02 1.73493118e+01 
754 776.65 5.78502380e+02 1.73550720e+01 
755 777.43 5.75681213e+02 1.72704372e+01 
756 778.21 5.73194641e+02 1.71958389e+01 
757 778.99 5.71973938e+02 1.71592178e+01 
758 779.78 5.69904053e+02 1.70971222e+01 
759 780.56 5.68782288e+02 1.70634689e+01 
760 781.34 5.70648071e+02 1.71194420e+01 
761 782.13 5.71697754e+02 1.71509323e+01 
762 782.91 5.68343628e+02 1.70503082e+01 
763 783.69 5.63415466e+02 1.69024639e+01 
764 784.47 5.61789734e+02 1.68536911e+01 
765 785.25 5.62779907e+02 1.68833981e+01 
766 786.04 5.63235718e+02 1.68970718e+01 
767 786.82 5.61638123e+02 1.68491440e+01 
768 787.60 5.58351563e+02 1.67505474e+01 
769 788.38 5.55685181e+02 1.66705551e+01 
770 789.16 5.54094971e+02 1.66228485e+01 
771 789.95 5.52924683e+02 1.65877399e+01 
772 790.73 5.49974121e+02 1.64992237e+01 
773 791.51 5.45084045e+02 1.63525219e+01 
774 792.29 5.39477051e+02 1.61843109e+01 
775 793.07 5.35095093e+02 1.60528526e+01 
776 793.85 5.33541199e+02 1.60062351e+01 
777 794.64 5.35253540e+02 1.60576057e+01 
778 795.42 5.37957642e+02 1.61387291e+01 
779 796.20 5.39000610e+02 1.61700191e+01 
780 796.98 5.38926331e+02 1.61677895e+01 
781 797.76 5.39941833e+02 1.61982555e+01 
782 798.54 5.39979431e+02 1.61993828e+01 
783 799.32 5.36430420e+02 1.60929127e+01 
784 800.10 5.31297180e+02 1.59389153e+01 
785 800.88 5.28451416e+02 1.58535423e+01 
786 801.66 5.28376831e+02 1.58513050e+01 
787 802.44 5.29218018e+02 1.58765402e+01 
788 803.23 5.28416626e+02 1.58524990e+01 
789 804.01 5.24711365e+02 1.57413406e+01 
790 804.79 5.20201233e+02 1.56060371e+01 
791 805.57 5.18273499e+02 1.55482054e+01 
792 806.35 5.18966187e+02 1.55689859e+01 
793 807.13 5.18933716e+02 1.55680113e+01 
794 807.91 5.15760071e+02 1.54728022e+01 
795 808.69 5.10153748e+02 1.53046122e+01 
796 809.47 5.04731537e+02 1.51419458e+01 
797 810.25 5.02035278e+02 1.50610580e+01 
798 811.03 5.02194733e+02 1.50658417e+01 
799 811.80 5.01239197e+02 1.50371761e+01 
800 812.58 4.95494324e+02 1.48648300e+01 
801 813.36 4.84609039e+02 1.45382710e+01 
802 814.14 4.72870728e+02 1.41861219e+01 
803 814.92 4.63747803e+02 1.39124336e+01 
804 815.70 4.58069885e+02 1.37420969e+01 
805 816.48 4.53947876e+02 1.36184359e+01 
806 817.26 4.49152832e+02 1.34745846e+01 
807 818.04 4.44144287e+02 1.33243284e+01 
808 818.82 4.41677704e+02 1.32503309e+01 
809 819.60 4.44677429e+02 1.33403225e+01 
810 820.38 4.50476013e+02 1.35142803e+01 
811 821.15 4.50697968e+02 1.35209389e+01 
812 821.93 4.42988586e+02 1.32896576e+01 
813 822.71 4.33522736e+02 1.30056820e+01 
814 823.49 4.31331055e+02 1.29399319e+01 
815 824.27 4.37292450e+02 1.31187735e+01 
816 825.05 4.45956604e+02 1.33786983e+01 
817 825.82 4.50301636e+02 1.35090494e+01 
818 826.60 4.46796936e+02 1.34039078e+01 
819 827.38 4.38587372e+02 1.31576214e+01 
820 828.16 4.31743439e+02 1.29523029e+01 
821 828.94 4.29339417e+02 1.28801823e+01 
822 829.71 4.30935547e+02 1.29280663e+01 
823 830.49 4.32624847e+02 1.29787455e+01 
824 831.27 4.31333740e+02 1.29400120e+01 
825 832.05 4.27452118e+02 1.28235636e+01 
826 832.82 4.23971985e+02 1.27191591e+01 
827 833.60 4.23953186e+02 1.27185955e+01 
828 834.38 4.27677399e+02 1.28303223e+01 
829 835.16 4.32109833e+02 1.29632950e+01 
830 835.93 4.33917328e+02 1.30175200e+01 
831 836.71 4.32706757e+02 1.29812031e+01 
832 837.49 4.30106781e+02 1.29032030e+01 
833 838.26 4.29044067e+02 1.28713217e+01 
834 839.04 4.30232513e+02 1.29069757e+01 
835 839.82 4.32079956e+02 1.29623985e+01 
836 840.59 4.32068634e+02 1.29620590e+01 
837 841.37 4.28938538e+02 1.28681564e+01 
838 842.15 4.24027161e+02 1.27208147e+01 
839 842.92 4.19988953e+02 1.25996685e+01 
840 843.70 4.18960632e+02 1.25688190e+01 
841 844.48 4.19859985e+02 1.25957994e+01 
842 845.25 4.20160400e+02 1.26048117e+01 
843 846.03 4.18046051e+02 1.25413818e+01 
844 846.80 4.13513489e+02 1.24054050e+01 
845 847.58 4.07667267e+02 1.22300177e+01 
846 848.35 4.01964630e+02 1.20589390e+01 
847 849.13 3.98645813e+02 1.19593744e+01 
848 849.91 3.96923157e+02 1.19076948e+01 
849 850.68 3.95814453e+02 1.18744335e+01 
850 851.46 3.92509003e+02 1.17752705e+01 
851 852.23 3.85553680e+02 1.15666103e+01 
852 853.01 3.77465363e+02 1.13239613e+01 
853 853.78 3.71361603e+02 1.11408482e+01 
854 854.56 3.69828613e+02 1.10948582e+01 
855 855.33 3.73208130e+02 1.11962442e+01 
856 856.11 3.79528259e+02 1.13858480e+01 
857 856.88 3.84685608e+02 1.15405684e+01 
858 857.66 3.87153687e+02 1.16146107e+01 
859 858.43 3.87399109e+02 1.16219730e+01 
860 859.21 3.87503510e+02 1.16251049e+01 
861 859.98 3.87818481e+02 1.16345549e+01 
862 860.76 3.87476166e+02 1.16242847e+01 
863 861.53 3.85406982e+02 1.15622091e+01 
864 862.30 3.81582245e+02 1.14474678e+01 
865 863.08 3.76545471e+02 1.12963638e+01 
866 863.85 3.70905548e+02 1.11271667e+01 
867 864.63 3.65057526e+02 1.09517260e+01 
868 865.40 3.59534088e+02 1.07860222e+01 
869 866.17 3.54591003e+02 1.06377296e+01 
870 866.95 3.50874084e+02 1.05262222e+01 
871 867.72 3.49936554e+02 1.04980965e+01 
872 868.50 3.51867798e+02 1.05560341e+01 
873 869.27 3.55364380e+02 1.06609316e+01 
874 870.04 3.58565063e+02 1.07569523e+01 
875 870.82 3.59920715e+02 1.07976217e+01 
876 871.59 3.58869202e+02 1.07660761e+01 
877 872.36 3.55643555e+02 1.06693068e+01 
878 873.13 3.50983337e+02 1.05295000e+01 
879 873.91 3.46802795e+02 1.04040842e+01 
880 874.68 3.44205872e+02 1.03261757e+01 
881 875.45 3.43294006e+02 1.02988205e+01 
882 876.23 3.42880768e+02 1.02864227e+01 
883 877.00 3.41796875e+02 1.02539063e+01 
884 877.77 3.39162842e+02 1.01748848e+01 
885 878.54 3.35983276e+02 1.00794983e+01 
886 879.32 3.33004669e+02 9.99013996e+00 
887 880.09 3.31176788e+02 9.93530369e+00 
888 880.86 3.30484436e+02 9.91453266e+00 
889 881.63 3.30851318e+02 9.92553997e+00 
890 882.40 3.31126892e+02 9.93380642e+00 
891 883.18 3.29934753e+02 9.89804268e+00 
892 883.95 3.27631409e+02 9.82894230e+00 
893 884.72 3.24738434e+02 9.74215317e+00 
894 885.49 3.22234497e+02 9.66703510e+00 
895 886.26 3.20766907e+02 9.62300682e+00 
896 887.03 3.20176758e+02 9.60530281e+00 
897 887.81 3.19732788e+02 9.59198380e+00 
898 888.58 3.18712952e+02 9.56138897e+00 
899 889.35 3.17079163e+02 9.51237488e+00 
900 890.12 3.15117004e+02 9.45351028e+00 
901 890.89 3.13060089e+02 9.39180279e+00 
902 891.66 3.11300873e+02 9.33902645e+00 
903 892.43 3.09320465e+02 9.27961349e+00 
904 893.20 3.06742584e+02 9.20227718e+00 
905 893.97 3.03155182e+02 9.09465504e+00 
906 894.74 2.98207245e+02 8.94621754e+00 
907 895.51 2.92162445e+02 8.76487350e+00 
908 896.28 2.85766693e+02 8.57300091e+00 
909 897.05 2.79866211e+02 8.39598656e+00 
910 897.83 2.75092377e+02 8.25277138e+00 
911 898.60 2.71420349e+02 8.14261055e+00 
912 899.37 2.68796631e+02 8.06389904e+00 
913 900.14 2.66930908e+02 8.00792694e+00 
914 900.90 2.65746765e+02 7.97240305e+00 
915 901.67 2.65457245e+02 7.96371746e+00 
916 902.44 2.66292725e+02 7.98878193e+00 
917 903.21 2.67735779e+02 8.03207302e+00 
918 903.98 2.69118530e+02 8.07355595e+00 
919 904.75 2.69483337e+02 8.08450031e+00 
920 905.52 2.68076874e+02 8.04230595e+00 
921 906.29 2.64811218e+02 7.94433641e+00 
922 907.06 2.60326202e+02 7.80978584e+00 
923 907.83 2.55762085e+02 7.67286253e+00 
924 908.60 2.51911423e+02 7.55734253e+00 
925 909.37 2.49265945e+02 7.47797823e+00 
926 910.14 2.47872070e+02 7.43616199e+00 
927 910.90 2.47342773e+02 7.42028332e+00 
928 911.67 2.46910172e+02 7.40730524e+00 
929 912.44 2.46034714e+02 7.38104153e+00 
930 913.21 2.44396805e+02 7.33190393e+00 
931 913.98 2.42592148e+02 7.27776432e+00 
932 914.75 2.41117828e+02 7.23353481e+00 
933 915.51 2.39940399e+02 7.19821215e+00 
934 916.28 2.39357025e+02 7.18071079e+00 
935 917.05 2.39188629e+02 7.17565870e+00 
936 917.82 2.38699951e+02 7.16099834e+00 
937 918.59 2.37869705e+02 7.13609123e+00 
938 919.35 2.36771347e+02 7.10314035e+00 
939 920.12 2.35465759e+02 7.06397295e+00 
940 920.89 2.33979065e+02 7.01937199e+00 
941 921.66 2.32747467e+02 6.98242378e+00 
942 922.42 2.31314896e+02 6.93944693e+00 
943 923.19 2.29465759e+02 6.88397264e+00 
944 923.96 2.27025894e+02 6.81077671e+00 
945 924.72 2.23907486e+02 6.71722460e+00 
946 925.49 2.19852676e+02 6.59558010e+00 
947 926.26 2.15069290e+02 6.45207882e+00 
948 927.03 2.09412109e+02 6.28236341e+00 
949 927.79 2.02980881e+02 6.08942652e+00 
950 928.56 1.95664230e+02 5.86992693e+00 
951 929.32 1.87027390e+02 5.61082172e+00 
952 930.09 1.77753448e+02 5.33260345e+00 
953 930.86 1.67929260e+02 5.03787804e+00 
954 931.62 1.58173126e+02 4.74519396e+00 
955 932.39 1.49191025e+02 4.47573090e+00 
956 933.16 1.41418304e+02 4.24254894e+00 
957 933.92 1.35210876e+02 4.05632639e+00 
958 934.69 1.30663254e+02 3.91989756e+00 
959 935.45 1.27417412e+02 3.82252240e+00 
960 936.22 1.25170715e+02 3.75512147e+00 
961 936.98 1.23577415e+02 3.70732236e+00 
962 937.75 1.22350052e+02 3.67050147e+00 
963 938.51 1.21489990e+02 3.64469981e+00 
964 939.28 1.20937607e+02 3.62812829e+00 
965 940.04 1.20172478e+02 3.60517430e+00 
966 940.81 1.19063545e+02 3.57190633e+00 
967 941.57 1.17528877e+02 3.52586627e+00 
968 942.34 1.15661530e+02 3.46984577e+00 
969 943.10 1.13485291e+02 3.40455866e+00 
970 943.87 1.11262589e+02 3.33787775e+00 
971 944.63 1.09380569e+02 3.28141713e+00 
972 945.40 1.08255173e+02 3.24765515e+00 
973 946.16 1.07940491e+02 3.23821473e+00 
974 946.93 1.08092125e+02 3.24276376e+00 
975 947.69 1.08699341e+02 3.26098013e+00 
976 948.45 1.09508118e+02 3.28524351e+00 
977 949.22 1.10273415e+02 3.30820251e+00 
978 949.98 1.10889290e+02 3.32667875e+00 
979 950.75 1.11706261e+02 3.35118771e+00 
980 951.51 1.12484291e+02 3.37452865e+00 
981 952.27 1.13342087e+02 3.40026259e+00 
982 953.04 1.14172340e+02 3.42517018e+00 
983 953.80 1.14827507e+02 3.44482517e+00 
984 954.56 1.15428963e+02 3.46286893e+00 
985 955.33 1.16140518e+02 3.48421550e+00 
986 956.09 1.16645569e+02 3.49936700e+00 
987 956.85 1.17372398e+02 3.52117205e+00 
988 957.62 1.18433380e+02 3.55300140e+00 
989 958.38 1.19522881e+02 3.58568645e+00 
990 959.14 1.20597672e+02 3.61793017e+00 
991 959.90 1.21665939e+02 3.64997816e+00 
992 960.67 1.22612808e+02 3.67838430e+00 
993 961.43 1.23514618e+02 3.70543861e+00 
994 962.19 1.24402000e+02 3.73205996e+00 
995 962.95 1.25286980e+02 3.75860929e+00 
996 963.72 1.26278046e+02 3.78834128e+00 
997 964.48 1.27404587e+02 3.82213759e+00 
998 965.24 1.28540634e+02 3.85621905e+00 
999 966.00 1.29437332e+02 3.88312006e+00 
1000 966.76 1.30121643e+02 3.90364933e+00 
1001 967.52 1.30707504e+02 3.92122507e+00 
1002 968.29 1.31196243e+02 3.93588734e+00 
1003 969.05 1.31470917e+02 3.94412756e+00 
1004 969.81 1.31652832e+02 3.94958496e+00 
1005 970.57 1.31642853e+02 3.94928551e+00 
1006 971.33 1.31197556e+02 3.93592668e+00 
1007 972.09 1.30462906e+02 3.91388726e+00 
1008 972.85 1.29456772e+02 3.88370323e+00 
1009 973.61 1.28189346e+02 3.84568048e+00 
1010 974.37 1.26946739e+02 3.80840206e+00 
1011 975.14 1.25779976e+02 3.77339935e+00 
1012 975.90 1.24948402e+02 3.74845219e+00 
1013 976.66 1.24224350e+02 3.72673059e+00 
1014 977.42 1.23503662e+02 3.70510983e+00 
1015 978.18 1.22817848e+02 3.68453550e+00 
1016 978.94 1.22090126e+02 3.66270375e+00 
1017 979.70 1.21430161e+02 3.64290476e+00 
1018 980.46 1.20988358e+02 3.62965083e+00 
1019 981.22 1.20604973e+02 3.61814928e+00 
1020 981.98 1.20244354e+02 3.60733056e+00 
1021 982.74 1.19740852e+02 3.59222555e+00 
1022 983.50 1.19015755e+02 3.57047272e+00 
1023 984.25 1.18043060e+02 3.54129171e+00 
1024 985.01 1.17004990e+02 3.51014972e+00 
1025 985.77 1.16089134e+02 3.48267412e+00 
1026 986.53 1.15294632e+02 3.45883894e+00 
1027 987.29 1.14462608e+02 3.43387818e+00 
1028 988.05 1.13381981e+02 3.40145946e+00 
1029 988.81 1.12024124e+02 3.36072373e+00 
1030 989.57 1.10599434e+02 3.31798291e+00 
1031 990.33 1.09328636e+02 3.27985907e+00 
1032 991.08 1.08311714e+02 3.24935150e+00 
1033 991.84 1.07191589e+02 3.21574759e+00 
1034 992.60 1.05746643e+02 3.17239928e+00 
1035 993.36 1.04118706e+02 3.12356114e+00 
1036 994.12 1.02310829e+02 3.06932497e+00 
1037 994.88 1.00554092e+02 3.01662278e+00 
1038 995.63 9.88398285e+01 2.96519494e+00 
1039 996.39 9.67084808e+01 2.90125442e+00 
1040 997.15 6.22835255e+00 1.86850578e-01 
1041 997.91 2.97848791e-01 8.93546361e-03 
1042 998.66 1.42973900e-01 4.28921683e-03 
1043 999.42 1.44824788e-01 4.34474368e-03 
