% C0 (TOA Count Rate, /ms) for 4STAR VIS spectrometer (1044 channels) derived from C:\Users\kpistone\Documents\4STAR\data\4STAR_20180811starsun.mat and recorded on 2018-09-21 12:50:08.
% Data outside 1.8x the STD of 501 nm Langley residuals were screened out. For instrument:4STAR
Pix Wavelength C0 C0err
0 173.18 -1.00000000e+00 -1.00000000e+00 
1 173.98 -1.00000000e+00 -1.00000000e+00 
2 174.77 -1.00000000e+00 -1.00000000e+00 
3 175.56 -1.00000000e+00 -1.00000000e+00 
4 176.36 -1.00000000e+00 -1.00000000e+00 
5 177.15 -1.00000000e+00 -1.00000000e+00 
6 177.94 -1.00000000e+00 -1.00000000e+00 
7 178.74 -1.00000000e+00 -1.00000000e+00 
8 179.53 -1.00000000e+00 -1.00000000e+00 
9 180.33 -1.00000000e+00 -1.00000000e+00 
10 181.12 -1.00000000e+00 -1.00000000e+00 
11 181.92 -1.00000000e+00 -1.00000000e+00 
12 182.71 -1.00000000e+00 -1.00000000e+00 
13 183.51 -1.00000000e+00 -1.00000000e+00 
14 184.30 -1.00000000e+00 -1.00000000e+00 
15 185.10 -1.00000000e+00 -1.00000000e+00 
16 185.89 -1.00000000e+00 -1.00000000e+00 
17 186.69 -1.00000000e+00 -1.00000000e+00 
18 187.49 -1.00000000e+00 -1.00000000e+00 
19 188.28 -1.00000000e+00 -1.00000000e+00 
20 189.08 -1.00000000e+00 -1.00000000e+00 
21 189.88 -1.00000000e+00 -1.00000000e+00 
22 190.67 -1.00000000e+00 -1.00000000e+00 
23 191.47 -1.00000000e+00 -1.00000000e+00 
24 192.27 -1.00000000e+00 -1.00000000e+00 
25 193.07 -1.00000000e+00 -1.00000000e+00 
26 193.86 -1.00000000e+00 -1.00000000e+00 
27 194.66 -1.00000000e+00 -1.00000000e+00 
28 195.46 -1.00000000e+00 -1.00000000e+00 
29 196.26 -1.00000000e+00 -1.00000000e+00 
30 197.05 -1.00000000e+00 -1.00000000e+00 
31 197.85 -1.00000000e+00 -1.00000000e+00 
32 198.65 -1.00000000e+00 -1.00000000e+00 
33 199.45 -1.00000000e+00 -1.00000000e+00 
34 200.25 -1.00000000e+00 -1.00000000e+00 
35 201.05 -1.00000000e+00 -1.00000000e+00 
36 201.85 -1.00000000e+00 -1.00000000e+00 
37 202.65 -1.00000000e+00 -1.00000000e+00 
38 203.44 -1.00000000e+00 -1.00000000e+00 
39 204.24 -1.00000000e+00 -1.00000000e+00 
40 205.04 -1.00000000e+00 -1.00000000e+00 
41 205.84 -1.00000000e+00 -1.00000000e+00 
42 206.64 -1.00000000e+00 -1.00000000e+00 
43 207.44 -1.00000000e+00 -1.00000000e+00 
44 208.24 -1.00000000e+00 -1.00000000e+00 
45 209.04 -1.00000000e+00 -1.00000000e+00 
46 209.84 -1.00000000e+00 -1.00000000e+00 
47 210.64 -1.00000000e+00 -1.00000000e+00 
48 211.44 -1.00000000e+00 -1.00000000e+00 
49 212.24 -1.00000000e+00 -1.00000000e+00 
50 213.04 -1.00000000e+00 -1.00000000e+00 
51 213.85 -1.00000000e+00 -1.00000000e+00 
52 214.65 -1.00000000e+00 -1.00000000e+00 
53 215.45 -1.00000000e+00 -1.00000000e+00 
54 216.25 -1.00000000e+00 -1.00000000e+00 
55 217.05 -1.00000000e+00 -1.00000000e+00 
56 217.85 -1.00000000e+00 -1.00000000e+00 
57 218.65 -1.00000000e+00 -1.00000000e+00 
58 219.46 -1.00000000e+00 -1.00000000e+00 
59 220.26 -1.00000000e+00 -1.00000000e+00 
60 221.06 -1.00000000e+00 -1.00000000e+00 
61 221.86 -1.00000000e+00 -1.00000000e+00 
62 222.66 -1.00000000e+00 -1.00000000e+00 
63 223.47 -1.00000000e+00 -1.00000000e+00 
64 224.27 -1.00000000e+00 -1.00000000e+00 
65 225.07 -1.00000000e+00 -1.00000000e+00 
66 225.87 -1.00000000e+00 -1.00000000e+00 
67 226.68 -1.00000000e+00 -1.00000000e+00 
68 227.48 -1.00000000e+00 -1.00000000e+00 
69 228.28 -1.00000000e+00 -1.00000000e+00 
70 229.08 -1.00000000e+00 -1.00000000e+00 
71 229.89 -1.00000000e+00 -1.00000000e+00 
72 230.69 -1.00000000e+00 -1.00000000e+00 
73 231.49 -1.00000000e+00 -1.00000000e+00 
74 232.30 -1.00000000e+00 -1.00000000e+00 
75 233.10 -1.00000000e+00 -1.00000000e+00 
76 233.90 -1.00000000e+00 -1.00000000e+00 
77 234.71 -1.00000000e+00 -1.00000000e+00 
78 235.51 -1.00000000e+00 -1.00000000e+00 
79 236.32 -1.00000000e+00 -1.00000000e+00 
80 237.12 -1.00000000e+00 -1.00000000e+00 
81 237.92 -1.00000000e+00 -1.00000000e+00 
82 238.73 -1.00000000e+00 -1.00000000e+00 
83 239.53 -1.00000000e+00 -1.00000000e+00 
84 240.34 -1.00000000e+00 -1.00000000e+00 
85 241.14 -1.00000000e+00 -1.00000000e+00 
86 241.94 -1.00000000e+00 -1.00000000e+00 
87 242.75 -1.00000000e+00 -1.00000000e+00 
88 243.55 -1.00000000e+00 -1.00000000e+00 
89 244.36 -1.00000000e+00 -1.00000000e+00 
90 245.16 -1.00000000e+00 -1.00000000e+00 
91 245.97 -1.00000000e+00 -1.00000000e+00 
92 246.77 -1.00000000e+00 -1.00000000e+00 
93 247.58 -1.00000000e+00 -1.00000000e+00 
94 248.38 -1.00000000e+00 -1.00000000e+00 
95 249.19 -1.00000000e+00 -1.00000000e+00 
96 249.99 -1.00000000e+00 -1.00000000e+00 
97 250.80 -1.00000000e+00 -1.00000000e+00 
98 251.60 -1.00000000e+00 -1.00000000e+00 
99 252.41 -1.00000000e+00 -1.00000000e+00 
100 253.21 -1.00000000e+00 -1.00000000e+00 
101 254.02 -1.00000000e+00 -1.00000000e+00 
102 254.82 -1.00000000e+00 -1.00000000e+00 
103 255.63 -1.00000000e+00 -1.00000000e+00 
104 256.44 -1.00000000e+00 -1.00000000e+00 
105 257.24 -1.00000000e+00 -1.00000000e+00 
106 258.05 -1.00000000e+00 -1.00000000e+00 
107 258.85 -1.00000000e+00 -1.00000000e+00 
108 259.66 -1.00000000e+00 -1.00000000e+00 
109 260.46 -1.00000000e+00 -1.00000000e+00 
110 261.27 -1.00000000e+00 -1.00000000e+00 
111 262.08 -1.00000000e+00 -1.00000000e+00 
112 262.88 -1.00000000e+00 -1.00000000e+00 
113 263.69 -1.00000000e+00 -1.00000000e+00 
114 264.49 -1.00000000e+00 -1.00000000e+00 
115 265.30 -1.00000000e+00 -1.00000000e+00 
116 266.11 -1.00000000e+00 -1.00000000e+00 
117 266.91 -1.00000000e+00 -1.00000000e+00 
118 267.72 -1.00000000e+00 -1.00000000e+00 
119 268.53 -1.00000000e+00 -1.00000000e+00 
120 269.33 -1.00000000e+00 -1.00000000e+00 
121 270.14 -1.00000000e+00 -1.00000000e+00 
122 270.95 -1.00000000e+00 -1.00000000e+00 
123 271.75 -1.00000000e+00 -1.00000000e+00 
124 272.56 -1.00000000e+00 -1.00000000e+00 
125 273.37 -1.00000000e+00 -1.00000000e+00 
126 274.17 -1.00000000e+00 -1.00000000e+00 
127 274.98 -1.00000000e+00 -1.00000000e+00 
128 275.79 -1.00000000e+00 -1.00000000e+00 
129 276.59 -1.00000000e+00 -1.00000000e+00 
130 277.40 8.66296959e+00 2.59889096e-01 
131 278.21 1.71554451e+01 5.14663339e-01 
132 279.01 1.74699326e+01 5.24097979e-01 
133 279.82 1.78255081e+01 5.34765244e-01 
134 280.63 1.85992012e+01 5.57976007e-01 
135 281.43 1.56661606e+01 4.69984829e-01 
136 282.24 1.33086882e+01 3.99260640e-01 
137 283.05 1.15312939e+01 3.45938802e-01 
138 283.86 1.00323677e+01 3.00971031e-01 
139 284.66 8.42393303e+00 2.52718002e-01 
140 285.47 7.49474525e+00 2.24842355e-01 
141 286.28 6.70641613e+00 2.01192483e-01 
142 287.09 5.89902973e+00 1.76970899e-01 
143 287.89 5.28729153e+00 1.58618748e-01 
144 288.70 4.96096706e+00 1.48829013e-01 
145 289.51 4.28231001e+00 1.28469303e-01 
146 290.32 4.06871796e+00 1.22061536e-01 
147 291.12 3.66133118e+00 1.09839939e-01 
148 291.93 3.49957561e+00 1.04987271e-01 
149 292.74 3.17752075e+00 9.53256190e-02 
150 293.55 3.01769161e+00 9.05307457e-02 
151 294.35 2.84420156e+00 8.53260458e-02 
152 295.16 2.71344090e+00 8.14032257e-02 
153 295.97 2.54274631e+00 7.62823895e-02 
154 296.78 2.46544027e+00 7.39632100e-02 
155 297.58 2.29765320e+00 6.89295977e-02 
156 298.39 2.36647511e+00 7.09942505e-02 
157 299.20 2.22908449e+00 6.68725371e-02 
158 300.01 2.05260849e+00 6.15782551e-02 
159 300.81 2.11112905e+00 6.33338690e-02 
160 301.62 1.97168183e+00 5.91504537e-02 
161 302.43 2.02225685e+00 6.06677048e-02 
162 303.24 1.94547629e+00 5.83642870e-02 
163 304.04 1.93940485e+00 5.81821464e-02 
164 304.85 1.89379847e+00 5.68139553e-02 
165 305.66 1.84956002e+00 5.54868020e-02 
166 306.47 1.85979581e+00 5.57938740e-02 
167 307.28 1.82400501e+00 5.47201484e-02 
168 308.08 1.86259413e+00 5.58778234e-02 
169 308.89 1.81386673e+00 5.44160008e-02 
170 309.70 1.76420617e+00 5.29261865e-02 
171 310.51 1.81876183e+00 5.45628555e-02 
172 311.32 1.75815177e+00 5.27445525e-02 
173 312.12 1.79996657e+00 5.39989956e-02 
174 312.93 1.78668392e+00 5.36005162e-02 
175 313.74 1.85402894e+00 5.56208678e-02 
176 314.55 1.77774084e+00 5.33322245e-02 
177 315.36 1.79128623e+00 5.37385866e-02 
178 316.16 1.78686976e+00 5.36060929e-02 
179 316.97 1.86348844e+00 5.59046529e-02 
180 317.78 1.76620841e+00 5.29862531e-02 
181 318.59 1.83596134e+00 5.50788417e-02 
182 319.40 1.86959159e+00 5.60877472e-02 
183 320.20 1.85204530e+00 5.55613600e-02 
184 321.01 1.86256456e+00 5.58769368e-02 
185 321.82 1.85572910e+00 5.56718744e-02 
186 322.63 1.86694574e+00 5.60083725e-02 
187 323.43 1.89396489e+00 5.68189472e-02 
188 324.24 1.89496040e+00 5.68488128e-02 
189 325.05 1.91570950e+00 5.74712865e-02 
190 325.86 1.89584386e+00 5.68753146e-02 
191 326.67 1.96073651e+00 5.88220954e-02 
192 327.48 1.95082283e+00 5.85246831e-02 
193 328.28 2.03213239e+00 6.09639734e-02 
194 329.09 2.10893488e+00 6.32680431e-02 
195 329.90 2.03174186e+00 6.09522574e-02 
196 330.71 2.16278625e+00 6.48835897e-02 
197 331.52 2.20031238e+00 6.60093725e-02 
198 332.32 2.37633204e+00 7.12899640e-02 
199 333.13 2.66461754e+00 7.99385235e-02 
200 333.94 3.00928259e+00 9.02784765e-02 
201 334.75 3.73004675e+00 1.11901402e-01 
202 335.55 4.79420137e+00 1.43826038e-01 
203 336.36 6.18192530e+00 1.85457766e-01 
204 337.17 8.40108967e+00 2.52032697e-01 
205 337.98 1.14773121e+01 3.44319373e-01 
206 338.79 1.53503342e+01 4.60510015e-01 
207 339.60 1.94802551e+01 5.84407628e-01 
208 340.40 2.33290291e+01 6.99870884e-01 
209 341.21 2.66831837e+01 8.00495505e-01 
210 342.02 3.06845188e+01 9.20535564e-01 
211 342.83 3.36923027e+01 1.01076913e+00 
212 343.63 3.45648613e+01 1.03694582e+00 
213 344.44 3.64655380e+01 1.09396613e+00 
214 345.25 4.06973877e+01 1.22092164e+00 
215 346.06 4.49514465e+01 1.34854341e+00 
216 346.87 4.75489273e+01 1.42646778e+00 
217 347.67 4.95088577e+01 1.48526573e+00 
218 348.48 5.12984085e+01 1.53895223e+00 
219 349.29 5.45523376e+01 1.63657010e+00 
220 350.10 6.03093300e+01 1.80927992e+00 
221 350.90 6.32050209e+01 1.89615059e+00 
222 351.71 6.31748619e+01 1.89524591e+00 
223 352.52 6.51798401e+01 1.95539522e+00 
224 353.33 7.18223801e+01 2.15467143e+00 
225 354.14 7.88858566e+01 2.36657572e+00 
226 354.94 8.19006653e+01 2.45702004e+00 
227 355.75 7.99509583e+01 2.39852881e+00 
228 356.56 7.53934937e+01 2.26180482e+00 
229 357.37 7.11563568e+01 2.13469076e+00 
230 358.18 7.16297226e+01 2.14889169e+00 
231 358.98 8.15676727e+01 2.44703007e+00 
232 359.79 9.29737015e+01 2.78921103e+00 
233 360.60 9.31945190e+01 2.79583549e+00 
234 361.41 9.28621826e+01 2.78586555e+00 
235 362.21 9.86547318e+01 2.95964193e+00 
236 363.02 1.03959259e+02 3.11877775e+00 
237 363.83 1.07553513e+02 3.22660542e+00 
238 364.64 1.13533195e+02 3.40599585e+00 
239 365.44 1.24147667e+02 3.72443008e+00 
240 366.25 1.31815155e+02 3.95445466e+00 
241 367.06 1.31890167e+02 3.95670509e+00 
242 367.87 1.30177246e+02 3.90531731e+00 
243 368.67 1.33069122e+02 3.99207377e+00 
244 369.48 1.38545731e+02 4.15637207e+00 
245 370.29 1.39076782e+02 4.17230368e+00 
246 371.10 1.37482376e+02 4.12447119e+00 
247 371.90 1.33516312e+02 4.00548935e+00 
248 372.71 1.25651756e+02 3.76955271e+00 
249 373.52 1.19568657e+02 3.58705974e+00 
250 374.33 1.20366547e+02 3.61099648e+00 
251 375.13 1.29431778e+02 3.88295341e+00 
252 375.94 1.41065125e+02 4.23195362e+00 
253 376.75 1.53100418e+02 4.59301233e+00 
254 377.56 1.66915451e+02 5.00746346e+00 
255 378.36 1.68731750e+02 5.06195259e+00 
256 379.17 1.59630478e+02 4.78891420e+00 
257 379.98 1.58011124e+02 4.74033356e+00 
258 380.78 1.56161606e+02 4.68484831e+00 
259 381.59 1.40547791e+02 4.21643353e+00 
260 382.40 1.19349182e+02 3.58047557e+00 
261 383.20 1.12437210e+02 3.37311625e+00 
262 384.01 1.24110672e+02 3.72332025e+00 
263 384.82 1.39236237e+02 4.17708731e+00 
264 385.63 1.44066971e+02 4.32200909e+00 
265 386.43 1.45103043e+02 4.35309124e+00 
266 387.24 1.45843338e+02 4.37529993e+00 
267 388.05 1.48606125e+02 4.45818377e+00 
268 388.85 1.58605667e+02 4.75817013e+00 
269 389.66 1.72810150e+02 5.18430471e+00 
270 390.47 1.83285706e+02 5.49857140e+00 
271 391.27 1.81706299e+02 5.45118904e+00 
272 392.08 1.59116379e+02 4.77349138e+00 
273 392.89 1.29173935e+02 3.87521815e+00 
274 393.69 1.27107681e+02 3.81323051e+00 
275 394.50 1.53413574e+02 4.60240746e+00 
276 395.31 1.66735123e+02 5.00205374e+00 
277 396.11 1.52230438e+02 4.56691313e+00 
278 396.92 1.48040390e+02 4.44121170e+00 
279 397.73 1.78327774e+02 5.34983301e+00 
280 398.53 2.17850510e+02 6.53551531e+00 
281 399.34 2.40421875e+02 7.21265602e+00 
282 400.15 2.51233658e+02 7.53700972e+00 
283 400.95 2.59482208e+02 7.78446627e+00 
284 401.76 2.65961121e+02 7.97883368e+00 
285 402.57 2.67270599e+02 8.01811790e+00 
286 403.37 2.65813049e+02 7.97439146e+00 
287 404.18 2.64826996e+02 7.94480991e+00 
288 404.99 2.63945892e+02 7.91837692e+00 
289 405.79 2.62793274e+02 7.88379812e+00 
290 406.60 2.64048737e+02 7.92146206e+00 
291 407.40 2.71550690e+02 8.14652061e+00 
292 408.21 2.81655609e+02 8.44966793e+00 
293 409.02 2.83758575e+02 8.51275730e+00 
294 409.82 2.80442505e+02 8.41327477e+00 
295 410.63 2.85546417e+02 8.56639290e+00 
296 411.43 2.97645538e+02 8.92936611e+00 
297 412.24 3.03663147e+02 9.10989475e+00 
298 413.05 3.02854675e+02 9.08563995e+00 
299 413.85 3.01701996e+02 9.05105972e+00 
300 414.66 3.01505402e+02 9.04516220e+00 
301 415.46 3.01876831e+02 9.05630493e+00 
302 416.27 3.00493683e+02 9.01481056e+00 
303 417.08 2.95203522e+02 8.85610580e+00 
304 417.88 2.89309662e+02 8.67928982e+00 
305 418.69 2.86838623e+02 8.60515881e+00 
306 419.49 2.86559204e+02 8.59677601e+00 
307 420.30 2.89983246e+02 8.69949722e+00 
308 421.11 2.92439545e+02 8.77318668e+00 
309 421.91 2.88631744e+02 8.65895271e+00 
310 422.72 2.83995850e+02 8.51987553e+00 
311 423.52 2.85097992e+02 8.55293941e+00 
312 424.33 2.88840332e+02 8.66520977e+00 
313 425.13 2.91425446e+02 8.74276352e+00 
314 425.94 2.92777466e+02 8.78332424e+00 
315 426.74 2.93342316e+02 8.80026913e+00 
316 427.55 2.94004669e+02 8.82013988e+00 
317 428.36 2.91337891e+02 8.74013710e+00 
318 429.16 2.80100922e+02 8.40302753e+00 
319 429.96 2.71034424e+02 8.13103294e+00 
320 430.77 2.85087402e+02 8.55262184e+00 
321 431.58 3.19213776e+02 9.57641315e+00 
322 432.38 3.50101440e+02 1.05030432e+01 
323 433.19 3.64840698e+02 1.09452209e+01 
324 433.99 3.75398651e+02 1.12619591e+01 
325 434.80 3.94359528e+02 1.18307858e+01 
326 435.60 4.18197388e+02 1.25459213e+01 
327 436.41 4.33112183e+02 1.29933653e+01 
328 437.21 4.33534119e+02 1.30060234e+01 
329 438.02 4.30176514e+02 1.29052954e+01 
330 438.82 4.36496216e+02 1.30948868e+01 
331 439.63 4.52616669e+02 1.35784998e+01 
332 440.43 4.73916107e+02 1.42174835e+01 
333 441.24 4.95648865e+02 1.48694658e+01 
334 442.04 5.14435486e+02 1.54330645e+01 
335 442.85 5.27285767e+02 1.58185730e+01 
336 443.65 5.35346985e+02 1.60604095e+01 
337 444.45 5.38690735e+02 1.61607227e+01 
338 445.26 5.39357239e+02 1.61807175e+01 
339 446.06 5.46196106e+02 1.63858833e+01 
340 446.87 5.61053833e+02 1.68316154e+01 
341 447.67 5.77679260e+02 1.73303776e+01 
342 448.48 5.90468994e+02 1.77140694e+01 
343 449.28 6.03426697e+02 1.81028004e+01 
344 450.09 6.17284607e+02 1.85185375e+01 
345 450.89 6.23893921e+02 1.87168179e+01 
346 451.70 6.16845276e+02 1.85053577e+01 
347 452.50 6.05439636e+02 1.81631889e+01 
348 453.30 6.01950134e+02 1.80585041e+01 
349 454.11 6.07032104e+02 1.82109623e+01 
350 454.91 6.17704163e+02 1.85311241e+01 
351 455.72 6.28681946e+02 1.88604584e+01 
352 456.52 6.37419495e+02 1.91225853e+01 
353 457.32 6.40458862e+02 1.92137661e+01 
354 458.13 6.38865784e+02 1.91659737e+01 
355 458.93 6.38588928e+02 1.91576672e+01 
356 459.74 6.43642883e+02 1.93092861e+01 
357 460.54 6.52739014e+02 1.95821705e+01 
358 461.34 6.62139832e+02 1.98641949e+01 
359 462.15 6.67784058e+02 2.00335217e+01 
360 462.95 6.67101440e+02 2.00130424e+01 
361 463.76 6.62619263e+02 1.98785782e+01 
362 464.56 6.58632813e+02 1.97589836e+01 
363 465.36 6.56020630e+02 1.96806183e+01 
364 466.17 6.54750244e+02 1.96425076e+01 
365 466.97 6.56126343e+02 1.96837902e+01 
366 467.77 6.59760010e+02 1.97928009e+01 
367 468.58 6.63054810e+02 1.98916435e+01 
368 469.38 6.62978943e+02 1.98893681e+01 
369 470.18 6.64368530e+02 1.99310551e+01 
370 470.99 6.72237061e+02 2.01671124e+01 
371 471.79 6.82519531e+02 2.04755859e+01 
372 472.59 6.90866882e+02 2.07260056e+01 
373 473.40 6.97047180e+02 2.09114151e+01 
374 474.20 7.01215332e+02 2.10364609e+01 
375 475.00 7.03659424e+02 2.11097832e+01 
376 475.81 7.05776428e+02 2.11732922e+01 
377 476.61 7.10819214e+02 2.13245773e+01 
378 477.41 7.18307373e+02 2.15492210e+01 
379 478.21 7.25373047e+02 2.17611923e+01 
380 479.02 7.30044006e+02 2.19013195e+01 
381 479.82 7.33199463e+02 2.19959831e+01 
382 480.62 7.36864563e+02 2.21059361e+01 
383 481.43 7.38423096e+02 2.21526928e+01 
384 482.23 7.36514343e+02 2.20954304e+01 
385 483.03 7.30723511e+02 2.19217052e+01 
386 483.84 7.17780823e+02 2.15334244e+01 
387 484.64 6.92869751e+02 2.07860928e+01 
388 485.44 6.64634705e+02 1.99390411e+01 
389 486.24 6.51554199e+02 1.95466251e+01 
390 487.04 6.58687744e+02 1.97606316e+01 
391 487.85 6.78827881e+02 2.03648357e+01 
392 488.65 7.00571289e+02 2.10171394e+01 
393 489.45 7.14664795e+02 2.14399433e+01 
394 490.26 7.18003296e+02 2.15400982e+01 
395 491.06 7.14298523e+02 2.14289551e+01 
396 491.86 7.09572327e+02 2.12871704e+01 
397 492.66 7.10748413e+02 2.13224525e+01 
398 493.46 7.18750061e+02 2.15625019e+01 
399 494.27 7.26631836e+02 2.17989559e+01 
400 495.07 7.30548950e+02 2.19164677e+01 
401 495.87 7.31787354e+02 2.19536209e+01 
402 496.67 7.27986450e+02 2.18395939e+01 
403 497.48 7.22146973e+02 2.16644096e+01 
404 498.28 7.16841553e+02 2.15052471e+01 
405 499.08 7.10294067e+02 2.13088226e+01 
406 499.88 7.02391235e+02 2.10717373e+01 
407 500.68 6.96052368e+02 2.08815708e+01 
408 501.48 6.93659546e+02 2.08097858e+01 
409 502.29 6.96290100e+02 2.08887024e+01 
410 503.09 7.00712585e+02 2.10213776e+01 
411 503.89 7.06952942e+02 2.12085876e+01 
412 504.69 7.14787476e+02 2.14436245e+01 
413 505.49 7.20761597e+02 2.16228485e+01 
414 506.29 7.21270752e+02 2.16381226e+01 
415 507.09 7.17602539e+02 2.15280762e+01 
416 507.90 7.14225952e+02 2.14267788e+01 
417 508.70 7.13349243e+02 2.14004765e+01 
418 509.50 7.14372803e+02 2.14311848e+01 
419 510.30 7.15958191e+02 2.14787464e+01 
420 511.10 7.14492004e+02 2.14347610e+01 
421 511.90 7.09169800e+02 2.12750931e+01 
422 512.71 7.01060181e+02 2.10318050e+01 
423 513.51 6.92875366e+02 2.07862606e+01 
424 514.31 6.86556641e+02 2.05966988e+01 
425 515.11 6.75228638e+02 2.02568588e+01 
426 515.91 6.56725159e+02 1.97017555e+01 
427 516.71 6.39979858e+02 1.91993961e+01 
428 517.51 6.32099365e+02 1.89629803e+01 
429 518.31 6.38449768e+02 1.91534939e+01 
430 519.11 6.54524292e+02 1.96357288e+01 
431 519.91 6.70029541e+02 2.01008854e+01 
432 520.71 6.81047180e+02 2.04314156e+01 
433 521.52 6.84977905e+02 2.05493374e+01 
434 522.32 6.87590271e+02 2.06277084e+01 
435 523.12 6.92978516e+02 2.07893562e+01 
436 523.92 6.97961121e+02 2.09388332e+01 
437 524.72 6.96481689e+02 2.08944511e+01 
438 525.52 6.85188904e+02 2.05556679e+01 
439 526.32 6.73466187e+02 2.02039852e+01 
440 527.12 6.73212891e+02 2.01963863e+01 
441 527.92 6.83844788e+02 2.05153427e+01 
442 528.72 6.99053284e+02 2.09715977e+01 
443 529.52 7.11247131e+02 2.13374138e+01 
444 530.32 7.16185913e+02 2.14855766e+01 
445 531.12 7.12514282e+02 2.13754292e+01 
446 531.92 7.05213989e+02 2.11564198e+01 
447 532.72 6.99555115e+02 2.09866543e+01 
448 533.52 6.99765991e+02 2.09929790e+01 
449 534.32 7.05866943e+02 2.11760082e+01 
450 535.12 7.10705383e+02 2.13211613e+01 
451 535.92 7.10460083e+02 2.13138027e+01 
452 536.72 7.08383057e+02 2.12514915e+01 
453 537.52 7.05394897e+02 2.11618462e+01 
454 538.32 7.00942505e+02 2.10282745e+01 
455 539.12 6.94914917e+02 2.08474483e+01 
456 539.92 6.89891846e+02 2.06967545e+01 
457 540.72 6.88971985e+02 2.06691589e+01 
458 541.52 6.91700867e+02 2.07510262e+01 
459 542.32 6.97101990e+02 2.09130592e+01 
460 543.12 7.02315918e+02 2.10694771e+01 
461 543.92 7.05983765e+02 2.11795120e+01 
462 544.72 7.08493530e+02 2.12548065e+01 
463 545.52 7.08160156e+02 2.12448044e+01 
464 546.32 7.04631104e+02 2.11389332e+01 
465 547.12 7.00414612e+02 2.10124378e+01 
466 547.91 6.98453857e+02 2.09536152e+01 
467 548.71 6.97921509e+02 2.09376450e+01 
468 549.51 6.98030701e+02 2.09409218e+01 
469 550.31 6.97791748e+02 2.09337521e+01 
470 551.11 6.97058777e+02 2.09117641e+01 
471 551.91 6.96491333e+02 2.08947392e+01 
472 552.71 6.96903564e+02 2.09071064e+01 
473 553.51 6.99425415e+02 2.09827633e+01 
474 554.31 7.00980591e+02 2.10294170e+01 
475 555.10 6.99337036e+02 2.09801102e+01 
476 555.90 6.95106140e+02 2.08531837e+01 
477 556.70 6.89498169e+02 2.06849442e+01 
478 557.50 6.80909790e+02 2.04272938e+01 
479 558.30 6.74182739e+02 2.02254829e+01 
480 559.10 6.73266846e+02 2.01980057e+01 
481 559.90 6.74068909e+02 2.02220669e+01 
482 560.70 6.77254028e+02 2.03176212e+01 
483 561.49 6.83188354e+02 2.04956512e+01 
484 562.29 6.86852966e+02 2.06055889e+01 
485 563.09 6.88270264e+02 2.06481075e+01 
486 563.89 6.88979553e+02 2.06693859e+01 
487 564.69 6.87991028e+02 2.06397305e+01 
488 565.49 6.86259399e+02 2.05877819e+01 
489 566.29 6.86707520e+02 2.06012249e+01 
490 567.08 6.90531616e+02 2.07159481e+01 
491 567.88 6.94038025e+02 2.08211403e+01 
492 568.68 6.95075623e+02 2.08522682e+01 
493 569.48 6.94009216e+02 2.08202763e+01 
494 570.28 6.92586365e+02 2.07775917e+01 
495 571.07 6.96871704e+02 2.09061508e+01 
496 571.87 7.06891235e+02 2.12067375e+01 
497 572.67 7.16382996e+02 2.14914894e+01 
498 573.47 7.21669189e+02 2.16500759e+01 
499 574.26 7.19362122e+02 2.15808640e+01 
500 575.06 7.14534302e+02 2.14360294e+01 
501 575.86 7.11132813e+02 2.13339844e+01 
502 576.66 7.07046021e+02 2.12113800e+01 
503 577.45 7.02596558e+02 2.10778961e+01 
504 578.25 6.99128296e+02 2.09738483e+01 
505 579.05 6.97155518e+02 2.09146652e+01 
506 579.85 6.97287170e+02 2.09186153e+01 
507 580.65 6.98566772e+02 2.09570026e+01 
508 581.44 6.99667542e+02 2.09900265e+01 
509 582.24 6.99890808e+02 2.09967251e+01 
510 583.04 6.98790344e+02 2.09637108e+01 
511 583.83 6.94786987e+02 2.08436089e+01 
512 584.63 6.87982178e+02 2.06394653e+01 
513 585.43 6.82311951e+02 2.04693584e+01 
514 586.22 6.78956421e+02 2.03686924e+01 
515 587.02 6.73514404e+02 2.02054329e+01 
516 587.82 6.62116150e+02 1.98634853e+01 
517 588.62 6.50559814e+02 1.95167942e+01 
518 589.41 6.46497925e+02 1.93949375e+01 
519 590.21 6.50890259e+02 1.95267086e+01 
520 591.01 6.60056396e+02 1.98016911e+01 
521 591.80 6.66908997e+02 2.00072708e+01 
522 592.60 6.68896301e+02 2.00668888e+01 
523 593.40 6.68626526e+02 2.00587959e+01 
524 594.19 6.67606079e+02 2.00281830e+01 
525 594.99 6.67253174e+02 2.00175953e+01 
526 595.79 6.67814026e+02 2.00344200e+01 
527 596.58 6.67225464e+02 2.00167637e+01 
528 597.38 6.65542664e+02 1.99662800e+01 
529 598.18 6.63177185e+02 1.98953152e+01 
530 598.97 6.60399902e+02 1.98119965e+01 
531 599.77 6.57744934e+02 1.97323475e+01 
532 600.56 6.54867676e+02 1.96460304e+01 
533 601.36 6.52801270e+02 1.95840378e+01 
534 602.16 6.54092163e+02 1.96227646e+01 
535 602.95 6.57603821e+02 1.97281151e+01 
536 603.75 6.61019897e+02 1.98305969e+01 
537 604.54 6.62439819e+02 1.98731937e+01 
538 605.34 6.61554993e+02 1.98466492e+01 
539 606.14 6.59825745e+02 1.97947731e+01 
540 606.93 6.57360840e+02 1.97208252e+01 
541 607.73 6.53792786e+02 1.96137829e+01 
542 608.52 6.49795593e+02 1.94938679e+01 
543 609.32 6.46488098e+02 1.93946438e+01 
544 610.11 6.44634644e+02 1.93390388e+01 
545 610.91 6.43475342e+02 1.93042603e+01 
546 611.71 6.40980103e+02 1.92294025e+01 
547 612.50 6.37817749e+02 1.91345329e+01 
548 613.30 6.34895081e+02 1.90468521e+01 
549 614.09 6.32510925e+02 1.89753284e+01 
550 614.89 6.28729614e+02 1.88618889e+01 
551 615.68 6.24709290e+02 1.87412796e+01 
552 616.48 6.23567627e+02 1.87070293e+01 
553 617.27 6.25818115e+02 1.87745438e+01 
554 618.07 6.30352112e+02 1.89105625e+01 
555 618.86 6.35053406e+02 1.90516014e+01 
556 619.66 6.37449890e+02 1.91234970e+01 
557 620.45 6.37094666e+02 1.91128407e+01 
558 621.25 6.34445679e+02 1.90333710e+01 
559 622.04 6.30145325e+02 1.89043598e+01 
560 622.84 6.25581177e+02 1.87674351e+01 
561 623.63 6.21097168e+02 1.86329155e+01 
562 624.43 6.17327881e+02 1.85198364e+01 
563 625.22 6.16577698e+02 1.84973316e+01 
564 626.02 6.16952393e+02 1.85085716e+01 
565 626.81 6.17300781e+02 1.85190239e+01 
566 627.61 6.16134155e+02 1.84840240e+01 
567 628.40 6.13429565e+02 1.84028873e+01 
568 629.19 6.10135498e+02 1.83040657e+01 
569 629.99 6.07192505e+02 1.82157745e+01 
570 630.78 6.04361145e+02 1.81308346e+01 
571 631.58 6.03221863e+02 1.80966568e+01 
572 632.37 6.02290955e+02 1.80687294e+01 
573 633.17 6.01155579e+02 1.80346680e+01 
574 633.96 6.00060120e+02 1.80018044e+01 
575 634.76 5.98221436e+02 1.79466438e+01 
576 635.55 5.96626099e+02 1.78987827e+01 
577 636.34 5.96196411e+02 1.78858929e+01 
578 637.14 5.96264343e+02 1.78879299e+01 
579 637.93 5.94786011e+02 1.78435802e+01 
580 638.72 5.90080566e+02 1.77024174e+01 
581 639.52 5.84496033e+02 1.75348816e+01 
582 640.31 5.79297363e+02 1.73789215e+01 
583 641.11 5.76226379e+02 1.72867908e+01 
584 641.90 5.75415833e+02 1.72624741e+01 
585 642.69 5.75415283e+02 1.72624588e+01 
586 643.49 5.74063904e+02 1.72219162e+01 
587 644.28 5.71799988e+02 1.71539993e+01 
588 645.07 5.68524170e+02 1.70557251e+01 
589 645.87 5.66120850e+02 1.69836254e+01 
590 646.66 5.64507263e+02 1.69352188e+01 
591 647.45 5.62617310e+02 1.68785191e+01 
592 648.25 5.57962219e+02 1.67388668e+01 
593 649.04 5.52591492e+02 1.65777454e+01 
594 649.83 5.50607300e+02 1.65182190e+01 
595 650.63 5.52449768e+02 1.65734940e+01 
596 651.42 5.54247192e+02 1.66274166e+01 
597 652.21 5.53849548e+02 1.66154861e+01 
598 653.00 5.51862671e+02 1.65558796e+01 
599 653.80 5.45914063e+02 1.63774223e+01 
600 654.59 5.29839905e+02 1.58951969e+01 
601 655.38 5.06090057e+02 1.51827021e+01 
602 656.17 4.92405792e+02 1.47721739e+01 
603 656.97 4.99382446e+02 1.49814730e+01 
604 657.76 5.17716736e+02 1.55315018e+01 
605 658.55 5.31268005e+02 1.59380398e+01 
606 659.34 5.36731873e+02 1.61019554e+01 
607 660.14 5.39585144e+02 1.61875534e+01 
608 660.93 5.42199402e+02 1.62659817e+01 
609 661.72 5.43248535e+02 1.62974567e+01 
610 662.52 5.41739868e+02 1.62521954e+01 
611 663.31 5.39768616e+02 1.61930580e+01 
612 664.10 5.39575623e+02 1.61872692e+01 
613 664.89 5.40409119e+02 1.62122726e+01 
614 665.68 5.40263000e+02 1.62078896e+01 
615 666.47 5.38983398e+02 1.61695023e+01 
616 667.27 5.38310974e+02 1.61493301e+01 
617 668.06 5.38865967e+02 1.61659794e+01 
618 668.85 5.39055359e+02 1.61716614e+01 
619 669.64 5.37756042e+02 1.61326809e+01 
620 670.43 5.34837463e+02 1.60451241e+01 
621 671.23 5.31861633e+02 1.59558487e+01 
622 672.02 5.30440552e+02 1.59132166e+01 
623 672.81 5.30647217e+02 1.59194164e+01 
624 673.60 5.30314331e+02 1.59094296e+01 
625 674.39 5.28852234e+02 1.58655672e+01 
626 675.18 5.27506042e+02 1.58251810e+01 
627 675.97 5.26689941e+02 1.58006983e+01 
628 676.77 5.25772583e+02 1.57731771e+01 
629 677.56 5.24398254e+02 1.57319479e+01 
630 678.35 5.22489563e+02 1.56746864e+01 
631 679.14 5.20707275e+02 1.56212187e+01 
632 679.93 5.18587708e+02 1.55576315e+01 
633 680.72 5.17094055e+02 1.55128212e+01 
634 681.51 5.15924622e+02 1.54777384e+01 
635 682.30 5.13979187e+02 1.54193754e+01 
636 683.09 5.09693451e+02 1.52908039e+01 
637 683.88 5.04287201e+02 1.51286163e+01 
638 684.67 4.98450104e+02 1.49535027e+01 
639 685.46 4.85953247e+02 1.45785971e+01 
640 686.26 4.62792175e+02 1.38837652e+01 
641 687.04 4.42926483e+02 1.32877941e+01 
642 687.84 4.40793640e+02 1.32238092e+01 
643 688.63 4.48228760e+02 1.34468632e+01 
644 689.42 4.53956116e+02 1.36186838e+01 
645 690.21 4.58423004e+02 1.37526903e+01 
646 691.00 4.62789307e+02 1.38836794e+01 
647 691.79 4.66709106e+02 1.40012732e+01 
648 692.58 4.69946503e+02 1.40983953e+01 
649 693.37 4.71246216e+02 1.41373863e+01 
650 694.16 4.70690186e+02 1.41207056e+01 
651 694.95 4.69458466e+02 1.40837536e+01 
652 695.74 4.69305389e+02 1.40791616e+01 
653 696.53 4.68023987e+02 1.40407200e+01 
654 697.32 4.64896240e+02 1.39468870e+01 
655 698.10 4.61908112e+02 1.38572435e+01 
656 698.89 4.59923248e+02 1.37976971e+01 
657 699.68 4.56967529e+02 1.37090263e+01 
658 700.47 4.52669556e+02 1.35800867e+01 
659 701.26 4.49004639e+02 1.34701395e+01 
660 702.05 4.46925842e+02 1.34077749e+01 
661 702.84 4.47189972e+02 1.34156990e+01 
662 703.63 4.48831482e+02 1.34649448e+01 
663 704.42 4.50206299e+02 1.35061893e+01 
664 705.21 4.49204254e+02 1.34761276e+01 
665 706.00 4.47399200e+02 1.34219761e+01 
666 706.79 4.46042297e+02 1.33812685e+01 
667 707.58 4.44656860e+02 1.33397055e+01 
668 708.37 4.42322021e+02 1.32696609e+01 
669 709.15 4.41079163e+02 1.32323751e+01 
670 709.94 4.41270813e+02 1.32381248e+01 
671 710.73 4.39903320e+02 1.31970997e+01 
672 711.52 4.36789978e+02 1.31036997e+01 
673 712.31 4.34223053e+02 1.30266914e+01 
674 713.10 4.33516937e+02 1.30055084e+01 
675 713.88 4.32677460e+02 1.29803238e+01 
676 714.67 4.30440186e+02 1.29132051e+01 
677 715.46 4.26605225e+02 1.27981567e+01 
678 716.25 4.20389465e+02 1.26116838e+01 
679 717.04 4.11188599e+02 1.23356581e+01 
680 717.83 3.99557007e+02 1.19867105e+01 
681 718.61 3.90185913e+02 1.17055779e+01 
682 719.40 3.88050293e+02 1.16415091e+01 
683 720.19 3.91910156e+02 1.17573051e+01 
684 720.98 3.99675903e+02 1.19902773e+01 
685 721.76 4.04999268e+02 1.21499777e+01 
686 722.55 4.02614746e+02 1.20784426e+01 
687 723.34 3.96953430e+02 1.19086027e+01 
688 724.13 3.93982849e+02 1.18194857e+01 
689 724.92 3.94465027e+02 1.18339510e+01 
690 725.70 3.95329712e+02 1.18598909e+01 
691 726.49 3.95061554e+02 1.18518467e+01 
692 727.28 3.93323425e+02 1.17997026e+01 
693 728.06 3.90429321e+02 1.17128792e+01 
694 728.85 3.88444214e+02 1.16533260e+01 
695 729.64 3.90346130e+02 1.17103844e+01 
696 730.42 3.92970428e+02 1.17891130e+01 
697 731.21 3.94699097e+02 1.18409729e+01 
698 732.00 3.96146973e+02 1.18844090e+01 
699 732.78 3.96976929e+02 1.19093075e+01 
700 733.57 3.98567322e+02 1.19570198e+01 
701 734.36 3.98610474e+02 1.19583139e+01 
702 735.14 3.96159058e+02 1.18847713e+01 
703 735.93 3.93665100e+02 1.18099527e+01 
704 736.72 3.92520233e+02 1.17756071e+01 
705 737.51 3.90752289e+02 1.17225685e+01 
706 738.29 3.86419281e+02 1.15925789e+01 
707 739.08 3.83603424e+02 1.15081024e+01 
708 739.86 3.82974182e+02 1.14892254e+01 
709 740.65 3.80432770e+02 1.14129829e+01 
710 741.44 3.78507690e+02 1.13552303e+01 
711 742.22 3.79537140e+02 1.13861141e+01 
712 743.01 3.80848938e+02 1.14254684e+01 
713 743.79 3.79300842e+02 1.13790255e+01 
714 744.58 3.77078583e+02 1.13123579e+01 
715 745.37 3.77111511e+02 1.13133450e+01 
716 746.15 3.76424683e+02 1.12927408e+01 
717 746.94 3.74562744e+02 1.12368822e+01 
718 747.72 3.72362915e+02 1.11708870e+01 
719 748.51 3.69608398e+02 1.10882521e+01 
720 749.29 3.67284058e+02 1.10185213e+01 
721 750.08 3.65522064e+02 1.09656620e+01 
722 750.86 3.63406525e+02 1.09021959e+01 
723 751.65 3.61688843e+02 1.08506651e+01 
724 752.43 3.60947998e+02 1.08284397e+01 
725 753.22 3.61201935e+02 1.08360577e+01 
726 754.00 3.60958649e+02 1.08287592e+01 
727 754.79 3.57881104e+02 1.07364330e+01 
728 755.57 3.54921692e+02 1.06476507e+01 
729 756.36 3.53678101e+02 1.06103430e+01 
730 757.14 3.52199158e+02 1.05659752e+01 
731 757.93 3.43877258e+02 1.03163176e+01 
732 758.71 3.08068115e+02 9.24204350e+00 
733 759.49 2.33797501e+02 7.01392508e+00 
734 760.28 1.76014359e+02 5.28043079e+00 
735 761.06 1.84048004e+02 5.52144003e+00 
736 761.85 2.15203568e+02 6.45610714e+00 
737 762.63 2.26812302e+02 6.80436897e+00 
738 763.41 2.32125793e+02 6.96377373e+00 
739 764.20 2.46248688e+02 7.38746071e+00 
740 764.98 2.64930176e+02 7.94790506e+00 
741 765.77 2.82196838e+02 8.46590519e+00 
742 766.55 2.98371826e+02 8.95115471e+00 
743 767.33 3.12279724e+02 9.36839199e+00 
744 768.12 3.20803650e+02 9.62410927e+00 
745 768.90 3.24457184e+02 9.73371506e+00 
746 769.68 3.25752716e+02 9.77258110e+00 
747 770.47 3.25855408e+02 9.77566242e+00 
748 771.25 3.24967072e+02 9.74901199e+00 
749 772.03 3.25040222e+02 9.75120640e+00 
750 772.82 3.26405762e+02 9.79217243e+00 
751 773.60 3.25760315e+02 9.77280903e+00 
752 774.38 3.22608093e+02 9.67824268e+00 
753 775.17 3.20886108e+02 9.62658310e+00 
754 775.95 3.21116608e+02 9.63349819e+00 
755 776.73 3.20259216e+02 9.60777664e+00 
756 777.51 3.18715820e+02 9.56147480e+00 
757 778.30 3.17811340e+02 9.53433990e+00 
758 779.08 3.16283813e+02 9.48851395e+00 
759 779.86 3.14970215e+02 9.44910622e+00 
760 780.64 3.15391479e+02 9.46174431e+00 
761 781.43 3.16867249e+02 9.50601768e+00 
762 782.21 3.16127319e+02 9.48381996e+00 
763 782.99 3.12079071e+02 9.36237240e+00 
764 783.77 3.09909546e+02 9.29728603e+00 
765 784.55 3.09725769e+02 9.29177284e+00 
766 785.34 3.09903198e+02 9.29709625e+00 
767 786.12 3.09946472e+02 9.29839420e+00 
768 786.90 3.08653931e+02 9.25961781e+00 
769 787.68 3.06189178e+02 9.18567562e+00 
770 788.46 3.04204742e+02 9.12614250e+00 
771 789.24 3.03157776e+02 9.09473324e+00 
772 790.03 3.02036072e+02 9.06108189e+00 
773 790.81 2.99580322e+02 8.98740959e+00 
774 791.59 2.95702789e+02 8.87108326e+00 
775 792.37 2.91876709e+02 8.75630093e+00 
776 793.15 2.89157684e+02 8.67473030e+00 
777 793.93 2.88490845e+02 8.65472507e+00 
778 794.71 2.89682922e+02 8.69048786e+00 
779 795.49 2.90458069e+02 8.71374226e+00 
780 796.27 2.90038422e+02 8.70115280e+00 
781 797.05 2.90394775e+02 8.71184349e+00 
782 797.84 2.90278748e+02 8.70836258e+00 
783 798.61 2.88266846e+02 8.64800549e+00 
784 799.40 2.85454132e+02 8.56362438e+00 
785 800.18 2.82607544e+02 8.47822666e+00 
786 800.96 2.80287964e+02 8.40863895e+00 
787 801.74 2.79894775e+02 8.39684296e+00 
788 802.52 2.79929596e+02 8.39788818e+00 
789 803.30 2.79020752e+02 8.37062263e+00 
790 804.08 2.75980530e+02 8.27941608e+00 
791 804.86 2.72554779e+02 8.17664337e+00 
792 805.64 2.71256683e+02 8.13770008e+00 
793 806.42 2.72427948e+02 8.17283821e+00 
794 807.20 2.73251099e+02 8.19753265e+00 
795 807.97 2.69958069e+02 8.09874249e+00 
796 808.75 2.64474792e+02 7.93424368e+00 
797 809.53 2.61318176e+02 7.83954525e+00 
798 810.31 2.62174103e+02 7.86522293e+00 
799 811.09 2.64191193e+02 7.92573595e+00 
800 811.87 2.63770508e+02 7.91311502e+00 
801 812.65 2.60019501e+02 7.80058479e+00 
802 813.43 2.53787216e+02 7.61361647e+00 
803 814.21 2.47249374e+02 7.41748142e+00 
804 814.99 2.43427155e+02 7.30281448e+00 
805 815.76 2.41456329e+02 7.24369001e+00 
806 816.54 2.40502594e+02 7.21507788e+00 
807 817.32 2.38354874e+02 7.15064621e+00 
808 818.10 2.35075134e+02 7.05225420e+00 
809 818.88 2.32837265e+02 6.98511791e+00 
810 819.66 2.33177261e+02 6.99531794e+00 
811 820.43 2.35940384e+02 7.07821131e+00 
812 821.21 2.36901779e+02 7.10705328e+00 
813 821.99 2.32200958e+02 6.96602869e+00 
814 822.77 2.26530731e+02 6.79592180e+00 
815 823.55 2.25767578e+02 6.77302742e+00 
816 824.32 2.28880356e+02 6.86641073e+00 
817 825.10 2.33341309e+02 7.00023937e+00 
818 825.88 2.35981903e+02 7.07945728e+00 
819 826.66 2.34268555e+02 7.02805662e+00 
820 827.43 2.29805420e+02 6.89416265e+00 
821 828.21 2.25507202e+02 6.76521587e+00 
822 828.99 2.23925201e+02 6.71775627e+00 
823 829.76 2.25251862e+02 6.75755596e+00 
824 830.54 2.26992447e+02 6.80977345e+00 
825 831.32 2.26157837e+02 6.78473520e+00 
826 832.10 2.23224258e+02 6.69672775e+00 
827 832.87 2.19920197e+02 6.59760571e+00 
828 833.65 2.19267334e+02 6.57802010e+00 
829 834.42 2.22202423e+02 6.66607285e+00 
830 835.20 2.26368439e+02 6.79105330e+00 
831 835.98 2.27815247e+02 6.83445740e+00 
832 836.75 2.25806885e+02 6.77420664e+00 
833 837.53 2.21642517e+02 6.64927530e+00 
834 838.30 2.18967163e+02 6.56901503e+00 
835 839.08 2.19443054e+02 6.58329153e+00 
836 839.86 2.21576370e+02 6.64729118e+00 
837 840.63 2.22015274e+02 6.66045809e+00 
838 841.41 2.19404343e+02 6.58213043e+00 
839 842.18 2.14693146e+02 6.44079447e+00 
840 842.96 2.10646637e+02 6.31939888e+00 
841 843.73 2.09761780e+02 6.29285336e+00 
842 844.51 2.11722015e+02 6.35166025e+00 
843 845.28 2.13987213e+02 6.41961622e+00 
844 846.06 2.14395340e+02 6.43185997e+00 
845 846.84 2.11391235e+02 6.34173727e+00 
846 847.61 2.05886566e+02 6.17659712e+00 
847 848.38 2.00810455e+02 6.02431345e+00 
848 849.16 1.99043198e+02 5.97129583e+00 
849 849.93 1.99459717e+02 5.98379135e+00 
850 850.71 2.00113525e+02 6.00340557e+00 
851 851.48 1.97742249e+02 5.93226767e+00 
852 852.26 1.92190430e+02 5.76571274e+00 
853 853.03 1.85812149e+02 5.57436466e+00 
854 853.81 1.81756897e+02 5.45270681e+00 
855 854.58 1.82763031e+02 5.48289108e+00 
856 855.35 1.87617264e+02 5.62851810e+00 
857 856.13 1.92754135e+02 5.78262424e+00 
858 856.90 1.94552368e+02 5.83657122e+00 
859 857.68 1.92650208e+02 5.77950621e+00 
860 858.45 1.89828033e+02 5.69484091e+00 
861 859.22 1.88218704e+02 5.64656115e+00 
862 860.00 1.89216766e+02 5.67650318e+00 
863 860.77 1.91565430e+02 5.74696302e+00 
864 861.54 1.92048172e+02 5.76144505e+00 
865 862.32 1.89930511e+02 5.69791555e+00 
866 863.09 1.85778137e+02 5.57334423e+00 
867 863.86 1.79941574e+02 5.39824724e+00 
868 864.64 1.75899338e+02 5.27697992e+00 
869 865.41 1.73927658e+02 5.21782970e+00 
870 866.18 1.73840515e+02 5.21521568e+00 
871 866.95 1.74470978e+02 5.23412943e+00 
872 867.73 1.74484467e+02 5.23453379e+00 
873 868.50 1.73314514e+02 5.19943523e+00 
874 869.27 1.72240280e+02 5.16720819e+00 
875 870.04 1.72510452e+02 5.17531347e+00 
876 870.81 1.74406342e+02 5.23219013e+00 
877 871.59 1.75631638e+02 5.26894903e+00 
878 872.36 1.75436279e+02 5.26308823e+00 
879 873.13 1.73077744e+02 5.19233227e+00 
880 873.90 1.69268692e+02 5.07806063e+00 
881 874.67 1.65446960e+02 4.96340895e+00 
882 875.44 1.63929703e+02 4.91789103e+00 
883 876.22 1.65050934e+02 4.95152807e+00 
884 876.99 1.66679230e+02 5.00037670e+00 
885 877.76 1.67301437e+02 5.01904297e+00 
886 878.53 1.65841339e+02 4.97524023e+00 
887 879.30 1.62396698e+02 4.87190104e+00 
888 880.07 1.59051300e+02 4.77153921e+00 
889 880.84 1.57784119e+02 4.73352337e+00 
890 881.61 1.58778427e+02 4.76335287e+00 
891 882.38 1.60631668e+02 4.81895018e+00 
892 883.15 1.62146301e+02 4.86438894e+00 
893 883.92 1.61271515e+02 4.83814526e+00 
894 884.69 1.58599609e+02 4.75798845e+00 
895 885.47 1.55709076e+02 4.67127228e+00 
896 886.23 1.53545517e+02 4.60636568e+00 
897 887.00 1.53242767e+02 4.59728289e+00 
898 887.78 1.54393646e+02 4.63180923e+00 
899 888.54 1.56079788e+02 4.68239355e+00 
900 889.31 1.56722946e+02 4.70168829e+00 
901 890.08 1.54957504e+02 4.64872503e+00 
902 890.85 1.51682358e+02 4.55047083e+00 
903 891.62 1.48731461e+02 4.46194363e+00 
904 892.39 1.46620804e+02 4.39862394e+00 
905 893.16 1.46193481e+02 4.38580465e+00 
906 893.93 1.46554901e+02 4.39664698e+00 
907 894.70 1.45929245e+02 4.37787724e+00 
908 895.47 1.43284790e+02 4.29854393e+00 
909 896.24 1.39188110e+02 4.17564344e+00 
910 897.01 1.34817245e+02 4.04451752e+00 
911 897.78 1.31741943e+02 3.95225835e+00 
912 898.54 1.30598969e+02 3.91796899e+00 
913 899.31 1.30571945e+02 3.91715837e+00 
914 900.08 1.30629608e+02 3.91888833e+00 
915 900.85 1.30307785e+02 3.90923357e+00 
916 901.62 1.29180344e+02 3.87541032e+00 
917 902.38 1.28123596e+02 3.84370780e+00 
918 903.15 1.27848724e+02 3.83546162e+00 
919 903.92 1.28234894e+02 3.84704685e+00 
920 904.69 1.28953369e+02 3.86860108e+00 
921 905.46 1.29444427e+02 3.88333273e+00 
922 906.22 1.28954468e+02 3.86863399e+00 
923 906.99 1.26873703e+02 3.80621099e+00 
924 907.76 1.23872818e+02 3.71618462e+00 
925 908.52 1.20941467e+02 3.62824392e+00 
926 909.29 1.18986130e+02 3.56958389e+00 
927 910.06 1.18538757e+02 3.55616283e+00 
928 910.83 1.19090233e+02 3.57270694e+00 
929 911.59 1.19888138e+02 3.59664416e+00 
930 912.36 1.19946175e+02 3.59838533e+00 
931 913.13 1.18979439e+02 3.56938314e+00 
932 913.89 1.17203163e+02 3.51609492e+00 
933 914.66 1.15170288e+02 3.45510864e+00 
934 915.42 1.13662491e+02 3.40987468e+00 
935 916.19 1.13051048e+02 3.39153147e+00 
936 916.96 1.13223465e+02 3.39670396e+00 
937 917.72 1.13640434e+02 3.40921307e+00 
938 918.49 1.13647102e+02 3.40941310e+00 
939 919.26 1.12899940e+02 3.38699818e+00 
940 920.02 1.11364288e+02 3.34092855e+00 
941 920.79 1.09468384e+02 3.28405142e+00 
942 921.55 1.07759262e+02 3.23277783e+00 
943 922.32 1.06651611e+02 3.19954824e+00 
944 923.08 1.06004623e+02 3.18013859e+00 
945 923.85 1.05581276e+02 3.16743827e+00 
946 924.61 1.04814400e+02 3.14443207e+00 
947 925.38 1.03323822e+02 3.09971476e+00 
948 926.14 1.01028793e+02 3.03086376e+00 
949 926.91 9.80238037e+01 2.94071412e+00 
950 927.67 9.46392822e+01 2.83917856e+00 
951 928.44 9.11611710e+01 2.73483515e+00 
952 929.20 8.77255020e+01 2.63176513e+00 
953 929.97 8.43574295e+01 2.53072286e+00 
954 930.73 8.06164551e+01 2.41849375e+00 
955 931.49 7.65799713e+01 2.29739904e+00 
956 932.26 7.23933868e+01 2.17180157e+00 
957 933.02 6.83917160e+01 2.05175138e+00 
958 933.79 6.50299301e+01 1.95089793e+00 
959 934.55 6.27028999e+01 1.88108695e+00 
960 935.32 6.12537766e+01 1.83761334e+00 
961 936.08 6.04622002e+01 1.81386602e+00 
962 936.84 6.00067825e+01 1.80020344e+00 
963 937.61 5.95480118e+01 1.78644037e+00 
964 938.37 5.89135590e+01 1.76740682e+00 
965 939.13 5.80162048e+01 1.74048615e+00 
966 939.89 5.70380630e+01 1.71114194e+00 
967 940.66 5.60569496e+01 1.68170846e+00 
968 941.42 5.52798386e+01 1.65839517e+00 
969 942.18 5.44998283e+01 1.63499486e+00 
970 942.95 5.37088203e+01 1.61126459e+00 
971 943.71 5.28791809e+01 1.58637547e+00 
972 944.47 5.19947014e+01 1.55984104e+00 
973 945.23 5.12199974e+01 1.53659987e+00 
974 946.00 5.07892418e+01 1.52367723e+00 
975 946.76 5.07598343e+01 1.52279508e+00 
976 947.52 5.11153030e+01 1.53345907e+00 
977 948.28 5.18266296e+01 1.55479884e+00 
978 949.04 5.26032486e+01 1.57809746e+00 
979 949.81 5.32330132e+01 1.59699035e+00 
980 950.57 5.35429573e+01 1.60628867e+00 
981 951.33 5.35777130e+01 1.60733140e+00 
982 952.09 5.34836273e+01 1.60450888e+00 
983 952.85 5.34953079e+01 1.60485923e+00 
984 953.61 5.37794876e+01 1.61338460e+00 
985 954.38 5.43846703e+01 1.63154006e+00 
986 955.14 5.50261841e+01 1.65078557e+00 
987 955.90 5.55670319e+01 1.66701090e+00 
988 956.66 5.60112877e+01 1.68033862e+00 
989 957.42 5.61980209e+01 1.68594062e+00 
990 958.18 5.62169724e+01 1.68650913e+00 
991 958.94 5.63343964e+01 1.69003189e+00 
992 959.70 5.67541199e+01 1.70262361e+00 
993 960.46 5.73659477e+01 1.72097838e+00 
994 961.22 5.80990334e+01 1.74297094e+00 
995 961.98 5.87683601e+01 1.76305079e+00 
996 962.74 5.90943260e+01 1.77282977e+00 
997 963.50 5.92157326e+01 1.77647197e+00 
998 964.26 5.91165352e+01 1.77349603e+00 
999 965.02 5.90716782e+01 1.77215040e+00 
1000 965.78 5.92773209e+01 1.77831960e+00 
1001 966.54 5.97889748e+01 1.79366922e+00 
1002 967.30 6.04267769e+01 1.81280327e+00 
1003 968.06 6.08864517e+01 1.82659352e+00 
1004 968.82 6.08420181e+01 1.82526052e+00 
1005 969.58 6.05023727e+01 1.81507123e+00 
1006 970.34 6.00419044e+01 1.80125713e+00 
1007 971.10 5.97201614e+01 1.79160488e+00 
1008 971.86 5.96115112e+01 1.78834534e+00 
1009 972.62 5.96298447e+01 1.78889537e+00 
1010 973.38 5.94054146e+01 1.78216243e+00 
1011 974.14 5.89005814e+01 1.76701748e+00 
1012 974.90 5.82168961e+01 1.74650693e+00 
1013 975.65 5.75273170e+01 1.72581947e+00 
1014 976.41 5.70237579e+01 1.71071279e+00 
1015 977.17 5.68626633e+01 1.70587993e+00 
1016 977.93 5.68802338e+01 1.70640707e+00 
1017 978.69 5.67414017e+01 1.70224202e+00 
1018 979.45 5.63636856e+01 1.69091058e+00 
1019 980.20 5.57961922e+01 1.67388582e+00 
1020 980.96 5.54076462e+01 1.66222942e+00 
1021 981.72 5.52655258e+01 1.65796578e+00 
1022 982.48 5.52259064e+01 1.65677714e+00 
1023 983.23 5.49301033e+01 1.64790308e+00 
1024 983.99 5.42916908e+01 1.62875068e+00 
1025 984.75 5.36077042e+01 1.60823107e+00 
1026 985.51 5.32321625e+01 1.59696484e+00 
1027 986.27 5.30558548e+01 1.59167564e+00 
1028 987.02 5.26706886e+01 1.58012068e+00 
1029 987.78 5.18740997e+01 1.55622303e+00 
1030 988.54 5.10109215e+01 1.53032768e+00 
1031 989.29 5.04998627e+01 1.51499593e+00 
1032 990.05 5.02049484e+01 1.50614846e+00 
1033 990.81 4.95149384e+01 1.48544812e+00 
1034 991.56 4.85579834e+01 1.45673954e+00 
1035 992.32 4.78317490e+01 1.43495250e+00 
1036 993.08 4.72130814e+01 1.41639245e+00 
1037 993.83 4.63098907e+01 1.38929677e+00 
1038 994.59 4.52494087e+01 1.35748231e+00 
1039 995.35 4.44029160e+01 1.33208752e+00 
1040 996.10 2.70509720e+00 8.11529160e-02 
1041 996.86 1.31166324e-01 3.93498968e-03 
1042 997.62 7.46714696e-02 2.24014418e-03 
1043 998.37 6.06153756e-02 1.81846123e-03 
