% C0 (TOA Count Rate, /ms) for 4STAR VIS spectrometer (1044 channels) derived from C:\Users\sleblanc\Research\MLO\2018_Febuary\4STAR_20180212starsun.mat and recorded on 2019-04-28 13:52:24.
% Data outside 1.8x the STD of 501 nm Langley residuals were screened out. For instrument:4STAR
Pix Wavelength C0 C0err
0 173.18 -1.00000000e+00 -1.00000000e+00 
1 173.98 -1.00000000e+00 -1.00000000e+00 
2 174.77 -1.00000000e+00 -1.00000000e+00 
3 175.56 -1.00000000e+00 -1.00000000e+00 
4 176.36 -1.00000000e+00 -1.00000000e+00 
5 177.15 -1.00000000e+00 -1.00000000e+00 
6 177.94 -1.00000000e+00 -1.00000000e+00 
7 178.74 -1.00000000e+00 -1.00000000e+00 
8 179.53 -1.00000000e+00 -1.00000000e+00 
9 180.33 -1.00000000e+00 -1.00000000e+00 
10 181.12 -1.00000000e+00 -1.00000000e+00 
11 181.92 -1.00000000e+00 -1.00000000e+00 
12 182.71 -1.00000000e+00 -1.00000000e+00 
13 183.51 -1.00000000e+00 -1.00000000e+00 
14 184.30 -1.00000000e+00 -1.00000000e+00 
15 185.10 -1.00000000e+00 -1.00000000e+00 
16 185.89 -1.00000000e+00 -1.00000000e+00 
17 186.69 -1.00000000e+00 -1.00000000e+00 
18 187.49 -1.00000000e+00 -1.00000000e+00 
19 188.28 -1.00000000e+00 -1.00000000e+00 
20 189.08 -1.00000000e+00 -1.00000000e+00 
21 189.88 -1.00000000e+00 -1.00000000e+00 
22 190.67 -1.00000000e+00 -1.00000000e+00 
23 191.47 -1.00000000e+00 -1.00000000e+00 
24 192.27 -1.00000000e+00 -1.00000000e+00 
25 193.07 -1.00000000e+00 -1.00000000e+00 
26 193.86 -1.00000000e+00 -1.00000000e+00 
27 194.66 -1.00000000e+00 -1.00000000e+00 
28 195.46 -1.00000000e+00 -1.00000000e+00 
29 196.26 -1.00000000e+00 -1.00000000e+00 
30 197.05 -1.00000000e+00 -1.00000000e+00 
31 197.85 -1.00000000e+00 -1.00000000e+00 
32 198.65 -1.00000000e+00 -1.00000000e+00 
33 199.45 -1.00000000e+00 -1.00000000e+00 
34 200.25 -1.00000000e+00 -1.00000000e+00 
35 201.05 -1.00000000e+00 -1.00000000e+00 
36 201.85 -1.00000000e+00 -1.00000000e+00 
37 202.65 -1.00000000e+00 -1.00000000e+00 
38 203.44 -1.00000000e+00 -1.00000000e+00 
39 204.24 -1.00000000e+00 -1.00000000e+00 
40 205.04 -1.00000000e+00 -1.00000000e+00 
41 205.84 -1.00000000e+00 -1.00000000e+00 
42 206.64 -1.00000000e+00 -1.00000000e+00 
43 207.44 -1.00000000e+00 -1.00000000e+00 
44 208.24 -1.00000000e+00 -1.00000000e+00 
45 209.04 -1.00000000e+00 -1.00000000e+00 
46 209.84 -1.00000000e+00 -1.00000000e+00 
47 210.64 -1.00000000e+00 -1.00000000e+00 
48 211.44 -1.00000000e+00 -1.00000000e+00 
49 212.24 -1.00000000e+00 -1.00000000e+00 
50 213.04 -1.00000000e+00 -1.00000000e+00 
51 213.85 -1.00000000e+00 -1.00000000e+00 
52 214.65 -1.00000000e+00 -1.00000000e+00 
53 215.45 -1.00000000e+00 -1.00000000e+00 
54 216.25 -1.00000000e+00 -1.00000000e+00 
55 217.05 -1.00000000e+00 -1.00000000e+00 
56 217.85 -1.00000000e+00 -1.00000000e+00 
57 218.65 -1.00000000e+00 -1.00000000e+00 
58 219.46 -1.00000000e+00 -1.00000000e+00 
59 220.26 -1.00000000e+00 -1.00000000e+00 
60 221.06 -1.00000000e+00 -1.00000000e+00 
61 221.86 -1.00000000e+00 -1.00000000e+00 
62 222.66 -1.00000000e+00 -1.00000000e+00 
63 223.47 -1.00000000e+00 -1.00000000e+00 
64 224.27 -1.00000000e+00 -1.00000000e+00 
65 225.07 -1.00000000e+00 -1.00000000e+00 
66 225.87 -1.00000000e+00 -1.00000000e+00 
67 226.68 -1.00000000e+00 -1.00000000e+00 
68 227.48 -1.00000000e+00 -1.00000000e+00 
69 228.28 -1.00000000e+00 -1.00000000e+00 
70 229.08 -1.00000000e+00 -1.00000000e+00 
71 229.89 9.80886936e+00 2.94266075e-01 
72 230.69 3.72904129e+01 1.11871243e+00 
73 231.49 6.67061284e-02 2.00118381e-03 
74 232.30 -1.00000000e+00 -1.00000000e+00 
75 233.10 -1.00000000e+00 -1.00000000e+00 
76 233.90 -1.00000000e+00 -1.00000000e+00 
77 234.71 -1.00000000e+00 -1.00000000e+00 
78 235.51 -1.00000000e+00 -1.00000000e+00 
79 236.32 -1.00000000e+00 -1.00000000e+00 
80 237.12 -1.00000000e+00 -1.00000000e+00 
81 237.92 -1.00000000e+00 -1.00000000e+00 
82 238.73 -1.00000000e+00 -1.00000000e+00 
83 239.53 -1.00000000e+00 -1.00000000e+00 
84 240.34 -1.00000000e+00 -1.00000000e+00 
85 241.14 -1.00000000e+00 -1.00000000e+00 
86 241.94 -1.00000000e+00 -1.00000000e+00 
87 242.75 -1.00000000e+00 -1.00000000e+00 
88 243.55 -1.00000000e+00 -1.00000000e+00 
89 244.36 -1.00000000e+00 -1.00000000e+00 
90 245.16 -1.00000000e+00 -1.00000000e+00 
91 245.97 -1.00000000e+00 -1.00000000e+00 
92 246.77 -1.00000000e+00 -1.00000000e+00 
93 247.58 -1.00000000e+00 -1.00000000e+00 
94 248.38 -1.00000000e+00 -1.00000000e+00 
95 249.19 -1.00000000e+00 -1.00000000e+00 
96 249.99 -1.00000000e+00 -1.00000000e+00 
97 250.80 -1.00000000e+00 -1.00000000e+00 
98 251.60 -1.00000000e+00 -1.00000000e+00 
99 252.41 -1.00000000e+00 -1.00000000e+00 
100 253.21 -1.00000000e+00 -1.00000000e+00 
101 254.02 -1.00000000e+00 -1.00000000e+00 
102 254.82 -1.00000000e+00 -1.00000000e+00 
103 255.63 -1.00000000e+00 -1.00000000e+00 
104 256.44 -1.00000000e+00 -1.00000000e+00 
105 257.24 -1.00000000e+00 -1.00000000e+00 
106 258.05 -1.00000000e+00 -1.00000000e+00 
107 258.85 -1.00000000e+00 -1.00000000e+00 
108 259.66 -1.00000000e+00 -1.00000000e+00 
109 260.46 -1.00000000e+00 -1.00000000e+00 
110 261.27 -1.00000000e+00 -1.00000000e+00 
111 262.08 -1.00000000e+00 -1.00000000e+00 
112 262.88 -1.00000000e+00 -1.00000000e+00 
113 263.69 -1.00000000e+00 -1.00000000e+00 
114 264.49 -1.00000000e+00 -1.00000000e+00 
115 265.30 -1.00000000e+00 -1.00000000e+00 
116 266.11 -1.00000000e+00 -1.00000000e+00 
117 266.91 -1.00000000e+00 -1.00000000e+00 
118 267.72 -1.00000000e+00 -1.00000000e+00 
119 268.53 -1.00000000e+00 -1.00000000e+00 
120 269.33 -1.00000000e+00 -1.00000000e+00 
121 270.14 -1.00000000e+00 -1.00000000e+00 
122 270.95 -1.00000000e+00 -1.00000000e+00 
123 271.75 -1.00000000e+00 -1.00000000e+00 
124 272.56 -1.00000000e+00 -1.00000000e+00 
125 273.37 -1.00000000e+00 -1.00000000e+00 
126 274.17 -1.00000000e+00 -1.00000000e+00 
127 274.98 -1.00000000e+00 -1.00000000e+00 
128 275.79 -1.00000000e+00 -1.00000000e+00 
129 276.59 6.59280396e+00 1.97784126e-01 
130 277.40 1.38016253e+01 4.14048761e-01 
131 278.21 1.98450222e+01 5.95350683e-01 
132 279.01 2.53301315e+01 7.59903967e-01 
133 279.82 2.09248886e+01 6.27746642e-01 
134 280.63 1.78048496e+01 5.34145474e-01 
135 281.43 1.48222408e+01 4.44667220e-01 
136 282.24 1.27657804e+01 3.82973403e-01 
137 283.05 1.09979496e+01 3.29938501e-01 
138 283.86 8.93622303e+00 2.68086702e-01 
139 284.66 8.13661671e+00 2.44098499e-01 
140 285.47 6.94177294e+00 2.08253190e-01 
141 286.28 6.24799204e+00 1.87439755e-01 
142 287.09 5.62687540e+00 1.68806255e-01 
143 287.89 4.99772120e+00 1.49931639e-01 
144 288.70 4.45074940e+00 1.33522481e-01 
145 289.51 4.10596704e+00 1.23179011e-01 
146 290.32 3.71109509e+00 1.11332856e-01 
147 291.12 3.45889664e+00 1.03766896e-01 
148 291.93 3.26658297e+00 9.79974866e-02 
149 292.74 3.04021716e+00 9.12065133e-02 
150 293.55 2.79196262e+00 8.37588757e-02 
151 294.35 2.66613269e+00 7.99839795e-02 
152 295.16 2.57291555e+00 7.71874636e-02 
153 295.97 2.49004817e+00 7.47014433e-02 
154 296.78 2.30245018e+00 6.90735057e-02 
155 297.58 2.25753784e+00 6.77261353e-02 
156 298.39 2.14078856e+00 6.42236546e-02 
157 299.20 2.09791684e+00 6.29375055e-02 
158 300.01 1.99690199e+00 5.99070601e-02 
159 300.81 1.90758264e+00 5.72274774e-02 
160 301.62 1.93525803e+00 5.80577403e-02 
161 302.43 1.89929879e+00 5.69789633e-02 
162 303.24 1.94746900e+00 5.84240705e-02 
163 304.04 1.83644211e+00 5.50932623e-02 
164 304.85 1.83082271e+00 5.49246818e-02 
165 305.66 1.79047489e+00 5.37142456e-02 
166 306.47 1.79043734e+00 5.37131205e-02 
167 307.28 1.70781040e+00 5.12343124e-02 
168 308.08 1.78477108e+00 5.35431318e-02 
169 308.89 1.74782479e+00 5.24347425e-02 
170 309.70 1.67551398e+00 5.02654202e-02 
171 310.51 1.68174005e+00 5.04522026e-02 
172 311.32 1.69820333e+00 5.09461015e-02 
173 312.12 1.74701023e+00 5.24103083e-02 
174 312.93 1.81170011e+00 5.43510020e-02 
175 313.74 1.49925923e+00 4.49777767e-02 
176 314.55 1.73416889e+00 5.20250648e-02 
177 315.36 1.75973058e+00 5.27919158e-02 
178 316.16 1.76533937e+00 5.29601797e-02 
179 316.97 1.73777926e+00 5.21333776e-02 
180 317.78 1.78945172e+00 5.36835529e-02 
181 318.59 1.73778880e+00 5.21336645e-02 
182 319.40 1.78640652e+00 5.35921939e-02 
183 320.20 1.77564251e+00 5.32692745e-02 
184 321.01 1.84046340e+00 5.52139021e-02 
185 321.82 1.84118283e+00 5.52354865e-02 
186 322.63 1.86738253e+00 5.60214743e-02 
187 323.43 1.86204910e+00 5.58614731e-02 
188 324.24 1.83295465e+00 5.49886376e-02 
189 325.05 1.88258350e+00 5.64775057e-02 
190 325.86 1.90384781e+00 5.71154356e-02 
191 326.67 1.91556907e+00 5.74670732e-02 
192 327.48 1.90406573e+00 5.71219735e-02 
193 328.28 1.99739647e+00 5.99218942e-02 
194 329.09 2.03013682e+00 6.09041043e-02 
195 329.90 1.95473492e+00 5.86420484e-02 
196 330.71 2.05395722e+00 6.16187155e-02 
197 331.52 2.10541058e+00 6.31623194e-02 
198 332.32 2.33907795e+00 7.01723397e-02 
199 333.13 2.67813897e+00 8.03441703e-02 
200 333.94 2.91139841e+00 8.73419493e-02 
201 334.75 3.62662745e+00 1.08798824e-01 
202 335.55 4.67344570e+00 1.40203372e-01 
203 336.36 6.04442167e+00 1.81332648e-01 
204 337.17 8.02825737e+00 2.40847722e-01 
205 337.98 1.12252388e+01 3.36757153e-01 
206 338.79 1.48575974e+01 4.45727915e-01 
207 339.60 1.89966793e+01 5.69900393e-01 
208 340.40 2.27260494e+01 6.81781471e-01 
209 341.21 2.62276268e+01 7.86828816e-01 
210 342.02 2.99960537e+01 8.99881601e-01 
211 342.83 3.33295670e+01 9.99886990e-01 
212 343.63 3.39209671e+01 1.01762903e+00 
213 344.44 3.59352226e+01 1.07805669e+00 
214 345.25 4.03228874e+01 1.20968664e+00 
215 346.06 4.46473312e+01 1.33941996e+00 
216 346.87 4.77257767e+01 1.43177330e+00 
217 347.67 4.90784111e+01 1.47235239e+00 
218 348.48 5.06024284e+01 1.51807284e+00 
219 349.29 5.40162010e+01 1.62048602e+00 
220 350.10 5.97653427e+01 1.79296029e+00 
221 350.90 6.31786575e+01 1.89535975e+00 
222 351.71 6.29415283e+01 1.88824582e+00 
223 352.52 6.52991714e+01 1.95897520e+00 
224 353.33 7.17328796e+01 2.15198636e+00 
225 354.14 7.87808990e+01 2.36342692e+00 
226 354.94 8.17333374e+01 2.45200014e+00 
227 355.75 7.99967194e+01 2.39990163e+00 
228 356.56 7.51763458e+01 2.25529027e+00 
229 357.37 7.03968124e+01 2.11190438e+00 
230 358.18 7.08866501e+01 2.12659955e+00 
231 358.98 8.09831696e+01 2.42949510e+00 
232 359.79 9.23211517e+01 2.76963449e+00 
233 360.60 9.30929031e+01 2.79278708e+00 
234 361.41 9.24053192e+01 2.77215958e+00 
235 362.21 9.76610565e+01 2.92983174e+00 
236 363.02 1.03156738e+02 3.09470224e+00 
237 363.83 1.06353004e+02 3.19059014e+00 
238 364.64 1.12259033e+02 3.36777091e+00 
239 365.44 1.22832603e+02 3.68497801e+00 
240 366.25 1.30353027e+02 3.91059089e+00 
241 367.06 1.30951614e+02 3.92854834e+00 
242 367.87 1.29061508e+02 3.87184525e+00 
243 368.67 1.31117493e+02 3.93352485e+00 
244 369.48 1.36748672e+02 4.10246038e+00 
245 370.29 1.37810287e+02 4.13430882e+00 
246 371.10 1.35605316e+02 4.06815958e+00 
247 371.90 1.32095978e+02 3.96287942e+00 
248 372.71 1.24425674e+02 3.73277020e+00 
249 373.52 1.18074585e+02 3.54223752e+00 
250 374.33 1.18782341e+02 3.56347013e+00 
251 375.13 1.27000023e+02 3.81000066e+00 
252 375.94 1.38463715e+02 4.15391159e+00 
253 376.75 1.50884949e+02 4.52654839e+00 
254 377.56 1.64875122e+02 4.94625378e+00 
255 378.36 1.66526855e+02 4.99580574e+00 
256 379.17 1.56963028e+02 4.70889091e+00 
257 379.98 1.52841629e+02 4.58524895e+00 
258 380.78 1.53119766e+02 4.59359312e+00 
259 381.59 1.38095261e+02 4.14285803e+00 
260 382.40 1.17123772e+02 3.51371312e+00 
261 383.20 1.10191734e+02 3.30575204e+00 
262 384.01 1.21681664e+02 3.65044999e+00 
263 384.82 1.37009216e+02 4.11027670e+00 
264 385.63 1.41132462e+02 4.23397398e+00 
265 386.43 1.42553696e+02 4.27661085e+00 
266 387.24 1.43393127e+02 4.30179405e+00 
267 388.05 1.45823654e+02 4.37470961e+00 
268 388.85 1.55670319e+02 4.67010975e+00 
269 389.66 1.70063492e+02 5.10190487e+00 
270 390.47 1.80919189e+02 5.42757559e+00 
271 391.27 1.79873459e+02 5.39620399e+00 
272 392.08 1.57040726e+02 4.71122169e+00 
273 392.89 1.27233627e+02 3.81700873e+00 
274 393.69 1.24510185e+02 3.73530555e+00 
275 394.50 1.51655823e+02 4.54967451e+00 
276 395.31 1.64775940e+02 4.94327831e+00 
277 396.11 1.50329178e+02 4.50987530e+00 
278 396.92 1.45863647e+02 4.37590933e+00 
279 397.73 1.77378616e+02 5.32135868e+00 
280 398.53 2.16078720e+02 6.48236179e+00 
281 399.34 2.37808014e+02 7.13424063e+00 
282 400.15 2.48938812e+02 7.46816444e+00 
283 400.95 2.57701569e+02 7.73104715e+00 
284 401.76 2.63985687e+02 7.91957045e+00 
285 402.57 2.65404846e+02 7.96214533e+00 
286 403.37 2.64395081e+02 7.93185234e+00 
287 404.18 2.64293121e+02 7.92879343e+00 
288 404.99 2.63144897e+02 7.89434671e+00 
289 405.79 2.61531830e+02 7.84595490e+00 
290 406.60 2.62309906e+02 7.86929703e+00 
291 407.40 2.69583862e+02 8.08751583e+00 
292 408.21 2.79770264e+02 8.39310837e+00 
293 409.02 2.82393494e+02 8.47180462e+00 
294 409.82 2.77910034e+02 8.33730125e+00 
295 410.63 2.82981476e+02 8.48944473e+00 
296 411.43 2.95051086e+02 8.85153294e+00 
297 412.24 3.00895416e+02 9.02686214e+00 
298 413.05 3.00706390e+02 9.02119160e+00 
299 413.85 2.99290894e+02 8.97872639e+00 
300 414.66 2.98400269e+02 8.95200825e+00 
301 415.46 2.98456909e+02 8.95370770e+00 
302 416.27 2.97458801e+02 8.92376423e+00 
303 417.08 2.91756622e+02 8.75269890e+00 
304 417.88 2.86476410e+02 8.59429264e+00 
305 418.69 2.83965118e+02 8.51895332e+00 
306 419.49 2.83914490e+02 8.51743507e+00 
307 420.30 2.87313782e+02 8.61941338e+00 
308 421.11 2.89335754e+02 8.68007278e+00 
309 421.91 2.85813965e+02 8.57441902e+00 
310 422.72 2.80610779e+02 8.41832352e+00 
311 423.52 2.81562683e+02 8.44688034e+00 
312 424.33 2.85730591e+02 8.57191753e+00 
313 425.13 2.88341888e+02 8.65025711e+00 
314 425.94 2.89455811e+02 8.68367386e+00 
315 426.74 2.91140717e+02 8.73422146e+00 
316 427.55 2.91551788e+02 8.74655342e+00 
317 428.36 2.88945282e+02 8.66835880e+00 
318 429.16 2.77132843e+02 8.31398487e+00 
319 429.96 2.66561554e+02 7.99684668e+00 
320 430.77 2.74866180e+02 8.24598503e+00 
321 431.58 3.07784729e+02 9.23354149e+00 
322 432.38 3.38047333e+02 1.01414204e+01 
323 433.19 3.52344452e+02 1.05703335e+01 
324 433.99 3.62045319e+02 1.08613596e+01 
325 434.80 3.79927887e+02 1.13978367e+01 
326 435.60 4.02763550e+02 1.20829067e+01 
327 436.41 4.17237122e+02 1.25171137e+01 
328 437.21 4.17357513e+02 1.25207253e+01 
329 438.02 4.13554504e+02 1.24066353e+01 
330 438.82 4.19306396e+02 1.25791922e+01 
331 439.63 4.34860626e+02 1.30458183e+01 
332 440.43 4.55369415e+02 1.36610823e+01 
333 441.24 4.76560425e+02 1.42968130e+01 
334 442.04 4.94764801e+02 1.48429441e+01 
335 442.85 5.06946747e+02 1.52084026e+01 
336 443.65 5.14497070e+02 1.54349117e+01 
337 444.45 5.17610352e+02 1.55283108e+01 
338 445.26 5.17753540e+02 1.55326061e+01 
339 446.06 5.23941345e+02 1.57182407e+01 
340 446.87 5.38015076e+02 1.61404514e+01 
341 447.67 5.54622864e+02 1.66386852e+01 
342 448.48 5.67365601e+02 1.70209675e+01 
343 449.28 5.80338562e+02 1.74101563e+01 
344 450.09 5.94317688e+02 1.78295307e+01 
345 450.89 6.01372314e+02 1.80411701e+01 
346 451.70 5.94936096e+02 1.78480835e+01 
347 452.50 5.83106628e+02 1.74931984e+01 
348 453.30 5.79024231e+02 1.73707275e+01 
349 454.11 5.83406128e+02 1.75021839e+01 
350 454.91 5.93377258e+02 1.78013172e+01 
351 455.72 6.04272705e+02 1.81281815e+01 
352 456.52 6.13264648e+02 1.83979397e+01 
353 457.32 6.16789429e+02 1.85036831e+01 
354 458.13 6.15512817e+02 1.84653854e+01 
355 458.93 6.15412720e+02 1.84623814e+01 
356 459.74 6.20285645e+02 1.86085701e+01 
357 460.54 6.28937683e+02 1.88681297e+01 
358 461.34 6.37824463e+02 1.91347332e+01 
359 462.15 6.43179932e+02 1.92953987e+01 
360 462.95 6.42477356e+02 1.92743206e+01 
361 463.76 6.38118958e+02 1.91435680e+01 
362 464.56 6.34517334e+02 1.90355206e+01 
363 465.36 6.32603821e+02 1.89781151e+01 
364 466.17 6.32131042e+02 1.89639320e+01 
365 466.97 6.33710022e+02 1.90113010e+01 
366 467.77 6.37528320e+02 1.91258488e+01 
367 468.58 6.40737427e+02 1.92221222e+01 
368 469.38 6.40393555e+02 1.92118073e+01 
369 470.18 6.40768005e+02 1.92230396e+01 
370 470.99 6.47669800e+02 1.94300938e+01 
371 471.79 6.57238586e+02 1.97171574e+01 
372 472.59 6.65138794e+02 1.99541645e+01 
373 473.40 6.71304321e+02 2.01391296e+01 
374 474.20 6.75940247e+02 2.02782078e+01 
375 475.00 6.79192505e+02 2.03757744e+01 
376 475.81 6.81423645e+02 2.04427090e+01 
377 476.61 6.86157959e+02 2.05847397e+01 
378 477.41 6.93432983e+02 2.08029900e+01 
379 478.21 6.99626831e+02 2.09888058e+01 
380 479.02 7.03385010e+02 2.11015511e+01 
381 479.82 7.05694336e+02 2.11708298e+01 
382 480.62 7.08528931e+02 2.12558670e+01 
383 481.43 7.09860352e+02 2.12958107e+01 
384 482.23 7.08412720e+02 2.12523823e+01 
385 483.03 7.03109009e+02 2.10932693e+01 
386 483.84 6.91457153e+02 2.07437153e+01 
387 484.64 6.68514648e+02 2.00554390e+01 
388 485.44 6.41334106e+02 1.92400227e+01 
389 486.24 6.28002380e+02 1.88400707e+01 
390 487.04 6.33873535e+02 1.90162067e+01 
391 487.85 6.52827698e+02 1.95848312e+01 
392 488.65 6.73205200e+02 2.01961555e+01 
393 489.45 6.86503296e+02 2.05950985e+01 
394 490.26 6.89607300e+02 2.06882191e+01 
395 491.06 6.85682434e+02 2.05704727e+01 
396 491.86 6.80757202e+02 2.04227161e+01 
397 492.66 6.82029297e+02 2.04608784e+01 
398 493.46 6.90142517e+02 2.07042751e+01 
399 494.27 6.98720703e+02 2.09616203e+01 
400 495.07 7.03227356e+02 2.10968208e+01 
401 495.87 7.04895264e+02 2.11468582e+01 
402 496.67 7.01730713e+02 2.10519218e+01 
403 497.48 6.96081604e+02 2.08824482e+01 
404 498.28 6.90318604e+02 2.07095585e+01 
405 499.08 6.83180176e+02 2.04954052e+01 
406 499.88 6.75347473e+02 2.02604237e+01 
407 500.68 6.68479248e+02 2.00543766e+01 
408 501.48 6.65852173e+02 1.99755650e+01 
409 502.29 6.68384888e+02 2.00515461e+01 
410 503.09 6.73372803e+02 2.02011833e+01 
411 503.89 6.80159546e+02 2.04047871e+01 
412 504.69 6.88429810e+02 2.06528950e+01 
413 505.49 6.94955322e+02 2.08486595e+01 
414 506.29 6.95859619e+02 2.08757877e+01 
415 507.09 6.91988525e+02 2.07596550e+01 
416 507.90 6.88212524e+02 2.06463757e+01 
417 508.70 6.87122192e+02 2.06136665e+01 
418 509.50 6.87644043e+02 2.06293221e+01 
419 510.30 6.88775208e+02 2.06632557e+01 
420 511.10 6.86952209e+02 2.06085663e+01 
421 511.90 6.81894287e+02 2.04568291e+01 
422 512.71 6.74422241e+02 2.02326679e+01 
423 513.51 6.66828247e+02 2.00048466e+01 
424 514.31 6.61350952e+02 1.98405285e+01 
425 515.11 6.51352905e+02 1.95405865e+01 
426 515.91 6.34012268e+02 1.90203686e+01 
427 516.71 6.17515991e+02 1.85254803e+01 
428 517.51 6.09337952e+02 1.82801380e+01 
429 518.31 6.15393982e+02 1.84618187e+01 
430 519.11 6.31096191e+02 1.89328861e+01 
431 519.91 6.45852112e+02 1.93755627e+01 
432 520.71 6.56200500e+02 1.96860142e+01 
433 521.52 6.59910095e+02 1.97973022e+01 
434 522.32 6.61916626e+02 1.98574982e+01 
435 523.12 6.66918823e+02 2.00075645e+01 
436 523.92 6.72127441e+02 2.01638241e+01 
437 524.72 6.71587280e+02 2.01476192e+01 
438 525.52 6.61436768e+02 1.98431034e+01 
439 526.32 6.50392334e+02 1.95117702e+01 
440 527.12 6.50249695e+02 1.95074902e+01 
441 527.92 6.61382202e+02 1.98414669e+01 
442 528.72 6.76806885e+02 2.03042068e+01 
443 529.52 6.89054077e+02 2.06716232e+01 
444 530.32 6.93818298e+02 2.08145485e+01 
445 531.12 6.89936890e+02 2.06981068e+01 
446 531.92 6.82447632e+02 2.04734287e+01 
447 532.72 6.76234253e+02 2.02870274e+01 
448 533.52 6.76551025e+02 2.02965317e+01 
449 534.32 6.82873413e+02 2.04862022e+01 
450 535.12 6.88094360e+02 2.06428299e+01 
451 535.92 6.88119019e+02 2.06435699e+01 
452 536.72 6.85947327e+02 2.05784206e+01 
453 537.52 6.82904663e+02 2.04871407e+01 
454 538.32 6.78854431e+02 2.03656330e+01 
455 539.12 6.73505371e+02 2.02051620e+01 
456 539.92 6.68836670e+02 2.00650997e+01 
457 540.72 6.68223328e+02 2.00466995e+01 
458 541.52 6.71190308e+02 2.01357098e+01 
459 542.32 6.76784607e+02 2.03035374e+01 
460 543.12 6.81632935e+02 2.04489880e+01 
461 543.92 6.84928528e+02 2.05478554e+01 
462 544.72 6.86859863e+02 2.06057968e+01 
463 545.52 6.86082397e+02 2.05824718e+01 
464 546.32 6.82344788e+02 2.04703445e+01 
465 547.12 6.78177612e+02 2.03453293e+01 
466 547.91 6.76455811e+02 2.02936745e+01 
467 548.71 6.76432617e+02 2.02929783e+01 
468 549.51 6.77621582e+02 2.03286476e+01 
469 550.31 6.78080933e+02 2.03424282e+01 
470 551.11 6.77584778e+02 2.03275433e+01 
471 551.91 6.77037964e+02 2.03111382e+01 
472 552.71 6.77167480e+02 2.03150253e+01 
473 553.51 6.79518372e+02 2.03855515e+01 
474 554.31 6.80789368e+02 2.04236813e+01 
475 555.10 6.78660583e+02 2.03598175e+01 
476 555.90 6.74198792e+02 2.02259636e+01 
477 556.70 6.68358765e+02 2.00507622e+01 
478 557.50 6.59920776e+02 1.97976227e+01 
479 558.30 6.52918945e+02 1.95875683e+01 
480 559.10 6.51764893e+02 1.95529461e+01 
481 559.90 6.52568420e+02 1.95770531e+01 
482 560.70 6.55954346e+02 1.96786308e+01 
483 561.49 6.61751587e+02 1.98525467e+01 
484 562.29 6.65431274e+02 1.99629383e+01 
485 563.09 6.67050842e+02 2.00115261e+01 
486 563.89 6.68300781e+02 2.00490227e+01 
487 564.69 6.67727112e+02 2.00318127e+01 
488 565.49 6.66601563e+02 1.99980469e+01 
489 566.29 6.67350830e+02 2.00205250e+01 
490 567.08 6.71486145e+02 2.01445847e+01 
491 567.88 6.75500122e+02 2.02650032e+01 
492 568.68 6.76606812e+02 2.02982044e+01 
493 569.48 6.75087952e+02 2.02526379e+01 
494 570.28 6.72912781e+02 2.01873837e+01 
495 571.07 6.76067566e+02 2.02820263e+01 
496 571.87 6.85075195e+02 2.05522556e+01 
497 572.67 6.93878174e+02 2.08163452e+01 
498 573.47 6.98491516e+02 2.09547462e+01 
499 574.26 6.95697388e+02 2.08709221e+01 
500 575.06 6.90193542e+02 2.07058067e+01 
501 575.86 6.86612610e+02 2.05983791e+01 
502 576.66 6.82688171e+02 2.04806442e+01 
503 577.45 6.78485229e+02 2.03545570e+01 
504 578.25 6.75039978e+02 2.02511997e+01 
505 579.05 6.73139709e+02 2.01941910e+01 
506 579.85 6.73459106e+02 2.02037735e+01 
507 580.65 6.74681824e+02 2.02404556e+01 
508 581.44 6.75923828e+02 2.02777157e+01 
509 582.24 6.76221375e+02 2.02866421e+01 
510 583.04 6.75171021e+02 2.02551308e+01 
511 583.83 6.70909058e+02 2.01272717e+01 
512 584.63 6.64268127e+02 1.99280434e+01 
513 585.43 6.58714783e+02 1.97614441e+01 
514 586.22 6.55905518e+02 1.96771660e+01 
515 587.02 6.51414734e+02 1.95424423e+01 
516 587.82 6.41139648e+02 1.92341900e+01 
517 588.62 6.30226807e+02 1.89068050e+01 
518 589.41 6.26746826e+02 1.88024044e+01 
519 590.21 6.31890503e+02 1.89567146e+01 
520 591.01 6.41712830e+02 1.92513847e+01 
521 591.80 6.49157349e+02 1.94747200e+01 
522 592.60 6.51778870e+02 1.95533657e+01 
523 593.40 6.51815552e+02 1.95544662e+01 
524 594.19 6.51588379e+02 1.95476513e+01 
525 594.99 6.51333984e+02 1.95400200e+01 
526 595.79 6.51814575e+02 1.95544376e+01 
527 596.58 6.50954529e+02 1.95286350e+01 
528 597.38 6.49256714e+02 1.94777012e+01 
529 598.18 6.46545410e+02 1.93963623e+01 
530 598.97 6.43555054e+02 1.93066521e+01 
531 599.77 6.40367859e+02 1.92110367e+01 
532 600.56 6.37200378e+02 1.91160107e+01 
533 601.36 6.34584839e+02 1.90375443e+01 
534 602.16 6.35383301e+02 1.90614986e+01 
535 602.95 6.38757629e+02 1.91627293e+01 
536 603.75 6.42598694e+02 1.92779617e+01 
537 604.54 6.44342102e+02 1.93302631e+01 
538 605.34 6.43846069e+02 1.93153820e+01 
539 606.14 6.42150879e+02 1.92645264e+01 
540 606.93 6.39451843e+02 1.91835556e+01 
541 607.73 6.36159363e+02 1.90847816e+01 
542 608.52 6.32148499e+02 1.89644547e+01 
543 609.32 6.28584473e+02 1.88575344e+01 
544 610.11 6.26664673e+02 1.87999401e+01 
545 610.91 6.25324402e+02 1.87597313e+01 
546 611.71 6.22840454e+02 1.86852131e+01 
547 612.50 6.19291748e+02 1.85787525e+01 
548 613.30 6.15898926e+02 1.84769669e+01 
549 614.09 6.13188904e+02 1.83956680e+01 
550 614.89 6.09561157e+02 1.82868347e+01 
551 615.68 6.05341492e+02 1.81602440e+01 
552 616.48 6.03672791e+02 1.81101837e+01 
553 617.27 6.05303345e+02 1.81590996e+01 
554 618.07 6.09530029e+02 1.82859001e+01 
555 618.86 6.13629395e+02 1.84088821e+01 
556 619.66 6.15714783e+02 1.84714432e+01 
557 620.45 6.15354675e+02 1.84606400e+01 
558 621.25 6.13020813e+02 1.83906250e+01 
559 622.04 6.09424866e+02 1.82827454e+01 
560 622.84 6.05267029e+02 1.81580105e+01 
561 623.63 6.01201721e+02 1.80360508e+01 
562 624.43 5.97498474e+02 1.79249535e+01 
563 625.22 5.96864563e+02 1.79059372e+01 
564 626.02 5.97110535e+02 1.79133167e+01 
565 626.81 5.97601013e+02 1.79280300e+01 
566 627.61 5.96500366e+02 1.78950119e+01 
567 628.40 5.93738159e+02 1.78121452e+01 
568 629.19 5.89988281e+02 1.76996479e+01 
569 629.99 5.86260376e+02 1.75878105e+01 
570 630.78 5.82572998e+02 1.74771900e+01 
571 631.58 5.80449585e+02 1.74134884e+01 
572 632.37 5.78829590e+02 1.73648872e+01 
573 633.17 5.77436096e+02 1.73230820e+01 
574 633.96 5.76332153e+02 1.72899647e+01 
575 634.76 5.74442871e+02 1.72332859e+01 
576 635.55 5.72653442e+02 1.71796036e+01 
577 636.34 5.71971191e+02 1.71591358e+01 
578 637.14 5.72141724e+02 1.71642513e+01 
579 637.93 5.71195251e+02 1.71358566e+01 
580 638.72 5.67234131e+02 1.70170231e+01 
581 639.52 5.61970581e+02 1.68591175e+01 
582 640.31 5.57369995e+02 1.67210999e+01 
583 641.11 5.54833374e+02 1.66450005e+01 
584 641.90 5.54690308e+02 1.66407089e+01 
585 642.69 5.54952209e+02 1.66485672e+01 
586 643.49 5.54142761e+02 1.66242828e+01 
587 644.28 5.52333374e+02 1.65700016e+01 
588 645.07 5.49453552e+02 1.64836063e+01 
589 645.87 5.47667480e+02 1.64300251e+01 
590 646.66 5.46519653e+02 1.63955898e+01 
591 647.45 5.45052124e+02 1.63515644e+01 
592 648.25 5.40830322e+02 1.62249088e+01 
593 649.04 5.35507813e+02 1.60652351e+01 
594 649.83 5.33788513e+02 1.60136547e+01 
595 650.63 5.35936768e+02 1.60781021e+01 
596 651.42 5.38367188e+02 1.61510162e+01 
597 652.21 5.38255005e+02 1.61476498e+01 
598 653.00 5.36941528e+02 1.61082458e+01 
599 653.80 5.31742188e+02 1.59522657e+01 
600 654.59 5.17169006e+02 1.55150700e+01 
601 655.38 4.94234741e+02 1.48270426e+01 
602 656.17 4.80146545e+02 1.44043961e+01 
603 656.97 4.87064209e+02 1.46119261e+01 
604 657.76 5.05626190e+02 1.51687860e+01 
605 658.55 5.19503662e+02 1.55851097e+01 
606 659.34 5.25142639e+02 1.57542791e+01 
607 660.14 5.28464539e+02 1.58539362e+01 
608 660.93 5.31501160e+02 1.59450350e+01 
609 661.72 5.32844788e+02 1.59853439e+01 
610 662.52 5.31266785e+02 1.59380035e+01 
611 663.31 5.28735229e+02 1.58620567e+01 
612 664.10 5.27516846e+02 1.58255053e+01 
613 664.89 5.27720642e+02 1.58316193e+01 
614 665.68 5.27176392e+02 1.58152914e+01 
615 666.47 5.25306458e+02 1.57591934e+01 
616 667.27 5.24274719e+02 1.57282419e+01 
617 668.06 5.24145752e+02 1.57243729e+01 
618 668.85 5.23718750e+02 1.57115622e+01 
619 669.64 5.21828003e+02 1.56548405e+01 
620 670.43 5.18861267e+02 1.55658379e+01 
621 671.23 5.15785645e+02 1.54735689e+01 
622 672.02 5.14118896e+02 1.54235668e+01 
623 672.81 5.14458313e+02 1.54337492e+01 
624 673.60 5.14253235e+02 1.54275970e+01 
625 674.39 5.12816345e+02 1.53844900e+01 
626 675.18 5.11292236e+02 1.53387671e+01 
627 675.97 5.09974243e+02 1.52992277e+01 
628 676.77 5.08561401e+02 1.52568417e+01 
629 677.56 5.07271973e+02 1.52181587e+01 
630 678.35 5.05643311e+02 1.51692991e+01 
631 679.14 5.04014587e+02 1.51204376e+01 
632 679.93 5.01710999e+02 1.50513296e+01 
633 680.72 4.99363159e+02 1.49808950e+01 
634 681.51 4.97626282e+02 1.49287882e+01 
635 682.30 4.95445679e+02 1.48633699e+01 
636 683.09 4.90826721e+02 1.47248020e+01 
637 683.88 4.84881775e+02 1.45464535e+01 
638 684.67 4.79425659e+02 1.43827696e+01 
639 685.46 4.67973083e+02 1.40391922e+01 
640 686.26 4.46837189e+02 1.34051161e+01 
641 687.04 4.28058929e+02 1.28417683e+01 
642 687.84 4.25941772e+02 1.27782536e+01 
643 688.63 4.32712524e+02 1.29813757e+01 
644 689.42 4.37491394e+02 1.31247416e+01 
645 690.21 4.41153809e+02 1.32346144e+01 
646 691.00 4.44757599e+02 1.33427277e+01 
647 691.79 4.48733673e+02 1.34620104e+01 
648 692.58 4.52568542e+02 1.35770559e+01 
649 693.37 4.55033203e+02 1.36509962e+01 
650 694.16 4.56116333e+02 1.36834898e+01 
651 694.95 4.55625275e+02 1.36687584e+01 
652 695.74 4.54920837e+02 1.36476250e+01 
653 696.53 4.53061462e+02 1.35918436e+01 
654 697.32 4.49487488e+02 1.34846249e+01 
655 698.10 4.47350128e+02 1.34205036e+01 
656 698.89 4.46531342e+02 1.33959398e+01 
657 699.68 4.44282806e+02 1.33284845e+01 
658 700.47 4.40115875e+02 1.32034760e+01 
659 701.26 4.36477264e+02 1.30943184e+01 
660 702.05 4.34838837e+02 1.30451651e+01 
661 702.84 4.35078186e+02 1.30523453e+01 
662 703.63 4.36255066e+02 1.30876522e+01 
663 704.42 4.37062500e+02 1.31118746e+01 
664 705.21 4.35458832e+02 1.30637646e+01 
665 706.00 4.33544250e+02 1.30063276e+01 
666 706.79 4.32274506e+02 1.29682350e+01 
667 707.58 4.31229889e+02 1.29368963e+01 
668 708.37 4.29084595e+02 1.28725376e+01 
669 709.15 4.27569733e+02 1.28270922e+01 
670 709.94 4.27674744e+02 1.28302422e+01 
671 710.73 4.25856689e+02 1.27757006e+01 
672 711.52 4.22834106e+02 1.26850233e+01 
673 712.31 4.20536011e+02 1.26160803e+01 
674 713.10 4.20157196e+02 1.26047163e+01 
675 713.88 4.19750092e+02 1.25925026e+01 
676 714.67 4.18219910e+02 1.25465975e+01 
677 715.46 4.15731964e+02 1.24719591e+01 
678 716.25 4.13386719e+02 1.24016018e+01 
679 717.04 4.10503143e+02 1.23150940e+01 
680 717.83 4.03988007e+02 1.21196404e+01 
681 718.61 3.96877930e+02 1.19063377e+01 
682 719.40 3.94974518e+02 1.18492355e+01 
683 720.19 3.96362366e+02 1.18908710e+01 
684 720.98 3.98641815e+02 1.19592543e+01 
685 721.76 3.99736694e+02 1.19921007e+01 
686 722.55 3.97968353e+02 1.19390507e+01 
687 723.34 3.96085388e+02 1.18825617e+01 
688 724.13 3.95018219e+02 1.18505468e+01 
689 724.92 3.94694763e+02 1.18408432e+01 
690 725.70 3.93375000e+02 1.18012505e+01 
691 726.49 3.91877625e+02 1.17563286e+01 
692 727.28 3.89699493e+02 1.16909847e+01 
693 728.06 3.86140045e+02 1.15842018e+01 
694 728.85 3.82672974e+02 1.14801893e+01 
695 729.64 3.83281799e+02 1.14984541e+01 
696 730.42 3.84673523e+02 1.15402060e+01 
697 731.21 3.84706909e+02 1.15412073e+01 
698 732.00 3.84275879e+02 1.15282764e+01 
699 732.78 3.82839783e+02 1.14851933e+01 
700 733.57 3.82928345e+02 1.14878502e+01 
701 734.36 3.82481964e+02 1.14744587e+01 
702 735.14 3.79952881e+02 1.13985863e+01 
703 735.93 3.77811279e+02 1.13343382e+01 
704 736.72 3.76470093e+02 1.12941027e+01 
705 737.51 3.74342773e+02 1.12302828e+01 
706 738.29 3.70350952e+02 1.11105289e+01 
707 739.08 3.67850006e+02 1.10355005e+01 
708 739.86 3.66918732e+02 1.10075617e+01 
709 740.65 3.64254700e+02 1.09276409e+01 
710 741.44 3.62222839e+02 1.08666849e+01 
711 742.22 3.63527679e+02 1.09058304e+01 
712 743.01 3.65091309e+02 1.09527397e+01 
713 743.79 3.63836700e+02 1.09151011e+01 
714 744.58 3.61598633e+02 1.08479586e+01 
715 745.37 3.61613983e+02 1.08484192e+01 
716 746.15 3.61164734e+02 1.08349419e+01 
717 746.94 3.59519165e+02 1.07855749e+01 
718 747.72 3.57232544e+02 1.07169762e+01 
719 748.51 3.54045776e+02 1.06213732e+01 
720 749.29 3.51804718e+02 1.05541420e+01 
721 750.08 3.50166901e+02 1.05050068e+01 
722 750.86 3.47992188e+02 1.04397659e+01 
723 751.65 3.46267761e+02 1.03880329e+01 
724 752.43 3.45706818e+02 1.03712044e+01 
725 753.22 3.46033691e+02 1.03810110e+01 
726 754.00 3.45851593e+02 1.03755474e+01 
727 754.79 3.43142303e+02 1.02942696e+01 
728 755.57 3.40228027e+02 1.02068405e+01 
729 756.36 3.38899841e+02 1.01669950e+01 
730 757.14 3.38150818e+02 1.01445246e+01 
731 757.93 3.31241882e+02 9.93725681e+00 
732 758.71 2.99233398e+02 8.97700214e+00 
733 759.49 2.31419037e+02 6.94257116e+00 
734 760.28 1.78526184e+02 5.35578537e+00 
735 761.06 1.87089645e+02 5.61268950e+00 
736 761.85 2.15057495e+02 6.45172501e+00 
737 762.63 2.25606583e+02 6.76819754e+00 
738 763.41 2.31124481e+02 6.93373442e+00 
739 764.20 2.44252563e+02 7.32757711e+00 
740 764.98 2.61182007e+02 7.83546019e+00 
741 765.77 2.76072662e+02 8.28217983e+00 
742 766.55 2.90114655e+02 8.70343971e+00 
743 767.33 3.02913879e+02 9.08741665e+00 
744 768.12 3.11258545e+02 9.33775616e+00 
745 768.90 3.14727783e+02 9.44183350e+00 
746 769.68 3.15855927e+02 9.47567749e+00 
747 770.47 3.15349976e+02 9.46049881e+00 
748 771.25 3.13732239e+02 9.41196728e+00 
749 772.03 3.13536499e+02 9.40609455e+00 
750 772.82 3.14750885e+02 9.44252682e+00 
751 773.60 3.14303192e+02 9.42909622e+00 
752 774.38 3.11162109e+02 9.33486366e+00 
753 775.17 3.09496338e+02 9.28489017e+00 
754 775.95 3.09832855e+02 9.29498577e+00 
755 776.73 3.08748718e+02 9.26246166e+00 
756 777.51 3.06977875e+02 9.20933628e+00 
757 778.30 3.05953918e+02 9.17861748e+00 
758 779.08 3.04095825e+02 9.12287521e+00 
759 779.86 3.02164856e+02 9.06494522e+00 
760 780.64 3.02153931e+02 9.06461811e+00 
761 781.43 3.03852173e+02 9.11556530e+00 
762 782.21 3.03697327e+02 9.11091995e+00 
763 782.99 3.00299438e+02 9.00898361e+00 
764 783.77 2.98338379e+02 8.95015144e+00 
765 784.55 2.97816467e+02 8.93449402e+00 
766 785.34 2.97757263e+02 8.93271828e+00 
767 786.12 2.97918732e+02 8.93756199e+00 
768 786.90 2.96961670e+02 8.90884972e+00 
769 787.68 2.94596039e+02 8.83788109e+00 
770 788.46 2.92415405e+02 8.77246189e+00 
771 789.24 2.91576538e+02 8.74729633e+00 
772 790.03 2.91162781e+02 8.73488331e+00 
773 790.81 2.89444214e+02 8.68332672e+00 
774 791.59 2.85748840e+02 8.57246494e+00 
775 792.37 2.81729614e+02 8.45188808e+00 
776 793.15 2.78403015e+02 8.35209084e+00 
777 793.93 2.77301758e+02 8.31905270e+00 
778 794.71 2.78362549e+02 8.35087681e+00 
779 795.49 2.79267273e+02 8.37801838e+00 
780 796.27 2.78787872e+02 8.36363602e+00 
781 797.05 2.79086731e+02 8.37260151e+00 
782 797.84 2.78753845e+02 8.36261559e+00 
783 798.61 2.76853882e+02 8.30561638e+00 
784 799.40 2.73968018e+02 8.21904087e+00 
785 800.18 2.70802917e+02 8.12408733e+00 
786 800.96 2.68326904e+02 8.04980755e+00 
787 801.74 2.67831696e+02 8.03495121e+00 
788 802.52 2.68153320e+02 8.04459953e+00 
789 803.30 2.67373474e+02 8.02120399e+00 
790 804.08 2.64683075e+02 7.94049215e+00 
791 804.86 2.61009827e+02 7.83029461e+00 
792 805.64 2.59407623e+02 7.78222847e+00 
793 806.42 2.60828186e+02 7.82484579e+00 
794 807.20 2.61923340e+02 7.85770035e+00 
795 807.97 2.59168610e+02 7.77505827e+00 
796 808.75 2.54092712e+02 7.62278128e+00 
797 809.53 2.51154236e+02 7.53462696e+00 
798 810.31 2.52329422e+02 7.56988287e+00 
799 811.09 2.54867142e+02 7.64601421e+00 
800 811.87 2.55490509e+02 7.66471529e+00 
801 812.65 2.53661270e+02 7.60983801e+00 
802 813.43 2.49748505e+02 7.49245501e+00 
803 814.21 2.45379547e+02 7.36138630e+00 
804 814.99 2.43315628e+02 7.29946899e+00 
805 815.76 2.42774414e+02 7.28323221e+00 
806 816.54 2.42129532e+02 7.26388597e+00 
807 817.32 2.39547363e+02 7.18642092e+00 
808 818.10 2.35187363e+02 7.05562067e+00 
809 818.88 2.31773529e+02 6.95320606e+00 
810 819.66 2.30565186e+02 6.91695547e+00 
811 820.43 2.32023331e+02 6.96070004e+00 
812 821.21 2.33787140e+02 7.01361418e+00 
813 821.99 2.32049881e+02 6.96149635e+00 
814 822.77 2.28517319e+02 6.85551977e+00 
815 823.55 2.26767212e+02 6.80301619e+00 
816 824.32 2.26938339e+02 6.80815029e+00 
817 825.10 2.29171173e+02 6.87513542e+00 
818 825.88 2.31129440e+02 6.93388319e+00 
819 826.66 2.29964371e+02 6.89893103e+00 
820 827.43 2.26344482e+02 6.79033470e+00 
821 828.21 2.22555740e+02 6.67667198e+00 
822 828.99 2.20575958e+02 6.61727858e+00 
823 829.76 2.21259949e+02 6.63779831e+00 
824 830.54 2.22440308e+02 6.67320919e+00 
825 831.32 2.21350906e+02 6.64052725e+00 
826 832.10 2.17889984e+02 6.53669930e+00 
827 832.87 2.13403137e+02 6.40209389e+00 
828 833.65 2.11672867e+02 6.35018587e+00 
829 834.42 2.13852570e+02 6.41557693e+00 
830 835.20 2.17732422e+02 6.53197289e+00 
831 835.98 2.19131561e+02 6.57394695e+00 
832 836.75 2.17209167e+02 6.51627493e+00 
833 837.53 2.13071045e+02 6.39213133e+00 
834 838.30 2.10106949e+02 6.30320835e+00 
835 839.08 2.10165863e+02 6.30497599e+00 
836 839.86 2.12089722e+02 6.36269188e+00 
837 840.63 2.12649628e+02 6.37948895e+00 
838 841.41 2.10374115e+02 6.31122351e+00 
839 842.18 2.06045166e+02 6.18135500e+00 
840 842.96 2.02246902e+02 6.06740713e+00 
841 843.73 2.01278473e+02 6.03835440e+00 
842 844.51 2.02946625e+02 6.08839893e+00 
843 845.28 2.04933243e+02 6.14799738e+00 
844 846.06 2.05301300e+02 6.15903902e+00 
845 846.84 2.02694885e+02 6.08084679e+00 
846 847.61 1.97217377e+02 5.91652107e+00 
847 848.38 1.92113098e+02 5.76339293e+00 
848 849.16 1.90459625e+02 5.71378899e+00 
849 849.93 1.90926636e+02 5.72779894e+00 
850 850.71 1.91598053e+02 5.74794149e+00 
851 851.48 1.89698914e+02 5.69096756e+00 
852 852.26 1.84614319e+02 5.53842974e+00 
853 853.03 1.78651962e+02 5.35955906e+00 
854 853.81 1.74779648e+02 5.24338961e+00 
855 854.58 1.75257767e+02 5.25773287e+00 
856 855.35 1.79586365e+02 5.38759089e+00 
857 856.13 1.84804657e+02 5.54413986e+00 
858 856.90 1.87010437e+02 5.61031294e+00 
859 857.68 1.85438446e+02 5.56315327e+00 
860 858.45 1.82848984e+02 5.48546934e+00 
861 859.22 1.81112885e+02 5.43338633e+00 
862 860.00 1.81907852e+02 5.45723534e+00 
863 860.77 1.84008606e+02 5.52025795e+00 
864 861.54 1.84572510e+02 5.53717518e+00 
865 862.32 1.82566528e+02 5.47699594e+00 
866 863.09 1.78627853e+02 5.35883570e+00 
867 863.86 1.73239502e+02 5.19718504e+00 
868 864.64 1.69487411e+02 5.08462238e+00 
869 865.41 1.67633484e+02 5.02900457e+00 
870 866.18 1.67411087e+02 5.02233267e+00 
871 866.95 1.67866089e+02 5.03598261e+00 
872 867.73 1.67848236e+02 5.03544712e+00 
873 868.50 1.66827133e+02 5.00481415e+00 
874 869.27 1.65770737e+02 4.97312212e+00 
875 870.04 1.65973770e+02 4.97921324e+00 
876 870.81 1.67789017e+02 5.03367043e+00 
877 871.59 1.68945267e+02 5.06835794e+00 
878 872.36 1.68714539e+02 5.06143618e+00 
879 873.13 1.66317764e+02 4.98953295e+00 
880 873.90 1.62666321e+02 4.87998962e+00 
881 874.67 1.59086182e+02 4.77258539e+00 
882 875.44 1.57695587e+02 4.73086739e+00 
883 876.22 1.58802200e+02 4.76406622e+00 
884 876.99 1.60354324e+02 4.81062984e+00 
885 877.76 1.61065170e+02 4.83195496e+00 
886 878.53 1.59816544e+02 4.79449654e+00 
887 879.30 1.56710541e+02 4.70131636e+00 
888 880.07 1.53460831e+02 4.60382509e+00 
889 880.84 1.52126236e+02 4.56378698e+00 
890 881.61 1.52915466e+02 4.58746386e+00 
891 882.38 1.54747131e+02 4.64241409e+00 
892 883.15 1.56207413e+02 4.68622255e+00 
893 883.92 1.55554794e+02 4.66664362e+00 
894 884.69 1.53053864e+02 4.59161568e+00 
895 885.47 1.50327667e+02 4.50983000e+00 
896 886.23 1.48179245e+02 4.44537735e+00 
897 887.00 1.47643433e+02 4.42930317e+00 
898 887.78 1.48569992e+02 4.45709991e+00 
899 888.54 1.50176636e+02 4.50529909e+00 
900 889.31 1.50846603e+02 4.52539825e+00 
901 890.08 1.49435593e+02 4.48306799e+00 
902 890.85 1.46530991e+02 4.39592981e+00 
903 891.62 1.43848679e+02 4.31546021e+00 
904 892.39 1.41991898e+02 4.25975704e+00 
905 893.16 1.41994537e+02 4.25983620e+00 
906 893.93 1.42913940e+02 4.28741837e+00 
907 894.70 1.43266006e+02 4.29798031e+00 
908 895.47 1.41887329e+02 4.25661993e+00 
909 896.24 1.39225281e+02 4.17675829e+00 
910 897.01 1.35790695e+02 4.07372093e+00 
911 897.78 1.33290756e+02 3.99872279e+00 
912 898.54 1.32565750e+02 3.97697258e+00 
913 899.31 1.32670471e+02 3.98011422e+00 
914 900.08 1.32425751e+02 3.97277260e+00 
915 900.85 1.31620758e+02 3.94862270e+00 
916 901.62 1.29820572e+02 3.89461708e+00 
917 902.38 1.27925011e+02 3.83775043e+00 
918 903.15 1.26888344e+02 3.80665040e+00 
919 903.92 1.26674759e+02 3.80024266e+00 
920 904.69 1.27256203e+02 3.81768608e+00 
921 905.46 1.27868904e+02 3.83606720e+00 
922 906.22 1.27974617e+02 3.83923841e+00 
923 906.99 1.26555275e+02 3.79665828e+00 
924 907.76 1.24150093e+02 3.72450280e+00 
925 908.52 1.21665993e+02 3.64997983e+00 
926 909.29 1.19905289e+02 3.59715867e+00 
927 910.06 1.19458778e+02 3.58376336e+00 
928 910.83 1.19976204e+02 3.59928608e+00 
929 911.59 1.20828255e+02 3.62484765e+00 
930 912.36 1.20910271e+02 3.62730813e+00 
931 913.13 1.20003265e+02 3.60009789e+00 
932 913.89 1.18294037e+02 3.54882121e+00 
933 914.66 1.16173080e+02 3.48519230e+00 
934 915.42 1.14625862e+02 3.43877578e+00 
935 916.19 1.13717621e+02 3.41152859e+00 
936 916.96 1.13474472e+02 3.40423417e+00 
937 917.72 1.13442223e+02 3.40326667e+00 
938 918.49 1.12948456e+02 3.38845372e+00 
939 919.26 1.11821426e+02 3.35464287e+00 
940 920.02 1.09927490e+02 3.29782462e+00 
941 920.79 1.07814819e+02 3.23444462e+00 
942 921.55 1.05887466e+02 3.17662406e+00 
943 922.32 1.04702904e+02 3.14108706e+00 
944 923.08 1.03966446e+02 3.11899328e+00 
945 923.85 1.03671997e+02 3.11015987e+00 
946 924.61 1.03255554e+02 3.09766674e+00 
947 925.38 1.02361336e+02 3.07084012e+00 
948 926.14 1.00751549e+02 3.02254653e+00 
949 926.91 9.87883224e+01 2.96364975e+00 
950 927.67 9.65560532e+01 2.89668155e+00 
951 928.44 9.43734970e+01 2.83120489e+00 
952 929.20 9.23226929e+01 2.76968074e+00 
953 929.97 9.04492493e+01 2.71347737e+00 
954 930.73 8.81403503e+01 2.64421058e+00 
955 931.49 8.52600861e+01 2.55780268e+00 
956 932.26 8.19269104e+01 2.45780730e+00 
957 933.02 7.86602173e+01 2.35980654e+00 
958 933.79 7.55291901e+01 2.26587582e+00 
959 934.55 7.32024689e+01 2.19607401e+00 
960 935.32 7.15921631e+01 2.14776492e+00 
961 936.08 7.03786926e+01 2.11136079e+00 
962 936.84 6.93778229e+01 2.08133459e+00 
963 937.61 6.82600555e+01 2.04780173e+00 
964 938.37 6.67667236e+01 2.00300169e+00 
965 939.13 6.51115036e+01 1.95334506e+00 
966 939.89 6.34892616e+01 1.90467787e+00 
967 940.66 6.19338684e+01 1.85801601e+00 
968 941.42 6.08834915e+01 1.82650471e+00 
969 942.18 6.00867271e+01 1.80260181e+00 
970 942.95 5.94154434e+01 1.78246331e+00 
971 943.71 5.87148056e+01 1.76144421e+00 
972 944.47 5.80504074e+01 1.74151218e+00 
973 945.23 5.73436852e+01 1.72031057e+00 
974 946.00 5.69981232e+01 1.70994365e+00 
975 946.76 5.69793739e+01 1.70938122e+00 
976 947.52 5.73132858e+01 1.71939862e+00 
977 948.28 5.80153732e+01 1.74046123e+00 
978 949.04 5.87565651e+01 1.76269698e+00 
979 949.81 5.93447418e+01 1.78034222e+00 
980 950.57 5.95574417e+01 1.78672326e+00 
981 951.33 5.95025711e+01 1.78507710e+00 
982 952.09 5.93369598e+01 1.78010881e+00 
983 952.85 5.91764679e+01 1.77529407e+00 
984 953.61 5.93786545e+01 1.78135967e+00 
985 954.38 5.99281502e+01 1.79784453e+00 
986 955.14 6.05439301e+01 1.81631792e+00 
987 955.90 6.10891190e+01 1.83267355e+00 
988 956.66 6.14264069e+01 1.84279215e+00 
989 957.42 6.14772186e+01 1.84431660e+00 
990 958.18 6.12890129e+01 1.83867037e+00 
991 958.94 6.11875114e+01 1.83562529e+00 
992 959.70 6.13759613e+01 1.84127879e+00 
993 960.46 6.16646461e+01 1.84993935e+00 
994 961.22 6.20987892e+01 1.86296368e+00 
995 961.98 6.24824562e+01 1.87447369e+00 
996 962.74 6.24700928e+01 1.87410283e+00 
997 963.50 6.22019806e+01 1.86605942e+00 
998 964.26 6.17133598e+01 1.85140085e+00 
999 965.02 6.12588005e+01 1.83776402e+00 
1000 965.78 6.10968094e+01 1.83290434e+00 
1001 966.54 6.12319336e+01 1.83695805e+00 
1002 967.30 6.15083580e+01 1.84525073e+00 
1003 968.06 6.16870842e+01 1.85061252e+00 
1004 968.82 6.14214554e+01 1.84264362e+00 
1005 969.58 6.08018799e+01 1.82405639e+00 
1006 970.34 6.01704483e+01 1.80511343e+00 
1007 971.10 5.97004051e+01 1.79101217e+00 
1008 971.86 5.95424194e+01 1.78627253e+00 
1009 972.62 5.95218658e+01 1.78565598e+00 
1010 973.38 5.93903198e+01 1.78170955e+00 
1011 974.14 5.88833389e+01 1.76650012e+00 
1012 974.90 5.82310257e+01 1.74693072e+00 
1013 975.65 5.75715790e+01 1.72714734e+00 
1014 976.41 5.70658646e+01 1.71197593e+00 
1015 977.17 5.68298378e+01 1.70489514e+00 
1016 977.93 5.67467575e+01 1.70240271e+00 
1017 978.69 5.65417786e+01 1.69625330e+00 
1018 979.45 5.60428123e+01 1.68128443e+00 
1019 980.20 5.52752762e+01 1.65825832e+00 
1020 980.96 5.47549438e+01 1.64264834e+00 
1021 981.72 5.44477615e+01 1.63343287e+00 
1022 982.48 5.42903557e+01 1.62871063e+00 
1023 983.23 5.39376755e+01 1.61813021e+00 
1024 983.99 5.31896896e+01 1.59569073e+00 
1025 984.75 5.23834000e+01 1.57150197e+00 
1026 985.51 5.18858032e+01 1.55657411e+00 
1027 986.27 5.16847382e+01 1.55054212e+00 
1028 987.02 5.12570114e+01 1.53771031e+00 
1029 987.78 5.04333000e+01 1.51299906e+00 
1030 988.54 4.95059204e+01 1.48517764e+00 
1031 989.29 4.90010338e+01 1.47003102e+00 
1032 990.05 4.86378021e+01 1.45913410e+00 
1033 990.81 4.79390564e+01 1.43817174e+00 
1034 991.56 4.69585304e+01 1.40875590e+00 
1035 992.32 4.62340240e+01 1.38702071e+00 
1036 993.08 4.56321564e+01 1.36896467e+00 
1037 993.83 4.47591095e+01 1.34277332e+00 
1038 994.59 4.37021942e+01 1.31106579e+00 
1039 995.35 4.28301773e+01 1.28490531e+00 
1040 996.10 2.62650895e+00 7.87952691e-02 
1041 996.86 1.17133148e-01 3.51399439e-03 
1042 997.62 7.43193924e-02 2.22958182e-03 
1043 998.37 9.18411687e-02 2.75523495e-03 
