% C0 (TOA Count Rate, /ms) for 4STAR VIS spectrometer (1044 channels) derived from C:\_star\IOP\MLO\MLO_2018_Aug\starsun\4STAR_20180813starsun.mat and recorded on 2018-08-13 17:40:19.
% Data outside 1.8x the STD of 501 nm Langley residuals were screened out. For instrument:4STAR
Pix Wavelength C0 C0err
0 173.18 -1.00000000e+00 -1.00000000e+00 
1 173.98 -1.00000000e+00 -1.00000000e+00 
2 174.77 -1.00000000e+00 -1.00000000e+00 
3 175.56 -1.00000000e+00 -1.00000000e+00 
4 176.36 -1.00000000e+00 -1.00000000e+00 
5 177.15 -1.00000000e+00 -1.00000000e+00 
6 177.94 -1.00000000e+00 -1.00000000e+00 
7 178.74 -1.00000000e+00 -1.00000000e+00 
8 179.53 -1.00000000e+00 -1.00000000e+00 
9 180.33 -1.00000000e+00 -1.00000000e+00 
10 181.12 -1.00000000e+00 -1.00000000e+00 
11 181.92 -1.00000000e+00 -1.00000000e+00 
12 182.71 -1.00000000e+00 -1.00000000e+00 
13 183.51 -1.00000000e+00 -1.00000000e+00 
14 184.30 -1.00000000e+00 -1.00000000e+00 
15 185.10 -1.00000000e+00 -1.00000000e+00 
16 185.89 -1.00000000e+00 -1.00000000e+00 
17 186.69 -1.00000000e+00 -1.00000000e+00 
18 187.49 -1.00000000e+00 -1.00000000e+00 
19 188.28 -1.00000000e+00 -1.00000000e+00 
20 189.08 -1.00000000e+00 -1.00000000e+00 
21 189.88 -1.00000000e+00 -1.00000000e+00 
22 190.67 -1.00000000e+00 -1.00000000e+00 
23 191.47 -1.00000000e+00 -1.00000000e+00 
24 192.27 -1.00000000e+00 -1.00000000e+00 
25 193.07 -1.00000000e+00 -1.00000000e+00 
26 193.86 -1.00000000e+00 -1.00000000e+00 
27 194.66 -1.00000000e+00 -1.00000000e+00 
28 195.46 -1.00000000e+00 -1.00000000e+00 
29 196.26 -1.00000000e+00 -1.00000000e+00 
30 197.05 -1.00000000e+00 -1.00000000e+00 
31 197.85 -1.00000000e+00 -1.00000000e+00 
32 198.65 -1.00000000e+00 -1.00000000e+00 
33 199.45 -1.00000000e+00 -1.00000000e+00 
34 200.25 -1.00000000e+00 -1.00000000e+00 
35 201.05 -1.00000000e+00 -1.00000000e+00 
36 201.85 -1.00000000e+00 -1.00000000e+00 
37 202.65 -1.00000000e+00 -1.00000000e+00 
38 203.44 -1.00000000e+00 -1.00000000e+00 
39 204.24 -1.00000000e+00 -1.00000000e+00 
40 205.04 -1.00000000e+00 -1.00000000e+00 
41 205.84 -1.00000000e+00 -1.00000000e+00 
42 206.64 -1.00000000e+00 -1.00000000e+00 
43 207.44 -1.00000000e+00 -1.00000000e+00 
44 208.24 -1.00000000e+00 -1.00000000e+00 
45 209.04 -1.00000000e+00 -1.00000000e+00 
46 209.84 -1.00000000e+00 -1.00000000e+00 
47 210.64 -1.00000000e+00 -1.00000000e+00 
48 211.44 -1.00000000e+00 -1.00000000e+00 
49 212.24 -1.00000000e+00 -1.00000000e+00 
50 213.04 -1.00000000e+00 -1.00000000e+00 
51 213.85 -1.00000000e+00 -1.00000000e+00 
52 214.65 -1.00000000e+00 -1.00000000e+00 
53 215.45 -1.00000000e+00 -1.00000000e+00 
54 216.25 -1.00000000e+00 -1.00000000e+00 
55 217.05 -1.00000000e+00 -1.00000000e+00 
56 217.85 -1.00000000e+00 -1.00000000e+00 
57 218.65 -1.00000000e+00 -1.00000000e+00 
58 219.46 -1.00000000e+00 -1.00000000e+00 
59 220.26 -1.00000000e+00 -1.00000000e+00 
60 221.06 -1.00000000e+00 -1.00000000e+00 
61 221.86 -1.00000000e+00 -1.00000000e+00 
62 222.66 -1.00000000e+00 -1.00000000e+00 
63 223.47 -1.00000000e+00 -1.00000000e+00 
64 224.27 -1.00000000e+00 -1.00000000e+00 
65 225.07 -1.00000000e+00 -1.00000000e+00 
66 225.87 -1.00000000e+00 -1.00000000e+00 
67 226.68 -1.00000000e+00 -1.00000000e+00 
68 227.48 -1.00000000e+00 -1.00000000e+00 
69 228.28 4.37461777e+01 1.31238532e+00 
70 229.08 1.52778225e+01 4.58334684e-01 
71 229.89 1.65491619e+01 4.96474862e-01 
72 230.69 1.54485989e+01 4.63457972e-01 
73 231.49 1.60094337e+01 4.80283022e-01 
74 232.30 6.83618774e+01 2.05085635e+00 
75 233.10 -1.00000000e+00 -1.00000000e+00 
76 233.90 -1.00000000e+00 -1.00000000e+00 
77 234.71 -1.00000000e+00 -1.00000000e+00 
78 235.51 -1.00000000e+00 -1.00000000e+00 
79 236.32 -1.00000000e+00 -1.00000000e+00 
80 237.12 -1.00000000e+00 -1.00000000e+00 
81 237.92 -1.00000000e+00 -1.00000000e+00 
82 238.73 -1.00000000e+00 -1.00000000e+00 
83 239.53 -1.00000000e+00 -1.00000000e+00 
84 240.34 -1.00000000e+00 -1.00000000e+00 
85 241.14 -1.00000000e+00 -1.00000000e+00 
86 241.94 -1.00000000e+00 -1.00000000e+00 
87 242.75 -1.00000000e+00 -1.00000000e+00 
88 243.55 -1.00000000e+00 -1.00000000e+00 
89 244.36 -1.00000000e+00 -1.00000000e+00 
90 245.16 -1.00000000e+00 -1.00000000e+00 
91 245.97 -1.00000000e+00 -1.00000000e+00 
92 246.77 -1.00000000e+00 -1.00000000e+00 
93 247.58 -1.00000000e+00 -1.00000000e+00 
94 248.38 -1.00000000e+00 -1.00000000e+00 
95 249.19 -1.00000000e+00 -1.00000000e+00 
96 249.99 -1.00000000e+00 -1.00000000e+00 
97 250.80 -1.00000000e+00 -1.00000000e+00 
98 251.60 -1.00000000e+00 -1.00000000e+00 
99 252.41 -1.00000000e+00 -1.00000000e+00 
100 253.21 -1.00000000e+00 -1.00000000e+00 
101 254.02 -1.00000000e+00 -1.00000000e+00 
102 254.82 -1.00000000e+00 -1.00000000e+00 
103 255.63 -1.00000000e+00 -1.00000000e+00 
104 256.44 -1.00000000e+00 -1.00000000e+00 
105 257.24 -1.00000000e+00 -1.00000000e+00 
106 258.05 -1.00000000e+00 -1.00000000e+00 
107 258.85 -1.00000000e+00 -1.00000000e+00 
108 259.66 -1.00000000e+00 -1.00000000e+00 
109 260.46 -1.00000000e+00 -1.00000000e+00 
110 261.27 -1.00000000e+00 -1.00000000e+00 
111 262.08 -1.00000000e+00 -1.00000000e+00 
112 262.88 -1.00000000e+00 -1.00000000e+00 
113 263.69 -1.00000000e+00 -1.00000000e+00 
114 264.49 -1.00000000e+00 -1.00000000e+00 
115 265.30 -1.00000000e+00 -1.00000000e+00 
116 266.11 -1.00000000e+00 -1.00000000e+00 
117 266.91 -1.00000000e+00 -1.00000000e+00 
118 267.72 -1.00000000e+00 -1.00000000e+00 
119 268.53 -1.00000000e+00 -1.00000000e+00 
120 269.33 -1.00000000e+00 -1.00000000e+00 
121 270.14 -1.00000000e+00 -1.00000000e+00 
122 270.95 -1.00000000e+00 -1.00000000e+00 
123 271.75 -1.00000000e+00 -1.00000000e+00 
124 272.56 -1.00000000e+00 -1.00000000e+00 
125 273.37 -1.00000000e+00 -1.00000000e+00 
126 274.17 -1.00000000e+00 -1.00000000e+00 
127 274.98 -1.00000000e+00 -1.00000000e+00 
128 275.79 1.73945054e-01 5.21835173e-03 
129 276.59 1.56348763e+01 4.69046295e-01 
130 277.40 1.49606209e+01 4.48818624e-01 
131 278.21 1.75563812e+01 5.26691437e-01 
132 279.01 1.88742313e+01 5.66226959e-01 
133 279.82 1.82758160e+01 5.48274457e-01 
134 280.63 1.54711275e+01 4.64133829e-01 
135 281.43 1.29471893e+01 3.88415694e-01 
136 282.24 1.14464893e+01 3.43394667e-01 
137 283.05 9.50102806e+00 2.85030842e-01 
138 283.86 8.37717819e+00 2.51315355e-01 
139 284.66 7.26061010e+00 2.17818305e-01 
140 285.47 6.55671263e+00 1.96701378e-01 
141 286.28 5.91545773e+00 1.77463725e-01 
142 287.09 5.16057730e+00 1.54817313e-01 
143 287.89 4.71369553e+00 1.41410872e-01 
144 288.70 4.19027328e+00 1.25708193e-01 
145 289.51 3.92817712e+00 1.17845312e-01 
146 290.32 3.58309174e+00 1.07492752e-01 
147 291.12 3.35143542e+00 1.00543059e-01 
148 291.93 3.10442853e+00 9.31328535e-02 
149 292.74 2.99498463e+00 8.98495391e-02 
150 293.55 2.80696678e+00 8.42090026e-02 
151 294.35 2.69167280e+00 8.07501823e-02 
152 295.16 2.46170950e+00 7.38512874e-02 
153 295.97 2.40573001e+00 7.21718967e-02 
154 296.78 2.28294683e+00 6.84884042e-02 
155 297.58 2.25767350e+00 6.77302033e-02 
156 298.39 2.15111327e+00 6.45333976e-02 
157 299.20 2.07689524e+00 6.23068586e-02 
158 300.01 2.04660773e+00 6.13982305e-02 
159 300.81 1.98630941e+00 5.95892817e-02 
160 301.62 1.92851853e+00 5.78555577e-02 
161 302.43 1.92605650e+00 5.77816963e-02 
162 303.24 1.83225060e+00 5.49675189e-02 
163 304.04 1.88468719e+00 5.65406159e-02 
164 304.85 1.81589007e+00 5.44767007e-02 
165 305.66 1.83028936e+00 5.49086817e-02 
166 306.47 1.84506679e+00 5.53520024e-02 
167 307.28 1.77527618e+00 5.32582849e-02 
168 308.08 1.76698411e+00 5.30095249e-02 
169 308.89 1.78232765e+00 5.34698293e-02 
170 309.70 1.73517346e+00 5.20552024e-02 
171 310.51 1.74673629e+00 5.24020903e-02 
172 311.32 1.76970685e+00 5.30912057e-02 
173 312.12 1.74947786e+00 5.24843372e-02 
174 312.93 1.78959656e+00 5.36878966e-02 
175 313.74 1.75115669e+00 5.25346994e-02 
176 314.55 1.76516759e+00 5.29550277e-02 
177 315.36 1.74713278e+00 5.24139851e-02 
178 316.16 1.76394463e+00 5.29183373e-02 
179 316.97 1.78780186e+00 5.36340550e-02 
180 317.78 1.77618182e+00 5.32854535e-02 
181 318.59 1.81396151e+00 5.44188470e-02 
182 319.40 1.85027432e+00 5.55082299e-02 
183 320.20 1.86173093e+00 5.58519289e-02 
184 321.01 1.80141616e+00 5.40424846e-02 
185 321.82 1.81844473e+00 5.45533411e-02 
186 322.63 1.88912570e+00 5.66737726e-02 
187 323.43 1.89283681e+00 5.67851029e-02 
188 324.24 1.99387443e+00 5.98162338e-02 
189 325.05 1.97349787e+00 5.92049360e-02 
190 325.86 2.00966835e+00 6.02900498e-02 
191 326.67 1.96551180e+00 5.89653552e-02 
192 327.48 2.05103636e+00 6.15310892e-02 
193 328.28 2.04128242e+00 6.12384714e-02 
194 329.09 2.07409430e+00 6.22228272e-02 
195 329.90 2.04843116e+00 6.14529364e-02 
196 330.71 2.14331770e+00 6.42995313e-02 
197 331.52 2.22415853e+00 6.67247549e-02 
198 332.32 2.44135928e+00 7.32407793e-02 
199 333.13 2.76858139e+00 8.30574408e-02 
200 333.94 3.09995079e+00 9.29985270e-02 
201 334.75 3.83894634e+00 1.15168393e-01 
202 335.55 4.95629597e+00 1.48688883e-01 
203 336.36 6.52109528e+00 1.95632860e-01 
204 337.17 8.81822872e+00 2.64546871e-01 
205 337.98 1.20426311e+01 3.61278921e-01 
206 338.79 1.60139332e+01 4.80417997e-01 
207 339.60 2.04348049e+01 6.13044143e-01 
208 340.40 2.40916653e+01 7.22749949e-01 
209 341.21 2.74760036e+01 8.24280083e-01 
210 342.02 3.14909248e+01 9.44727719e-01 
211 342.83 3.45783882e+01 1.03735161e+00 
212 343.63 3.52642021e+01 1.05792606e+00 
213 344.44 3.71866608e+01 1.11559987e+00 
214 345.25 4.13545837e+01 1.24063754e+00 
215 346.06 4.54808807e+01 1.36442637e+00 
216 346.87 4.82729836e+01 1.44818950e+00 
217 347.67 5.02642212e+01 1.50792658e+00 
218 348.48 5.19962883e+01 1.55988860e+00 
219 349.29 5.53783264e+01 1.66134977e+00 
220 350.10 6.07752419e+01 1.82325721e+00 
221 350.90 6.41658936e+01 1.92497683e+00 
222 351.71 6.41008453e+01 1.92302537e+00 
223 352.52 6.58412323e+01 1.97523701e+00 
224 353.33 7.26288147e+01 2.17886448e+00 
225 354.14 7.98952026e+01 2.39685607e+00 
226 354.94 8.24493179e+01 2.47347951e+00 
227 355.75 8.04750824e+01 2.41425252e+00 
228 356.56 7.59582977e+01 2.27874899e+00 
229 357.37 7.17300034e+01 2.15190005e+00 
230 358.18 7.18883057e+01 2.15664911e+00 
231 358.98 8.24850998e+01 2.47455311e+00 
232 359.79 9.38436203e+01 2.81530857e+00 
233 360.60 9.43258057e+01 2.82977414e+00 
234 361.41 9.40994797e+01 2.82298446e+00 
235 362.21 9.96094818e+01 2.98828435e+00 
236 363.02 1.05412453e+02 3.16237354e+00 
237 363.83 1.08627220e+02 3.25881672e+00 
238 364.64 1.15143654e+02 3.45430970e+00 
239 365.44 1.26151421e+02 3.78454256e+00 
240 366.25 1.34515320e+02 4.03545952e+00 
241 367.06 1.34751053e+02 4.04253149e+00 
242 367.87 1.32990646e+02 3.98971939e+00 
243 368.67 1.35973938e+02 4.07921791e+00 
244 369.48 1.42194153e+02 4.26582479e+00 
245 370.29 1.43053360e+02 4.29160070e+00 
246 371.10 1.41765472e+02 4.25296402e+00 
247 371.90 1.37938553e+02 4.13815641e+00 
248 372.71 1.30234924e+02 3.90704775e+00 
249 373.52 1.24005669e+02 3.72017002e+00 
250 374.33 1.25250961e+02 3.75752878e+00 
251 375.13 1.35185852e+02 4.05557537e+00 
252 375.94 1.47230606e+02 4.41691828e+00 
253 376.75 1.60670273e+02 4.82010841e+00 
254 377.56 1.75692703e+02 5.27078104e+00 
255 378.36 1.77366272e+02 5.32098818e+00 
256 379.17 1.67934387e+02 5.03803158e+00 
257 379.98 1.66010498e+02 4.98031473e+00 
258 380.78 1.65311874e+02 4.95935631e+00 
259 381.59 1.48614075e+02 4.45842218e+00 
260 382.40 1.26880478e+02 3.80641437e+00 
261 383.20 1.19784309e+02 3.59352922e+00 
262 384.01 1.32831512e+02 3.98494530e+00 
263 384.82 1.49226181e+02 4.47678566e+00 
264 385.63 1.54583115e+02 4.63749361e+00 
265 386.43 1.56336029e+02 4.69008064e+00 
266 387.24 1.57612900e+02 4.72838688e+00 
267 388.05 1.60967743e+02 4.82903242e+00 
268 388.85 1.72567307e+02 5.17701912e+00 
269 389.66 1.88797943e+02 5.66393852e+00 
270 390.47 2.00662094e+02 6.01986265e+00 
271 391.27 2.00015945e+02 6.00047827e+00 
272 392.08 1.75051636e+02 5.25154924e+00 
273 392.89 1.42445374e+02 4.27336121e+00 
274 393.69 1.41547821e+02 4.24643469e+00 
275 394.50 1.71802017e+02 5.15406036e+00 
276 395.31 1.87200470e+02 5.61601400e+00 
277 396.11 1.71455917e+02 5.14367771e+00 
278 396.92 1.67287170e+02 5.01861525e+00 
279 397.73 2.03266022e+02 6.09798050e+00 
280 398.53 2.48656113e+02 7.45968342e+00 
281 399.34 2.74798431e+02 8.24395275e+00 
282 400.15 2.87594482e+02 8.62783432e+00 
283 400.95 2.97943604e+02 8.93830776e+00 
284 401.76 3.05321411e+02 9.15964222e+00 
285 402.57 3.06777100e+02 9.20331287e+00 
286 403.37 3.04663452e+02 9.13990402e+00 
287 404.18 3.03827820e+02 9.11483479e+00 
288 404.99 3.02726868e+02 9.08180618e+00 
289 405.79 3.01488007e+02 9.04464054e+00 
290 406.60 3.03292969e+02 9.09878922e+00 
291 407.40 3.12051392e+02 9.36154175e+00 
292 408.21 3.23856384e+02 9.71569157e+00 
293 409.02 3.26946289e+02 9.80838871e+00 
294 409.82 3.23000610e+02 9.69001865e+00 
295 410.63 3.29140747e+02 9.87422276e+00 
296 411.43 3.44402222e+02 1.03320665e+01 
297 412.24 3.52116882e+02 1.05635061e+01 
298 413.05 3.53401642e+02 1.06020489e+01 
299 413.85 3.54100494e+02 1.06230145e+01 
300 414.66 3.55180908e+02 1.06554270e+01 
301 415.46 3.57312439e+02 1.07193727e+01 
302 416.27 3.57804504e+02 1.07341347e+01 
303 417.08 3.53872284e+02 1.06161690e+01 
304 417.88 3.48463928e+02 1.04539175e+01 
305 418.69 3.47617188e+02 1.04285154e+01 
306 419.49 3.49092224e+02 1.04727669e+01 
307 420.30 3.54724762e+02 1.06417427e+01 
308 421.11 3.58255219e+02 1.07476568e+01 
309 421.91 3.54791931e+02 1.06437578e+01 
310 422.72 3.49183960e+02 1.04755192e+01 
311 423.52 3.50199127e+02 1.05059738e+01 
312 424.33 3.53985352e+02 1.06195602e+01 
313 425.13 3.55919067e+02 1.06775723e+01 
314 425.94 3.55705322e+02 1.06711597e+01 
315 426.74 3.54191010e+02 1.06257305e+01 
316 427.55 3.52720154e+02 1.05816050e+01 
317 428.36 3.46874084e+02 1.04062223e+01 
318 429.16 3.30568268e+02 9.91704845e+00 
319 429.96 3.15887115e+02 9.47661304e+00 
320 430.77 3.27870056e+02 9.83610153e+00 
321 431.58 3.62984985e+02 1.08895493e+01 
322 432.38 3.94123779e+02 1.18237133e+01 
323 433.19 4.06647797e+02 1.21994343e+01 
324 433.99 4.13999817e+02 1.24199944e+01 
325 434.80 4.30461945e+02 1.29138584e+01 
326 435.60 4.52230499e+02 1.35669146e+01 
327 436.41 4.64110382e+02 1.39233112e+01 
328 437.21 4.60563416e+02 1.38169022e+01 
329 438.02 4.53373962e+02 1.36012192e+01 
330 438.82 4.56635803e+02 1.36990738e+01 
331 439.63 4.70343750e+02 1.41103125e+01 
332 440.43 4.89387817e+02 1.46816349e+01 
333 441.24 5.08969452e+02 1.52690840e+01 
334 442.04 5.25635193e+02 1.57690554e+01 
335 442.85 5.36238892e+02 1.60871658e+01 
336 443.65 5.42063171e+02 1.62618942e+01 
337 444.45 5.43238647e+02 1.62971592e+01 
338 445.26 5.41958740e+02 1.62587624e+01 
339 446.06 5.47075562e+02 1.64122677e+01 
340 446.87 5.60392883e+02 1.68117867e+01 
341 447.67 5.75456177e+02 1.72636852e+01 
342 448.48 5.86884644e+02 1.76065388e+01 
343 449.28 5.98667725e+02 1.79600315e+01 
344 450.09 6.11397400e+02 1.83419228e+01 
345 450.89 6.16889404e+02 1.85066814e+01 
346 451.70 6.09039917e+02 1.82711983e+01 
347 452.50 5.96814209e+02 1.79044266e+01 
348 453.30 5.92468872e+02 1.77740669e+01 
349 454.11 5.96916382e+02 1.79074917e+01 
350 454.91 6.06685791e+02 1.82005730e+01 
351 455.72 6.16952393e+02 1.85085716e+01 
352 456.52 6.24886841e+02 1.87466049e+01 
353 457.32 6.27460632e+02 1.88238182e+01 
354 458.13 6.25570129e+02 1.87671032e+01 
355 458.93 6.24945862e+02 1.87483749e+01 
356 459.74 6.29496643e+02 1.88848991e+01 
357 460.54 6.38177368e+02 1.91453209e+01 
358 461.34 6.47023132e+02 1.94106941e+01 
359 462.15 6.52250183e+02 1.95675049e+01 
360 462.95 6.51494873e+02 1.95448456e+01 
361 463.76 6.46877869e+02 1.94063358e+01 
362 464.56 6.43088196e+02 1.92926464e+01 
363 465.36 6.40473511e+02 1.92142048e+01 
364 466.17 6.39082703e+02 1.91724815e+01 
365 466.97 6.40225281e+02 1.92067585e+01 
366 467.77 6.43759521e+02 1.93127861e+01 
367 468.58 6.46901917e+02 1.94070568e+01 
368 469.38 6.46769592e+02 1.94030876e+01 
369 470.18 6.48072998e+02 1.94421902e+01 
370 470.99 6.55846069e+02 1.96753826e+01 
371 471.79 6.65921021e+02 1.99776306e+01 
372 472.59 6.74048340e+02 2.02214508e+01 
373 473.40 6.80145630e+02 2.04043694e+01 
374 474.20 6.84323303e+02 2.05296993e+01 
375 475.00 6.86766479e+02 2.06029949e+01 
376 475.81 6.88913208e+02 2.06673965e+01 
377 476.61 6.93597656e+02 2.08079300e+01 
378 477.41 7.00732666e+02 2.10219803e+01 
379 478.21 7.07193359e+02 2.12158012e+01 
380 479.02 7.11564636e+02 2.13469391e+01 
381 479.82 7.14542480e+02 2.14362736e+01 
382 480.62 7.17878357e+02 2.15363503e+01 
383 481.43 7.19459839e+02 2.15837955e+01 
384 482.23 7.17830811e+02 2.15349236e+01 
385 483.03 7.12218445e+02 2.13665543e+01 
386 483.84 6.99837402e+02 2.09951229e+01 
387 484.64 6.75558105e+02 2.02667427e+01 
388 485.44 6.48098328e+02 1.94429493e+01 
389 486.24 6.35515076e+02 1.90654526e+01 
390 487.04 6.42196777e+02 1.92659035e+01 
391 487.85 6.61698547e+02 1.98509560e+01 
392 488.65 6.83056763e+02 2.04917030e+01 
393 489.45 6.96994324e+02 2.09098301e+01 
394 490.26 7.00539551e+02 2.10161858e+01 
395 491.06 6.96880005e+02 2.09064007e+01 
396 491.86 6.92358521e+02 2.07707558e+01 
397 492.66 6.93429688e+02 2.08028908e+01 
398 493.46 7.01222290e+02 2.10366688e+01 
399 494.27 7.09060608e+02 2.12718182e+01 
400 495.07 7.12890137e+02 2.13867035e+01 
401 495.87 7.14273315e+02 2.14281998e+01 
402 496.67 7.10611511e+02 2.13183460e+01 
403 497.48 7.04760803e+02 2.11428242e+01 
404 498.28 6.99482788e+02 2.09844837e+01 
405 499.08 6.92774963e+02 2.07832489e+01 
406 499.88 6.85182007e+02 2.05554600e+01 
407 500.68 6.79049316e+02 2.03714790e+01 
408 501.48 6.77031189e+02 2.03109360e+01 
409 502.29 6.79872314e+02 2.03961697e+01 
410 503.09 6.84189514e+02 2.05256863e+01 
411 503.89 6.90347900e+02 2.07104378e+01 
412 504.69 6.97851624e+02 2.09355488e+01 
413 505.49 7.03203918e+02 2.10961170e+01 
414 506.29 7.03286377e+02 2.10985909e+01 
415 507.09 6.99369690e+02 2.09810905e+01 
416 507.90 6.96138672e+02 2.08841610e+01 
417 508.70 6.95265869e+02 2.08579769e+01 
418 509.50 6.96257568e+02 2.08877277e+01 
419 510.30 6.97675293e+02 2.09302597e+01 
420 511.10 6.96138672e+02 2.08841610e+01 
421 511.90 6.91064941e+02 2.07319489e+01 
422 512.71 6.83445129e+02 2.05033531e+01 
423 513.51 6.75594849e+02 2.02678452e+01 
424 514.31 6.69519531e+02 2.00855865e+01 
425 515.11 6.58378479e+02 1.97513542e+01 
426 515.91 6.40245117e+02 1.92073536e+01 
427 516.71 6.23528381e+02 1.87058506e+01 
428 517.51 6.15530457e+02 1.84659138e+01 
429 518.31 6.21779602e+02 1.86533890e+01 
430 519.11 6.37554443e+02 1.91266327e+01 
431 519.91 6.52564087e+02 1.95769234e+01 
432 520.71 6.63252441e+02 1.98975735e+01 
433 521.52 6.66867676e+02 2.00060310e+01 
434 522.32 6.69427917e+02 2.00828381e+01 
435 523.12 6.74676392e+02 2.02402916e+01 
436 523.92 6.79460693e+02 2.03838215e+01 
437 524.72 6.77893433e+02 2.03368034e+01 
438 525.52 6.66834290e+02 2.00050278e+01 
439 526.32 6.55451843e+02 1.96635551e+01 
440 527.12 6.55384338e+02 1.96615295e+01 
441 527.92 6.65923889e+02 1.99777164e+01 
442 528.72 6.80711182e+02 2.04213352e+01 
443 529.52 6.92424194e+02 2.07727261e+01 
444 530.32 6.96897949e+02 2.09069386e+01 
445 531.12 6.92910767e+02 2.07873230e+01 
446 531.92 6.85672302e+02 2.05701694e+01 
447 532.72 6.80365845e+02 2.04109745e+01 
448 533.52 6.80671509e+02 2.04201450e+01 
449 534.32 6.86685608e+02 2.06005688e+01 
450 535.12 6.91239929e+02 2.07371979e+01 
451 535.92 6.90925903e+02 2.07277775e+01 
452 536.72 6.88876404e+02 2.06662922e+01 
453 537.52 6.86015015e+02 2.05804501e+01 
454 538.32 6.81464966e+02 2.04439487e+01 
455 539.12 6.75449890e+02 2.02634964e+01 
456 539.92 6.70535522e+02 2.01160660e+01 
457 540.72 6.69636353e+02 2.00890903e+01 
458 541.52 6.72381653e+02 2.01714497e+01 
459 542.32 6.77708862e+02 2.03312664e+01 
460 543.12 6.82663086e+02 2.04798927e+01 
461 543.92 6.86142273e+02 2.05842686e+01 
462 544.72 6.88233826e+02 2.06470146e+01 
463 545.52 6.87687622e+02 2.06306286e+01 
464 546.32 6.84205811e+02 2.05261745e+01 
465 547.12 6.80533630e+02 2.04160080e+01 
466 547.91 6.79001709e+02 2.03700504e+01 
467 548.71 6.78864136e+02 2.03659248e+01 
468 549.51 6.79344727e+02 2.03803425e+01 
469 550.31 6.79316528e+02 2.03794956e+01 
470 551.11 6.78609436e+02 2.03582840e+01 
471 551.91 6.78156250e+02 2.03446884e+01 
472 552.71 6.78407837e+02 2.03522358e+01 
473 553.51 6.80587830e+02 2.04176350e+01 
474 554.31 6.81572815e+02 2.04471836e+01 
475 555.10 6.79451904e+02 2.03835564e+01 
476 555.90 6.75178406e+02 2.02553520e+01 
477 556.70 6.69665100e+02 2.00899525e+01 
478 557.50 6.61537048e+02 1.98461113e+01 
479 558.30 6.55388733e+02 1.96616611e+01 
480 559.10 6.54657227e+02 1.96397171e+01 
481 559.90 6.55561584e+02 1.96668472e+01 
482 560.70 6.58755920e+02 1.97626781e+01 
483 561.49 6.64466736e+02 1.99340019e+01 
484 562.29 6.67991699e+02 2.00397511e+01 
485 563.09 6.69388672e+02 2.00816593e+01 
486 563.89 6.69995056e+02 2.00998516e+01 
487 564.69 6.68923096e+02 2.00676937e+01 
488 565.49 6.67128784e+02 2.00138626e+01 
489 566.29 6.67200378e+02 2.00160122e+01 
490 567.08 6.70873901e+02 2.01262169e+01 
491 567.88 6.74515198e+02 2.02354565e+01 
492 568.68 6.75563904e+02 2.02669163e+01 
493 569.48 6.74391357e+02 2.02317410e+01 
494 570.28 6.73025452e+02 2.01907635e+01 
495 571.07 6.77410950e+02 2.03223286e+01 
496 571.87 6.87313965e+02 2.06194191e+01 
497 572.67 6.96849426e+02 2.09054832e+01 
498 573.47 7.01961670e+02 2.10588493e+01 
499 574.26 6.99823364e+02 2.09947014e+01 
500 575.06 6.95195923e+02 2.08558769e+01 
501 575.86 6.91969727e+02 2.07590923e+01 
502 576.66 6.88109802e+02 2.06432934e+01 
503 577.45 6.84040771e+02 2.05212231e+01 
504 578.25 6.80753662e+02 2.04226093e+01 
505 579.05 6.78869629e+02 2.03660889e+01 
506 579.85 6.79025391e+02 2.03707619e+01 
507 580.65 6.80254944e+02 2.04076481e+01 
508 581.44 6.81362244e+02 2.04408665e+01 
509 582.24 6.81629395e+02 2.04488811e+01 
510 583.04 6.80710205e+02 2.04213066e+01 
511 583.83 6.76752686e+02 2.03025799e+01 
512 584.63 6.70455566e+02 2.01136665e+01 
513 585.43 6.65316406e+02 1.99594917e+01 
514 586.22 6.62025879e+02 1.98607769e+01 
515 587.02 6.56424927e+02 1.96927471e+01 
516 587.82 6.45002380e+02 1.93500710e+01 
517 588.62 6.33095093e+02 1.89928532e+01 
518 589.41 6.28760742e+02 1.88628216e+01 
519 590.21 6.32754089e+02 1.89826221e+01 
520 591.01 6.41440552e+02 1.92432175e+01 
521 591.80 6.47800781e+02 1.94340229e+01 
522 592.60 6.49611572e+02 1.94883480e+01 
523 593.40 6.49183960e+02 1.94755192e+01 
524 594.19 6.48365967e+02 1.94509792e+01 
525 594.99 6.48209290e+02 1.94462795e+01 
526 595.79 6.48773010e+02 1.94631901e+01 
527 596.58 6.48168152e+02 1.94450455e+01 
528 597.38 6.46636658e+02 1.93990993e+01 
529 598.18 6.44413696e+02 1.93324108e+01 
530 598.97 6.41752625e+02 1.92525787e+01 
531 599.77 6.39144287e+02 1.91743279e+01 
532 600.56 6.36390564e+02 1.90917168e+01 
533 601.36 6.34556396e+02 1.90366917e+01 
534 602.16 6.36128113e+02 1.90838432e+01 
535 602.95 6.39894775e+02 1.91968441e+01 
536 603.75 6.43640747e+02 1.93092232e+01 
537 604.54 6.45198975e+02 1.93559685e+01 
538 605.34 6.44457031e+02 1.93337116e+01 
539 606.14 6.42708069e+02 1.92812424e+01 
540 606.93 6.40078125e+02 1.92023430e+01 
541 607.73 6.36746582e+02 1.91023979e+01 
542 608.52 6.33104736e+02 1.89931412e+01 
543 609.32 6.29792114e+02 1.88937626e+01 
544 610.11 6.27872131e+02 1.88361645e+01 
545 610.91 6.26581909e+02 1.87974567e+01 
546 611.71 6.24111694e+02 1.87233505e+01 
547 612.50 6.20903198e+02 1.86270962e+01 
548 613.30 6.17763672e+02 1.85329094e+01 
549 614.09 6.15432739e+02 1.84629822e+01 
550 614.89 6.12048462e+02 1.83614540e+01 
551 615.68 6.08468384e+02 1.82540512e+01 
552 616.48 6.07720581e+02 1.82316170e+01 
553 617.27 6.10140747e+02 1.83042221e+01 
554 618.07 6.14741699e+02 1.84422512e+01 
555 618.86 6.19026001e+02 1.85707798e+01 
556 619.66 6.20925415e+02 1.86277618e+01 
557 620.45 6.20233582e+02 1.86070080e+01 
558 621.25 6.17693848e+02 1.85308151e+01 
559 622.04 6.13526428e+02 1.84057922e+01 
560 622.84 6.09160156e+02 1.82748051e+01 
561 623.63 6.05067871e+02 1.81520367e+01 
562 624.43 6.01717102e+02 1.80515137e+01 
563 625.22 6.01171936e+02 1.80351582e+01 
564 626.02 6.01346802e+02 1.80404034e+01 
565 626.81 6.01276001e+02 1.80382805e+01 
566 627.61 5.99814087e+02 1.79944229e+01 
567 628.40 5.97207336e+02 1.79162197e+01 
568 629.19 5.94122742e+02 1.78236828e+01 
569 629.99 5.91436646e+02 1.77430992e+01 
570 630.78 5.88654297e+02 1.76596298e+01 
571 631.58 5.87675476e+02 1.76302643e+01 
572 632.37 5.87105774e+02 1.76131725e+01 
573 633.17 5.86446045e+02 1.75933819e+01 
574 633.96 5.85652405e+02 1.75695724e+01 
575 634.76 5.83712219e+02 1.75113659e+01 
576 635.55 5.82069336e+02 1.74620800e+01 
577 636.34 5.81510315e+02 1.74453087e+01 
578 637.14 5.81690308e+02 1.74507084e+01 
579 637.93 5.80655518e+02 1.74196663e+01 
580 638.72 5.76619141e+02 1.72985744e+01 
581 639.52 5.71165039e+02 1.71349506e+01 
582 640.31 5.66018799e+02 1.69805641e+01 
583 641.11 5.62892639e+02 1.68867798e+01 
584 641.90 5.62016663e+02 1.68605003e+01 
585 642.69 5.61718506e+02 1.68515549e+01 
586 643.49 5.60292664e+02 1.68087807e+01 
587 644.28 5.57758179e+02 1.67327461e+01 
588 645.07 5.54527405e+02 1.66358223e+01 
589 645.87 5.51981079e+02 1.65594330e+01 
590 646.66 5.50234863e+02 1.65070457e+01 
591 647.45 5.48161804e+02 1.64448547e+01 
592 648.25 5.43451660e+02 1.63035507e+01 
593 649.04 5.38135681e+02 1.61440697e+01 
594 649.83 5.36626953e+02 1.60988083e+01 
595 650.63 5.38535889e+02 1.61560764e+01 
596 651.42 5.40365051e+02 1.62109509e+01 
597 652.21 5.39706360e+02 1.61911907e+01 
598 653.00 5.37534058e+02 1.61260223e+01 
599 653.80 5.31354675e+02 1.59406404e+01 
600 654.59 5.15227173e+02 1.54568148e+01 
601 655.38 4.92020172e+02 1.47606049e+01 
602 656.17 4.78655396e+02 1.43596621e+01 
603 656.97 4.85361084e+02 1.45608330e+01 
604 657.76 5.02952240e+02 1.50885668e+01 
605 658.55 5.16167236e+02 1.54850168e+01 
606 659.34 5.21543457e+02 1.56463041e+01 
607 660.14 5.24291748e+02 1.57287521e+01 
608 660.93 5.26744934e+02 1.58023481e+01 
609 661.72 5.27630859e+02 1.58289261e+01 
610 662.52 5.26201721e+02 1.57860518e+01 
611 663.31 5.24117493e+02 1.57235250e+01 
612 664.10 5.23889343e+02 1.57166805e+01 
613 664.89 5.24457520e+02 1.57337255e+01 
614 665.68 5.24342468e+02 1.57302742e+01 
615 666.47 5.23246033e+02 1.56973810e+01 
616 667.27 5.22601440e+02 1.56780434e+01 
617 668.06 5.23185608e+02 1.56955681e+01 
618 668.85 5.23437439e+02 1.57031231e+01 
619 669.64 5.22239990e+02 1.56672001e+01 
620 670.43 5.19740540e+02 1.55922165e+01 
621 671.23 5.17042236e+02 1.55112667e+01 
622 672.02 5.15807800e+02 1.54742336e+01 
623 672.81 5.16143616e+02 1.54843082e+01 
624 673.60 5.16025269e+02 1.54807577e+01 
625 674.39 5.14786133e+02 1.54435844e+01 
626 675.18 5.13606506e+02 1.54081955e+01 
627 675.97 5.12624878e+02 1.53787460e+01 
628 676.77 5.11559998e+02 1.53467999e+01 
629 677.56 5.10019714e+02 1.53005915e+01 
630 678.35 5.08283112e+02 1.52484932e+01 
631 679.14 5.06832428e+02 1.52049732e+01 
632 679.93 5.05237457e+02 1.51571236e+01 
633 680.72 5.03886261e+02 1.51165876e+01 
634 681.51 5.02747009e+02 1.50824099e+01 
635 682.30 5.00841187e+02 1.50252352e+01 
636 683.09 4.96755249e+02 1.49026575e+01 
637 683.88 4.91720184e+02 1.47516060e+01 
638 684.67 4.86342468e+02 1.45902739e+01 
639 685.46 4.73679779e+02 1.42103930e+01 
640 686.26 4.49338348e+02 1.34801502e+01 
641 687.04 4.28819092e+02 1.28645725e+01 
642 687.84 4.26981934e+02 1.28094578e+01 
643 688.63 4.34659119e+02 1.30397739e+01 
644 689.42 4.40308777e+02 1.32092628e+01 
645 690.21 4.44781769e+02 1.33434534e+01 
646 691.00 4.49543457e+02 1.34863033e+01 
647 691.79 4.53915192e+02 1.36174555e+01 
648 692.58 4.57010468e+02 1.37103138e+01 
649 693.37 4.57649414e+02 1.37294827e+01 
650 694.16 4.56413300e+02 1.36923990e+01 
651 694.95 4.54777679e+02 1.36433306e+01 
652 695.74 4.54519684e+02 1.36355906e+01 
653 696.53 4.54165253e+02 1.36249580e+01 
654 697.32 4.51836914e+02 1.35551071e+01 
655 698.10 4.48995026e+02 1.34698505e+01 
656 698.89 4.46734924e+02 1.34020481e+01 
657 699.68 4.43787567e+02 1.33136272e+01 
658 700.47 4.39641846e+02 1.31892557e+01 
659 701.26 4.35953522e+02 1.30786057e+01 
660 702.05 4.33974426e+02 1.30192327e+01 
661 702.84 4.34335693e+02 1.30300713e+01 
662 703.63 4.35981171e+02 1.30794353e+01 
663 704.42 4.37341431e+02 1.31202431e+01 
664 705.21 4.36440216e+02 1.30932064e+01 
665 706.00 4.35036896e+02 1.30511065e+01 
666 706.79 4.34129883e+02 1.30238962e+01 
667 707.58 4.32895569e+02 1.29868670e+01 
668 708.37 4.30459686e+02 1.29137907e+01 
669 709.15 4.28996826e+02 1.28699045e+01 
670 709.94 4.28950806e+02 1.28685246e+01 
671 710.73 4.27459442e+02 1.28237829e+01 
672 711.52 4.24447540e+02 1.27334261e+01 
673 712.31 4.22394592e+02 1.26718378e+01 
674 713.10 4.21989532e+02 1.26596861e+01 
675 713.88 4.20917999e+02 1.26275396e+01 
676 714.67 4.18364502e+02 1.25509348e+01 
677 715.46 4.14139832e+02 1.24241953e+01 
678 716.25 4.06320618e+02 1.21896181e+01 
679 717.04 3.94707947e+02 1.18412380e+01 
680 717.83 3.81225037e+02 1.14367514e+01 
681 718.61 3.71216431e+02 1.11364927e+01 
682 719.40 3.69379395e+02 1.10813818e+01 
683 720.19 3.74591125e+02 1.12377338e+01 
684 720.98 3.84184082e+02 1.15255222e+01 
685 721.76 3.90660645e+02 1.17198191e+01 
686 722.55 3.87858643e+02 1.16357594e+01 
687 723.34 3.81148346e+02 1.14344501e+01 
688 724.13 3.77545471e+02 1.13263645e+01 
689 724.92 3.78056030e+02 1.13416805e+01 
690 725.70 3.79273193e+02 1.13781958e+01 
691 726.49 3.79413208e+02 1.13823967e+01 
692 727.28 3.78127228e+02 1.13438168e+01 
693 728.06 3.75621033e+02 1.12686310e+01 
694 728.85 3.73793396e+02 1.12138023e+01 
695 729.64 3.75636963e+02 1.12691088e+01 
696 730.42 3.78569397e+02 1.13570824e+01 
697 731.21 3.80797729e+02 1.14239321e+01 
698 732.00 3.83026581e+02 1.14907970e+01 
699 732.78 3.84636841e+02 1.15391054e+01 
700 733.57 3.86641174e+02 1.15992355e+01 
701 734.36 3.86829651e+02 1.16048899e+01 
702 735.14 3.84452545e+02 1.15335760e+01 
703 735.93 3.82107361e+02 1.14632206e+01 
704 736.72 3.80943024e+02 1.14282904e+01 
705 737.51 3.79335938e+02 1.13800783e+01 
706 738.29 3.75621948e+02 1.12686586e+01 
707 739.08 3.73083771e+02 1.11925135e+01 
708 739.86 3.72121857e+02 1.11636553e+01 
709 740.65 3.69304688e+02 1.10791407e+01 
710 741.44 3.67455750e+02 1.10236721e+01 
711 742.22 3.68795959e+02 1.10638790e+01 
712 743.01 3.70260193e+02 1.11078062e+01 
713 743.79 3.68919769e+02 1.10675926e+01 
714 744.58 3.67003235e+02 1.10100975e+01 
715 745.37 3.67111755e+02 1.10133524e+01 
716 746.15 3.66730896e+02 1.10019264e+01 
717 746.94 3.65238098e+02 1.09571428e+01 
718 747.72 3.62822327e+02 1.08846703e+01 
719 748.51 3.59860321e+02 1.07958097e+01 
720 749.29 3.57520386e+02 1.07256117e+01 
721 750.08 3.55518951e+02 1.06655684e+01 
722 750.86 3.53133636e+02 1.05940094e+01 
723 751.65 3.51699219e+02 1.05509768e+01 
724 752.43 3.51251221e+02 1.05375366e+01 
725 753.22 3.51523315e+02 1.05456991e+01 
726 754.00 3.51245026e+02 1.05373507e+01 
727 754.79 3.48304779e+02 1.04491434e+01 
728 755.57 3.45252625e+02 1.03575783e+01 
729 756.36 3.43627136e+02 1.03088140e+01 
730 757.14 3.41994446e+02 1.02598333e+01 
731 757.93 3.33510315e+02 1.00053091e+01 
732 758.71 2.96360474e+02 8.89081383e+00 
733 759.49 2.20262024e+02 6.60786057e+00 
734 760.28 1.60382385e+02 4.81147146e+00 
735 761.06 1.68287018e+02 5.04861069e+00 
736 761.85 2.00204865e+02 6.00614595e+00 
737 762.63 2.11934952e+02 6.35804844e+00 
738 763.41 2.17565338e+02 6.52696037e+00 
739 764.20 2.32396698e+02 6.97190094e+00 
740 764.98 2.52199997e+02 7.56599998e+00 
741 765.77 2.70393616e+02 8.11180878e+00 
742 766.55 2.87161469e+02 8.61484432e+00 
743 767.33 3.01709473e+02 9.05128384e+00 
744 768.12 3.10993591e+02 9.32980728e+00 
745 768.90 3.15220245e+02 9.45660782e+00 
746 769.68 3.16740967e+02 9.50222874e+00 
747 770.47 3.16539398e+02 9.49618149e+00 
748 771.25 3.15367432e+02 9.46102333e+00 
749 772.03 3.15609497e+02 9.46828461e+00 
750 772.82 3.17062531e+02 9.51187611e+00 
751 773.60 3.16540009e+02 9.49620056e+00 
752 774.38 3.13517212e+02 9.40551662e+00 
753 775.17 3.11968964e+02 9.35906887e+00 
754 775.95 3.12414520e+02 9.37243557e+00 
755 776.73 3.11569641e+02 9.34708881e+00 
756 777.51 3.09798889e+02 9.29396629e+00 
757 778.30 3.08863281e+02 9.26589870e+00 
758 779.08 3.07048706e+02 9.21146107e+00 
759 779.86 3.05240448e+02 9.15721321e+00 
760 780.64 3.05282806e+02 9.15848446e+00 
761 781.43 3.06802246e+02 9.20406723e+00 
762 782.21 3.06194275e+02 9.18582821e+00 
763 782.99 3.02637543e+02 9.07912636e+00 
764 783.77 3.00822418e+02 9.02467251e+00 
765 784.55 3.00658356e+02 9.01975060e+00 
766 785.34 3.00573212e+02 9.01719666e+00 
767 786.12 3.00448975e+02 9.01346970e+00 
768 786.90 2.99192169e+02 8.97576523e+00 
769 787.68 2.96538300e+02 8.89614868e+00 
770 788.46 2.94158234e+02 8.82474709e+00 
771 789.24 2.93157318e+02 8.79471970e+00 
772 790.03 2.92490997e+02 8.77472973e+00 
773 790.81 2.90585785e+02 8.71757317e+00 
774 791.59 2.86944122e+02 8.60832405e+00 
775 792.37 2.83078522e+02 8.49235535e+00 
776 793.15 2.80489716e+02 8.41469193e+00 
777 793.93 2.80000641e+02 8.40001965e+00 
778 794.71 2.81068634e+02 8.43205929e+00 
779 795.49 2.81361511e+02 8.44084549e+00 
780 796.27 2.80696838e+02 8.42090511e+00 
781 797.05 2.81128021e+02 8.43384075e+00 
782 797.84 2.81457306e+02 8.44371891e+00 
783 798.61 2.79909851e+02 8.39729595e+00 
784 799.40 2.77338135e+02 8.32014370e+00 
785 800.18 2.74426147e+02 8.23278427e+00 
786 800.96 2.72262115e+02 8.16786385e+00 
787 801.74 2.71796570e+02 8.15389729e+00 
788 802.52 2.71785431e+02 8.15356255e+00 
789 803.30 2.70889587e+02 8.12668800e+00 
790 804.08 2.67927856e+02 8.03783607e+00 
791 804.86 2.64474396e+02 7.93423176e+00 
792 805.64 2.63112518e+02 7.89337540e+00 
793 806.42 2.64267670e+02 7.92803001e+00 
794 807.20 2.65116333e+02 7.95348978e+00 
795 807.97 2.62182739e+02 7.86548233e+00 
796 808.75 2.57114838e+02 7.71344519e+00 
797 809.53 2.54076355e+02 7.62229061e+00 
798 810.31 2.54790466e+02 7.64371395e+00 
799 811.09 2.56615112e+02 7.69845343e+00 
800 811.87 2.55655746e+02 7.66967249e+00 
801 812.65 2.51049240e+02 7.53147697e+00 
802 813.43 2.44051514e+02 7.32154560e+00 
803 814.21 2.36948105e+02 7.10844326e+00 
804 814.99 2.32564194e+02 6.97692585e+00 
805 815.76 2.30377258e+02 6.91131783e+00 
806 816.54 2.29299179e+02 6.87897539e+00 
807 817.32 2.27277725e+02 6.81833172e+00 
808 818.10 2.24296234e+02 6.72888708e+00 
809 818.88 2.22614120e+02 6.67842340e+00 
810 819.66 2.23547852e+02 6.70643568e+00 
811 820.43 2.26724716e+02 6.80174160e+00 
812 821.21 2.27605255e+02 6.82815742e+00 
813 821.99 2.22371796e+02 6.67115402e+00 
814 822.77 2.16373291e+02 6.49119854e+00 
815 823.55 2.15858032e+02 6.47574091e+00 
816 824.32 2.19658829e+02 6.58976507e+00 
817 825.10 2.24609619e+02 6.73828840e+00 
818 825.88 2.27290405e+02 6.81871223e+00 
819 826.66 2.25372726e+02 6.76118183e+00 
820 827.43 2.20726425e+02 6.62179279e+00 
821 828.21 2.16368332e+02 6.49104977e+00 
822 828.99 2.14936111e+02 6.44808340e+00 
823 829.76 2.16420654e+02 6.49261951e+00 
824 830.54 2.18177765e+02 6.54533291e+00 
825 831.32 2.17268112e+02 6.51804352e+00 
826 832.10 2.14318985e+02 6.42956972e+00 
827 832.87 2.11109497e+02 6.33328485e+00 
828 833.65 2.10673767e+02 6.32021284e+00 
829 834.42 2.13821060e+02 6.41463184e+00 
830 835.20 2.18014801e+02 6.54044390e+00 
831 835.98 2.19539871e+02 6.58619595e+00 
832 836.75 2.17733887e+02 6.53201675e+00 
833 837.53 2.13835129e+02 6.41505384e+00 
834 838.30 2.11431259e+02 6.34293795e+00 
835 839.08 2.11963440e+02 6.35890341e+00 
836 839.86 2.14153809e+02 6.42461443e+00 
837 840.63 2.14716080e+02 6.44148254e+00 
838 841.41 2.12413193e+02 6.37239599e+00 
839 842.18 2.07933792e+02 6.23801374e+00 
840 842.96 2.04126114e+02 6.12378359e+00 
841 843.73 2.03305573e+02 6.09916735e+00 
842 844.51 2.05167023e+02 6.15501070e+00 
843 845.28 2.07331924e+02 6.21995783e+00 
844 846.06 2.07667343e+02 6.23002052e+00 
845 846.84 2.04564590e+02 6.13693762e+00 
846 847.61 1.99127594e+02 5.97382784e+00 
847 848.38 1.94125000e+02 5.82375002e+00 
848 849.16 1.92429413e+02 5.77288246e+00 
849 849.93 1.92890396e+02 5.78671169e+00 
850 850.71 1.93664642e+02 5.80993938e+00 
851 851.48 1.91472565e+02 5.74417686e+00 
852 852.26 1.86258270e+02 5.58774805e+00 
853 853.03 1.80055725e+02 5.40167189e+00 
854 853.81 1.76065979e+02 5.28197956e+00 
855 854.58 1.76957153e+02 5.30871439e+00 
856 855.35 1.81727875e+02 5.45183611e+00 
857 856.13 1.86820862e+02 5.60462570e+00 
858 856.90 1.88697235e+02 5.66091728e+00 
859 857.68 1.87051117e+02 5.61153364e+00 
860 858.45 1.84278168e+02 5.52834511e+00 
861 859.22 1.82487762e+02 5.47463274e+00 
862 860.00 1.83228729e+02 5.49686193e+00 
863 860.77 1.85369308e+02 5.56107903e+00 
864 861.54 1.85850067e+02 5.57550192e+00 
865 862.32 1.83873001e+02 5.51619005e+00 
866 863.09 1.79810089e+02 5.39430285e+00 
867 863.86 1.74138687e+02 5.22416067e+00 
868 864.64 1.70228912e+02 5.10686731e+00 
869 865.41 1.68202698e+02 5.04608107e+00 
870 866.18 1.68027695e+02 5.04083061e+00 
871 866.95 1.68636765e+02 5.05910301e+00 
872 867.73 1.68724274e+02 5.06172800e+00 
873 868.50 1.67682327e+02 5.03046989e+00 
874 869.27 1.66680740e+02 5.00042200e+00 
875 870.04 1.66975082e+02 5.00925255e+00 
876 870.81 1.68839355e+02 5.06518078e+00 
877 871.59 1.70019211e+02 5.10057640e+00 
878 872.36 1.69908508e+02 5.09725523e+00 
879 873.13 1.67674805e+02 5.03024435e+00 
880 873.90 1.64011108e+02 4.92033339e+00 
881 874.67 1.60386292e+02 4.81158876e+00 
882 875.44 1.59004196e+02 4.77012587e+00 
883 876.22 1.60103119e+02 4.80309343e+00 
884 876.99 1.61587341e+02 4.84762001e+00 
885 877.76 1.62141434e+02 4.86424303e+00 
886 878.53 1.60644608e+02 4.81933832e+00 
887 879.30 1.57265320e+02 4.71795940e+00 
888 880.07 1.53930450e+02 4.61791372e+00 
889 880.84 1.52621826e+02 4.57865477e+00 
890 881.61 1.53556580e+02 4.60669756e+00 
891 882.38 1.55341461e+02 4.66024399e+00 
892 883.15 1.56870010e+02 4.70610046e+00 
893 883.92 1.56034027e+02 4.68102074e+00 
894 884.69 1.53348251e+02 4.60044765e+00 
895 885.47 1.50362579e+02 4.51087761e+00 
896 886.23 1.48220505e+02 4.44661522e+00 
897 887.00 1.47850555e+02 4.43551683e+00 
898 887.78 1.48997864e+02 4.46993589e+00 
899 888.54 1.50577835e+02 4.51733494e+00 
900 889.31 1.51241089e+02 4.53723288e+00 
901 890.08 1.49439590e+02 4.48318768e+00 
902 890.85 1.46147064e+02 4.38441181e+00 
903 891.62 1.43055344e+02 4.29166031e+00 
904 892.39 1.40718521e+02 4.22155571e+00 
905 893.16 1.39988159e+02 4.19964457e+00 
906 893.93 1.39874741e+02 4.19624233e+00 
907 894.70 1.38881287e+02 4.16643858e+00 
908 895.47 1.36019653e+02 4.08058977e+00 
909 896.24 1.31773743e+02 3.95321226e+00 
910 897.01 1.27248436e+02 3.81745315e+00 
911 897.78 1.24063042e+02 3.72189116e+00 
912 898.54 1.22887032e+02 3.68661094e+00 
913 899.31 1.22801270e+02 3.68403816e+00 
914 900.08 1.22948280e+02 3.68844843e+00 
915 900.85 1.22849243e+02 3.68547726e+00 
916 901.62 1.22080170e+02 3.66240501e+00 
917 902.38 1.21362373e+02 3.64087129e+00 
918 903.15 1.21281731e+02 3.63845181e+00 
919 903.92 1.21743469e+02 3.65230417e+00 
920 904.69 1.22402390e+02 3.67207170e+00 
921 905.46 1.22799690e+02 3.68399072e+00 
922 906.22 1.22234879e+02 3.66704631e+00 
923 906.99 1.20193169e+02 3.60579515e+00 
924 907.76 1.17229881e+02 3.51689649e+00 
925 908.52 1.14338669e+02 3.43016005e+00 
926 909.29 1.12393738e+02 3.37181211e+00 
927 910.06 1.11950806e+02 3.35852408e+00 
928 910.83 1.12407890e+02 3.37223673e+00 
929 911.59 1.13080269e+02 3.39240813e+00 
930 912.36 1.13089325e+02 3.39267969e+00 
931 913.13 1.12192085e+02 3.36576247e+00 
932 913.89 1.10498642e+02 3.31495929e+00 
933 914.66 1.08609604e+02 3.25828815e+00 
934 915.42 1.07231613e+02 3.21694851e+00 
935 916.19 1.06802101e+02 3.20406294e+00 
936 916.96 1.07069397e+02 3.21208191e+00 
937 917.72 1.07594498e+02 3.22783494e+00 
938 918.49 1.07709641e+02 3.23128915e+00 
939 919.26 1.07142326e+02 3.21426988e+00 
940 920.02 1.05831184e+02 3.17493558e+00 
941 920.79 1.04171646e+02 3.12514949e+00 
942 921.55 1.02611153e+02 3.07833457e+00 
943 922.32 1.01602966e+02 3.04808903e+00 
944 923.08 1.01022194e+02 3.03066587e+00 
945 923.85 1.00569534e+02 3.01708603e+00 
946 924.61 9.97615814e+01 2.99284744e+00 
947 925.38 9.82186737e+01 2.94656014e+00 
948 926.14 9.58304596e+01 2.87491369e+00 
949 926.91 9.26885910e+01 2.78065777e+00 
950 927.67 8.89683151e+01 2.66904950e+00 
951 928.44 8.52606125e+01 2.55781841e+00 
952 929.20 8.16168518e+01 2.44850564e+00 
953 929.97 7.79044113e+01 2.33713245e+00 
954 930.73 7.39293976e+01 2.21788192e+00 
955 931.49 6.98388214e+01 2.09516454e+00 
956 932.26 6.55747604e+01 1.96724284e+00 
957 933.02 6.15984650e+01 1.84795392e+00 
958 933.79 5.83724480e+01 1.75117350e+00 
959 934.55 5.61352692e+01 1.68405807e+00 
960 935.32 5.48921661e+01 1.64676499e+00 
961 936.08 5.42743225e+01 1.62822962e+00 
962 936.84 5.39998741e+01 1.61999619e+00 
963 937.61 5.37821922e+01 1.61346579e+00 
964 938.37 5.34103851e+01 1.60231161e+00 
965 939.13 5.27818413e+01 1.58345520e+00 
966 939.89 5.20722618e+01 1.56216788e+00 
967 940.66 5.12614632e+01 1.53784394e+00 
968 941.42 5.05940781e+01 1.51782238e+00 
969 942.18 4.98977776e+01 1.49693334e+00 
970 942.95 4.91046906e+01 1.47314072e+00 
971 943.71 4.82464066e+01 1.44739223e+00 
972 944.47 4.74119492e+01 1.42235851e+00 
973 945.23 4.66474380e+01 1.39942312e+00 
974 946.00 4.62654686e+01 1.38796401e+00 
975 946.76 4.62747688e+01 1.38824308e+00 
976 947.52 4.66595306e+01 1.39978588e+00 
977 948.28 4.73539505e+01 1.42061853e+00 
978 949.04 4.81395569e+01 1.44418669e+00 
979 949.81 4.87804146e+01 1.46341240e+00 
980 950.57 4.91425056e+01 1.47427511e+00 
981 951.33 4.91926079e+01 1.47577822e+00 
982 952.09 4.91703033e+01 1.47510910e+00 
983 952.85 4.92044563e+01 1.47613370e+00 
984 953.61 4.94945984e+01 1.48483801e+00 
985 954.38 5.00845222e+01 1.50253570e+00 
986 955.14 5.07303047e+01 1.52190912e+00 
987 955.90 5.12648964e+01 1.53794694e+00 
988 956.66 5.16895676e+01 1.55068707e+00 
989 957.42 5.18654785e+01 1.55596435e+00 
990 958.18 5.18786621e+01 1.55635989e+00 
991 958.94 5.20014229e+01 1.56004274e+00 
992 959.70 5.24200325e+01 1.57260096e+00 
993 960.46 5.30347710e+01 1.59104311e+00 
994 961.22 5.37839622e+01 1.61351883e+00 
995 961.98 5.44704971e+01 1.63411486e+00 
996 962.74 5.48762779e+01 1.64628839e+00 
997 963.50 5.50811043e+01 1.65243316e+00 
998 964.26 5.50768738e+01 1.65230620e+00 
999 965.02 5.51596642e+01 1.65478992e+00 
1000 965.78 5.54946632e+01 1.66483986e+00 
1001 966.54 5.61055412e+01 1.68316627e+00 
1002 967.30 5.68039360e+01 1.70411813e+00 
1003 968.06 5.73477325e+01 1.72043192e+00 
1004 968.82 5.74333344e+01 1.72300005e+00 
1005 969.58 5.71400642e+01 1.71420193e+00 
1006 970.34 5.67935905e+01 1.70380771e+00 
1007 971.10 5.65298386e+01 1.69589520e+00 
1008 971.86 5.64451256e+01 1.69335377e+00 
1009 972.62 5.64467125e+01 1.69340134e+00 
1010 973.38 5.62431641e+01 1.68729496e+00 
1011 974.14 5.57578659e+01 1.67273593e+00 
1012 974.90 5.51077690e+01 1.65323305e+00 
1013 975.65 5.44501114e+01 1.63350332e+00 
1014 976.41 5.40006104e+01 1.62001836e+00 
1015 977.17 5.38869400e+01 1.61660814e+00 
1016 977.93 5.39473953e+01 1.61842191e+00 
1017 978.69 5.38829842e+01 1.61648953e+00 
1018 979.45 5.35779572e+01 1.60733867e+00 
1019 980.20 5.31304359e+01 1.59391308e+00 
1020 980.96 5.28280945e+01 1.58484280e+00 
1021 981.72 5.27558479e+01 1.58267546e+00 
1022 982.48 5.27693100e+01 1.58307934e+00 
1023 983.23 5.25501366e+01 1.57650411e+00 
1024 983.99 5.19994888e+01 1.55998468e+00 
1025 984.75 5.13894844e+01 1.54168451e+00 
1026 985.51 5.11066132e+01 1.53319836e+00 
1027 986.27 5.10165634e+01 1.53049695e+00 
1028 987.02 5.06670380e+01 1.52001119e+00 
1029 987.78 4.99401131e+01 1.49820340e+00 
1030 988.54 4.91572723e+01 1.47471821e+00 
1031 989.29 4.86797295e+01 1.46039188e+00 
1032 990.05 4.84386787e+01 1.45316041e+00 
1033 990.81 4.77817345e+01 1.43345201e+00 
1034 991.56 4.68638840e+01 1.40591657e+00 
1035 992.32 4.61597214e+01 1.38479161e+00 
1036 993.08 4.55770874e+01 1.36731267e+00 
1037 993.83 4.47458191e+01 1.34237456e+00 
1038 994.59 4.37078018e+01 1.31123400e+00 
1039 995.35 4.28706970e+01 1.28612089e+00 
1040 996.10 2.58542204e+00 7.75626600e-02 
1041 996.86 1.04552031e-01 3.13656102e-03 
1042 997.62 5.61515018e-02 1.68454507e-03 
1043 998.37 6.00801259e-02 1.80240383e-03 
