% C0 (TOA Count Rate, /ms) for 4STAR NIR spectrometer (512 channels) derived from \\CLOUDGAZER\data_sunsat\rooftop\Fall_2020\data_processed\starsuns\4STAR_20201112starsun.mat and recorded on 2020-12-03 12:00:03.
% C0 built to match AOD from 4STAR to AERONET spline fit for NASA_Ames within 200 m [Alt] and 360 seconds, measured on 20201112.
Pix Wavelength C0 C0err
511 949.79 2.02094579e+00 2.82528728e-01 
510 949.79 2.19779897e+00 2.89301485e-01 
509 951.68 2.46361852e+00 3.10153335e-01 
508 953.57 2.56978178e+00 3.15725923e-01 
507 955.46 2.94696999e+00 3.48675698e-01 
506 957.34 3.10682487e+00 3.55874628e-01 
505 959.22 3.56708884e+00 3.89763623e-01 
504 961.10 3.80696702e+00 4.10330951e-01 
503 962.98 4.33414459e+00 4.51000124e-01 
502 964.85 4.60648251e+00 4.74254280e-01 
501 966.72 5.29527140e+00 5.37848353e-01 
500 968.59 5.60132360e+00 5.72842598e-01 
499 970.45 6.02562284e+00 6.17910683e-01 
498 972.32 5.90765095e+00 6.01396263e-01 
497 974.18 6.16833639e+00 6.20488107e-01 
496 976.04 6.18804741e+00 6.31561041e-01 
495 977.89 6.70095634e+00 6.75857246e-01 
494 979.74 6.83264780e+00 7.03693926e-01 
493 981.59 7.34454060e+00 7.53065348e-01 
492 983.44 7.44217110e+00 7.79106200e-01 
491 985.29 7.84608459e+00 8.21016073e-01 
490 987.13 7.76579666e+00 8.34720731e-01 
489 988.97 8.07396889e+00 8.57690811e-01 
488 990.81 7.92036486e+00 8.45643520e-01 
487 992.65 8.14968777e+00 8.63864124e-01 
486 994.48 7.98096085e+00 8.43804359e-01 
485 996.31 8.16300392e+00 8.59095514e-01 
484 998.14 7.90930319e+00 8.39549541e-01 
483 999.97 8.05390644e+00 8.43688607e-01 
482 1001.79 7.78270674e+00 8.22331131e-01 
481 1003.62 7.89762688e+00 8.28267157e-01 
480 1005.44 7.68534470e+00 8.08360755e-01 
479 1007.25 7.93770695e+00 8.25017452e-01 
478 1009.07 7.72515059e+00 8.09749126e-01 
477 1010.88 7.90734577e+00 8.21352482e-01 
476 1012.69 7.66923475e+00 7.98342705e-01 
475 1014.50 7.79411650e+00 8.01166594e-01 
474 1016.31 7.57691097e+00 7.81185448e-01 
473 1018.11 7.71894360e+00 7.89274454e-01 
472 1019.91 7.48441219e+00 7.59620965e-01 
471 1021.71 7.64690876e+00 7.74946511e-01 
470 1023.51 7.42292118e+00 7.48842716e-01 
469 1025.30 7.59899092e+00 7.59301484e-01 
468 1027.09 7.49705505e+00 7.56147325e-01 
467 1028.88 7.64741182e+00 7.66844392e-01 
466 1030.67 7.47811222e+00 7.52936363e-01 
465 1032.46 7.65045500e+00 7.58098960e-01 
464 1034.24 7.48540068e+00 7.48470306e-01 
463 1036.02 7.69623804e+00 7.61081398e-01 
462 1037.80 7.56884289e+00 7.51603961e-01 
461 1039.58 7.80164957e+00 7.67388701e-01 
460 1041.35 7.65701151e+00 7.54132092e-01 
459 1043.12 7.82013750e+00 7.56805241e-01 
458 1044.89 7.74107313e+00 7.50713348e-01 
457 1046.66 7.96186447e+00 7.64924228e-01 
456 1048.43 7.86678696e+00 7.57798672e-01 
455 1050.19 8.09386444e+00 7.70056188e-01 
454 1051.95 7.92627001e+00 7.59911895e-01 
453 1053.71 8.16612339e+00 7.68906713e-01 
452 1055.47 7.99815321e+00 7.55348861e-01 
451 1057.23 8.14314556e+00 7.62633741e-01 
450 1058.98 7.98576021e+00 7.51332581e-01 
449 1060.73 8.17911243e+00 7.61802375e-01 
448 1062.48 7.96521378e+00 7.47004688e-01 
447 1064.23 8.08521461e+00 7.49869227e-01 
446 1065.97 7.81310177e+00 7.20106840e-01 
445 1067.71 7.88697290e+00 7.18625844e-01 
444 1069.46 7.67432547e+00 6.99640930e-01 
443 1071.19 7.81377125e+00 7.11031377e-01 
442 1072.93 7.63097286e+00 6.93014026e-01 
441 1074.67 7.70242596e+00 6.88331604e-01 
440 1076.40 7.48293686e+00 6.70899153e-01 
439 1078.13 7.49606800e+00 6.65820777e-01 
438 1079.86 7.23376799e+00 6.41956806e-01 
437 1081.58 7.25202942e+00 6.36505187e-01 
436 1083.31 7.05856705e+00 6.13337994e-01 
435 1085.03 7.21125269e+00 6.17422402e-01 
434 1086.75 7.07015085e+00 6.10913277e-01 
433 1088.47 7.21442032e+00 6.19572878e-01 
432 1090.19 7.00214338e+00 5.99497318e-01 
431 1091.90 7.01243639e+00 5.90095699e-01 
430 1093.61 6.76950216e+00 5.66324174e-01 
429 1095.33 6.81170654e+00 5.62531769e-01 
428 1097.03 6.60359669e+00 5.54562569e-01 
427 1098.74 6.57992268e+00 5.55034459e-01 
426 1100.45 6.38300180e+00 5.55556715e-01 
425 1102.15 6.43045855e+00 5.64653575e-01 
424 1103.85 6.24735403e+00 5.63473582e-01 
423 1105.55 6.24595833e+00 5.73260784e-01 
422 1107.25 5.95324421e+00 5.65078795e-01 
421 1108.94 5.74797392e+00 5.54376364e-01 
420 1110.64 5.06453896e+00 5.17240405e-01 
419 1112.33 4.30338144e+00 4.90407169e-01 
418 1114.02 3.34643555e+00 4.50206816e-01 
417 1115.70 2.76770282e+00 4.35753584e-01 
416 1117.39 2.24373436e+00 4.22702044e-01 
415 1119.07 2.02489662e+00 4.13689137e-01 
414 1120.76 1.84965265e+00 4.13356543e-01 
413 1122.44 1.75075150e+00 4.04527456e-01 
412 1124.12 1.69116580e+00 4.09196854e-01 
411 1125.79 1.68264818e+00 4.20427978e-01 
410 1127.47 2.11110568e+00 4.30413902e-01 
409 1129.14 2.46699309e+00 4.69374627e-01 
408 1130.81 2.28452396e+00 4.18491900e-01 
407 1132.48 2.21392179e+00 4.17755276e-01 
406 1134.15 2.22933197e+00 4.10083473e-01 
405 1135.81 2.95452094e+00 4.50664610e-01 
404 1137.48 3.50328970e+00 5.32746017e-01 
403 1139.14 3.74765944e+00 5.55973172e-01 
402 1140.80 3.23441839e+00 5.10776639e-01 
401 1142.46 2.70171881e+00 4.84318256e-01 
400 1144.12 2.40637541e+00 4.45705533e-01 
399 1145.77 2.43054390e+00 4.40057725e-01 
398 1147.43 2.75169897e+00 4.47296172e-01 
397 1149.08 3.16520381e+00 4.87092525e-01 
396 1150.73 3.17385364e+00 4.96039063e-01 
395 1152.38 3.61086297e+00 5.18712878e-01 
394 1154.02 3.98172855e+00 5.24370909e-01 
393 1155.67 4.56102085e+00 5.70817471e-01 
392 1157.31 4.85207844e+00 6.01233661e-01 
391 1158.95 5.33476019e+00 6.52013123e-01 
390 1160.59 5.65397263e+00 7.11060345e-01 
389 1162.23 6.01241016e+00 7.65325367e-01 
388 1163.87 6.10813761e+00 7.90900111e-01 
387 1165.50 6.27397108e+00 8.09938014e-01 
386 1167.13 6.40167046e+00 8.46909702e-01 
385 1168.76 6.70379496e+00 9.03482318e-01 
384 1170.39 6.51580811e+00 8.68666172e-01 
383 1172.02 6.59677601e+00 8.73831868e-01 
382 1173.65 6.41732931e+00 8.52768898e-01 
381 1175.27 6.55633879e+00 8.84763479e-01 
380 1176.90 6.56238651e+00 9.12296653e-01 
379 1178.52 6.30423260e+00 8.38831007e-01 
378 1180.14 6.15036011e+00 8.16158950e-01 
377 1181.75 6.11627054e+00 8.00453424e-01 
376 1183.37 6.01421309e+00 7.91962564e-01 
375 1184.99 6.02707291e+00 7.85023808e-01 
374 1186.60 6.03397417e+00 7.98554063e-01 
373 1188.21 6.10411930e+00 8.04821789e-01 
372 1189.82 6.24924040e+00 8.57186794e-01 
371 1191.43 6.47737169e+00 8.94851387e-01 
370 1193.04 6.38898373e+00 8.83419633e-01 
369 1194.64 6.30236197e+00 8.43009174e-01 
368 1196.24 6.07369852e+00 7.95376897e-01 
367 1197.85 6.11518192e+00 7.93118715e-01 
366 1199.45 5.90380239e+00 7.45105088e-01 
365 1201.05 6.00666142e+00 7.52657592e-01 
364 1202.64 6.00142527e+00 7.66202986e-01 
363 1204.24 6.07649422e+00 7.62690783e-01 
362 1205.83 6.16246939e+00 7.97614276e-01 
361 1207.43 6.19105196e+00 7.91781187e-01 
360 1209.02 6.14547777e+00 7.82411218e-01 
359 1210.61 6.27029800e+00 8.01838636e-01 
358 1212.19 6.26808023e+00 8.13041568e-01 
357 1213.78 6.50180769e+00 8.57170343e-01 
356 1215.37 6.48172903e+00 8.64287555e-01 
355 1216.95 6.63571215e+00 8.90819311e-01 
354 1218.53 6.58266830e+00 8.83741558e-01 
353 1220.11 6.66880989e+00 8.88729155e-01 
352 1221.69 6.67325306e+00 8.99717867e-01 
351 1223.27 6.72780180e+00 9.06953633e-01 
350 1224.84 6.77706909e+00 9.35950160e-01 
349 1226.42 6.89407349e+00 9.61724043e-01 
348 1227.99 6.91201925e+00 9.85891759e-01 
347 1229.56 7.07413626e+00 1.02168846e+00 
346 1231.13 7.04632092e+00 1.03252685e+00 
345 1232.70 7.14133072e+00 1.04614902e+00 
344 1234.27 7.10271311e+00 1.05847180e+00 
343 1235.84 7.13744783e+00 1.06604254e+00 
342 1237.40 7.04742956e+00 1.05824947e+00 
341 1238.96 7.03842020e+00 1.05887365e+00 
340 1240.52 6.88274765e+00 1.03826487e+00 
339 1242.08 6.98093891e+00 1.04613280e+00 
338 1243.64 6.91079569e+00 1.04777384e+00 
337 1245.20 6.95261526e+00 1.04818141e+00 
336 1246.75 6.87540340e+00 1.04186809e+00 
335 1248.31 6.89507580e+00 1.04214120e+00 
334 1249.86 6.77596760e+00 1.02652121e+00 
333 1251.41 6.77491379e+00 1.02455735e+00 
332 1252.96 6.62339926e+00 9.99418199e-01 
331 1254.51 6.58703470e+00 9.79305327e-01 
330 1256.06 6.39229679e+00 9.34181035e-01 
329 1257.61 6.26463699e+00 8.79906237e-01 
328 1259.15 6.00365019e+00 8.11920106e-01 
327 1260.69 5.78451538e+00 7.42311060e-01 
326 1262.23 5.52942610e+00 6.84038103e-01 
325 1263.77 5.43178606e+00 6.50334716e-01 
324 1265.31 5.12369823e+00 5.84598660e-01 
323 1266.85 5.16326284e+00 5.88272154e-01 
322 1268.39 5.28757524e+00 6.11141503e-01 
321 1269.92 5.59353590e+00 6.64690912e-01 
320 1271.46 5.97622871e+00 7.82234669e-01 
319 1272.99 6.17240429e+00 8.29911947e-01 
318 1274.52 6.26084614e+00 8.64147305e-01 
317 1276.05 6.42611170e+00 9.01724577e-01 
316 1277.58 6.37994528e+00 9.00952697e-01 
315 1279.10 6.38697338e+00 9.01058316e-01 
314 1280.63 6.37691545e+00 9.15647507e-01 
313 1282.15 6.46226549e+00 9.47373748e-01 
312 1283.68 6.55973339e+00 9.93101358e-01 
311 1285.20 6.67821074e+00 1.02704144e+00 
310 1286.72 6.59403276e+00 1.03521943e+00 
309 1288.24 6.58282185e+00 1.02355039e+00 
308 1289.75 6.47564316e+00 1.02364969e+00 
307 1291.27 6.49505758e+00 1.02892959e+00 
306 1292.78 6.37802792e+00 1.00751996e+00 
305 1294.30 6.31243515e+00 9.83627796e-01 
304 1295.81 6.16748905e+00 9.68427718e-01 
303 1297.32 6.09342957e+00 9.46511865e-01 
302 1298.83 6.02801228e+00 9.58643675e-01 
301 1300.34 5.83551836e+00 9.05039370e-01 
300 1301.85 5.69188213e+00 8.76997173e-01 
299 1303.35 5.56596422e+00 8.47605109e-01 
298 1304.86 5.43125200e+00 8.29510033e-01 
297 1306.36 5.37064838e+00 8.18026006e-01 
296 1307.86 5.25016499e+00 7.96471059e-01 
295 1309.36 5.08924246e+00 7.58417666e-01 
294 1310.86 4.80336952e+00 6.90654039e-01 
293 1312.36 4.74932671e+00 6.88580334e-01 
292 1313.86 4.64845037e+00 6.78587973e-01 
291 1315.36 4.59990597e+00 6.75525248e-01 
290 1316.85 4.51275873e+00 6.65405512e-01 
289 1318.34 4.42721176e+00 6.56321287e-01 
288 1319.84 4.17638111e+00 6.11657560e-01 
287 1321.33 4.23621511e+00 6.38283789e-01 
286 1322.82 4.21305561e+00 6.65189266e-01 
285 1324.30 4.05009842e+00 6.39833152e-01 
284 1325.79 3.76926923e+00 5.82418203e-01 
283 1327.28 3.33380389e+00 4.94730413e-01 
282 1328.76 2.82139730e+00 4.08610374e-01 
281 1330.25 2.60844827e+00 3.84638429e-01 
280 1331.73 2.59450293e+00 3.94906789e-01 
279 1333.21 2.69729328e+00 4.21025097e-01 
278 1334.69 2.78403735e+00 4.59961414e-01 
277 1336.17 2.81946659e+00 4.86073166e-01 
276 1337.65 2.68118787e+00 4.68519121e-01 
275 1339.12 2.62421679e+00 4.74495262e-01 
274 1340.60 2.35583520e+00 4.29622918e-01 
273 1342.07 2.04059410e+00 3.66651416e-01 
272 1343.55 1.66080427e+00 3.10419083e-01 
271 1345.02 1.11862493e+00 2.32126743e-01 
270 1346.49 8.03672791e-01 2.14251906e-01 
269 1347.96 5.31400025e-01 2.06528157e-01 
268 1349.43 3.16363871e-01 2.00019881e-01 
267 1350.89 2.31052563e-01 1.83423162e-01 
266 1352.36 1.48447335e-01 1.78692639e-01 
265 1353.82 1.15162298e-01 1.67783335e-01 
264 1355.29 9.66201425e-02 1.53107941e-01 
263 1356.75 9.72910747e-02 1.37935564e-01 
262 1358.21 8.48626196e-02 1.29335195e-01 
261 1359.67 7.45344907e-02 1.19026393e-01 
260 1361.13 7.07766041e-02 1.07532673e-01 
259 1362.59 6.21230081e-02 9.65195969e-02 
258 1364.04 6.39965385e-02 8.91161263e-02 
257 1365.50 5.84051497e-02 7.85093755e-02 
256 1366.95 5.08806743e-02 7.77827501e-02 
255 1368.41 4.62196432e-02 6.95887059e-02 
254 1369.86 4.41676229e-02 6.05604015e-02 
253 1371.31 4.41466160e-02 5.45408800e-02 
252 1372.76 3.69020924e-02 4.67520989e-02 
251 1374.21 4.05183546e-02 4.45986800e-02 
250 1375.65 4.13962938e-02 4.25585210e-02 
249 1377.10 3.37587856e-02 3.47779021e-02 
248 1378.55 3.23447473e-02 3.75981145e-02 
247 1379.99 3.31391469e-02 2.96859108e-02 
246 1381.43 3.01560704e-02 2.93108653e-02 
245 1382.87 2.81633530e-02 3.06632873e-02 
244 1384.32 3.04092113e-02 2.96623316e-02 
243 1385.75 2.95951366e-02 2.45809965e-02 
242 1387.19 3.30718830e-02 2.89842729e-02 
241 1388.63 2.84957308e-02 2.59491000e-02 
240 1390.07 3.46773379e-02 2.66651493e-02 
239 1391.50 2.88215391e-02 2.31703781e-02 
238 1392.94 2.83024069e-02 2.62523293e-02 
237 1394.37 3.29150632e-02 2.71792226e-02 
236 1395.80 3.64882685e-02 2.48634201e-02 
235 1397.23 3.41634192e-02 2.79705767e-02 
234 1398.66 3.29504497e-02 3.23136188e-02 
233 1400.09 4.65583578e-02 2.79175993e-02 
232 1401.52 4.96659540e-02 2.95699816e-02 
231 1402.94 4.19059806e-02 2.74390988e-02 
230 1404.37 4.54421043e-02 3.40241008e-02 
229 1405.79 4.15718779e-02 2.77269520e-02 
228 1407.22 4.40466367e-02 3.46553288e-02 
227 1408.64 5.94850369e-02 3.54374014e-02 
226 1410.06 8.63515213e-02 4.59955782e-02 
225 1411.48 9.77392420e-02 4.40472029e-02 
224 1412.90 1.27344698e-01 5.43773584e-02 
223 1414.32 1.46112248e-01 6.00244142e-02 
222 1415.73 1.34875864e-01 5.99476956e-02 
221 1417.15 1.36886925e-01 6.08863086e-02 
220 1418.56 1.58217952e-01 6.84572607e-02 
219 1419.98 1.74134895e-01 7.25620314e-02 
218 1421.39 2.16513321e-01 8.70806277e-02 
217 1422.80 2.71598577e-01 1.06091872e-01 
216 1424.21 2.92032331e-01 1.04874618e-01 
215 1425.62 2.90563405e-01 1.04323775e-01 
214 1427.03 3.70682150e-01 1.14573486e-01 
213 1428.44 3.74074757e-01 1.11600786e-01 
212 1429.84 3.61912072e-01 1.08861707e-01 
211 1431.25 3.75432134e-01 1.15202524e-01 
210 1432.65 3.29196364e-01 1.08664609e-01 
209 1434.06 2.93978155e-01 1.10070348e-01 
208 1435.46 3.28841925e-01 1.18167125e-01 
207 1436.86 3.57585609e-01 1.22626178e-01 
206 1438.26 3.51384610e-01 1.26909405e-01 
205 1439.66 3.66545230e-01 1.31807938e-01 
204 1441.05 4.14599031e-01 1.47964790e-01 
203 1442.45 4.05084044e-01 1.37862578e-01 
202 1443.85 4.52641040e-01 1.46441340e-01 
201 1445.24 5.72403133e-01 1.61809012e-01 
200 1446.64 6.10228062e-01 1.65891781e-01 
199 1448.03 6.06598496e-01 1.55940682e-01 
198 1449.42 6.48756921e-01 1.69087425e-01 
197 1450.81 7.20139623e-01 1.76758051e-01 
196 1452.20 7.88914979e-01 1.92308888e-01 
195 1453.59 9.68609273e-01 2.33987525e-01 
194 1454.97 1.16225100e+00 2.75396317e-01 
193 1456.36 1.24245274e+00 2.92322278e-01 
192 1457.75 1.25149190e+00 2.86180824e-01 
191 1459.13 1.23465014e+00 2.79279679e-01 
190 1460.51 1.19039607e+00 2.57517159e-01 
189 1461.90 1.12871325e+00 2.35527873e-01 
188 1463.28 1.07274199e+00 2.17963964e-01 
187 1464.66 9.84151661e-01 1.97940245e-01 
186 1466.04 9.05402243e-01 1.90519959e-01 
185 1467.41 7.04358459e-01 1.78683504e-01 
184 1468.79 6.30154967e-01 1.78641483e-01 
183 1470.17 6.49739146e-01 1.74755692e-01 
182 1471.54 7.92066813e-01 1.65811390e-01 
181 1472.92 9.69746113e-01 1.80193409e-01 
180 1474.29 1.06229055e+00 1.92881033e-01 
179 1475.66 1.12180197e+00 1.99381560e-01 
178 1477.03 1.01076007e+00 1.88293055e-01 
177 1478.40 9.69975293e-01 1.85744271e-01 
176 1479.77 1.10551202e+00 1.97403833e-01 
175 1481.14 1.21321309e+00 2.07197890e-01 
174 1482.51 1.32674825e+00 2.20648795e-01 
173 1483.87 1.32806695e+00 2.26940021e-01 
172 1485.24 1.31919301e+00 2.20066413e-01 
171 1486.60 1.39803815e+00 2.16782317e-01 
170 1487.96 1.60400236e+00 2.33352914e-01 
169 1489.32 1.77754664e+00 2.62816578e-01 
168 1490.68 2.01315451e+00 3.06362301e-01 
167 1492.04 2.08456779e+00 3.11164618e-01 
166 1493.40 2.12367821e+00 3.03883880e-01 
165 1494.76 2.24108744e+00 3.18180889e-01 
164 1496.12 2.36469507e+00 3.33934098e-01 
163 1497.47 2.51282835e+00 3.65390331e-01 
162 1498.83 2.68060541e+00 3.94081622e-01 
161 1500.18 2.57498026e+00 3.65962386e-01 
160 1501.53 2.47890282e+00 3.25037956e-01 
159 1502.89 2.45316315e+00 3.06507081e-01 
158 1504.24 2.51324415e+00 3.13024163e-01 
157 1505.59 2.57692456e+00 3.23870629e-01 
156 1506.93 2.79307652e+00 3.74183446e-01 
155 1508.28 2.89461541e+00 4.00396109e-01 
154 1509.63 2.91811275e+00 3.97174358e-01 
153 1510.97 2.95469999e+00 4.06015396e-01 
152 1512.32 3.04494023e+00 4.25004423e-01 
151 1513.66 2.99097514e+00 4.09629017e-01 
150 1515.00 3.01088047e+00 4.01720852e-01 
149 1516.34 3.01911902e+00 3.96904081e-01 
148 1517.69 3.04553080e+00 3.97878230e-01 
147 1519.02 3.05478692e+00 3.96045983e-01 
146 1520.36 3.13839126e+00 4.10993129e-01 
145 1521.70 3.15809536e+00 4.16956544e-01 
144 1523.04 3.19215536e+00 4.14407611e-01 
143 1524.37 3.15294027e+00 4.00935471e-01 
142 1525.71 3.18381596e+00 3.98308545e-01 
141 1527.04 3.15763330e+00 3.86799037e-01 
140 1528.37 3.20326805e+00 3.94244790e-01 
139 1529.70 3.17628455e+00 3.89856696e-01 
138 1531.03 3.21367884e+00 3.93602878e-01 
137 1532.36 3.17249870e+00 3.84608120e-01 
136 1533.69 3.19293952e+00 3.85911494e-01 
135 1535.02 3.14520574e+00 3.77821416e-01 
134 1536.34 3.17069578e+00 3.78349781e-01 
133 1537.67 3.14253473e+00 3.74401838e-01 
132 1538.99 3.16855788e+00 3.81613404e-01 
131 1540.31 3.12241793e+00 3.74666780e-01 
130 1541.64 3.15138912e+00 3.78831059e-01 
129 1542.96 3.13467908e+00 3.76946986e-01 
128 1544.28 3.17056704e+00 3.75575185e-01 
127 1545.60 3.13180208e+00 3.73011112e-01 
126 1546.91 3.17790747e+00 3.76057833e-01 
125 1548.23 3.11908150e+00 3.70086849e-01 
124 1549.55 3.15368390e+00 3.70590627e-01 
123 1550.86 3.10568500e+00 3.63308132e-01 
122 1552.18 3.12741446e+00 3.62720847e-01 
121 1553.49 3.09152961e+00 3.52985770e-01 
120 1554.80 3.11335158e+00 3.51202935e-01 
119 1556.11 3.05632687e+00 3.38874400e-01 
118 1557.42 3.07533097e+00 3.31798077e-01 
117 1558.73 3.02683687e+00 3.22328001e-01 
116 1560.04 3.04486752e+00 3.17757756e-01 
115 1561.34 2.98460722e+00 3.03547025e-01 
114 1562.65 3.01671290e+00 3.05171162e-01 
113 1563.95 2.94390941e+00 2.94222295e-01 
112 1565.26 2.96007943e+00 2.85582721e-01 
111 1566.56 2.82005143e+00 2.65791297e-01 
110 1567.86 2.76516795e+00 2.46629685e-01 
109 1569.16 2.62159657e+00 2.22677737e-01 
108 1570.46 2.55346537e+00 2.08069280e-01 
107 1571.76 2.48550725e+00 1.96937725e-01 
106 1573.05 2.48112774e+00 1.88129649e-01 
105 1574.35 2.42908120e+00 1.84171855e-01 
104 1575.64 2.45999908e+00 1.82658762e-01 
103 1576.94 2.45703220e+00 1.81743309e-01 
102 1578.23 2.51734328e+00 1.90070003e-01 
101 1579.52 2.52414346e+00 1.93359852e-01 
100 1580.81 2.60368347e+00 2.05675885e-01 
99 1582.10 2.60193467e+00 2.03180179e-01 
98 1583.39 2.66564441e+00 2.06068143e-01 
97 1584.68 2.64134669e+00 1.98114902e-01 
96 1585.97 2.64752889e+00 1.89546391e-01 
95 1587.25 2.59328699e+00 1.80204615e-01 
94 1588.54 2.61179161e+00 1.71124354e-01 
93 1589.82 2.57497001e+00 1.65716529e-01 
92 1591.10 2.65046597e+00 1.67437375e-01 
91 1592.38 2.61208487e+00 1.63224265e-01 
90 1593.66 2.65619063e+00 1.60193831e-01 
89 1594.94 2.58859301e+00 1.52837485e-01 
88 1596.22 2.56783485e+00 1.40639424e-01 
87 1597.50 2.45464087e+00 1.23761661e-01 
86 1598.77 2.40146661e+00 1.14343613e-01 
85 1600.05 2.28475499e+00 1.04017377e-01 
84 1601.32 2.28303552e+00 1.03628658e-01 
83 1602.59 2.25232458e+00 1.03460960e-01 
82 1603.86 2.31675410e+00 1.01760708e-01 
81 1605.13 2.24450493e+00 9.79876965e-02 
80 1606.40 2.28411198e+00 9.99602079e-02 
79 1607.67 2.18953013e+00 9.53874364e-02 
78 1608.94 2.22705126e+00 9.25090909e-02 
77 1610.20 2.20422196e+00 8.37019309e-02 
76 1611.47 2.28810740e+00 8.59786421e-02 
75 1612.73 2.27255344e+00 8.73517096e-02 
74 1614.00 2.33409214e+00 8.85857865e-02 
73 1615.26 2.29517817e+00 8.69522169e-02 
72 1616.52 2.32412195e+00 8.58120769e-02 
71 1617.78 2.26285911e+00 8.38906392e-02 
70 1619.03 2.29845595e+00 8.57359767e-02 
69 1620.29 2.25562453e+00 9.22884047e-02 
68 1621.55 2.29900193e+00 9.36094448e-02 
67 1622.80 2.23704171e+00 8.88829008e-02 
66 1624.06 2.28508520e+00 8.88090059e-02 
65 1625.31 2.20950103e+00 8.11245069e-02 
64 1626.56 2.25591588e+00 7.71559030e-02 
63 1627.81 2.17486167e+00 7.30822459e-02 
62 1629.06 2.18168616e+00 6.68750554e-02 
61 1630.31 2.11585641e+00 6.53440580e-02 
60 1631.56 2.12936687e+00 6.32044747e-02 
59 1632.80 2.05843830e+00 6.36190400e-02 
58 1634.05 2.06991982e+00 6.65708631e-02 
57 1635.29 1.97505403e+00 6.46577850e-02 
56 1636.53 1.97690201e+00 6.74600676e-02 
55 1637.77 1.87361443e+00 6.59824461e-02 
54 1639.01 1.87706959e+00 6.87075257e-02 
53 1640.25 1.81710255e+00 6.48219436e-02 
52 1641.49 1.81701314e+00 6.77618682e-02 
51 1642.73 1.76228929e+00 6.56960532e-02 
50 1643.96 1.78038144e+00 6.67131320e-02 
49 1645.20 1.69461977e+00 6.37228042e-02 
48 1646.43 1.70193088e+00 6.43177181e-02 
47 1647.66 1.61994600e+00 5.87634072e-02 
46 1648.89 1.59240174e+00 6.40828609e-02 
45 1650.12 1.51898611e+00 5.55863753e-02 
44 1651.35 1.49709487e+00 5.33997416e-02 
43 1652.58 1.40420651e+00 4.85960990e-02 
42 1653.80 1.37974346e+00 4.90264334e-02 
41 1655.03 1.29077876e+00 4.13692407e-02 
40 1656.25 1.25831199e+00 4.00530845e-02 
39 1657.47 1.15635073e+00 3.45167294e-02 
38 1658.70 1.10750926e+00 3.64017598e-02 
37 1659.92 1.00202262e+00 2.83870623e-02 
36 1661.13 9.41287518e-01 2.84456518e-02 
35 1662.35 8.34579289e-01 2.18905639e-02 
34 1663.57 7.69523799e-01 2.45262608e-02 
33 1664.78 6.79063737e-01 2.17647310e-02 
32 1666.00 6.33800566e-01 2.01891549e-02 
31 1667.21 5.71832120e-01 1.88599806e-02 
30 1668.42 5.51980197e-01 1.58973318e-02 
29 1669.63 4.83817011e-01 1.32369176e-02 
28 1670.84 4.56010431e-01 1.56225571e-02 
27 1672.05 4.03562754e-01 1.24090556e-02 
26 1673.26 3.84431064e-01 1.15254819e-02 
25 1674.46 3.37403387e-01 1.33217648e-02 
24 1675.67 3.21021408e-01 1.35684852e-02 
23 1676.87 2.80912906e-01 9.40799899e-03 
22 1678.07 2.67868906e-01 1.22446055e-02 
21 1679.27 2.38492221e-01 1.15875984e-02 
20 1680.47 2.23730654e-01 1.24422526e-02 
19 1681.67 2.02539906e-01 1.38853090e-02 
18 1682.87 1.95524424e-01 9.86473076e-03 
17 1684.06 1.73827425e-01 9.86726489e-03 
16 1685.26 1.65603966e-01 1.16545064e-02 
15 1686.45 1.46235690e-01 9.90823377e-03 
14 1687.64 1.44486919e-01 9.22895223e-03 
13 1688.83 1.23001531e-01 1.22585772e-02 
12 1690.02 1.19575866e-01 9.93018132e-03 
11 1691.21 1.06964029e-01 1.16189066e-02 
10 1692.39 1.04074314e-01 1.06716044e-02 
9 1693.58 9.80245844e-02 1.01811197e-02 
8 1694.76 8.85654092e-02 9.58501175e-03 
7 1695.95 7.43147805e-02 1.19360089e-02 
6 1697.13 7.69121349e-02 1.35939233e-02 
5 1698.31 6.49584085e-02 8.83143488e-03 
4 1699.49 7.62662143e-02 1.12189334e-02 
3 1700.66 5.87856621e-02 1.12023326e-02 
2 1701.84 6.17445931e-02 1.00505278e-02 
1 1703.01 5.27204834e-02 1.12604816e-02 
0 1703.01 -3.29738506e-03 9.95248184e-03 
