% C0 (TOA Count Rate, /ms) for 4STAR VIS spectrometer (1044 channels) derived from /data/sunsat/rooftop/Spring_2022/data_processed/starsuns/4STARB_20220406starsun.mat and recorded on 2022-04-06 22:51:57.
% C0 built to match AOD from 4STARB to AERONET spline fit for NASA_Ames within 200 m [Alt] and 360 seconds, measured on 20220406.
Pix Wavelength C0 C0err
0 171.70 0.00000000e+00 0.00000000e+00 
1 172.51 -1.00000000e+00 0.00000000e+00 
2 173.33 -1.00000000e+00 0.00000000e+00 
3 174.14 -1.00000000e+00 0.00000000e+00 
4 174.95 -1.00000000e+00 0.00000000e+00 
5 175.76 -1.00000000e+00 0.00000000e+00 
6 176.58 -1.00000000e+00 0.00000000e+00 
7 177.39 -1.00000000e+00 0.00000000e+00 
8 178.20 -1.00000000e+00 0.00000000e+00 
9 179.01 -1.00000000e+00 0.00000000e+00 
10 179.83 -1.00000000e+00 0.00000000e+00 
11 180.64 -1.00000000e+00 0.00000000e+00 
12 181.45 -1.00000000e+00 0.00000000e+00 
13 182.26 -1.00000000e+00 0.00000000e+00 
14 183.08 -1.00000000e+00 0.00000000e+00 
15 183.89 -1.00000000e+00 0.00000000e+00 
16 184.70 -1.00000000e+00 0.00000000e+00 
17 185.51 -1.00000000e+00 0.00000000e+00 
18 186.33 -1.00000000e+00 0.00000000e+00 
19 187.14 -1.00000000e+00 0.00000000e+00 
20 187.95 -1.00000000e+00 0.00000000e+00 
21 188.76 -1.00000000e+00 0.00000000e+00 
22 189.57 -1.00000000e+00 0.00000000e+00 
23 190.39 -1.00000000e+00 0.00000000e+00 
24 191.20 -1.00000000e+00 0.00000000e+00 
25 192.01 -1.00000000e+00 0.00000000e+00 
26 192.82 -1.00000000e+00 0.00000000e+00 
27 193.64 -1.00000000e+00 0.00000000e+00 
28 194.45 -1.00000000e+00 0.00000000e+00 
29 195.26 -1.00000000e+00 0.00000000e+00 
30 196.07 -1.00000000e+00 0.00000000e+00 
31 196.89 -1.00000000e+00 0.00000000e+00 
32 197.70 -1.00000000e+00 0.00000000e+00 
33 198.51 -1.00000000e+00 0.00000000e+00 
34 199.32 -1.00000000e+00 0.00000000e+00 
35 200.14 -1.00000000e+00 0.00000000e+00 
36 200.95 -1.00000000e+00 0.00000000e+00 
37 201.76 -1.00000000e+00 0.00000000e+00 
38 202.57 -1.00000000e+00 0.00000000e+00 
39 203.39 -1.00000000e+00 0.00000000e+00 
40 204.20 -1.00000000e+00 0.00000000e+00 
41 205.01 -1.00000000e+00 0.00000000e+00 
42 205.82 -1.00000000e+00 0.00000000e+00 
43 206.64 -1.00000000e+00 0.00000000e+00 
44 207.45 -1.00000000e+00 0.00000000e+00 
45 208.26 -1.00000000e+00 0.00000000e+00 
46 209.07 -1.00000000e+00 0.00000000e+00 
47 209.88 -1.00000000e+00 0.00000000e+00 
48 210.70 -1.00000000e+00 0.00000000e+00 
49 211.51 -1.00000000e+00 0.00000000e+00 
50 212.32 -1.00000000e+00 0.00000000e+00 
51 213.13 -1.00000000e+00 0.00000000e+00 
52 213.95 -1.00000000e+00 0.00000000e+00 
53 214.76 -1.00000000e+00 0.00000000e+00 
54 215.57 -1.00000000e+00 0.00000000e+00 
55 216.38 -1.00000000e+00 0.00000000e+00 
56 217.19 -1.00000000e+00 0.00000000e+00 
57 218.01 -1.00000000e+00 0.00000000e+00 
58 218.82 -1.00000000e+00 0.00000000e+00 
59 219.63 -1.00000000e+00 0.00000000e+00 
60 220.44 -1.00000000e+00 0.00000000e+00 
61 221.26 -1.00000000e+00 0.00000000e+00 
62 222.07 -1.00000000e+00 0.00000000e+00 
63 222.88 -1.00000000e+00 0.00000000e+00 
64 223.69 -1.00000000e+00 0.00000000e+00 
65 224.50 -1.00000000e+00 0.00000000e+00 
66 225.32 -1.00000000e+00 0.00000000e+00 
67 226.13 -1.00000000e+00 0.00000000e+00 
68 226.94 -1.00000000e+00 0.00000000e+00 
69 227.75 -1.00000000e+00 0.00000000e+00 
70 228.56 -1.00000000e+00 0.00000000e+00 
71 229.38 -1.00000000e+00 0.00000000e+00 
72 230.19 -1.00000000e+00 0.00000000e+00 
73 231.00 -1.00000000e+00 0.00000000e+00 
74 231.81 -1.00000000e+00 0.00000000e+00 
75 232.63 -1.00000000e+00 0.00000000e+00 
76 233.44 -1.00000000e+00 0.00000000e+00 
77 234.25 -1.00000000e+00 0.00000000e+00 
78 235.06 -1.00000000e+00 0.00000000e+00 
79 235.87 -1.00000000e+00 0.00000000e+00 
80 236.69 -1.00000000e+00 0.00000000e+00 
81 237.50 -1.00000000e+00 0.00000000e+00 
82 238.31 -1.00000000e+00 0.00000000e+00 
83 239.12 -1.00000000e+00 0.00000000e+00 
84 239.93 -1.00000000e+00 0.00000000e+00 
85 240.74 -1.00000000e+00 0.00000000e+00 
86 241.56 -1.00000000e+00 0.00000000e+00 
87 242.37 -1.00000000e+00 0.00000000e+00 
88 243.18 -1.00000000e+00 0.00000000e+00 
89 243.99 -1.00000000e+00 0.00000000e+00 
90 244.80 -1.00000000e+00 0.00000000e+00 
91 245.62 -1.00000000e+00 0.00000000e+00 
92 246.43 -1.00000000e+00 0.00000000e+00 
93 247.24 -1.00000000e+00 0.00000000e+00 
94 248.05 -1.00000000e+00 0.00000000e+00 
95 248.86 -1.00000000e+00 0.00000000e+00 
96 249.68 -1.00000000e+00 0.00000000e+00 
97 250.49 -1.00000000e+00 0.00000000e+00 
98 251.30 -1.00000000e+00 0.00000000e+00 
99 252.11 -1.00000000e+00 0.00000000e+00 
100 252.92 -1.00000000e+00 0.00000000e+00 
101 253.73 -1.00000000e+00 0.00000000e+00 
102 254.55 -1.00000000e+00 0.00000000e+00 
103 255.36 -1.00000000e+00 0.00000000e+00 
104 256.17 -1.00000000e+00 0.00000000e+00 
105 256.98 -1.00000000e+00 0.00000000e+00 
106 257.79 -1.00000000e+00 0.00000000e+00 
107 258.60 -1.00000000e+00 0.00000000e+00 
108 259.42 -1.00000000e+00 0.00000000e+00 
109 260.23 -1.00000000e+00 0.00000000e+00 
110 261.04 -1.00000000e+00 0.00000000e+00 
111 261.85 -1.00000000e+00 0.00000000e+00 
112 262.66 -1.00000000e+00 0.00000000e+00 
113 263.47 -1.00000000e+00 0.00000000e+00 
114 264.29 -1.00000000e+00 0.00000000e+00 
115 265.10 -1.00000000e+00 0.00000000e+00 
116 265.91 -1.00000000e+00 0.00000000e+00 
117 266.72 -1.00000000e+00 -1.00000000e+00 
118 267.53 -1.00000000e+00 -1.00000000e+00 
119 268.34 -1.00000000e+00 -1.00000000e+00 
120 269.15 -1.00000000e+00 -1.00000000e+00 
121 269.97 -1.00000000e+00 -1.00000000e+00 
122 270.78 -1.00000000e+00 -1.00000000e+00 
123 271.59 -1.00000000e+00 -1.00000000e+00 
124 272.40 -1.00000000e+00 -1.00000000e+00 
125 273.21 -1.00000000e+00 -1.00000000e+00 
126 274.02 -1.00000000e+00 -1.00000000e+00 
127 274.83 -1.00000000e+00 -1.00000000e+00 
128 275.65 -1.00000000e+00 -1.00000000e+00 
129 276.46 -1.00000000e+00 -1.00000000e+00 
130 277.27 -1.00000000e+00 -1.00000000e+00 
131 278.08 -1.00000000e+00 -1.00000000e+00 
132 278.89 -1.00000000e+00 -1.00000000e+00 
133 279.70 -1.00000000e+00 -1.00000000e+00 
134 280.51 7.94153985e+34 -1.00000000e+00 
135 281.33 2.23252718e+32 -1.00000000e+00 
136 282.14 1.00606361e+30 -1.00000000e+00 
137 282.95 6.99205623e+27 -1.00000000e+00 
138 283.76 5.96663534e+25 -1.00000000e+00 
139 284.57 6.03465705e+23 -1.00000000e+00 
140 285.38 7.37581870e+21 -1.00000000e+00 
141 286.19 1.34359098e+20 -1.00000000e+00 
142 287.00 3.09055126e+18 -1.00000000e+00 
143 287.81 8.00845443e+16 3.11501334e+17 
144 288.63 2.57023782e+15 9.92744754e+15 
145 289.44 1.18104445e+14 4.53984653e+14 
146 290.25 6.94084593e+12 2.65459052e+13 
147 291.06 5.26376763e+11 2.00322305e+12 
148 291.87 3.93180774e+10 1.48012810e+11 
149 292.68 3.93387494e+09 1.46811894e+10 
150 293.49 5.03522112e+08 1.86847603e+09 
151 294.30 7.54393360e+07 2.76342240e+08 
152 295.11 1.32894680e+07 4.82188800e+07 
153 295.93 2.56139750e+06 9.14829700e+06 
154 296.74 5.89966750e+05 2.07074175e+06 
155 297.55 1.65934328e+05 5.73302625e+05 
156 298.36 4.81009258e+04 1.60177672e+05 
157 299.17 1.75498027e+04 5.66484258e+04 
158 299.98 7.00854688e+03 2.17512305e+04 
159 300.79 3.15514355e+03 9.37867480e+03 
160 301.60 1.50289270e+03 4.14639502e+03 
161 302.41 8.09459045e+02 2.05174609e+03 
162 303.22 4.87975647e+02 1.12575769e+03 
163 304.03 3.16567169e+02 6.43652161e+02 
164 304.84 2.19763809e+02 3.90267609e+02 
165 305.66 1.60798737e+02 2.38945251e+02 
166 306.47 1.28604340e+02 1.60801636e+02 
167 307.28 1.08373787e+02 1.06743736e+02 
168 308.09 9.63875580e+01 7.74567795e+01 
169 308.90 8.52640533e+01 5.68805847e+01 
170 309.71 7.84213791e+01 4.23465576e+01 
171 310.52 7.98327942e+01 3.35572853e+01 
172 311.33 8.06559830e+01 2.47508698e+01 
173 312.14 7.72253113e+01 1.84950085e+01 
174 312.95 7.51148071e+01 1.36562252e+01 
175 313.76 7.54191360e+01 1.11951780e+01 
176 314.57 7.49326706e+01 9.59888840e+00 
177 315.38 7.32843933e+01 8.11092377e+00 
178 316.19 7.44180450e+01 7.49232674e+00 
179 317.00 8.04455109e+01 6.56067991e+00 
180 317.81 8.34833221e+01 5.74097013e+00 
181 318.62 8.28361664e+01 5.08585310e+00 
182 319.43 8.64117737e+01 4.56361151e+00 
183 320.25 9.18333969e+01 4.43113232e+00 
184 321.06 9.25088577e+01 4.02101421e+00 
185 321.87 9.06600876e+01 3.67164707e+00 
186 322.68 8.89893799e+01 3.43904543e+00 
187 323.49 9.05290527e+01 3.06062841e+00 
188 324.30 9.88904877e+01 3.22930741e+00 
189 325.11 1.10338516e+02 2.98593473e+00 
190 325.92 1.22922348e+02 2.92885470e+00 
191 326.73 1.31638062e+02 2.84695697e+00 
192 327.54 1.33304871e+02 2.76943159e+00 
193 328.35 1.33379807e+02 2.47171640e+00 
194 329.16 1.40974823e+02 2.55809093e+00 
195 329.97 1.49558258e+02 2.57795000e+00 
196 330.78 1.48160950e+02 2.45520210e+00 
197 331.59 1.44496933e+02 2.08761430e+00 
198 332.40 1.44247101e+02 2.38075876e+00 
199 333.21 1.44093323e+02 2.47617912e+00 
200 334.02 1.45652557e+02 2.18203020e+00 
201 334.83 1.48958069e+02 2.09623051e+00 
202 335.64 1.46547943e+02 1.93152690e+00 
203 336.45 1.38936737e+02 2.04009461e+00 
204 337.26 1.37966583e+02 1.93159580e+00 
205 338.07 1.45444901e+02 1.80527484e+00 
206 338.88 1.54306793e+02 1.93589187e+00 
207 339.69 1.62767990e+02 1.95841014e+00 
208 340.50 1.66658890e+02 1.81125367e+00 
209 341.31 1.64449524e+02 1.80144370e+00 
210 342.12 1.66200806e+02 1.74637628e+00 
211 342.93 1.69420746e+02 1.76696682e+00 
212 343.74 1.61874817e+02 1.84732127e+00 
213 344.55 1.53171570e+02 1.64166069e+00 
214 345.36 1.58500885e+02 1.55551672e+00 
215 346.17 1.64950394e+02 1.63040900e+00 
216 346.98 1.66539490e+02 1.54193354e+00 
217 347.79 1.65925674e+02 1.72314501e+00 
218 348.59 1.65288635e+02 1.63574779e+00 
219 349.40 1.68177917e+02 1.60828841e+00 
220 350.21 1.78892151e+02 1.62406898e+00 
221 351.02 1.86256302e+02 1.47947669e+00 
222 351.83 1.82518494e+02 1.63557279e+00 
223 352.64 1.79537109e+02 1.38787460e+00 
224 353.45 1.88780823e+02 1.48026323e+00 
225 354.26 2.02288513e+02 1.43288207e+00 
226 355.07 2.05638535e+02 1.60388088e+00 
227 355.88 1.97200943e+02 1.65663898e+00 
228 356.69 1.80890839e+02 1.39450729e+00 
229 357.50 1.64995911e+02 1.49626470e+00 
230 358.31 1.56438828e+02 1.30909979e+00 
231 359.12 1.68206177e+02 1.14680684e+00 
232 359.93 1.91743179e+02 1.24969125e+00 
233 360.74 1.93553619e+02 1.35706627e+00 
234 361.55 1.86431747e+02 1.23918676e+00 
235 362.35 1.92935974e+02 1.35351253e+00 
236 363.16 2.02261139e+02 1.24051249e+00 
237 363.97 2.06808548e+02 1.08585668e+00 
238 364.78 2.14146545e+02 1.25994229e+00 
239 365.59 2.30847427e+02 1.05878890e+00 
240 366.40 2.46793869e+02 1.15934527e+00 
241 367.21 2.48006622e+02 1.28422558e+00 
242 368.02 2.42371765e+02 1.28313506e+00 
243 368.83 2.43225494e+02 1.21880269e+00 
244 369.64 2.52968414e+02 1.40874135e+00 
245 370.44 2.54992813e+02 1.24326611e+00 
246 371.25 2.51778442e+02 1.31524265e+00 
247 372.06 2.46149094e+02 1.33199489e+00 
248 372.87 2.32736511e+02 1.42493999e+00 
249 373.68 2.19823608e+02 1.28702438e+00 
250 374.49 2.17442474e+02 1.10431290e+00 
251 375.30 2.31993301e+02 1.09327281e+00 
252 376.11 2.52895126e+02 1.25003588e+00 
253 376.92 2.74685577e+02 1.27772605e+00 
254 377.72 3.02428436e+02 1.43161035e+00 
255 378.53 3.11985443e+02 1.57456398e+00 
256 379.34 2.96447327e+02 1.53240252e+00 
257 380.15 2.90863861e+02 1.43202090e+00 
258 380.96 2.93357727e+02 1.57362401e+00 
259 381.77 2.69948059e+02 1.56285501e+00 
260 382.58 2.31488571e+02 1.47150695e+00 
261 383.38 2.12560913e+02 1.40895009e+00 
262 384.19 2.30714813e+02 1.26580298e+00 
263 385.00 2.62298035e+02 1.47573030e+00 
264 385.81 2.75995636e+02 1.62720430e+00 
265 386.62 2.79490173e+02 1.53414166e+00 
266 387.43 2.82917267e+02 1.61231506e+00 
267 388.23 2.87394989e+02 1.57870245e+00 
268 389.04 3.05871918e+02 1.73138273e+00 
269 389.85 3.35938904e+02 1.79408157e+00 
270 390.66 3.60888336e+02 1.97513270e+00 
271 391.47 3.67243774e+02 2.11362767e+00 
272 392.28 3.31008850e+02 2.22257161e+00 
273 393.08 2.68857849e+02 1.81256998e+00 
274 393.89 2.55314926e+02 1.51194274e+00 
275 394.70 3.08486206e+02 1.84972453e+00 
276 395.51 3.47622742e+02 2.32926893e+00 
277 396.32 3.23123932e+02 2.13350749e+00 
278 397.12 3.04850769e+02 1.71542525e+00 
279 397.93 3.63103271e+02 1.89028180e+00 
280 398.74 4.48716461e+02 2.39395213e+00 
281 399.55 5.02287323e+02 2.86654592e+00 
282 400.36 5.28340515e+02 3.13971400e+00 
283 401.16 5.46917786e+02 3.00873852e+00 
284 401.97 5.61707947e+02 3.14220428e+00 
285 402.78 5.64698059e+02 3.34860706e+00 
286 403.59 5.60723694e+02 3.30497003e+00 
287 404.39 5.56716736e+02 3.15355039e+00 
288 405.20 5.52965820e+02 3.21022129e+00 
289 406.01 5.48677979e+02 3.32230067e+00 
290 406.82 5.48497498e+02 3.29770303e+00 
291 407.63 5.60519043e+02 3.28393269e+00 
292 408.43 5.80848511e+02 3.24991798e+00 
293 409.24 5.87566223e+02 3.31763697e+00 
294 410.05 5.77967651e+02 3.31345057e+00 
295 410.86 5.86010376e+02 3.20463490e+00 
296 411.66 6.12931213e+02 3.38248396e+00 
297 412.47 6.28976196e+02 3.70330143e+00 
298 413.28 6.32301514e+02 3.70506263e+00 
299 414.08 6.35092407e+02 3.65589070e+00 
300 414.89 6.39346741e+02 3.57254863e+00 
301 415.70 6.46282410e+02 3.70428586e+00 
302 416.51 6.51568054e+02 3.95039606e+00 
303 417.31 6.47022888e+02 4.03507805e+00 
304 418.12 6.41328125e+02 3.87460542e+00 
305 418.93 6.42313721e+02 3.71495008e+00 
306 419.74 6.48166199e+02 3.67636251e+00 
307 420.54 6.61827454e+02 3.64907122e+00 
308 421.35 6.74208984e+02 3.72619057e+00 
309 422.16 6.70219482e+02 3.84885812e+00 
310 422.96 6.61396301e+02 3.70190835e+00 
311 423.77 6.64130249e+02 3.72803855e+00 
312 424.58 6.71405823e+02 4.08581591e+00 
313 425.38 6.74387634e+02 3.99096203e+00 
314 426.19 6.72881836e+02 3.98819351e+00 
315 427.00 6.67130737e+02 4.07308197e+00 
316 427.80 6.61371521e+02 4.03544760e+00 
317 428.61 6.48007690e+02 4.18487453e+00 
318 429.42 6.14100159e+02 4.13265705e+00 
319 430.23 5.77916382e+02 3.69369102e+00 
320 431.03 5.88478943e+02 3.40547514e+00 
321 431.84 6.44442139e+02 3.84246898e+00 
322 432.65 6.94343994e+02 4.41876554e+00 
323 433.45 7.10307434e+02 4.57928371e+00 
324 434.26 7.15009705e+02 4.68371725e+00 
325 435.06 7.34948730e+02 4.66625214e+00 
326 435.87 7.65204712e+02 5.08295107e+00 
327 436.68 7.81750427e+02 5.54328728e+00 
328 437.48 7.71247620e+02 5.66356945e+00 
329 438.29 7.52442505e+02 5.37678385e+00 
330 439.10 7.51216187e+02 5.24833822e+00 
331 439.90 7.67648560e+02 5.37300873e+00 
332 440.71 7.92466309e+02 5.56605768e+00 
333 441.52 8.20566223e+02 5.89574671e+00 
334 442.32 8.43835449e+02 6.17746115e+00 
335 443.13 8.57506653e+02 6.51960278e+00 
336 443.93 8.64653198e+02 6.30408382e+00 
337 444.74 8.64547241e+02 6.46538973e+00 
338 445.55 8.58339417e+02 6.23713350e+00 
339 446.35 8.62764404e+02 6.36963224e+00 
340 447.16 8.82176514e+02 6.64300394e+00 
341 447.96 9.03153076e+02 6.75392532e+00 
342 448.77 9.18691833e+02 6.88335705e+00 
343 449.58 9.34964355e+02 6.96958017e+00 
344 450.38 9.54003052e+02 7.26474619e+00 
345 451.19 9.62287109e+02 7.54109430e+00 
346 451.99 9.49457031e+02 7.57329607e+00 
347 452.80 9.28724854e+02 7.32087326e+00 
348 453.60 9.20802002e+02 7.36039639e+00 
349 454.41 9.25738281e+02 7.45794773e+00 
350 455.22 9.37554932e+02 7.77425051e+00 
351 456.02 9.52154297e+02 7.87989569e+00 
352 456.83 9.63661255e+02 7.94872093e+00 
353 457.63 9.66552490e+02 7.96299314e+00 
354 458.44 9.62175415e+02 7.99310541e+00 
355 459.24 9.59426880e+02 7.73379707e+00 
356 460.05 9.65505859e+02 7.86284399e+00 
357 460.85 9.78154846e+02 7.93535280e+00 
358 461.66 9.90292847e+02 7.98374033e+00 
359 462.46 9.96934265e+02 8.18600464e+00 
360 463.27 9.93398132e+02 8.18298435e+00 
361 464.08 9.83513489e+02 8.02490520e+00 
362 464.88 9.75997803e+02 7.85637951e+00 
363 465.69 9.71450195e+02 7.71266747e+00 
364 466.49 9.68603943e+02 7.46819878e+00 
365 467.30 9.69620117e+02 7.34189367e+00 
366 468.10 9.74758423e+02 7.42358017e+00 
367 468.91 9.79238037e+02 7.74114513e+00 
368 469.71 9.78079224e+02 7.89551497e+00 
369 470.52 9.77883301e+02 7.77898169e+00 
370 471.32 9.88096191e+02 7.85343695e+00 
371 472.13 1.00213098e+03 7.82687569e+00 
372 472.93 1.01140948e+03 8.03400803e+00 
373 473.73 1.01832983e+03 8.03220463e+00 
374 474.54 1.02417993e+03 7.94635201e+00 
375 475.34 1.02700049e+03 7.80782795e+00 
376 476.15 1.02854736e+03 7.70882082e+00 
377 476.95 1.03528979e+03 7.68106699e+00 
378 477.76 1.04586072e+03 8.23459053e+00 
379 478.56 1.05504480e+03 8.36775303e+00 
380 479.37 1.06071191e+03 8.41471672e+00 
381 480.17 1.06490405e+03 8.44512939e+00 
382 480.98 1.06873438e+03 8.30924225e+00 
383 481.78 1.07042310e+03 8.07955837e+00 
384 482.58 1.06738062e+03 7.78543949e+00 
385 483.39 1.05923108e+03 7.83533478e+00 
386 484.19 1.04099268e+03 7.68547583e+00 
387 485.00 1.00569678e+03 7.43764114e+00 
388 485.80 9.63917847e+02 7.26220608e+00 
389 486.61 9.46008606e+02 6.66390181e+00 
390 487.41 9.59931396e+02 6.68106842e+00 
391 488.21 9.88816223e+02 6.94155741e+00 
392 489.02 1.01910925e+03 7.28055859e+00 
393 489.82 1.04107715e+03 7.75158644e+00 
394 490.63 1.04750354e+03 7.89902544e+00 
395 491.43 1.04173413e+03 7.88186884e+00 
396 492.23 1.03605444e+03 7.54602814e+00 
397 493.04 1.03979333e+03 7.62812090e+00 
398 493.84 1.05251514e+03 7.96637487e+00 
399 494.64 1.06580872e+03 8.14850330e+00 
400 495.45 1.07365723e+03 8.32415867e+00 
401 496.25 1.07802319e+03 8.41874504e+00 
402 497.06 1.07564954e+03 8.38738918e+00 
403 497.86 1.06865759e+03 8.34042072e+00 
404 498.66 1.06160754e+03 8.44916153e+00 
405 499.47 1.05392920e+03 8.64333057e+00 
406 500.27 1.04375525e+03 8.67118454e+00 
407 501.07 1.03488843e+03 8.40568066e+00 
408 501.88 1.03429541e+03 8.17389488e+00 
409 502.68 1.04069141e+03 7.89303732e+00 
410 503.48 1.04827539e+03 7.88864660e+00 
411 504.29 1.05860120e+03 7.65246677e+00 
412 505.09 1.07320801e+03 7.78354836e+00 
413 505.89 1.08365356e+03 7.85745907e+00 
414 506.70 1.08477734e+03 7.97946072e+00 
415 507.50 1.07878296e+03 7.96099615e+00 
416 508.30 1.07509973e+03 7.93998003e+00 
417 509.10 1.07564050e+03 7.73414946e+00 
418 509.91 1.07903796e+03 7.96060562e+00 
419 510.71 1.08292090e+03 8.12504673e+00 
420 511.51 1.08344031e+03 8.30664253e+00 
421 512.32 1.07698230e+03 8.62154484e+00 
422 513.12 1.06547510e+03 8.39174652e+00 
423 513.92 1.05458887e+03 8.73769283e+00 
424 514.72 1.04682031e+03 8.61312199e+00 
425 515.53 1.03088953e+03 8.61811352e+00 
426 516.33 1.00148102e+03 8.49783802e+00 
427 517.13 9.74188538e+02 8.40644073e+00 
428 517.93 9.64359863e+02 8.10007000e+00 
429 518.74 9.77295776e+02 8.28354359e+00 
430 519.54 1.00298694e+03 8.54293537e+00 
431 520.34 1.02694299e+03 8.76667404e+00 
432 521.14 1.04340747e+03 9.21918392e+00 
433 521.95 1.04973120e+03 8.95858860e+00 
434 522.75 1.05387134e+03 8.94952488e+00 
435 523.55 1.06334033e+03 9.05249882e+00 
436 524.35 1.07216406e+03 9.00360489e+00 
437 525.15 1.06929736e+03 8.80524826e+00 
438 525.96 1.05016174e+03 8.53524971e+00 
439 526.76 1.03174890e+03 8.21692753e+00 
440 527.56 1.03352991e+03 7.99677753e+00 
441 528.36 1.05267896e+03 8.18176937e+00 
442 529.16 1.07557043e+03 8.63473034e+00 
443 529.97 1.09239722e+03 8.75874615e+00 
444 530.77 1.09909314e+03 8.93511677e+00 
445 531.57 1.09315308e+03 8.91096973e+00 
446 532.37 1.08014441e+03 8.76451111e+00 
447 533.17 1.07143848e+03 8.55239964e+00 
448 533.97 1.07279395e+03 8.55167866e+00 
449 534.78 1.08243445e+03 8.50154781e+00 
450 535.58 1.08873584e+03 8.40953636e+00 
451 536.38 1.08692725e+03 8.27533054e+00 
452 537.18 1.08195374e+03 8.08983898e+00 
453 537.98 1.07758447e+03 8.30964279e+00 
454 538.78 1.07019202e+03 8.19196987e+00 
455 539.58 1.05921777e+03 7.88588285e+00 
456 540.39 1.05101721e+03 7.80103302e+00 
457 541.19 1.05016345e+03 7.82531118e+00 
458 541.99 1.05485376e+03 7.92976427e+00 
459 542.79 1.06213953e+03 8.40332317e+00 
460 543.59 1.06926282e+03 8.38996124e+00 
461 544.39 1.07369629e+03 8.25714016e+00 
462 545.19 1.07616528e+03 7.93759871e+00 
463 545.99 1.07427258e+03 7.95015812e+00 
464 546.79 1.06915271e+03 8.16792202e+00 
465 547.59 1.06315906e+03 8.07808876e+00 
466 548.39 1.06091479e+03 8.25390244e+00 
467 549.20 1.06123364e+03 8.43441486e+00 
468 550.00 1.06190869e+03 8.34655952e+00 
469 550.80 1.06136658e+03 8.17022038e+00 
470 551.60 1.06005017e+03 8.07232666e+00 
471 552.40 1.05883105e+03 7.73749495e+00 
472 553.20 1.05897168e+03 7.99467421e+00 
473 554.00 1.06164600e+03 8.01269722e+00 
474 554.80 1.06200378e+03 8.31407166e+00 
475 555.60 1.05730652e+03 8.62742138e+00 
476 556.40 1.04954529e+03 8.60868931e+00 
477 557.20 1.04083228e+03 8.64393902e+00 
478 558.00 1.02944092e+03 8.72535706e+00 
479 558.80 1.02169354e+03 8.65867805e+00 
480 559.60 1.02124316e+03 8.59017181e+00 
481 560.40 1.02411658e+03 8.36377239e+00 
482 561.20 1.02954126e+03 8.15387535e+00 
483 562.00 1.03749438e+03 8.45133686e+00 
484 562.80 1.04206152e+03 8.58323193e+00 
485 563.60 1.04469531e+03 8.37990379e+00 
486 564.40 1.04606140e+03 8.33010960e+00 
487 565.20 1.04436707e+03 8.36068439e+00 
488 566.00 1.04148853e+03 8.57633400e+00 
489 566.80 1.04102563e+03 8.59591293e+00 
490 567.60 1.04469214e+03 8.65648651e+00 
491 568.40 1.04717822e+03 8.55213356e+00 
492 569.20 1.04562061e+03 8.11485958e+00 
493 570.00 1.04241528e+03 7.60792208e+00 
494 570.80 1.04001697e+03 7.26018953e+00 
495 571.60 1.04719556e+03 7.18255186e+00 
496 572.39 1.06231152e+03 7.05669928e+00 
497 573.19 1.07565967e+03 7.35854816e+00 
498 573.99 1.08093774e+03 7.36914349e+00 
499 574.79 1.07670801e+03 7.66468000e+00 
500 575.59 1.07026245e+03 7.75787878e+00 
501 576.39 1.06694727e+03 8.12704849e+00 
502 577.19 1.06193213e+03 8.38920116e+00 
503 577.99 1.05324121e+03 8.55794239e+00 
504 578.79 1.04521228e+03 8.84292316e+00 
505 579.59 1.04186047e+03 8.94030666e+00 
506 580.38 1.04145691e+03 9.35569382e+00 
507 581.18 1.04223181e+03 9.73057461e+00 
508 581.98 1.04241138e+03 1.01735449e+01 
509 582.78 1.04178955e+03 1.00811176e+01 
510 583.58 1.03749121e+03 1.01147356e+01 
511 584.38 1.02810266e+03 1.02152147e+01 
512 585.18 1.01539795e+03 1.03728905e+01 
513 585.97 1.00407507e+03 9.74962902e+00 
514 586.77 9.96279175e+02 9.51708412e+00 
515 587.57 9.82948242e+02 8.86261654e+00 
516 588.37 9.58324951e+02 7.77438974e+00 
517 589.17 9.35562866e+02 6.83682156e+00 
518 589.97 9.29642395e+02 6.72009802e+00 
519 590.76 9.38495178e+02 6.94780350e+00 
520 591.56 9.51662292e+02 7.20497322e+00 
521 592.36 9.60240906e+02 6.99666262e+00 
522 593.16 9.63363770e+02 6.73902082e+00 
523 593.96 9.63334351e+02 6.60394239e+00 
524 594.75 9.63417114e+02 6.49105978e+00 
525 595.55 9.66557129e+02 6.39042139e+00 
526 596.35 9.70607056e+02 6.51976013e+00 
527 597.15 9.72963318e+02 6.49641609e+00 
528 597.94 9.73537964e+02 6.16189814e+00 
529 598.74 9.73403198e+02 6.12283182e+00 
530 599.54 9.72974243e+02 5.72178936e+00 
531 600.34 9.72765747e+02 5.73272181e+00 
532 601.13 9.71626343e+02 5.69445515e+00 
533 601.93 9.72677063e+02 5.63740921e+00 
534 602.73 9.79113770e+02 5.74661207e+00 
535 603.53 9.89069214e+02 6.08235073e+00 
536 604.32 9.97253540e+02 6.22242737e+00 
537 605.12 1.00140247e+03 6.28885698e+00 
538 605.92 1.00210114e+03 6.15092421e+00 
539 606.71 1.00161926e+03 5.88376713e+00 
540 607.51 9.99666321e+02 5.70498705e+00 
541 608.31 9.96119202e+02 5.93776083e+00 
542 609.10 9.91986572e+02 6.05874395e+00 
543 609.90 9.88542480e+02 6.37623453e+00 
544 610.70 9.87644592e+02 6.39685059e+00 
545 611.49 9.87643738e+02 6.44849491e+00 
546 612.29 9.84734192e+02 6.45963049e+00 
547 613.09 9.79792908e+02 6.67157125e+00 
548 613.88 9.76082153e+02 6.76096344e+00 
549 614.68 9.72954529e+02 6.69285870e+00 
550 615.48 9.66693481e+02 6.72099876e+00 
551 616.27 9.60027222e+02 6.86712694e+00 
552 617.07 9.59324097e+02 6.86383390e+00 
553 617.87 9.65336182e+02 7.25788689e+00 
554 618.66 9.72472534e+02 7.59207058e+00 
555 619.46 9.77983276e+02 7.61148167e+00 
556 620.25 9.80259766e+02 7.61477041e+00 
557 621.05 9.78602539e+02 7.67157936e+00 
558 621.85 9.73530151e+02 7.78489208e+00 
559 622.64 9.66783569e+02 7.76857090e+00 
560 623.44 9.59792847e+02 7.61487579e+00 
561 624.23 9.52653076e+02 7.83135223e+00 
562 625.03 9.46899963e+02 7.89859772e+00 
563 625.83 9.45064026e+02 7.82198858e+00 
564 626.62 9.44250488e+02 7.06195164e+00 
565 627.42 9.39579346e+02 6.33373451e+00 
566 628.21 9.34383606e+02 6.14552450e+00 
567 629.01 9.30107361e+02 6.03954363e+00 
568 629.80 9.27891785e+02 5.88308430e+00 
569 630.60 9.27591919e+02 5.89322329e+00 
570 631.39 9.27486328e+02 5.92164612e+00 
571 632.19 9.30155579e+02 6.29628658e+00 
572 632.98 9.33188660e+02 6.55177832e+00 
573 633.78 9.35129578e+02 6.80104113e+00 
574 634.57 9.36043640e+02 7.20465469e+00 
575 635.37 9.35287048e+02 7.30364084e+00 
576 636.16 9.34857666e+02 7.44180202e+00 
577 636.96 9.36580505e+02 7.29758549e+00 
578 637.75 9.39233093e+02 7.10821772e+00 
579 638.55 9.38425171e+02 7.25977755e+00 
580 639.34 9.32209961e+02 6.99484110e+00 
581 640.14 9.23605042e+02 7.14494085e+00 
582 640.93 9.15773438e+02 7.51339674e+00 
583 641.73 9.11762451e+02 8.05481815e+00 
584 642.52 9.10912415e+02 8.27316284e+00 
585 643.32 9.10648682e+02 8.22158623e+00 
586 644.11 9.08383850e+02 8.00197601e+00 
587 644.90 9.03060425e+02 7.98880434e+00 
588 645.70 8.95205566e+02 7.83591604e+00 
589 646.49 8.87758240e+02 7.37072897e+00 
590 647.29 8.81119019e+02 7.07959557e+00 
591 648.08 8.74659241e+02 6.75861311e+00 
592 648.88 8.65025696e+02 6.78936577e+00 
593 649.67 8.57392944e+02 6.93221951e+00 
594 650.46 8.57745728e+02 7.22361040e+00 
595 651.26 8.60151489e+02 7.31580544e+00 
596 652.05 8.59048279e+02 7.04548597e+00 
597 652.84 8.55820312e+02 7.00972128e+00 
598 653.64 8.50000488e+02 7.09243059e+00 
599 654.43 8.34970398e+02 6.99429989e+00 
600 655.22 8.02259766e+02 6.78387451e+00 
601 656.02 7.62517029e+02 6.22038126e+00 
602 656.81 7.48127441e+02 6.35305262e+00 
603 657.61 7.68665833e+02 6.73536205e+00 
604 658.40 7.96431885e+02 7.59849358e+00 
605 659.19 8.11172791e+02 7.94507074e+00 
606 659.98 8.16469666e+02 7.72644711e+00 
607 660.78 8.19540527e+02 7.22748756e+00 
608 661.57 8.21987183e+02 7.06193781e+00 
609 662.36 8.21209656e+02 7.03574514e+00 
610 663.16 8.16506836e+02 7.10475731e+00 
611 663.95 8.12372742e+02 7.10011339e+00 
612 664.74 8.12335815e+02 6.87765598e+00 
613 665.53 8.12600769e+02 6.67301655e+00 
614 666.33 8.10841797e+02 6.51313305e+00 
615 667.12 8.07802185e+02 6.63966560e+00 
616 667.91 8.06792847e+02 6.47388029e+00 
617 668.71 8.07703125e+02 6.19138861e+00 
618 669.50 8.07395325e+02 5.64271975e+00 
619 670.29 8.05125549e+02 5.16802359e+00 
620 671.08 8.02111145e+02 4.76348448e+00 
621 671.87 7.99753540e+02 4.58986950e+00 
622 672.67 8.00419678e+02 4.61415148e+00 
623 673.46 8.02522156e+02 4.64307404e+00 
624 674.25 8.02824402e+02 4.84984064e+00 
625 675.04 8.02271545e+02 4.80630398e+00 
626 675.83 8.02483582e+02 4.77508926e+00 
627 676.63 8.03647827e+02 4.83005667e+00 
628 677.42 8.04389648e+02 4.75786304e+00 
629 678.21 8.05118042e+02 4.89154482e+00 
630 679.00 8.05102722e+02 5.05002546e+00 
631 679.79 8.04715332e+02 5.29498720e+00 
632 680.58 8.03680054e+02 5.18820858e+00 
633 681.38 8.02827515e+02 5.11123800e+00 
634 682.17 8.02257263e+02 5.10989666e+00 
635 682.96 7.99408691e+02 5.49043036e+00 
636 683.75 7.93388245e+02 5.79981422e+00 
637 684.54 7.87370483e+02 5.96578932e+00 
638 685.33 7.78199097e+02 5.69144201e+00 
639 686.12 7.40911255e+02 5.81597185e+00 
640 686.91 6.73245911e+02 1.08480196e+01 
641 687.71 6.31603149e+02 1.55315247e+01 
642 688.50 6.41003052e+02 1.51429930e+01 
643 689.29 6.59706543e+02 1.35629797e+01 
644 690.08 6.74117310e+02 1.21505289e+01 
645 690.87 6.91430664e+02 9.94576359e+00 
646 691.66 7.07417480e+02 7.22494364e+00 
647 692.45 7.18387390e+02 6.19440985e+00 
648 693.24 7.23226929e+02 6.27821589e+00 
649 694.03 7.23278198e+02 6.87447023e+00 
650 694.82 7.23012451e+02 6.53049278e+00 
651 695.61 7.25563232e+02 5.68068600e+00 
652 696.40 7.30463806e+02 5.07366467e+00 
653 697.19 7.31875244e+02 5.21285009e+00 
654 697.98 7.26188354e+02 5.24670887e+00 
655 698.77 7.18259644e+02 5.03059149e+00 
656 699.56 7.11489868e+02 5.02780533e+00 
657 700.35 7.04020203e+02 4.85536766e+00 
658 701.14 6.96469360e+02 4.83199978e+00 
659 701.93 6.91111694e+02 4.99699926e+00 
660 702.72 6.90362000e+02 5.20470762e+00 
661 703.51 6.93273438e+02 5.46504164e+00 
662 704.30 6.95707153e+02 5.47125387e+00 
663 705.09 6.96074219e+02 5.30153275e+00 
664 705.88 6.92887695e+02 5.15061855e+00 
665 706.67 6.90639893e+02 4.88939667e+00 
666 707.46 6.88985962e+02 5.18341303e+00 
667 708.25 6.86026123e+02 5.35990524e+00 
668 709.04 6.82859497e+02 5.35037422e+00 
669 709.83 6.82089844e+02 5.28832722e+00 
670 710.61 6.81380981e+02 4.97086334e+00 
671 711.40 6.78265015e+02 4.84962797e+00 
672 712.19 6.74377319e+02 4.87715769e+00 
673 712.98 6.71966431e+02 4.69903946e+00 
674 713.77 6.69718811e+02 4.47527075e+00 
675 714.56 6.65616394e+02 4.29748106e+00 
676 715.35 6.58748169e+02 4.39242506e+00 
677 716.14 6.44748169e+02 5.56661558e+00 
678 716.92 6.17206787e+02 9.39409828e+00 
679 717.71 5.85641724e+02 1.30002832e+01 
680 718.50 5.61095581e+02 1.46969843e+01 
681 719.29 5.50099854e+02 1.55400143e+01 
682 720.08 5.54366333e+02 1.51983824e+01 
683 720.87 5.74407959e+02 1.26797323e+01 
684 721.65 6.01709167e+02 9.05325031e+00 
685 722.44 6.12082764e+02 7.87957764e+00 
686 723.23 5.99989685e+02 9.48800755e+00 
687 724.02 5.83702148e+02 1.20224218e+01 
688 724.81 5.78538635e+02 1.33602266e+01 
689 725.59 5.82098389e+02 1.37354050e+01 
690 726.38 5.87579285e+02 1.36112061e+01 
691 727.17 5.89102722e+02 1.32080564e+01 
692 727.96 5.87687561e+02 1.29305315e+01 
693 728.74 5.87241699e+02 1.24464178e+01 
694 729.53 5.90379761e+02 1.29243660e+01 
695 730.32 5.97244873e+02 1.30752420e+01 
696 731.11 6.02640930e+02 1.25861645e+01 
697 731.89 6.11905334e+02 1.09247923e+01 
698 732.68 6.25054932e+02 8.77685165e+00 
699 733.47 6.36707153e+02 6.85421228e+00 
700 734.25 6.44011353e+02 5.99371386e+00 
701 735.04 6.43648071e+02 5.59876728e+00 
702 735.83 6.40254272e+02 5.59009314e+00 
703 736.62 6.40736206e+02 5.28319645e+00 
704 737.40 6.43411011e+02 4.76781416e+00 
705 738.19 6.40892212e+02 4.26956654e+00 
706 738.98 6.35639099e+02 4.08857727e+00 
707 739.76 6.36176453e+02 3.77808046e+00 
708 740.55 6.37048889e+02 3.55157018e+00 
709 741.33 6.33091553e+02 3.71908951e+00 
710 742.12 6.31886597e+02 4.05818033e+00 
711 742.91 6.36465271e+02 4.35717440e+00 
712 743.69 6.39640198e+02 4.44221258e+00 
713 744.48 6.37892517e+02 4.55317974e+00 
714 745.27 6.35968567e+02 4.41372776e+00 
715 746.05 6.35507629e+02 4.47303200e+00 
716 746.84 6.34119812e+02 4.78996706e+00 
717 747.62 6.32767334e+02 4.90827131e+00 
718 748.41 6.29287476e+02 5.24822044e+00 
719 749.19 6.23188660e+02 5.58578157e+00 
720 749.98 6.18107788e+02 5.47261047e+00 
721 750.77 6.14608887e+02 5.41212034e+00 
722 751.55 6.11330322e+02 5.63350391e+00 
723 752.34 6.08551331e+02 5.77830648e+00 
724 753.12 6.05709595e+02 6.02848339e+00 
725 753.91 6.04871582e+02 6.03478193e+00 
726 754.69 6.02047852e+02 5.90880585e+00 
727 755.48 5.95684509e+02 5.93437672e+00 
728 756.26 5.89616882e+02 5.87116337e+00 
729 757.05 5.84744812e+02 5.88265228e+00 
730 757.83 5.75933105e+02 5.32012796e+00 
731 758.62 5.37262329e+02 3.68307185e+00 
732 759.40 4.18174622e+02 7.47259235e+00 
733 760.19 2.58875732e+02 1.62554016e+01 
734 760.97 1.88635666e+02 2.17497406e+01 
735 761.75 2.24453354e+02 2.40219231e+01 
736 762.54 2.56889465e+02 2.56160793e+01 
737 763.32 2.56240356e+02 2.70220928e+01 
738 764.11 2.73553864e+02 2.63908978e+01 
739 764.89 3.16114532e+02 2.33381157e+01 
740 765.68 3.66241486e+02 1.83663101e+01 
741 766.46 4.15179077e+02 1.28745489e+01 
742 767.24 4.58698242e+02 8.45902538e+00 
743 768.03 4.89942322e+02 5.44133711e+00 
744 768.81 5.06905731e+02 3.78289676e+00 
745 769.60 5.16004883e+02 3.10925651e+00 
746 770.38 5.21509766e+02 2.96459961e+00 
747 771.16 5.22706238e+02 3.26140308e+00 
748 771.95 5.21734741e+02 3.65252757e+00 
749 772.73 5.22320923e+02 4.03074169e+00 
750 773.51 5.23046143e+02 4.62084150e+00 
751 774.30 5.20644531e+02 4.73442125e+00 
752 775.08 5.17626953e+02 4.32757568e+00 
753 775.86 5.17752319e+02 3.99600792e+00 
754 776.65 5.17800842e+02 3.66455531e+00 
755 777.43 5.15669983e+02 3.65708280e+00 
756 778.21 5.14001282e+02 3.60021305e+00 
757 778.99 5.12746399e+02 3.51209831e+00 
758 779.78 5.10451843e+02 3.56966925e+00 
759 780.56 5.09421906e+02 3.68430996e+00 
760 781.34 5.10540497e+02 3.64742136e+00 
761 782.13 5.10983307e+02 3.55698371e+00 
762 782.91 5.07542877e+02 3.56820226e+00 
763 783.69 5.02620178e+02 3.32203031e+00 
764 784.47 5.00704559e+02 2.99017406e+00 
765 785.25 5.01359192e+02 2.63767099e+00 
766 786.04 5.01518311e+02 2.46025443e+00 
767 786.82 4.99216675e+02 2.44891262e+00 
768 787.60 4.94941376e+02 2.64988136e+00 
769 788.38 4.91137543e+02 2.77604675e+00 
770 789.16 4.88733398e+02 3.02370381e+00 
771 789.95 4.87345947e+02 3.15298152e+00 
772 790.73 4.85025177e+02 3.26625824e+00 
773 791.51 4.81113525e+02 3.30231714e+00 
774 792.29 4.76723816e+02 3.17058158e+00 
775 793.07 4.73186768e+02 2.79647088e+00 
776 793.85 4.71974091e+02 2.50574851e+00 
777 794.64 4.72326233e+02 2.44212556e+00 
778 795.42 4.72562897e+02 2.74899936e+00 
779 796.20 4.71788300e+02 3.03816628e+00 
780 796.98 4.71908966e+02 3.03007555e+00 
781 797.76 4.73680298e+02 2.72904778e+00 
782 798.54 4.73825562e+02 2.65385866e+00 
783 799.32 4.70426605e+02 2.83518195e+00 
784 800.10 4.65598938e+02 3.02612853e+00 
785 800.88 4.62556549e+02 3.16696620e+00 
786 801.66 4.61952881e+02 3.20640373e+00 
787 802.44 4.62274933e+02 3.30784011e+00 
788 803.23 4.61618774e+02 3.33000588e+00 
789 804.01 4.58954163e+02 3.27986193e+00 
790 804.79 4.56247009e+02 3.03627014e+00 
791 805.57 4.55692108e+02 2.82856750e+00 
792 806.35 4.56924103e+02 2.79176831e+00 
793 807.13 4.57437317e+02 3.00267124e+00 
794 807.91 4.54839417e+02 3.16552305e+00 
795 808.69 4.48927979e+02 3.21123648e+00 
796 809.47 4.42788513e+02 3.02235675e+00 
797 810.25 4.39031860e+02 2.99711823e+00 
798 811.03 4.37948090e+02 3.17173910e+00 
799 811.80 4.34813599e+02 3.54488611e+00 
800 812.58 4.26671814e+02 4.29734993e+00 
801 813.36 4.13411835e+02 5.30353308e+00 
802 814.14 3.99301208e+02 6.54069662e+00 
803 814.92 3.87920013e+02 7.73122454e+00 
804 815.70 3.80335236e+02 8.37265873e+00 
805 816.48 3.75332336e+02 8.83234882e+00 
806 817.26 3.71585297e+02 8.64498138e+00 
807 818.04 3.68496796e+02 8.03268433e+00 
808 818.82 3.68158569e+02 7.11273718e+00 
809 819.60 3.73462158e+02 6.26800346e+00 
810 820.38 3.81425659e+02 5.45399094e+00 
811 821.15 3.82479034e+02 5.33274460e+00 
812 821.93 3.73185730e+02 6.18039751e+00 
813 822.71 3.61534302e+02 7.11798573e+00 
814 823.49 3.58634460e+02 7.24708509e+00 
815 824.27 3.66591919e+02 6.29037809e+00 
816 825.05 3.78675232e+02 5.07710171e+00 
817 825.82 3.85532257e+02 4.31772518e+00 
818 826.60 3.83510590e+02 4.48946762e+00 
819 827.38 3.76104584e+02 4.95185137e+00 
820 828.16 3.69247742e+02 5.28108025e+00 
821 828.94 3.66560272e+02 5.42895365e+00 
822 829.71 3.68114441e+02 5.19948864e+00 
823 830.49 3.70170715e+02 4.97136688e+00 
824 831.27 3.69581940e+02 4.77241230e+00 
825 832.05 3.66618561e+02 4.46926928e+00 
826 832.82 3.64085205e+02 4.10134745e+00 
827 833.60 3.64588593e+02 3.55343175e+00 
828 834.38 3.68718933e+02 3.27904010e+00 
829 835.16 3.73331268e+02 3.00784874e+00 
830 835.93 3.75739960e+02 2.87716556e+00 
831 836.71 3.75241730e+02 2.65201044e+00 
832 837.49 3.73245941e+02 2.48012757e+00 
833 838.26 3.72485413e+02 2.44504428e+00 
834 839.04 3.73727173e+02 2.39239717e+00 
835 839.82 3.75725952e+02 2.28385854e+00 
836 840.59 3.76177063e+02 2.35412335e+00 
837 841.37 3.73906006e+02 2.28687716e+00 
838 842.15 3.69720184e+02 2.35620642e+00 
839 842.92 3.66300354e+02 2.37763762e+00 
840 843.70 3.65613037e+02 2.34795547e+00 
841 844.48 3.66856567e+02 2.32313013e+00 
842 845.25 3.67933838e+02 2.47127295e+00 
843 846.03 3.66814331e+02 2.59964657e+00 
844 846.80 3.63011353e+02 2.62557960e+00 
845 847.58 3.57469360e+02 2.70820427e+00 
846 848.35 3.51874878e+02 2.76715040e+00 
847 849.13 3.48420837e+02 2.71629882e+00 
848 849.91 3.46223206e+02 2.75587869e+00 
849 850.68 3.44519592e+02 2.68055296e+00 
850 851.46 3.40990967e+02 2.56232238e+00 
851 852.23 3.34786987e+02 2.41726565e+00 
852 853.01 3.27707550e+02 2.33090496e+00 
853 853.78 3.22575684e+02 2.16371655e+00 
854 854.56 3.21301758e+02 2.09350562e+00 
855 855.33 3.24215515e+02 2.18788552e+00 
856 856.11 3.30056976e+02 2.13287783e+00 
857 856.88 3.34962341e+02 2.12167072e+00 
858 857.66 3.37305756e+02 2.05171418e+00 
859 858.43 3.37734344e+02 2.01581049e+00 
860 859.21 3.38028168e+02 1.94802809e+00 
861 859.98 3.38769897e+02 1.79227817e+00 
862 860.76 3.38964294e+02 1.76358449e+00 
863 861.53 3.37277283e+02 1.80680084e+00 
864 862.30 3.33887177e+02 1.81523895e+00 
865 863.08 3.29267883e+02 1.81323874e+00 
866 863.85 3.24107727e+02 1.72204375e+00 
867 864.63 3.19027557e+02 1.73028517e+00 
868 865.40 3.14376068e+02 1.68630314e+00 
869 866.17 3.10293396e+02 1.67327881e+00 
870 866.95 3.06866333e+02 1.47073698e+00 
871 867.72 3.05630280e+02 1.41536617e+00 
872 868.50 3.06871307e+02 1.49216211e+00 
873 869.27 3.09335022e+02 1.53038454e+00 
874 870.04 3.11732727e+02 1.68397486e+00 
875 870.82 3.12961914e+02 1.77102315e+00 
876 871.59 3.12399750e+02 1.85981214e+00 
877 872.36 3.10020020e+02 1.90848887e+00 
878 873.13 3.06431061e+02 1.81974912e+00 
879 873.91 3.03291260e+02 1.77441299e+00 
880 874.68 3.01151337e+02 1.71991241e+00 
881 875.45 3.00474609e+02 1.53529537e+00 
882 876.23 3.00487732e+02 1.60683036e+00 
883 877.00 2.99892517e+02 1.63207209e+00 
884 877.77 2.97661865e+02 1.62108409e+00 
885 878.54 2.94719727e+02 1.65454328e+00 
886 879.32 2.91744873e+02 1.55511689e+00 
887 880.09 2.89572540e+02 1.60224962e+00 
888 880.86 2.88468201e+02 1.65920639e+00 
889 881.63 2.88136200e+02 1.63755274e+00 
890 882.40 2.88077271e+02 1.57584774e+00 
891 883.18 2.86875671e+02 1.64149368e+00 
892 883.95 2.84892822e+02 1.65466523e+00 
893 884.72 2.82476746e+02 1.69705129e+00 
894 885.49 2.80385254e+02 1.63547516e+00 
895 886.26 2.79225342e+02 1.62549663e+00 
896 887.03 2.78921143e+02 1.71175981e+00 
897 887.81 2.78727386e+02 1.65112627e+00 
898 888.58 2.77869385e+02 1.73380017e+00 
899 889.35 2.76237427e+02 1.74561620e+00 
900 890.12 2.73835693e+02 1.78460836e+00 
901 890.89 2.71212616e+02 1.77255452e+00 
902 891.66 2.68516235e+02 1.71212757e+00 
903 892.43 2.65524963e+02 1.78504014e+00 
904 893.20 2.61678650e+02 2.11055112e+00 
905 893.97 2.56881348e+02 2.57997203e+00 
906 894.74 2.50840927e+02 3.22249079e+00 
907 895.51 2.43871338e+02 3.93924761e+00 
908 896.28 2.36625763e+02 4.58432627e+00 
909 897.05 2.29881363e+02 5.10986042e+00 
910 897.83 2.24397705e+02 5.61970615e+00 
911 898.60 2.20153488e+02 5.81493139e+00 
912 899.37 2.17396240e+02 5.92324734e+00 
913 900.14 2.15783630e+02 5.88512182e+00 
914 900.90 2.15268005e+02 5.65670681e+00 
915 901.67 2.15870361e+02 5.42319393e+00 
916 902.44 2.17409973e+02 4.99779081e+00 
917 903.21 2.19402969e+02 4.68194294e+00 
918 903.98 2.21217285e+02 4.46569443e+00 
919 904.75 2.21995453e+02 4.48933077e+00 
920 905.52 2.20868561e+02 4.52210951e+00 
921 906.29 2.17719147e+02 4.74124050e+00 
922 907.06 2.13171753e+02 5.08853292e+00 
923 907.83 2.08188416e+02 5.45796967e+00 
924 908.60 2.03907471e+02 5.73859596e+00 
925 909.37 2.00848969e+02 5.96950579e+00 
926 910.14 1.99035568e+02 6.20358562e+00 
927 910.90 1.98159912e+02 6.21632671e+00 
928 911.67 1.97539276e+02 6.28854799e+00 
929 912.44 1.96596619e+02 6.34030676e+00 
930 913.21 1.94850494e+02 6.28797436e+00 
931 913.98 1.93159058e+02 6.24197531e+00 
932 914.75 1.92005630e+02 6.19684887e+00 
933 915.51 1.91440231e+02 6.16714573e+00 
934 916.28 1.91602234e+02 5.97736073e+00 
935 917.05 1.92516083e+02 5.71684504e+00 
936 917.82 1.93237091e+02 5.42320585e+00 
937 918.59 1.93634811e+02 5.05687332e+00 
938 919.35 1.93719040e+02 4.65494967e+00 
939 920.12 1.93697784e+02 4.44398499e+00 
940 920.89 1.93193390e+02 4.20374632e+00 
941 921.66 1.92569138e+02 4.08933163e+00 
942 922.42 1.91364731e+02 4.06037283e+00 
943 923.19 1.89567291e+02 4.08086491e+00 
944 923.96 1.86674881e+02 4.39235830e+00 
945 924.72 1.82995941e+02 4.62623119e+00 
946 925.49 1.78226517e+02 4.96537113e+00 
947 926.26 1.72677979e+02 5.30910778e+00 
948 927.03 1.66110519e+02 5.70250368e+00 
949 927.79 1.58566513e+02 6.14826822e+00 
950 928.56 1.50079849e+02 6.57712317e+00 
951 929.32 1.40407578e+02 7.06775093e+00 
952 930.09 1.30255951e+02 7.53592157e+00 
953 930.86 1.19873634e+02 7.86153316e+00 
954 931.62 1.09861221e+02 8.06686020e+00 
955 932.39 1.00801788e+02 8.21960163e+00 
956 933.16 9.31513367e+01 8.30984116e+00 
957 933.92 8.71667175e+01 8.26304913e+00 
958 934.69 8.31026611e+01 8.15605736e+00 
959 935.45 8.06149292e+01 8.01430511e+00 
960 936.22 7.93046570e+01 7.81961775e+00 
961 936.98 7.89267883e+01 7.61236715e+00 
962 937.75 7.90497513e+01 7.39139462e+00 
963 938.51 7.94652863e+01 7.20464039e+00 
964 939.28 8.00770035e+01 6.94080448e+00 
965 940.04 8.03576813e+01 6.70384502e+00 
966 940.81 8.02388229e+01 6.52481318e+00 
967 941.57 7.96025772e+01 6.37183905e+00 
968 942.34 7.84987793e+01 6.28294611e+00 
969 943.10 7.69543533e+01 6.15572691e+00 
970 943.87 7.52608032e+01 6.12839270e+00 
971 944.63 7.37773438e+01 6.10431862e+00 
972 945.40 7.29616699e+01 6.11103773e+00 
973 946.16 7.28028259e+01 6.10904169e+00 
974 946.93 7.30648270e+01 6.14497089e+00 
975 947.69 7.37494888e+01 6.12251472e+00 
976 948.45 7.46177063e+01 6.08820915e+00 
977 949.22 7.54222107e+01 6.04629278e+00 
978 949.98 7.61877823e+01 6.02950954e+00 
979 950.75 7.70050125e+01 5.94745779e+00 
980 951.51 7.78016281e+01 5.96171045e+00 
981 952.27 7.86815033e+01 5.91651392e+00 
982 953.04 7.95604706e+01 5.86448526e+00 
983 953.80 8.03011627e+01 5.81550407e+00 
984 954.56 8.11830215e+01 5.78027725e+00 
985 955.33 8.21599350e+01 5.75294828e+00 
986 956.09 8.29408188e+01 5.69644260e+00 
987 956.85 8.39328003e+01 5.64526224e+00 
988 957.62 8.52482758e+01 5.54616690e+00 
989 958.38 8.66269760e+01 5.53153324e+00 
990 959.14 8.79431000e+01 5.49829054e+00 
991 959.90 8.93676910e+01 5.41926861e+00 
992 960.67 9.07489777e+01 5.35513496e+00 
993 961.43 9.22046051e+01 5.21906519e+00 
994 962.19 9.36855469e+01 5.03474426e+00 
995 962.95 9.51842804e+01 4.80013180e+00 
996 963.72 9.68949356e+01 4.62630653e+00 
997 964.48 9.86800079e+01 4.39893246e+00 
998 965.24 1.00506439e+02 4.12990713e+00 
999 966.00 1.02056305e+02 3.91079330e+00 
1000 966.76 1.03395325e+02 3.68301916e+00 
1001 967.52 1.04599503e+02 3.44407272e+00 
1002 968.29 1.05740761e+02 3.16528392e+00 
1003 969.05 1.06570854e+02 2.98620439e+00 
1004 969.81 1.07261017e+02 2.77847958e+00 
1005 970.57 1.07722961e+02 2.62956047e+00 
1006 971.33 1.07743828e+02 2.51739836e+00 
1007 972.09 1.07469193e+02 2.45867825e+00 
1008 972.85 1.06844742e+02 2.40486431e+00 
1009 973.61 1.05878113e+02 2.38093996e+00 
1010 974.37 1.04977661e+02 2.30492854e+00 
1011 975.14 1.04096321e+02 2.19215965e+00 
1012 975.90 1.03545944e+02 2.19938397e+00 
1013 976.66 1.03149422e+02 2.14029551e+00 
1014 977.42 1.02814743e+02 1.99720383e+00 
1015 978.18 1.02555344e+02 1.93911099e+00 
1016 978.94 1.02288887e+02 1.78655052e+00 
1017 979.70 1.02076965e+02 1.66343188e+00 
1018 980.46 1.02120834e+02 1.51822054e+00 
1019 981.22 1.02152092e+02 1.36161494e+00 
1020 981.98 1.02204727e+02 1.21807492e+00 
1021 982.74 1.02161850e+02 1.17526746e+00 
1022 983.50 1.01907455e+02 1.04661429e+00 
1023 984.25 1.01418839e+02 9.68330979e-01 
1024 985.01 1.00846367e+02 9.08515155e-01 
1025 985.77 1.00327370e+02 8.51405501e-01 
1026 986.53 9.99224396e+01 8.22352946e-01 
1027 987.29 9.94566116e+01 8.37019980e-01 
1028 988.05 9.87010040e+01 8.03913951e-01 
1029 988.81 9.77344818e+01 7.52604783e-01 
1030 989.57 9.66113205e+01 7.90233433e-01 
1031 990.33 9.55956116e+01 7.55487561e-01 
1032 991.08 9.47769012e+01 7.94111252e-01 
1033 991.84 9.38885803e+01 7.73701370e-01 
1034 992.60 9.27046204e+01 7.23915398e-01 
1035 993.36 9.13160629e+01 7.13089228e-01 
1036 994.12 8.97445602e+01 6.80093229e-01 
1037 994.88 8.83294067e+01 6.76575601e-01 
1038 995.63 8.68361893e+01 6.52752519e-01 
1039 996.39 8.50121994e+01 5.95405698e-01 
1040 997.15 5.45904064e+00 4.88933884e-02 
1041 997.91 2.48690084e-01 1.90784428e-02 
1042 998.66 1.25298649e-01 1.94105748e-02 
1043 999.42 1.16064131e-01 1.92172043e-02 
