% C0 (TOA Count Rate, /ms) for 4STAR VIS spectrometer (1044 channels) derived from C:\Users\lebla\Research\MLO\2022_May\4STAR_20220514starsun.mat and recorded on 2022-05-14 13:09:25.
% C0 built to match AOD from 4STAR to AERONET spline fit for Mauna_Loa within 200 m [Alt] and 360 seconds, measured on 20220514.
Pix Wavelength C0 C0err
0 171.97 0.00000000e+00 0.00000000e+00 
1 172.78 -1.00000000e+00 0.00000000e+00 
2 173.59 -1.00000000e+00 0.00000000e+00 
3 174.39 -1.00000000e+00 0.00000000e+00 
4 175.20 -1.00000000e+00 0.00000000e+00 
5 176.01 -1.00000000e+00 0.00000000e+00 
6 176.82 -1.00000000e+00 0.00000000e+00 
7 177.63 -1.00000000e+00 0.00000000e+00 
8 178.43 -1.00000000e+00 0.00000000e+00 
9 179.24 -1.00000000e+00 0.00000000e+00 
10 180.05 -1.00000000e+00 0.00000000e+00 
11 180.86 -1.00000000e+00 0.00000000e+00 
12 181.67 -1.00000000e+00 0.00000000e+00 
13 182.47 -1.00000000e+00 0.00000000e+00 
14 183.28 -1.00000000e+00 0.00000000e+00 
15 184.09 -1.00000000e+00 0.00000000e+00 
16 184.90 -1.00000000e+00 0.00000000e+00 
17 185.71 -1.00000000e+00 0.00000000e+00 
18 186.51 -1.00000000e+00 0.00000000e+00 
19 187.32 -1.00000000e+00 0.00000000e+00 
20 188.13 -1.00000000e+00 0.00000000e+00 
21 188.94 -1.00000000e+00 0.00000000e+00 
22 189.75 -1.00000000e+00 0.00000000e+00 
23 190.55 -1.00000000e+00 0.00000000e+00 
24 191.36 -1.00000000e+00 0.00000000e+00 
25 192.17 -1.00000000e+00 0.00000000e+00 
26 192.98 -1.00000000e+00 0.00000000e+00 
27 193.79 -1.00000000e+00 0.00000000e+00 
28 194.60 -1.00000000e+00 0.00000000e+00 
29 195.40 -1.00000000e+00 0.00000000e+00 
30 196.21 -1.00000000e+00 0.00000000e+00 
31 197.02 -1.00000000e+00 0.00000000e+00 
32 197.83 -1.00000000e+00 0.00000000e+00 
33 198.64 -1.00000000e+00 0.00000000e+00 
34 199.44 -1.00000000e+00 0.00000000e+00 
35 200.25 -1.00000000e+00 0.00000000e+00 
36 201.06 -1.00000000e+00 0.00000000e+00 
37 201.87 -1.00000000e+00 0.00000000e+00 
38 202.68 -1.00000000e+00 0.00000000e+00 
39 203.48 -1.00000000e+00 0.00000000e+00 
40 204.29 -1.00000000e+00 0.00000000e+00 
41 205.10 -1.00000000e+00 0.00000000e+00 
42 205.91 -1.00000000e+00 0.00000000e+00 
43 206.72 -1.00000000e+00 0.00000000e+00 
44 207.53 -1.00000000e+00 0.00000000e+00 
45 208.33 -1.00000000e+00 0.00000000e+00 
46 209.14 -1.00000000e+00 -1.00000000e+00 
47 209.95 -1.00000000e+00 -1.00000000e+00 
48 210.76 -1.00000000e+00 -1.00000000e+00 
49 211.57 -1.00000000e+00 -1.00000000e+00 
50 212.37 -1.00000000e+00 -1.00000000e+00 
51 213.18 -1.00000000e+00 -1.00000000e+00 
52 213.99 -1.00000000e+00 -1.00000000e+00 
53 214.80 -1.00000000e+00 -1.00000000e+00 
54 215.61 -1.00000000e+00 -1.00000000e+00 
55 216.42 -1.00000000e+00 -1.00000000e+00 
56 217.22 -1.00000000e+00 -1.00000000e+00 
57 218.03 -1.00000000e+00 -1.00000000e+00 
58 218.84 -1.00000000e+00 -1.00000000e+00 
59 219.65 -1.00000000e+00 -1.00000000e+00 
60 220.46 -1.00000000e+00 -1.00000000e+00 
61 221.26 -1.00000000e+00 -1.00000000e+00 
62 222.07 -1.00000000e+00 -1.00000000e+00 
63 222.88 -1.00000000e+00 -1.00000000e+00 
64 223.69 -1.00000000e+00 -1.00000000e+00 
65 224.50 -1.00000000e+00 -1.00000000e+00 
66 225.31 -1.00000000e+00 -1.00000000e+00 
67 226.11 -1.00000000e+00 -1.00000000e+00 
68 226.92 -1.00000000e+00 -1.00000000e+00 
69 227.73 -1.00000000e+00 -1.00000000e+00 
70 228.54 -1.00000000e+00 -1.00000000e+00 
71 229.35 -1.00000000e+00 -1.00000000e+00 
72 230.15 -1.00000000e+00 -1.00000000e+00 
73 230.96 -1.00000000e+00 -1.00000000e+00 
74 231.77 -1.00000000e+00 -1.00000000e+00 
75 232.58 -1.00000000e+00 -1.00000000e+00 
76 233.39 -1.00000000e+00 -1.00000000e+00 
77 234.20 -1.00000000e+00 -1.00000000e+00 
78 235.00 -1.00000000e+00 -1.00000000e+00 
79 235.81 -1.00000000e+00 -1.00000000e+00 
80 236.62 -1.00000000e+00 -1.00000000e+00 
81 237.43 -1.00000000e+00 -1.00000000e+00 
82 238.24 -1.00000000e+00 -1.00000000e+00 
83 239.04 -1.00000000e+00 -1.00000000e+00 
84 239.85 -1.00000000e+00 -1.00000000e+00 
85 240.66 -1.00000000e+00 -1.00000000e+00 
86 241.47 -1.00000000e+00 -1.00000000e+00 
87 242.28 -1.00000000e+00 -1.00000000e+00 
88 243.09 -1.00000000e+00 -1.00000000e+00 
89 243.89 -1.00000000e+00 -1.00000000e+00 
90 244.70 -1.00000000e+00 -1.00000000e+00 
91 245.51 -1.00000000e+00 -1.00000000e+00 
92 246.32 -1.00000000e+00 -1.00000000e+00 
93 247.13 -1.00000000e+00 -1.00000000e+00 
94 247.93 -1.00000000e+00 -1.00000000e+00 
95 248.74 -1.00000000e+00 -1.00000000e+00 
96 249.55 -1.00000000e+00 -1.00000000e+00 
97 250.36 -1.00000000e+00 -1.00000000e+00 
98 251.17 -1.00000000e+00 -1.00000000e+00 
99 251.98 -1.00000000e+00 -1.00000000e+00 
100 252.78 -1.00000000e+00 -1.00000000e+00 
101 253.59 -1.00000000e+00 -1.00000000e+00 
102 254.40 -1.00000000e+00 0.00000000e+00 
103 255.21 -1.00000000e+00 0.00000000e+00 
104 256.02 -1.00000000e+00 -1.00000000e+00 
105 256.82 -1.00000000e+00 -1.00000000e+00 
106 257.63 -1.00000000e+00 -1.00000000e+00 
107 258.44 -1.00000000e+00 -1.00000000e+00 
108 259.25 -1.00000000e+00 -1.00000000e+00 
109 260.06 -1.00000000e+00 -1.00000000e+00 
110 260.87 -1.00000000e+00 -1.00000000e+00 
111 261.67 -1.00000000e+00 -1.00000000e+00 
112 262.48 -1.00000000e+00 -1.00000000e+00 
113 263.29 -1.00000000e+00 -1.00000000e+00 
114 264.10 -1.00000000e+00 -1.00000000e+00 
115 264.91 -1.00000000e+00 -1.00000000e+00 
116 265.71 -1.00000000e+00 -1.00000000e+00 
117 266.52 -1.00000000e+00 -1.00000000e+00 
118 267.33 -1.00000000e+00 -1.00000000e+00 
119 268.14 -1.00000000e+00 -1.00000000e+00 
120 268.95 -1.00000000e+00 -1.00000000e+00 
121 269.75 -1.00000000e+00 -1.00000000e+00 
122 270.56 -1.00000000e+00 -1.00000000e+00 
123 271.37 -1.00000000e+00 -1.00000000e+00 
124 272.18 -1.00000000e+00 -1.00000000e+00 
125 272.99 -1.00000000e+00 -1.00000000e+00 
126 273.79 -1.00000000e+00 -1.00000000e+00 
127 274.60 -1.00000000e+00 -1.00000000e+00 
128 275.41 -1.00000000e+00 -1.00000000e+00 
129 276.22 -1.00000000e+00 -1.00000000e+00 
130 277.03 -1.00000000e+00 -1.00000000e+00 
131 277.83 -1.00000000e+00 -1.00000000e+00 
132 278.64 -1.00000000e+00 -1.00000000e+00 
133 279.45 -1.00000000e+00 -1.00000000e+00 
134 280.26 -1.00000000e+00 -1.00000000e+00 
135 281.07 -1.00000000e+00 -1.00000000e+00 
136 281.87 -1.00000000e+00 -1.00000000e+00 
137 282.68 -1.00000000e+00 -1.00000000e+00 
138 283.49 -1.00000000e+00 -1.00000000e+00 
139 284.30 -1.00000000e+00 -1.00000000e+00 
140 285.11 -1.00000000e+00 -1.00000000e+00 
141 285.91 -1.00000000e+00 -1.00000000e+00 
142 286.72 -1.00000000e+00 -1.00000000e+00 
143 287.53 6.96593257e+35 -1.00000000e+00 
144 288.34 5.61305651e+32 -1.00000000e+00 
145 289.15 9.89804388e+29 -1.00000000e+00 
146 289.95 2.98793513e+27 -1.00000000e+00 
147 290.76 1.21646881e+25 -1.00000000e+00 
148 291.57 6.39828065e+22 -1.00000000e+00 
149 292.38 5.55441995e+20 -1.00000000e+00 
150 293.19 7.53108895e+18 -1.00000000e+00 
151 293.99 1.49091801e+17 9.90250134e+17 
152 294.80 4.17841611e+15 2.70090543e+16 
153 295.61 1.51711063e+14 9.49355477e+14 
154 296.42 7.24808499e+12 4.37219869e+13 
155 297.23 4.51216343e+11 2.62643122e+12 
156 298.03 3.82930821e+10 2.15494345e+11 
157 298.84 4.36592794e+09 2.35073004e+10 
158 299.65 6.25747200e+08 3.24608000e+09 
159 300.46 1.08160416e+08 5.37918144e+08 
160 301.26 2.22967860e+07 1.06651488e+08 
161 302.07 5.48759850e+06 2.52737120e+07 
162 302.88 1.60521063e+06 7.11335600e+06 
163 303.69 5.35600063e+05 2.28174125e+06 
164 304.50 1.93906875e+05 7.94347250e+05 
165 305.30 7.83341641e+04 3.09315000e+05 
166 306.11 3.54313906e+04 1.34922922e+05 
167 306.92 1.71188672e+04 6.24858516e+04 
168 307.73 9.30797168e+03 3.27079355e+04 
169 308.53 5.33331152e+03 1.80115273e+04 
170 309.34 3.08548877e+03 1.00287461e+04 
171 310.15 1.95201135e+03 6.07721826e+03 
172 310.96 1.29185413e+03 3.84462183e+03 
173 311.76 8.43957520e+02 2.38535327e+03 
174 312.57 5.87635071e+02 1.57501086e+03 
175 313.38 4.44385376e+02 1.13710547e+03 
176 314.19 3.42670746e+02 8.34764954e+02 
177 315.00 2.76367645e+02 6.44607666e+02 
178 315.80 2.28450699e+02 5.09361542e+02 
179 316.61 1.93068939e+02 4.10497192e+02 
180 317.42 1.65417206e+02 3.36849335e+02 
181 318.23 1.42124176e+02 2.76654572e+02 
182 319.03 1.25787544e+02 2.34059357e+02 
183 319.84 1.11614815e+02 1.99378159e+02 
184 320.65 9.81734390e+01 1.66072021e+02 
185 321.46 9.13649521e+01 1.49881104e+02 
186 322.26 8.51886292e+01 1.35238403e+02 
187 323.07 7.65907822e+01 1.15539345e+02 
188 323.88 7.08540649e+01 1.02422783e+02 
189 324.69 6.77502289e+01 9.56185226e+01 
190 325.49 6.30622940e+01 8.53911591e+01 
191 326.30 5.86175842e+01 7.59833832e+01 
192 327.11 5.64215927e+01 7.13620605e+01 
193 327.92 5.44975014e+01 6.72425156e+01 
194 328.72 5.16106949e+01 6.13047028e+01 
195 329.53 4.95332298e+01 5.69430923e+01 
196 330.34 4.85413895e+01 5.48347511e+01 
197 331.14 4.70863266e+01 5.17635536e+01 
198 331.95 4.53111496e+01 4.82470360e+01 
199 332.76 4.43902283e+01 4.62022667e+01 
200 333.57 4.36508522e+01 4.42362633e+01 
201 334.37 4.27062912e+01 4.15596924e+01 
202 335.18 4.20183601e+01 3.90075645e+01 
203 335.99 4.24053497e+01 3.80988159e+01 
204 336.80 4.33519821e+01 3.73573532e+01 
205 337.60 4.43152237e+01 3.54825516e+01 
206 338.41 4.57745399e+01 3.35239487e+01 
207 339.22 4.80050888e+01 3.21752892e+01 
208 340.02 5.04293137e+01 3.12064705e+01 
209 340.83 5.21890068e+01 2.99495773e+01 
210 341.64 5.41671257e+01 2.88127556e+01 
211 342.45 5.65925674e+01 2.81799450e+01 
212 343.25 5.76737938e+01 2.73438663e+01 
213 344.06 5.76434479e+01 2.63322144e+01 
214 344.87 5.93323555e+01 2.54375858e+01 
215 345.67 6.21417046e+01 2.46533661e+01 
216 346.48 6.39072533e+01 2.36246185e+01 
217 347.29 6.51210022e+01 2.28895378e+01 
218 348.10 6.60321884e+01 2.21007881e+01 
219 348.90 6.73968124e+01 2.14732895e+01 
220 349.71 7.04880981e+01 2.09653835e+01 
221 350.52 7.39687881e+01 2.04380150e+01 
222 351.32 7.49295273e+01 1.97803383e+01 
223 352.13 7.48359604e+01 1.92614079e+01 
224 352.94 7.73631668e+01 1.85077152e+01 
225 353.74 8.27149200e+01 1.80030460e+01 
226 354.55 8.66211243e+01 1.76632938e+01 
227 355.36 8.70890045e+01 1.72248325e+01 
228 356.17 8.45430374e+01 1.67507744e+01 
229 356.97 8.11235199e+01 1.63967705e+01 
230 357.78 7.86964798e+01 1.60843372e+01 
231 358.59 8.17118149e+01 1.56973391e+01 
232 359.39 9.12122803e+01 1.53206320e+01 
233 360.20 9.60226440e+01 1.48474951e+01 
234 361.01 9.44488220e+01 1.44426546e+01 
235 361.81 9.61469116e+01 1.39063005e+01 
236 362.62 1.00758659e+02 1.36128359e+01 
237 363.43 1.03927467e+02 1.32695704e+01 
238 364.23 1.06438835e+02 1.29329576e+01 
239 365.04 1.12305168e+02 1.24486666e+01 
240 365.85 1.20450348e+02 1.21781502e+01 
241 366.65 1.23610199e+02 1.19164762e+01 
242 367.46 1.22265015e+02 1.16096048e+01 
243 368.27 1.21696770e+02 1.14538651e+01 
244 369.07 1.25670830e+02 1.11394567e+01 
245 369.88 1.28407440e+02 1.09088068e+01 
246 370.69 1.27640961e+02 1.06333265e+01 
247 371.49 1.25971329e+02 1.04049997e+01 
248 372.30 1.21668144e+02 1.01642761e+01 
249 373.11 1.15540817e+02 1.00166740e+01 
250 373.91 1.12199829e+02 9.78541946e+00 
251 374.72 1.15843788e+02 9.41177273e+00 
252 375.52 1.23989578e+02 9.16385555e+00 
253 376.33 1.32126175e+02 8.97717571e+00 
254 377.14 1.42774353e+02 8.79576969e+00 
255 377.94 1.50950668e+02 8.64150906e+00 
256 378.75 1.46478485e+02 8.47059822e+00 
257 379.56 1.40320740e+02 8.43961334e+00 
258 380.36 1.41760223e+02 8.07495880e+00 
259 381.17 1.36978775e+02 7.97463369e+00 
260 381.98 1.20928490e+02 7.86669922e+00 
261 382.78 1.07873245e+02 7.67750835e+00 
262 383.59 1.09282524e+02 7.47035885e+00 
263 384.39 1.22153404e+02 7.28736305e+00 
264 385.20 1.30476883e+02 7.15714598e+00 
265 386.01 1.31624588e+02 7.09112263e+00 
266 386.81 1.32475220e+02 6.90055704e+00 
267 387.62 1.32858109e+02 6.88938856e+00 
268 388.42 1.36468246e+02 6.83503294e+00 
269 389.23 1.46441940e+02 6.64432955e+00 
270 390.04 1.56728378e+02 6.55108547e+00 
271 390.84 1.61980896e+02 6.39748573e+00 
272 391.65 1.54944855e+02 6.34649849e+00 
273 392.45 1.30663132e+02 6.35290146e+00 
274 393.26 1.12717262e+02 6.21166182e+00 
275 394.07 1.24567299e+02 5.95463467e+00 
276 394.87 1.46496552e+02 5.87014818e+00 
277 395.68 1.45273468e+02 5.79844379e+00 
278 396.48 1.29787048e+02 5.69432735e+00 
279 397.29 1.38205368e+02 5.52740908e+00 
280 398.10 1.70064850e+02 5.27974415e+00 
281 398.90 1.94410858e+02 5.18890524e+00 
282 399.71 2.05627747e+02 5.14130068e+00 
283 400.51 2.12089798e+02 4.92714834e+00 
284 401.32 2.18624390e+02 4.86778355e+00 
285 402.12 2.21921646e+02 4.55764771e+00 
286 402.93 2.21403534e+02 4.50855923e+00 
287 403.74 2.20583252e+02 4.41452551e+00 
288 404.54 2.20426086e+02 4.41549492e+00 
289 405.35 2.19844269e+02 4.35334969e+00 
290 406.15 2.19562027e+02 4.28914499e+00 
291 406.96 2.22681946e+02 4.39234972e+00 
292 407.76 2.30949341e+02 4.24494362e+00 
293 408.57 2.38327606e+02 4.24421406e+00 
294 409.37 2.36073212e+02 4.24962282e+00 
295 410.18 2.33615158e+02 4.43879128e+00 
296 410.99 2.42614365e+02 4.36422205e+00 
297 411.79 2.51730240e+02 4.38799667e+00 
298 412.60 2.52736572e+02 4.57870531e+00 
299 413.40 2.51684586e+02 4.57779551e+00 
300 414.21 2.51145004e+02 4.59803963e+00 
301 415.01 2.50557831e+02 4.60272169e+00 
302 415.82 2.50845001e+02 4.67286062e+00 
303 416.62 2.48177338e+02 4.60420513e+00 
304 417.43 2.42037125e+02 4.53716230e+00 
305 418.23 2.38237091e+02 4.33154345e+00 
306 419.04 2.36517761e+02 4.11821556e+00 
307 419.84 2.36811050e+02 4.05378580e+00 
308 420.65 2.39772736e+02 3.83820939e+00 
309 421.45 2.39388077e+02 3.60557675e+00 
310 422.26 2.33725510e+02 3.39998507e+00 
311 423.06 2.31325653e+02 3.14791870e+00 
312 423.87 2.33872086e+02 2.78932858e+00 
313 424.67 2.36013458e+02 2.52903008e+00 
314 425.48 2.36984894e+02 2.11542845e+00 
315 426.28 2.37673813e+02 1.97714007e+00 
316 427.09 2.38557098e+02 1.70245266e+00 
317 427.89 2.40017471e+02 1.53981161e+00 
318 428.70 2.36800613e+02 1.33843172e+00 
319 429.50 2.26380600e+02 1.38525271e+00 
320 430.31 2.24229187e+02 1.32624686e+00 
321 431.11 2.46233719e+02 1.12509489e+00 
322 431.92 2.78072998e+02 1.02839208e+00 
323 432.72 2.96753815e+02 9.91993308e-01 
324 433.53 3.04753601e+02 9.99330401e-01 
325 434.33 3.16603027e+02 1.03292358e+00 
326 435.14 3.37620880e+02 1.04045320e+00 
327 435.94 3.58209991e+02 1.03195572e+00 
328 436.74 3.67065338e+02 1.05331886e+00 
329 437.55 3.64763428e+02 1.15376329e+00 
330 438.35 3.65491669e+02 1.15370023e+00 
331 439.16 3.77820068e+02 1.18618608e+00 
332 439.96 3.95838104e+02 1.27436149e+00 
333 440.77 4.15059845e+02 1.24520385e+00 
334 441.57 4.35418915e+02 1.31761396e+00 
335 442.38 4.50897278e+02 1.26339984e+00 
336 443.18 4.60625885e+02 1.32489705e+00 
337 443.98 4.68237335e+02 1.50717115e+00 
338 444.79 4.70807129e+02 1.48418581e+00 
339 445.59 4.72354858e+02 1.59530258e+00 
340 446.40 4.83228821e+02 1.49823916e+00 
341 447.20 5.01172607e+02 1.49060929e+00 
342 448.01 5.14550537e+02 1.46755767e+00 
343 448.81 5.24447754e+02 1.49657381e+00 
344 449.61 5.38127930e+02 1.37903297e+00 
345 450.42 5.51566528e+02 1.45155239e+00 
346 451.22 5.53421387e+02 1.55177867e+00 
347 452.03 5.43154175e+02 1.38813472e+00 
348 452.83 5.34887878e+02 1.37199318e+00 
349 453.63 5.37530090e+02 1.27423370e+00 
350 454.44 5.46270935e+02 1.23653877e+00 
351 455.24 5.55992004e+02 1.33824909e+00 
352 456.05 5.66343567e+02 1.30774486e+00 
353 456.85 5.73183472e+02 1.17910612e+00 
354 457.65 5.73336975e+02 1.19574690e+00 
355 458.46 5.71463745e+02 1.31027901e+00 
356 459.26 5.73713074e+02 1.07426429e+00 
357 460.06 5.81217102e+02 1.16773355e+00 
358 460.87 5.90693237e+02 1.15545487e+00 
359 461.67 5.98588135e+02 1.01351404e+00 
360 462.48 6.01605530e+02 9.95777845e-01 
361 463.28 5.98809875e+02 1.05208969e+00 
362 464.08 5.94053223e+02 1.08641684e+00 
363 464.89 5.91843933e+02 1.11376584e+00 
364 465.69 5.91446655e+02 1.09794652e+00 
365 466.49 5.90925781e+02 1.08004951e+00 
366 467.30 5.93495117e+02 1.09334791e+00 
367 468.10 5.98836914e+02 1.06210852e+00 
368 468.90 6.01062805e+02 9.79901791e-01 
369 469.71 5.99021545e+02 1.03155982e+00 
370 470.51 6.01570496e+02 1.01131451e+00 
371 471.31 6.12169250e+02 1.08789313e+00 
372 472.12 6.21755798e+02 1.20256853e+00 
373 472.92 6.26334961e+02 1.11102080e+00 
374 473.72 6.30785095e+02 1.18084335e+00 
375 474.53 6.35212280e+02 1.06750739e+00 
376 475.33 6.36019470e+02 1.11268222e+00 
377 476.13 6.37316406e+02 9.89147723e-01 
378 476.93 6.44179932e+02 1.18567884e+00 
379 477.74 6.51818970e+02 1.26125395e+00 
380 478.54 6.56721375e+02 1.24364197e+00 
381 479.34 6.59659058e+02 1.31427526e+00 
382 480.15 6.62262207e+02 1.46067095e+00 
383 480.95 6.65112793e+02 1.63456249e+00 
384 481.75 6.65732117e+02 1.82640827e+00 
385 482.55 6.62962280e+02 1.86647463e+00 
386 483.36 6.56605042e+02 1.76562333e+00 
387 484.16 6.42984985e+02 1.89295399e+00 
388 484.96 6.16677429e+02 1.81054974e+00 
389 485.76 5.91477295e+02 1.44733870e+00 
390 486.57 5.88648743e+02 1.55602157e+00 
391 487.37 6.06238831e+02 1.60413992e+00 
392 488.17 6.26786255e+02 1.72432160e+00 
393 488.97 6.42582458e+02 1.86390340e+00 
394 489.78 6.52277466e+02 2.19916439e+00 
395 490.58 6.51999817e+02 2.01197362e+00 
396 491.38 6.44434937e+02 1.95147061e+00 
397 492.18 6.41550964e+02 2.04355478e+00 
398 492.99 6.46990906e+02 2.02685404e+00 
399 493.79 6.56199219e+02 2.21970701e+00 
400 494.59 6.62064087e+02 2.25610375e+00 
401 495.39 6.64196045e+02 2.17815256e+00 
402 496.20 6.64141235e+02 2.06295323e+00 
403 497.00 6.60429077e+02 2.14916062e+00 
404 497.80 6.54410461e+02 1.88172352e+00 
405 498.60 6.49354736e+02 1.94980264e+00 
406 499.40 6.44183105e+02 1.97788227e+00 
407 500.21 6.37151733e+02 1.93991768e+00 
408 501.01 6.31009155e+02 2.00807858e+00 
409 501.81 6.32340820e+02 1.98019183e+00 
410 502.61 6.37496582e+02 2.23391104e+00 
411 503.41 6.41343933e+02 2.38442016e+00 
412 504.21 6.46446106e+02 2.55576563e+00 
413 505.02 6.54138062e+02 2.71088338e+00 
414 505.82 6.58901855e+02 2.64479971e+00 
415 506.62 6.55620056e+02 2.69469595e+00 
416 507.42 6.49813599e+02 2.56910634e+00 
417 508.22 6.48595398e+02 2.54861164e+00 
418 509.02 6.50076904e+02 2.56877995e+00 
419 509.83 6.51244568e+02 2.43274260e+00 
420 510.63 6.52000122e+02 2.25283670e+00 
421 511.43 6.50698669e+02 2.27678394e+00 
422 512.23 6.44907715e+02 2.19981194e+00 
423 513.03 6.36427856e+02 2.06117249e+00 
424 513.83 6.30386780e+02 2.02933717e+00 
425 514.63 6.26592834e+02 1.95507252e+00 
426 515.44 6.14939880e+02 1.90487742e+00 
427 516.24 5.95198120e+02 1.73403883e+00 
428 517.04 5.80056030e+02 1.86456931e+00 
429 517.84 5.79627136e+02 2.01925397e+00 
430 518.64 5.93286072e+02 2.08142853e+00 
431 519.44 6.09671326e+02 2.15331817e+00 
432 520.24 6.22924011e+02 2.29517508e+00 
433 521.04 6.29672302e+02 2.35094190e+00 
434 521.84 6.31060913e+02 2.29568076e+00 
435 522.64 6.33649841e+02 2.20515442e+00 
436 523.45 6.40038269e+02 2.21706605e+00 
437 524.25 6.45645508e+02 2.23460150e+00 
438 525.05 6.41128174e+02 2.39892197e+00 
439 525.85 6.25886902e+02 2.25048733e+00 
440 526.65 6.16476685e+02 2.03795147e+00 
441 527.45 6.22940918e+02 2.19664979e+00 
442 528.25 6.39170349e+02 2.30519652e+00 
443 529.05 6.52648193e+02 2.37767172e+00 
444 529.85 6.59960510e+02 2.41372514e+00 
445 530.65 6.61499695e+02 2.48791242e+00 
446 531.45 6.55446655e+02 2.41725659e+00 
447 532.25 6.46376282e+02 2.43384767e+00 
448 533.05 6.42598083e+02 2.53666782e+00 
449 533.85 6.46327820e+02 2.69905305e+00 
450 534.65 6.54087646e+02 2.69641232e+00 
451 535.45 6.57261475e+02 2.69943261e+00 
452 536.25 6.54325073e+02 2.53572583e+00 
453 537.05 6.51629883e+02 2.38390493e+00 
454 537.85 6.49816284e+02 2.31175280e+00 
455 538.65 6.45851807e+02 2.30979276e+00 
456 539.45 6.38941101e+02 2.28776264e+00 
457 540.25 6.34846375e+02 2.29243326e+00 
458 541.05 6.37048523e+02 2.48420954e+00 
459 541.85 6.42402832e+02 2.48185277e+00 
460 542.65 6.47346619e+02 2.42022443e+00 
461 543.45 6.51682861e+02 2.30974126e+00 
462 544.25 6.55054626e+02 2.47228885e+00 
463 545.05 6.56604004e+02 2.50529385e+00 
464 545.85 6.55573242e+02 2.59751725e+00 
465 546.65 6.52341431e+02 2.71558475e+00 
466 547.45 6.49784729e+02 2.79694152e+00 
467 548.25 6.49401428e+02 2.66104436e+00 
468 549.05 6.50900940e+02 2.59942126e+00 
469 549.85 6.50195557e+02 2.45202637e+00 
470 550.65 6.48586609e+02 2.33266759e+00 
471 551.45 6.47871948e+02 2.23357153e+00 
472 552.25 6.46495605e+02 2.15431976e+00 
473 553.05 6.47438171e+02 2.09868121e+00 
474 553.84 6.50281006e+02 2.20245361e+00 
475 554.64 6.51254944e+02 2.19292855e+00 
476 555.44 6.48549194e+02 2.22151494e+00 
477 556.24 6.43239380e+02 2.22454572e+00 
478 557.04 6.35893066e+02 2.19381785e+00 
479 557.84 6.28509399e+02 2.20548105e+00 
480 558.64 6.23980896e+02 2.04291177e+00 
481 559.44 6.23957581e+02 2.00161719e+00 
482 560.24 6.27226440e+02 1.95656788e+00 
483 561.03 6.32503784e+02 2.07481074e+00 
484 561.83 6.37603027e+02 1.98423517e+00 
485 562.63 6.39530396e+02 1.96631134e+00 
486 563.43 6.41117981e+02 2.09889793e+00 
487 564.23 6.40958313e+02 2.02012277e+00 
488 565.03 6.38516174e+02 1.89642692e+00 
489 565.83 6.37096008e+02 1.91353369e+00 
490 566.63 6.40064270e+02 1.88281178e+00 
491 567.42 6.45795959e+02 1.84714580e+00 
492 568.22 6.47501587e+02 2.06424212e+00 
493 569.02 6.46958374e+02 2.27553225e+00 
494 569.82 6.45656921e+02 2.44851160e+00 
495 570.62 6.44863953e+02 2.37119651e+00 
496 571.41 6.51317932e+02 2.49469566e+00 
497 572.21 6.61215393e+02 2.30532932e+00 
498 573.01 6.68538025e+02 2.53333974e+00 
499 573.81 6.68329590e+02 2.69698548e+00 
500 574.61 6.63242798e+02 2.69305372e+00 
501 575.40 6.58580444e+02 2.81185532e+00 
502 576.20 6.55817261e+02 2.99912882e+00 
503 577.00 6.52713379e+02 3.07081032e+00 
504 577.80 6.48066467e+02 3.44514632e+00 
505 578.60 6.44651001e+02 3.45448732e+00 
506 579.39 6.44619568e+02 3.55738306e+00 
507 580.19 6.45959167e+02 3.44041371e+00 
508 580.99 6.47343445e+02 3.20007277e+00 
509 581.79 6.48745483e+02 3.06954050e+00 
510 582.58 6.49545471e+02 2.98199987e+00 
511 583.38 6.48302063e+02 2.87188601e+00 
512 584.18 6.43741760e+02 2.95085955e+00 
513 584.98 6.37219727e+02 2.62403297e+00 
514 585.77 6.33087585e+02 2.83906579e+00 
515 586.57 6.31598694e+02 3.13875675e+00 
516 587.37 6.26019043e+02 3.72299600e+00 
517 588.16 6.11579224e+02 4.26557255e+00 
518 588.96 5.99141418e+02 4.52369356e+00 
519 589.76 5.99563354e+02 4.74367857e+00 
520 590.56 6.09171326e+02 4.87342024e+00 
521 591.35 6.18199219e+02 4.77047253e+00 
522 592.15 6.21429382e+02 4.58327627e+00 
523 592.95 6.21720825e+02 4.54404974e+00 
524 593.74 6.20984619e+02 4.28157949e+00 
525 594.54 6.19952515e+02 4.30416822e+00 
526 595.34 6.20629517e+02 4.10271978e+00 
527 596.13 6.21705994e+02 3.63105106e+00 
528 596.93 6.21507141e+02 3.31477189e+00 
529 597.73 6.19527039e+02 2.98323083e+00 
530 598.52 6.17735474e+02 2.56579089e+00 
531 599.32 6.16223633e+02 2.32394075e+00 
532 600.12 6.13921082e+02 2.24339652e+00 
533 600.91 6.10515320e+02 2.23857903e+00 
534 601.71 6.09564270e+02 2.20468593e+00 
535 602.50 6.12479126e+02 2.26539755e+00 
536 603.30 6.17273682e+02 2.34523320e+00 
537 604.10 6.20363831e+02 2.35099220e+00 
538 604.89 6.19908936e+02 2.28292322e+00 
539 605.69 6.18441467e+02 2.09627223e+00 
540 606.48 6.16478210e+02 2.08580065e+00 
541 607.28 6.13462402e+02 2.04394794e+00 
542 608.08 6.09519104e+02 2.01363373e+00 
543 608.87 6.05579590e+02 2.05312085e+00 
544 609.67 6.02510437e+02 2.14316750e+00 
545 610.46 6.01242249e+02 2.09110451e+00 
546 611.26 5.99509521e+02 2.11106324e+00 
547 612.05 5.96610413e+02 2.08938670e+00 
548 612.85 5.92592285e+02 2.07420874e+00 
549 613.65 5.89482361e+02 1.93454444e+00 
550 614.44 5.87485840e+02 1.88452637e+00 
551 615.24 5.83318542e+02 2.02804995e+00 
552 616.03 5.79299744e+02 1.86679173e+00 
553 616.83 5.79707336e+02 1.91772604e+00 
554 617.62 5.84588196e+02 1.94712865e+00 
555 618.42 5.89402466e+02 2.02955747e+00 
556 619.21 5.92355957e+02 2.06879544e+00 
557 620.01 5.93635254e+02 2.04444551e+00 
558 620.80 5.92364197e+02 2.03058338e+00 
559 621.60 5.88523193e+02 1.93718970e+00 
560 622.39 5.84255432e+02 1.93737161e+00 
561 623.19 5.80518066e+02 2.01809883e+00 
562 623.98 5.76229797e+02 1.92470574e+00 
563 624.78 5.73182190e+02 1.79886580e+00 
564 625.57 5.72299927e+02 2.12709641e+00 
565 626.37 5.72757629e+02 3.51693010e+00 
566 627.16 5.70016541e+02 5.80254412e+00 
567 627.95 5.66122620e+02 7.52964830e+00 
568 628.75 5.63394958e+02 7.62708807e+00 
569 629.54 5.61782593e+02 6.53022528e+00 
570 630.34 5.60069397e+02 5.44995022e+00 
571 631.13 5.58999390e+02 4.39669561e+00 
572 631.93 5.59127441e+02 3.91160274e+00 
573 632.72 5.59295837e+02 3.31842041e+00 
574 633.51 5.58724548e+02 2.86703253e+00 
575 634.31 5.57778625e+02 2.48364687e+00 
576 635.10 5.56220459e+02 2.35739517e+00 
577 635.90 5.54968689e+02 2.40700293e+00 
578 636.69 5.55266602e+02 2.56211996e+00 
579 637.48 5.55888489e+02 2.30246615e+00 
580 638.28 5.54018005e+02 2.01636147e+00 
581 639.07 5.49490784e+02 1.91908979e+00 
582 639.87 5.44025513e+02 1.98242700e+00 
583 640.66 5.39819824e+02 1.98132765e+00 
584 641.45 5.38170532e+02 2.01338625e+00 
585 642.25 5.38187012e+02 1.99490786e+00 
586 643.04 5.37389832e+02 2.03848147e+00 
587 643.83 5.35990845e+02 2.13145351e+00 
588 644.63 5.33277161e+02 2.38622046e+00 
589 645.42 5.30367493e+02 2.60118032e+00 
590 646.21 5.28023254e+02 2.95243526e+00 
591 647.01 5.26776245e+02 3.30153823e+00 
592 647.80 5.24839722e+02 3.49297214e+00 
593 648.59 5.19768188e+02 3.44011140e+00 
594 649.38 5.15410156e+02 3.04452896e+00 
595 650.18 5.17203796e+02 2.83123279e+00 
596 650.97 5.20674438e+02 2.75496960e+00 
597 651.76 5.21224304e+02 2.62827468e+00 
598 652.56 5.20736511e+02 2.30938315e+00 
599 653.35 5.18858948e+02 2.23407984e+00 
600 654.14 5.11632416e+02 2.18397951e+00 
601 654.93 4.92683655e+02 2.11078715e+00 
602 655.73 4.69153259e+02 1.88329315e+00 
603 656.52 4.63879059e+02 1.91542709e+00 
604 657.31 4.81196259e+02 1.79015756e+00 
605 658.10 4.99550323e+02 1.52934992e+00 
606 658.90 5.07726440e+02 1.28666317e+00 
607 659.69 5.10852997e+02 1.38539982e+00 
608 660.48 5.13932373e+02 1.30065751e+00 
609 661.27 5.16245300e+02 1.29345012e+00 
610 662.06 5.16237183e+02 1.25064158e+00 
611 662.86 5.13851135e+02 1.15899825e+00 
612 663.65 5.12351929e+02 1.24162245e+00 
613 664.44 5.12983582e+02 1.25099432e+00 
614 665.23 5.13671509e+02 1.29828143e+00 
615 666.02 5.12710693e+02 1.55674481e+00 
616 666.81 5.11510803e+02 1.41940367e+00 
617 667.61 5.11617126e+02 1.45883334e+00 
618 668.40 5.12265137e+02 1.46782899e+00 
619 669.19 5.11733917e+02 1.44955313e+00 
620 669.98 5.09648285e+02 1.49899852e+00 
621 670.77 5.06463776e+02 1.51829386e+00 
622 671.56 5.03788208e+02 1.54987431e+00 
623 672.35 5.03513458e+02 1.53419471e+00 
624 673.15 5.03864624e+02 1.50278234e+00 
625 673.94 5.02526672e+02 1.58174014e+00 
626 674.73 5.00369537e+02 1.57258117e+00 
627 675.52 4.99154053e+02 1.64793015e+00 
628 676.31 4.98453613e+02 1.59634340e+00 
629 677.10 4.96764557e+02 1.64393365e+00 
630 677.89 4.94994995e+02 1.58819401e+00 
631 678.68 4.93421631e+02 1.51041007e+00 
632 679.47 4.91513977e+02 1.47940528e+00 
633 680.26 4.89522766e+02 1.42200565e+00 
634 681.05 4.87835083e+02 1.45216632e+00 
635 681.84 4.86406677e+02 1.47322202e+00 
636 682.63 4.83737885e+02 1.64721441e+00 
637 683.42 4.79118774e+02 1.87118459e+00 
638 684.21 4.74625092e+02 1.96670127e+00 
639 685.00 4.69084442e+02 2.81990099e+00 
640 685.79 4.49598663e+02 7.36574459e+00 
641 686.58 4.15053070e+02 1.62753944e+01 
642 687.37 3.94634399e+02 2.21354446e+01 
643 688.16 4.00166321e+02 2.13526936e+01 
644 688.95 4.08402039e+02 1.92302990e+01 
645 689.74 4.14320526e+02 1.72468491e+01 
646 690.53 4.22313660e+02 1.42040825e+01 
647 691.32 4.30427704e+02 1.09609747e+01 
648 692.11 4.36601166e+02 8.43359184e+00 
649 692.90 4.40522400e+02 7.08002567e+00 
650 693.69 4.42119843e+02 6.62376976e+00 
651 694.48 4.41763763e+02 6.07485867e+00 
652 695.27 4.41849518e+02 5.30378437e+00 
653 696.06 4.42672241e+02 4.23200846e+00 
654 696.85 4.42054565e+02 3.11753654e+00 
655 697.64 4.39286438e+02 2.75469327e+00 
656 698.43 4.37096436e+02 3.20625329e+00 
657 699.22 4.35078735e+02 3.72786403e+00 
658 700.01 4.31669708e+02 3.83281159e+00 
659 700.79 4.27961273e+02 3.91019058e+00 
660 701.58 4.25343903e+02 3.90409279e+00 
661 702.37 4.24887268e+02 3.70228958e+00 
662 703.16 4.26368622e+02 3.26571393e+00 
663 703.95 4.28212738e+02 2.81578040e+00 
664 704.74 4.28597534e+02 2.68795657e+00 
665 705.53 4.27090607e+02 2.62101197e+00 
666 706.32 4.25575470e+02 2.39949989e+00 
667 707.10 4.25369385e+02 2.21585941e+00 
668 707.89 4.24119904e+02 2.16287231e+00 
669 708.68 4.21541138e+02 1.97645128e+00 
670 709.47 4.21170624e+02 1.82052064e+00 
671 710.26 4.21372009e+02 1.83865345e+00 
672 711.04 4.19266418e+02 1.86155164e+00 
673 711.83 4.16443665e+02 1.70302641e+00 
674 712.62 4.14867523e+02 1.72979581e+00 
675 713.41 4.14260468e+02 1.73299444e+00 
676 714.20 4.12500214e+02 1.81611896e+00 
677 714.98 4.09169220e+02 2.13681364e+00 
678 715.77 4.04542114e+02 3.28390312e+00 
679 716.56 3.96727814e+02 5.77874279e+00 
680 717.35 3.86595642e+02 8.46697807e+00 
681 718.13 3.75926819e+02 9.99658585e+00 
682 718.92 3.69187622e+02 1.05988855e+01 
683 719.71 3.68852295e+02 1.04623613e+01 
684 720.50 3.74233612e+02 8.70966434e+00 
685 721.28 3.82131561e+02 6.36889791e+00 
686 722.07 3.84626465e+02 5.36655474e+00 
687 722.86 3.80410492e+02 6.56006193e+00 
688 723.64 3.75101044e+02 8.10008717e+00 
689 724.43 3.72754608e+02 8.66930485e+00 
690 725.22 3.72338379e+02 8.45325375e+00 
691 726.00 3.72424255e+02 8.07048035e+00 
692 726.79 3.71563202e+02 7.96367884e+00 
693 727.58 3.69430084e+02 7.76165104e+00 
694 728.36 3.66145386e+02 7.30540705e+00 
695 729.15 3.65288666e+02 7.09264565e+00 
696 729.94 3.67421143e+02 6.94315624e+00 
697 730.72 3.68865204e+02 6.65541267e+00 
698 731.51 3.70497406e+02 5.84482622e+00 
699 732.30 3.71889099e+02 4.54535294e+00 
700 733.08 3.73597260e+02 3.52024913e+00 
701 733.87 3.75167755e+02 3.05183744e+00 
702 734.65 3.73952301e+02 2.91646409e+00 
703 735.44 3.70882294e+02 2.95000172e+00 
704 736.22 3.69013153e+02 2.96523166e+00 
705 737.01 3.68788116e+02 2.80578518e+00 
706 737.80 3.66940979e+02 2.52321553e+00 
707 738.58 3.63123505e+02 2.35590219e+00 
708 739.37 3.61481659e+02 2.20004249e+00 
709 740.15 3.60330353e+02 1.98742974e+00 
710 740.94 3.57712250e+02 1.69967544e+00 
711 741.72 3.57142731e+02 1.59464431e+00 
712 742.51 3.59021332e+02 1.46822906e+00 
713 743.29 3.60020264e+02 1.37706232e+00 
714 744.08 3.57954529e+02 1.24332118e+00 
715 744.86 3.57294586e+02 1.13462067e+00 
716 745.65 3.57719513e+02 1.20219493e+00 
717 746.43 3.57231537e+02 1.16238642e+00 
718 747.22 3.55610779e+02 9.96849239e-01 
719 748.00 3.53374542e+02 9.64219391e-01 
720 748.79 3.51058929e+02 9.58627582e-01 
721 749.57 3.49428284e+02 1.19317603e+00 
722 750.36 3.47735565e+02 1.28617513e+00 
723 751.14 3.46013702e+02 1.26176941e+00 
724 751.93 3.45007446e+02 1.09862530e+00 
725 752.71 3.45036957e+02 1.15662396e+00 
726 753.49 3.45705719e+02 1.07927036e+00 
727 754.28 3.44647003e+02 1.14855766e+00 
728 755.06 3.41747437e+02 1.20013094e+00 
729 755.85 3.39242065e+02 1.17026424e+00 
730 756.63 3.37920227e+02 1.24857211e+00 
731 757.41 3.35278503e+02 1.69685066e+00 
732 758.20 3.20586945e+02 4.00624132e+00 
733 758.98 2.70275024e+02 1.23433390e+01 
734 759.77 1.93323059e+02 2.40075436e+01 
735 760.55 1.50263977e+02 3.14109821e+01 
736 761.33 1.64883163e+02 3.25952682e+01 
737 762.12 1.84826508e+02 3.27646942e+01 
738 762.90 1.86156570e+02 3.39370537e+01 
739 763.68 1.93898224e+02 3.32162704e+01 
740 764.47 2.15394226e+02 2.96120396e+01 
741 765.25 2.40154297e+02 2.39328327e+01 
742 766.03 2.62671143e+02 1.75441990e+01 
743 766.81 2.83300873e+02 1.22779112e+01 
744 767.60 2.99455383e+02 8.31297874e+00 
745 768.38 3.08924866e+02 5.77251196e+00 
746 769.16 3.12984314e+02 4.15872908e+00 
747 769.95 3.14851563e+02 3.20123124e+00 
748 770.73 3.14687225e+02 2.41307425e+00 
749 771.51 3.14081573e+02 1.91636693e+00 
750 772.29 3.15000214e+02 1.49691510e+00 
751 773.08 3.16316895e+02 1.30688119e+00 
752 773.86 3.14987518e+02 1.16789842e+00 
753 774.64 3.12461212e+02 1.08713496e+00 
754 775.42 3.11849335e+02 9.56313908e-01 
755 776.20 3.12057312e+02 8.32329631e-01 
756 776.99 3.10996399e+02 8.14447045e-01 
757 777.77 3.09340363e+02 7.71345615e-01 
758 778.55 3.07829926e+02 9.16468978e-01 
759 779.33 3.06005432e+02 9.28122938e-01 
760 780.11 3.04918091e+02 1.02953589e+00 
761 780.89 3.05807922e+02 9.89507020e-01 
762 781.68 3.07152191e+02 1.07636726e+00 
763 782.46 3.05080048e+02 1.15613830e+00 
764 783.24 3.02135712e+02 1.13807368e+00 
765 784.02 3.01160217e+02 1.21382403e+00 
766 784.80 3.01049530e+02 1.23243105e+00 
767 785.58 3.01211090e+02 1.32697463e+00 
768 786.36 3.00489288e+02 1.33010685e+00 
769 787.14 2.98382690e+02 1.55922186e+00 
770 787.92 2.95728546e+02 1.73029387e+00 
771 788.71 2.93926880e+02 1.90448356e+00 
772 789.49 2.93274261e+02 2.11562443e+00 
773 790.27 2.91868652e+02 1.98311853e+00 
774 791.05 2.88842590e+02 1.83678114e+00 
775 791.83 2.85082703e+02 1.74047494e+00 
776 792.61 2.82141296e+02 1.45766878e+00 
777 793.39 2.80858734e+02 1.28006291e+00 
778 794.17 2.80861176e+02 1.32959569e+00 
779 794.95 2.81074005e+02 1.55193222e+00 
780 795.73 2.80412537e+02 1.87535417e+00 
781 796.51 2.80315735e+02 1.97768104e+00 
782 797.29 2.81069275e+02 1.79686189e+00 
783 798.07 2.80646149e+02 1.68776965e+00 
784 798.85 2.78597748e+02 1.62656903e+00 
785 799.63 2.75736755e+02 1.72350371e+00 
786 800.41 2.72592926e+02 1.86365509e+00 
787 801.19 2.71515015e+02 1.90052903e+00 
788 801.97 2.71632660e+02 1.87087488e+00 
789 802.75 2.71476013e+02 1.76170301e+00 
790 803.53 2.69865875e+02 1.64225996e+00 
791 804.30 2.66555603e+02 1.47604120e+00 
792 805.08 2.63535553e+02 1.35388684e+00 
793 805.86 2.63386841e+02 1.21684444e+00 
794 806.64 2.65304382e+02 1.21364105e+00 
795 807.42 2.65243073e+02 1.33081889e+00 
796 808.20 2.61033905e+02 1.47190237e+00 
797 808.98 2.56140900e+02 1.61803544e+00 
798 809.76 2.54294327e+02 1.74807048e+00 
799 810.54 2.55551163e+02 2.00709915e+00 
800 811.31 2.56720734e+02 2.26648045e+00 
801 812.09 2.55236130e+02 2.83328199e+00 
802 812.87 2.50630997e+02 3.50171041e+00 
803 813.65 2.44176041e+02 4.33151579e+00 
804 814.43 2.39032196e+02 5.08252907e+00 
805 815.20 2.36493011e+02 5.76055956e+00 
806 815.98 2.35512146e+02 6.19608498e+00 
807 816.76 2.34106461e+02 6.27550650e+00 
808 817.54 2.31207794e+02 5.95441246e+00 
809 818.32 2.28014084e+02 5.50776911e+00 
810 819.09 2.26085098e+02 4.86744499e+00 
811 819.87 2.27189148e+02 4.22244787e+00 
812 820.65 2.30235657e+02 3.77556539e+00 
813 821.43 2.29897018e+02 4.05494833e+00 
814 822.20 2.24749603e+02 4.90053940e+00 
815 822.98 2.20773499e+02 5.25812578e+00 
816 823.76 2.20855637e+02 4.77069330e+00 
817 824.53 2.24554840e+02 3.80969071e+00 
818 825.31 2.28940048e+02 3.25908899e+00 
819 826.09 2.30086365e+02 3.21168160e+00 
820 826.87 2.27532349e+02 3.49017787e+00 
821 827.64 2.22973495e+02 3.80704713e+00 
822 828.42 2.19340469e+02 3.91658783e+00 
823 829.20 2.18845963e+02 3.87471747e+00 
824 829.97 2.21057617e+02 3.61387610e+00 
825 830.75 2.21944412e+02 3.37691069e+00 
826 831.52 2.20471466e+02 3.16578484e+00 
827 832.30 2.16613098e+02 3.00199294e+00 
828 833.08 2.13705627e+02 2.72783613e+00 
829 833.85 2.14127777e+02 2.49744058e+00 
830 834.63 2.17878677e+02 2.28916812e+00 
831 835.40 2.21387497e+02 2.11721134e+00 
832 836.18 2.21912048e+02 1.92260063e+00 
833 836.96 2.18999802e+02 1.72820210e+00 
834 837.73 2.15427719e+02 1.52042806e+00 
835 838.51 2.14042374e+02 1.38425326e+00 
836 839.28 2.15123154e+02 1.16470194e+00 
837 840.06 2.17016571e+02 1.05252337e+00 
838 840.83 2.16940384e+02 9.25231218e-01 
839 841.61 2.13674271e+02 8.60352397e-01 
840 842.38 2.09100113e+02 7.94842005e-01 
841 843.16 2.06056717e+02 7.39746511e-01 
842 843.93 2.06295059e+02 7.62690544e-01 
843 844.71 2.08360962e+02 8.24750662e-01 
844 845.48 2.10333527e+02 7.91054368e-01 
845 846.26 2.09729187e+02 7.76211262e-01 
846 847.03 2.05759933e+02 8.01054835e-01 
847 847.81 2.00174133e+02 7.83659518e-01 
848 848.58 1.96962997e+02 8.15943480e-01 
849 849.36 1.96329865e+02 8.52893829e-01 
850 850.13 1.97378250e+02 8.91207933e-01 
851 850.90 1.97483124e+02 8.50503623e-01 
852 851.68 1.94519760e+02 8.36009860e-01 
853 852.45 1.88618866e+02 8.37229967e-01 
854 853.23 1.82513367e+02 7.71372676e-01 
855 854.00 1.79703568e+02 7.61940181e-01 
856 854.77 1.81614105e+02 7.44548321e-01 
857 855.55 1.86896057e+02 6.99174166e-01 
858 856.32 1.91437469e+02 6.10615134e-01 
859 857.09 1.92489502e+02 5.87571204e-01 
860 857.87 1.90216583e+02 5.60344458e-01 
861 858.64 1.87042816e+02 5.69953322e-01 
862 859.41 1.85965103e+02 6.15340352e-01 
863 860.19 1.87556259e+02 6.31933093e-01 
864 860.96 1.89131180e+02 5.81783414e-01 
865 861.73 1.88678436e+02 5.19228399e-01 
866 862.51 1.86475922e+02 4.47949588e-01 
867 863.28 1.81710205e+02 4.78036195e-01 
868 864.05 1.76945816e+02 4.70675766e-01 
869 864.82 1.73751877e+02 5.27107775e-01 
870 865.60 1.72592926e+02 5.89919984e-01 
871 866.37 1.72736084e+02 5.54086506e-01 
872 867.14 1.73162842e+02 5.46499670e-01 
873 867.91 1.72664856e+02 4.77036238e-01 
874 868.68 1.71519028e+02 4.76474732e-01 
875 869.46 1.70888733e+02 5.40396392e-01 
876 870.23 1.71893768e+02 5.38506091e-01 
877 871.00 1.73461075e+02 5.47282398e-01 
878 871.77 1.74589783e+02 5.59479594e-01 
879 872.54 1.74065842e+02 5.31457484e-01 
880 873.31 1.71205414e+02 4.62444216e-01 
881 874.09 1.67139572e+02 4.83138084e-01 
882 874.86 1.64074219e+02 4.42237109e-01 
883 875.63 1.63653351e+02 4.42497879e-01 
884 876.40 1.64708374e+02 4.42265451e-01 
885 877.17 1.66138229e+02 4.45760965e-01 
886 877.94 1.66360001e+02 3.73693943e-01 
887 878.71 1.64077942e+02 4.18909878e-01 
888 879.48 1.60442139e+02 4.39830720e-01 
889 880.25 1.57729507e+02 4.28005576e-01 
890 881.03 1.57067230e+02 5.11236489e-01 
891 881.80 1.58184372e+02 5.48499286e-01 
892 882.57 1.60193710e+02 5.11998832e-01 
893 883.34 1.60952377e+02 5.45917392e-01 
894 884.11 1.59587189e+02 5.28767467e-01 
895 884.88 1.56889206e+02 5.28888047e-01 
896 885.65 1.53835541e+02 5.92130184e-01 
897 886.42 1.52062027e+02 6.13731205e-01 
898 887.19 1.52055984e+02 6.04598641e-01 
899 887.96 1.53553986e+02 6.83379471e-01 
900 888.73 1.55310883e+02 7.12516665e-01 
901 889.50 1.55295364e+02 7.30054140e-01 
902 890.27 1.53127563e+02 8.28149617e-01 
903 891.03 1.49987167e+02 9.46042657e-01 
904 891.80 1.46801437e+02 1.09118974e+00 
905 892.57 1.45193222e+02 1.41745055e+00 
906 893.34 1.45013199e+02 1.74167776e+00 
907 894.11 1.45134949e+02 2.12463880e+00 
908 894.88 1.44154877e+02 2.57763386e+00 
909 895.65 1.41316269e+02 2.90918636e+00 
910 896.42 1.37083527e+02 3.30371261e+00 
911 897.19 1.33188126e+02 3.57014751e+00 
912 897.96 1.30825684e+02 3.74925566e+00 
913 898.72 1.30012650e+02 3.93830943e+00 
914 899.49 1.29919144e+02 3.99388647e+00 
915 900.26 1.29973312e+02 3.90648532e+00 
916 901.03 1.29204025e+02 3.72477913e+00 
917 901.80 1.27908035e+02 3.48784566e+00 
918 902.56 1.26879860e+02 3.14782166e+00 
919 903.33 1.26473824e+02 2.89882874e+00 
920 904.10 1.26841866e+02 2.83332705e+00 
921 904.87 1.27688370e+02 2.86631465e+00 
922 905.64 1.28024368e+02 2.93409991e+00 
923 906.40 1.27105850e+02 3.10064626e+00 
924 907.17 1.24849907e+02 3.28946733e+00 
925 907.94 1.21768257e+02 3.46940374e+00 
926 908.71 1.18935699e+02 3.57152009e+00 
927 909.47 1.17330750e+02 3.60239697e+00 
928 910.24 1.16971947e+02 3.67411017e+00 
929 911.01 1.17569008e+02 3.78030181e+00 
930 911.77 1.18147583e+02 3.86400700e+00 
931 912.54 1.17909073e+02 3.87243485e+00 
932 913.31 1.16828156e+02 3.86389279e+00 
933 914.07 1.14982986e+02 3.90942264e+00 
934 914.84 1.13141724e+02 3.90201807e+00 
935 915.61 1.11990608e+02 3.82319570e+00 
936 916.37 1.11698235e+02 3.71045995e+00 
937 917.14 1.12116631e+02 3.54270816e+00 
938 917.90 1.12583504e+02 3.36289740e+00 
939 918.67 1.12463959e+02 3.12354279e+00 
940 919.44 1.11579063e+02 2.88602519e+00 
941 920.20 1.09985184e+02 2.65507007e+00 
942 920.97 1.08151634e+02 2.49692988e+00 
943 921.73 1.06637878e+02 2.40768099e+00 
944 922.50 1.05562286e+02 2.38826036e+00 
945 923.26 1.05020760e+02 2.37402678e+00 
946 924.03 1.04555099e+02 2.45512700e+00 
947 924.79 1.03673042e+02 2.57461190e+00 
948 925.56 1.02192719e+02 2.74863839e+00 
949 926.32 9.99518890e+01 2.90293670e+00 
950 927.09 9.71527557e+01 3.18104625e+00 
951 927.85 9.42112350e+01 3.47770357e+00 
952 928.62 9.12627640e+01 3.89344883e+00 
953 929.38 8.84915619e+01 4.31991529e+00 
954 930.15 8.53999939e+01 4.74059772e+00 
955 930.91 8.19552002e+01 5.17207336e+00 
956 931.68 7.81498642e+01 5.46802473e+00 
957 932.44 7.41824188e+01 5.70936728e+00 
958 933.21 7.03898544e+01 5.86347294e+00 
959 933.97 6.72848892e+01 5.95334721e+00 
960 934.73 6.51224899e+01 5.91451168e+00 
961 935.50 6.37995033e+01 5.83752871e+00 
962 936.26 6.30421410e+01 5.69236231e+00 
963 937.02 6.25271950e+01 5.47828054e+00 
964 937.79 6.19025345e+01 5.23194361e+00 
965 938.55 6.10846863e+01 4.90699577e+00 
966 939.31 6.00536919e+01 4.60206318e+00 
967 940.08 5.89882927e+01 4.35839510e+00 
968 940.84 5.80834427e+01 4.14230347e+00 
969 941.60 5.73217506e+01 4.04189968e+00 
970 942.37 5.66077003e+01 3.99698067e+00 
971 943.13 5.58902283e+01 3.99561667e+00 
972 943.89 5.50900269e+01 3.98725867e+00 
973 944.65 5.43675613e+01 4.00364351e+00 
974 945.42 5.37718163e+01 3.98892164e+00 
975 946.18 5.34643898e+01 3.98258853e+00 
976 946.94 5.35490685e+01 3.94785500e+00 
977 947.70 5.40375786e+01 3.92085028e+00 
978 948.47 5.47012253e+01 3.91888475e+00 
979 949.23 5.54014549e+01 3.93475032e+00 
980 949.99 5.58731155e+01 3.89896035e+00 
981 950.75 5.61254311e+01 3.82879734e+00 
982 951.51 5.60541153e+01 3.76858830e+00 
983 952.28 5.59834900e+01 3.69640112e+00 
984 953.04 5.61434669e+01 3.64890122e+00 
985 953.80 5.65980415e+01 3.59506226e+00 
986 954.56 5.71983528e+01 3.58464956e+00 
987 955.32 5.78059387e+01 3.57577991e+00 
988 956.08 5.83855858e+01 3.53515148e+00 
989 956.84 5.87367210e+01 3.50296736e+00 
990 957.60 5.88582993e+01 3.42892361e+00 
991 958.36 5.88466721e+01 3.37074947e+00 
992 959.12 5.90253601e+01 3.29187584e+00 
993 959.89 5.94476280e+01 3.21618128e+00 
994 960.65 6.00070229e+01 3.15143466e+00 
995 961.41 6.06875420e+01 3.06318808e+00 
996 962.17 6.11348839e+01 2.95447206e+00 
997 962.93 6.13902359e+01 2.83161926e+00 
998 963.69 6.13159370e+01 2.70742750e+00 
999 964.45 6.12130165e+01 2.52186298e+00 
1000 965.21 6.12129326e+01 2.34414029e+00 
1001 965.97 6.15084381e+01 2.26540828e+00 
1002 966.73 6.20688133e+01 2.12704396e+00 
1003 967.48 6.26649895e+01 2.01032639e+00 
1004 968.24 6.28985977e+01 1.88224876e+00 
1005 969.00 6.26773071e+01 1.75547290e+00 
1006 969.76 6.22992744e+01 1.65360665e+00 
1007 970.52 6.18815117e+01 1.54799914e+00 
1008 971.28 6.16750336e+01 1.46152246e+00 
1009 972.04 6.16873093e+01 1.46799397e+00 
1010 972.80 6.15737495e+01 1.47926438e+00 
1011 973.56 6.12228889e+01 1.46046901e+00 
1012 974.32 6.06239395e+01 1.43132222e+00 
1013 975.07 5.98906860e+01 1.41854465e+00 
1014 975.83 5.92362442e+01 1.40653288e+00 
1015 976.59 5.89645958e+01 1.34865212e+00 
1016 977.35 5.89471893e+01 1.30880225e+00 
1017 978.11 5.88810692e+01 1.25501847e+00 
1018 978.86 5.86559029e+01 1.18092799e+00 
1019 979.62 5.81883087e+01 1.09945953e+00 
1020 980.38 5.77434883e+01 1.01375902e+00 
1021 981.14 5.75194817e+01 9.90019262e-01 
1022 981.89 5.75765839e+01 8.97862136e-01 
1023 982.65 5.74922981e+01 8.16864491e-01 
1024 983.41 5.70745926e+01 7.58516788e-01 
1025 984.17 5.63978081e+01 7.05729365e-01 
1026 984.92 5.58789177e+01 6.86247468e-01 
1027 985.68 5.57500191e+01 6.08775854e-01 
1028 986.44 5.55577049e+01 5.75842917e-01 
1029 987.19 5.50215340e+01 5.45747876e-01 
1030 987.95 5.41082458e+01 5.38673341e-01 
1031 988.71 5.34456520e+01 4.78143066e-01 
1032 989.46 5.31749077e+01 4.76121306e-01 
1033 990.22 5.27165604e+01 4.24021482e-01 
1034 990.98 5.18033562e+01 4.19097900e-01 
1035 991.73 5.09250679e+01 3.85147244e-01 
1036 992.49 5.03184929e+01 3.91204774e-01 
1037 993.24 4.95359001e+01 3.70572865e-01 
1038 994.00 4.84287949e+01 3.53373498e-01 
1039 994.76 4.74486542e+01 3.29675734e-01 
1040 995.51 2.90518737e+00 2.89686266e-02 
1041 996.27 2.02863172e-01 1.59302875e-02 
1042 997.02 1.39679685e-01 1.61772221e-02 
1043 997.78 1.44308493e-01 1.53282508e-02 
