% C0 (TOA Count Rate, /ms) for 4STAR VIS spectrometer (1044 channels) derived from /nobackupp10/nexprojects/sunsat/rooftop/Spring_2022/data_processed/starsuns/4STARB_20220429starsun.mat and recorded on 2022-05-02 11:49:27.
% C0 built to match AOD from 4STARB to AERONET spline fit for NASA_Ames within 200 m [Alt] and 360 seconds, measured on 20220429.
Pix Wavelength C0 C0err
0 171.70 0.00000000e+00 0.00000000e+00 
1 172.51 -1.00000000e+00 0.00000000e+00 
2 173.33 -1.00000000e+00 0.00000000e+00 
3 174.14 -1.00000000e+00 0.00000000e+00 
4 174.95 -1.00000000e+00 0.00000000e+00 
5 175.76 -1.00000000e+00 0.00000000e+00 
6 176.58 -1.00000000e+00 0.00000000e+00 
7 177.39 -1.00000000e+00 0.00000000e+00 
8 178.20 -1.00000000e+00 0.00000000e+00 
9 179.01 -1.00000000e+00 0.00000000e+00 
10 179.83 -1.00000000e+00 0.00000000e+00 
11 180.64 -1.00000000e+00 0.00000000e+00 
12 181.45 -1.00000000e+00 0.00000000e+00 
13 182.26 -1.00000000e+00 0.00000000e+00 
14 183.08 -1.00000000e+00 0.00000000e+00 
15 183.89 -1.00000000e+00 0.00000000e+00 
16 184.70 -1.00000000e+00 0.00000000e+00 
17 185.51 -1.00000000e+00 0.00000000e+00 
18 186.33 -1.00000000e+00 0.00000000e+00 
19 187.14 -1.00000000e+00 0.00000000e+00 
20 187.95 -1.00000000e+00 0.00000000e+00 
21 188.76 -1.00000000e+00 0.00000000e+00 
22 189.57 -1.00000000e+00 0.00000000e+00 
23 190.39 -1.00000000e+00 0.00000000e+00 
24 191.20 -1.00000000e+00 0.00000000e+00 
25 192.01 -1.00000000e+00 0.00000000e+00 
26 192.82 -1.00000000e+00 0.00000000e+00 
27 193.64 -1.00000000e+00 0.00000000e+00 
28 194.45 -1.00000000e+00 0.00000000e+00 
29 195.26 -1.00000000e+00 0.00000000e+00 
30 196.07 -1.00000000e+00 0.00000000e+00 
31 196.89 -1.00000000e+00 0.00000000e+00 
32 197.70 -1.00000000e+00 0.00000000e+00 
33 198.51 -1.00000000e+00 0.00000000e+00 
34 199.32 -1.00000000e+00 0.00000000e+00 
35 200.14 -1.00000000e+00 0.00000000e+00 
36 200.95 -1.00000000e+00 0.00000000e+00 
37 201.76 -1.00000000e+00 0.00000000e+00 
38 202.57 -1.00000000e+00 0.00000000e+00 
39 203.39 -1.00000000e+00 0.00000000e+00 
40 204.20 -1.00000000e+00 0.00000000e+00 
41 205.01 -1.00000000e+00 0.00000000e+00 
42 205.82 -1.00000000e+00 0.00000000e+00 
43 206.64 -1.00000000e+00 0.00000000e+00 
44 207.45 -1.00000000e+00 0.00000000e+00 
45 208.26 -1.00000000e+00 0.00000000e+00 
46 209.07 -1.00000000e+00 0.00000000e+00 
47 209.88 -1.00000000e+00 0.00000000e+00 
48 210.70 -1.00000000e+00 0.00000000e+00 
49 211.51 -1.00000000e+00 0.00000000e+00 
50 212.32 -1.00000000e+00 0.00000000e+00 
51 213.13 -1.00000000e+00 0.00000000e+00 
52 213.95 -1.00000000e+00 0.00000000e+00 
53 214.76 -1.00000000e+00 0.00000000e+00 
54 215.57 -1.00000000e+00 0.00000000e+00 
55 216.38 -1.00000000e+00 0.00000000e+00 
56 217.19 -1.00000000e+00 0.00000000e+00 
57 218.01 -1.00000000e+00 0.00000000e+00 
58 218.82 -1.00000000e+00 0.00000000e+00 
59 219.63 -1.00000000e+00 0.00000000e+00 
60 220.44 -1.00000000e+00 0.00000000e+00 
61 221.26 -1.00000000e+00 0.00000000e+00 
62 222.07 -1.00000000e+00 0.00000000e+00 
63 222.88 -1.00000000e+00 0.00000000e+00 
64 223.69 -1.00000000e+00 0.00000000e+00 
65 224.50 -1.00000000e+00 0.00000000e+00 
66 225.32 -1.00000000e+00 0.00000000e+00 
67 226.13 -1.00000000e+00 0.00000000e+00 
68 226.94 -1.00000000e+00 0.00000000e+00 
69 227.75 -1.00000000e+00 0.00000000e+00 
70 228.56 -1.00000000e+00 0.00000000e+00 
71 229.38 -1.00000000e+00 0.00000000e+00 
72 230.19 -1.00000000e+00 0.00000000e+00 
73 231.00 -1.00000000e+00 0.00000000e+00 
74 231.81 -1.00000000e+00 0.00000000e+00 
75 232.63 -1.00000000e+00 0.00000000e+00 
76 233.44 -1.00000000e+00 0.00000000e+00 
77 234.25 -1.00000000e+00 0.00000000e+00 
78 235.06 -1.00000000e+00 0.00000000e+00 
79 235.87 -1.00000000e+00 0.00000000e+00 
80 236.69 -1.00000000e+00 0.00000000e+00 
81 237.50 -1.00000000e+00 0.00000000e+00 
82 238.31 -1.00000000e+00 0.00000000e+00 
83 239.12 -1.00000000e+00 0.00000000e+00 
84 239.93 -1.00000000e+00 0.00000000e+00 
85 240.74 -1.00000000e+00 0.00000000e+00 
86 241.56 -1.00000000e+00 0.00000000e+00 
87 242.37 -1.00000000e+00 0.00000000e+00 
88 243.18 -1.00000000e+00 0.00000000e+00 
89 243.99 -1.00000000e+00 0.00000000e+00 
90 244.80 -1.00000000e+00 0.00000000e+00 
91 245.62 -1.00000000e+00 0.00000000e+00 
92 246.43 -1.00000000e+00 0.00000000e+00 
93 247.24 -1.00000000e+00 0.00000000e+00 
94 248.05 -1.00000000e+00 0.00000000e+00 
95 248.86 -1.00000000e+00 0.00000000e+00 
96 249.68 -1.00000000e+00 0.00000000e+00 
97 250.49 -1.00000000e+00 0.00000000e+00 
98 251.30 -1.00000000e+00 0.00000000e+00 
99 252.11 -1.00000000e+00 0.00000000e+00 
100 252.92 -1.00000000e+00 0.00000000e+00 
101 253.73 -1.00000000e+00 0.00000000e+00 
102 254.55 -1.00000000e+00 0.00000000e+00 
103 255.36 -1.00000000e+00 0.00000000e+00 
104 256.17 -1.00000000e+00 0.00000000e+00 
105 256.98 -1.00000000e+00 0.00000000e+00 
106 257.79 -1.00000000e+00 0.00000000e+00 
107 258.60 -1.00000000e+00 0.00000000e+00 
108 259.42 -1.00000000e+00 0.00000000e+00 
109 260.23 -1.00000000e+00 0.00000000e+00 
110 261.04 -1.00000000e+00 0.00000000e+00 
111 261.85 -1.00000000e+00 0.00000000e+00 
112 262.66 -1.00000000e+00 0.00000000e+00 
113 263.47 -1.00000000e+00 0.00000000e+00 
114 264.29 -1.00000000e+00 -1.00000000e+00 
115 265.10 -1.00000000e+00 -1.00000000e+00 
116 265.91 -1.00000000e+00 -1.00000000e+00 
117 266.72 -1.00000000e+00 -1.00000000e+00 
118 267.53 -1.00000000e+00 -1.00000000e+00 
119 268.34 -1.00000000e+00 -1.00000000e+00 
120 269.15 -1.00000000e+00 -1.00000000e+00 
121 269.97 -1.00000000e+00 -1.00000000e+00 
122 270.78 -1.00000000e+00 -1.00000000e+00 
123 271.59 -1.00000000e+00 -1.00000000e+00 
124 272.40 -1.00000000e+00 -1.00000000e+00 
125 273.21 -1.00000000e+00 -1.00000000e+00 
126 274.02 -1.00000000e+00 -1.00000000e+00 
127 274.83 -1.00000000e+00 -1.00000000e+00 
128 275.65 7.24396780e+36 -1.00000000e+00 
129 276.46 7.07806132e+34 -1.00000000e+00 
130 277.27 7.33733793e+32 -1.00000000e+00 
131 278.08 7.95015006e+30 -1.00000000e+00 
132 278.89 9.23834572e+28 -1.00000000e+00 
133 279.70 1.19456481e+27 -1.00000000e+00 
134 280.51 1.65887281e+25 -1.00000000e+00 
135 281.33 2.63475152e+23 -1.00000000e+00 
136 282.14 5.60261248e+21 -1.00000000e+00 
137 282.95 1.64216917e+20 -1.00000000e+00 
138 283.76 5.74359146e+18 -1.00000000e+00 
139 284.57 2.17032755e+17 7.31384002e+17 
140 285.38 9.93897523e+15 3.22234066e+16 
141 286.19 5.89256695e+14 1.85348173e+15 
142 287.00 4.07266751e+13 1.24160659e+14 
143 287.81 3.10323262e+12 9.19539705e+12 
144 288.63 2.78765928e+11 8.05917229e+11 
145 289.44 3.18289121e+10 8.99068723e+10 
146 290.25 4.42751386e+09 1.22798408e+10 
147 291.06 6.82265472e+08 1.86088858e+09 
148 291.87 1.17260648e+08 3.14784864e+08 
149 292.68 2.32913360e+07 6.18071840e+07 
150 293.49 5.39659550e+06 1.41114700e+07 
151 294.30 1.41273838e+06 3.64230450e+06 
152 295.11 4.12479281e+05 1.04800631e+06 
153 295.93 1.31327469e+05 3.28447562e+05 
154 296.74 4.64105352e+04 1.13925781e+05 
155 297.55 1.84804297e+04 4.43988711e+04 
156 298.36 8.19603418e+03 1.92012324e+04 
157 299.17 3.98726831e+03 9.09895508e+03 
158 299.98 2.09111694e+03 4.62122363e+03 
159 300.79 1.16633899e+03 2.48131104e+03 
160 301.60 7.00166443e+02 1.42281982e+03 
161 302.41 4.50245087e+02 8.63389954e+02 
162 303.22 3.09270691e+02 5.50963013e+02 
163 304.03 2.24074112e+02 3.65615784e+02 
164 304.84 1.69008362e+02 2.47931091e+02 
165 305.66 1.33474976e+02 1.74524963e+02 
166 306.47 1.10891182e+02 1.26451881e+02 
167 307.28 9.63267975e+01 9.18469238e+01 
168 308.09 8.63630524e+01 6.86435471e+01 
169 308.90 7.75875549e+01 5.27388458e+01 
170 309.71 7.15458832e+01 3.98557854e+01 
171 310.52 7.15627518e+01 2.80993862e+01 
172 311.33 7.21649704e+01 1.84642467e+01 
173 312.14 6.91407089e+01 1.17933006e+01 
174 312.95 6.73898315e+01 6.95842075e+00 
175 313.76 6.74520645e+01 3.58881187e+00 
176 314.57 6.69055557e+01 1.92195177e+00 
177 315.38 6.54317398e+01 2.62346268e+00 
178 316.19 6.60363617e+01 4.46854925e+00 
179 317.00 7.09373932e+01 7.94024324e+00 
180 317.81 7.34340363e+01 1.04133730e+01 
181 318.62 7.27176208e+01 1.15625439e+01 
182 319.43 7.57509232e+01 1.36941700e+01 
183 320.25 8.02217484e+01 1.64309883e+01 
184 321.06 8.08515015e+01 1.76348915e+01 
185 321.87 7.94998779e+01 1.76504269e+01 
186 322.68 7.79798203e+01 1.75090466e+01 
187 323.49 7.91607361e+01 1.88375511e+01 
188 324.30 8.60438766e+01 2.20909977e+01 
189 325.11 9.55023193e+01 2.61919556e+01 
190 325.92 1.06164261e+02 3.10682831e+01 
191 326.73 1.13676964e+02 3.46156425e+01 
192 327.54 1.15009468e+02 3.53230782e+01 
193 328.35 1.15133842e+02 3.55934296e+01 
194 329.16 1.21337189e+02 3.86436577e+01 
195 329.97 1.28863907e+02 4.19146080e+01 
196 330.78 1.27811371e+02 4.15730476e+01 
197 331.59 1.24708199e+02 4.06081924e+01 
198 332.40 1.24469971e+02 4.06614952e+01 
199 333.21 1.24360321e+02 4.08863525e+01 
200 334.02 1.25624893e+02 4.15683327e+01 
201 334.83 1.28502228e+02 4.29339981e+01 
202 335.64 1.26546349e+02 4.23671570e+01 
203 336.45 1.20038788e+02 3.97972984e+01 
204 337.26 1.18980019e+02 3.94590988e+01 
205 338.07 1.25314888e+02 4.22032700e+01 
206 338.88 1.32858521e+02 4.54536018e+01 
207 339.69 1.39955215e+02 4.84611473e+01 
208 340.50 1.43533997e+02 5.00435371e+01 
209 341.31 1.41699921e+02 4.93980942e+01 
210 342.12 1.43055862e+02 5.01120300e+01 
211 342.93 1.45921875e+02 5.13435669e+01 
212 343.74 1.39526260e+02 4.88206406e+01 
213 344.55 1.31987244e+02 4.58397598e+01 
214 345.36 1.36388611e+02 4.77871819e+01 
215 346.17 1.42041901e+02 5.01745491e+01 
216 346.98 1.43376526e+02 5.08091431e+01 
217 347.79 1.42712433e+02 5.06684456e+01 
218 348.59 1.42143661e+02 5.05038757e+01 
219 349.40 1.44580978e+02 5.15794792e+01 
220 350.21 1.53573135e+02 5.53296432e+01 
221 351.02 1.59871796e+02 5.79390221e+01 
222 351.83 1.56886246e+02 5.68001213e+01 
223 352.64 1.54235092e+02 5.58101082e+01 
224 353.45 1.61929016e+02 5.89999428e+01 
225 354.26 1.73236008e+02 6.36997757e+01 
226 355.07 1.76411224e+02 6.50342636e+01 
227 355.88 1.69443634e+02 6.22835541e+01 
228 356.69 1.55669983e+02 5.67406311e+01 
229 357.50 1.42041107e+02 5.12304497e+01 
230 358.31 1.34664261e+02 4.83031349e+01 
231 359.12 1.44245865e+02 5.22666283e+01 
232 359.93 1.64318283e+02 6.04661255e+01 
233 360.74 1.66205154e+02 6.13117828e+01 
234 361.55 1.60317612e+02 5.89670715e+01 
235 362.35 1.65438873e+02 6.11215973e+01 
236 363.16 1.73496658e+02 6.44883041e+01 
237 363.97 1.77539612e+02 6.61819153e+01 
238 364.78 1.83544098e+02 6.86968689e+01 
239 365.59 1.97595856e+02 7.44828186e+01 
240 366.40 2.11181122e+02 8.00734329e+01 
241 367.21 2.12462036e+02 8.06424789e+01 
242 368.02 2.07864044e+02 7.88153305e+01 
243 368.83 2.08411636e+02 7.90938644e+01 
244 369.64 2.16583145e+02 8.24689026e+01 
245 370.44 2.18454147e+02 8.32574081e+01 
246 371.25 2.15788422e+02 8.22508850e+01 
247 372.06 2.11016602e+02 8.03339691e+01 
248 372.87 1.99834442e+02 7.58285904e+01 
249 373.68 1.88791931e+02 7.13619156e+01 
250 374.49 1.86912231e+02 7.06365280e+01 
251 375.30 1.98923843e+02 7.55752029e+01 
252 376.11 2.16659790e+02 8.28449478e+01 
253 376.92 2.35217392e+02 9.04229507e+01 
254 377.72 2.58514282e+02 9.99586563e+01 
255 378.53 2.67105316e+02 1.03471542e+02 
256 379.34 2.54720764e+02 9.84603882e+01 
257 380.15 2.49634384e+02 9.64355240e+01 
258 380.96 2.51452225e+02 9.72089386e+01 
259 381.77 2.32306503e+02 8.94625778e+01 
260 382.58 2.00001190e+02 7.63474884e+01 
261 383.38 1.83588120e+02 6.96927643e+01 
262 384.19 1.98327606e+02 7.57478104e+01 
263 385.00 2.24781097e+02 8.65559311e+01 
264 385.81 2.37129211e+02 9.16268616e+01 
265 386.62 2.40504013e+02 9.30523148e+01 
266 387.43 2.43329453e+02 9.42187805e+01 
267 388.23 2.47422958e+02 9.59243774e+01 
268 389.04 2.62949860e+02 1.02264915e+02 
269 389.85 2.88283600e+02 1.12617432e+02 
270 390.66 3.09854309e+02 1.21423279e+02 
271 391.47 3.15158691e+02 1.23630547e+02 
272 392.28 2.85207520e+02 1.11463409e+02 
273 393.08 2.33268250e+02 9.03193893e+01 
274 393.89 2.20939453e+02 8.53531799e+01 
275 394.70 2.64189362e+02 1.02980774e+02 
276 395.51 2.97495483e+02 1.16593529e+02 
277 396.32 2.79073334e+02 1.09102089e+02 
278 397.12 2.64123901e+02 1.03036652e+02 
279 397.93 3.11705200e+02 1.22448456e+02 
280 398.74 3.84250916e+02 1.52011551e+02 
281 399.55 4.31147247e+02 1.71141907e+02 
282 400.36 4.54159515e+02 1.80559860e+02 
283 401.16 4.70247559e+02 1.87122482e+02 
284 401.97 4.82491547e+02 1.92156494e+02 
285 402.78 4.85592987e+02 1.93437164e+02 
286 403.59 4.82219452e+02 1.92090149e+02 
287 404.39 4.79254333e+02 1.90905121e+02 
288 405.20 4.75905701e+02 1.89563965e+02 
289 406.01 4.72623688e+02 1.88238495e+02 
290 406.82 4.72520020e+02 1.88245972e+02 
291 407.63 4.82428223e+02 1.92294861e+02 
292 408.43 4.99330841e+02 1.99203537e+02 
293 409.24 5.05431580e+02 2.01699631e+02 
294 410.05 4.98496582e+02 1.98913528e+02 
295 410.86 5.04996704e+02 2.01576843e+02 
296 411.66 5.27173645e+02 2.10630966e+02 
297 412.47 5.41483643e+02 2.16490417e+02 
298 413.28 5.44731506e+02 2.17820984e+02 
299 414.08 5.46907715e+02 2.18732880e+02 
300 414.89 5.50341797e+02 2.20157471e+02 
301 415.70 5.56434326e+02 2.22663666e+02 
302 416.51 5.60621033e+02 2.24372513e+02 
303 417.31 5.57134094e+02 2.22978973e+02 
304 418.12 5.52403931e+02 2.21063766e+02 
305 418.93 5.53052063e+02 2.21348572e+02 
306 419.74 5.58548218e+02 2.23609634e+02 
307 420.54 5.70140930e+02 2.28357529e+02 
308 421.35 5.80541687e+02 2.32608078e+02 
309 422.16 5.77590332e+02 2.31424057e+02 
310 422.96 5.70463623e+02 2.28530457e+02 
311 423.77 5.72183472e+02 2.29255188e+02 
312 424.58 5.78153320e+02 2.31698807e+02 
313 425.38 5.80611389e+02 2.32723007e+02 
314 426.19 5.79202881e+02 2.32154205e+02 
315 427.00 5.74658691e+02 2.30323273e+02 
316 427.80 5.69592163e+02 2.28294220e+02 
317 428.61 5.58075806e+02 2.23607635e+02 
318 429.42 5.29809814e+02 2.12128723e+02 
319 430.23 5.00122559e+02 2.00028137e+02 
320 431.03 5.08479279e+02 2.03469269e+02 
321 431.84 5.54300659e+02 2.22135284e+02 
322 432.65 5.96917725e+02 2.39507812e+02 
323 433.45 6.12120361e+02 2.45718048e+02 
324 434.26 6.16934387e+02 2.47693481e+02 
325 435.06 6.33498169e+02 2.54432709e+02 
326 435.87 6.58806458e+02 2.64779846e+02 
327 436.68 6.72862183e+02 2.70516266e+02 
328 437.48 6.64816284e+02 2.67239441e+02 
329 438.29 6.49404907e+02 2.60972137e+02 
330 439.10 6.47726440e+02 2.60302124e+02 
331 439.90 6.61161987e+02 2.65796082e+02 
332 440.71 6.82513794e+02 2.74508881e+02 
333 441.52 7.06332092e+02 2.84225098e+02 
334 442.32 7.26200745e+02 2.92335846e+02 
335 443.13 7.38394653e+02 2.97310150e+02 
336 443.93 7.44973877e+02 3.00001068e+02 
337 444.74 7.44849976e+02 2.99945648e+02 
338 445.55 7.40416504e+02 2.98169220e+02 
339 446.35 7.43952393e+02 2.99617249e+02 
340 447.16 7.59782043e+02 3.06078796e+02 
341 447.96 7.78236938e+02 3.13596405e+02 
342 448.77 7.91673706e+02 3.19097412e+02 
343 449.58 8.05963501e+02 3.24926971e+02 
344 450.38 8.22147827e+02 3.31521942e+02 
345 451.19 8.29252197e+02 3.34439240e+02 
346 451.99 8.19195251e+02 3.30346527e+02 
347 452.80 8.02112976e+02 3.23402405e+02 
348 453.60 7.95042725e+02 3.20543304e+02 
349 454.41 7.98665039e+02 3.22026123e+02 
350 455.22 8.08583496e+02 3.26068451e+02 
351 456.02 8.21357788e+02 3.31302734e+02 
352 456.83 8.30911377e+02 3.35197632e+02 
353 457.63 8.33804932e+02 3.36374390e+02 
354 458.44 8.30576904e+02 3.35067474e+02 
355 459.24 8.28731812e+02 3.34319550e+02 
356 460.05 8.33907959e+02 3.36446838e+02 
357 460.85 8.44113037e+02 3.40606506e+02 
358 461.66 8.53826721e+02 3.44572540e+02 
359 462.46 8.59123779e+02 3.46744385e+02 
360 463.27 8.56108582e+02 3.45523773e+02 
361 464.08 8.47904053e+02 3.42188599e+02 
362 464.88 8.41794556e+02 3.39716736e+02 
363 465.69 8.37618530e+02 3.38014008e+02 
364 466.49 8.35309326e+02 3.37094666e+02 
365 467.30 8.36181152e+02 3.37450226e+02 
366 468.10 8.40427429e+02 3.39181366e+02 
367 468.91 8.44309814e+02 3.40778290e+02 
368 469.71 8.43368896e+02 3.40393707e+02 
369 470.52 8.43642883e+02 3.40518188e+02 
370 471.32 8.51837402e+02 3.43870209e+02 
371 472.13 8.63262207e+02 3.48514160e+02 
372 472.93 8.71484131e+02 3.51880981e+02 
373 473.73 8.77866943e+02 3.54477844e+02 
374 474.54 8.82768188e+02 3.56479309e+02 
375 475.34 8.85022583e+02 3.57402985e+02 
376 476.15 8.86923462e+02 3.58171600e+02 
377 476.95 8.92261597e+02 3.60354248e+02 
378 477.76 9.00947083e+02 3.63893860e+02 
379 478.56 9.08665710e+02 3.67051636e+02 
380 479.37 9.13764404e+02 3.69144165e+02 
381 480.17 9.17790283e+02 3.70792114e+02 
382 480.98 9.21595581e+02 3.72341034e+02 
383 481.78 9.22629211e+02 3.72781403e+02 
384 482.58 9.20165161e+02 3.71784943e+02 
385 483.39 9.12847656e+02 3.68822662e+02 
386 484.19 8.97127563e+02 3.62427582e+02 
387 485.00 8.67325439e+02 3.50293793e+02 
388 485.80 8.32968872e+02 3.36306458e+02 
389 486.61 8.17575134e+02 3.30050049e+02 
390 487.41 8.27619385e+02 3.34136932e+02 
391 488.21 8.51945068e+02 3.44056488e+02 
392 489.02 8.78036682e+02 3.54679596e+02 
393 489.82 8.96929688e+02 3.62393829e+02 
394 490.63 9.02807068e+02 3.64804535e+02 
395 491.43 8.98387756e+02 3.63000977e+02 
396 492.23 8.93560852e+02 3.61039673e+02 
397 493.04 8.96339539e+02 3.62173676e+02 
398 493.84 9.07087708e+02 3.66562103e+02 
399 494.64 9.18485901e+02 3.71213684e+02 
400 495.45 9.25264343e+02 3.73983887e+02 
401 496.25 9.28420044e+02 3.75271576e+02 
402 497.06 9.26095703e+02 3.74336639e+02 
403 497.86 9.20321289e+02 3.71973511e+02 
404 498.66 9.14752808e+02 3.69714935e+02 
405 499.47 9.08101562e+02 3.67016144e+02 
406 500.27 8.99573364e+02 3.63536407e+02 
407 501.07 8.92430908e+02 3.60630341e+02 
408 501.88 8.91856934e+02 3.60404663e+02 
409 502.68 8.96937744e+02 3.62478333e+02 
410 503.48 9.04144775e+02 3.65413544e+02 
411 504.29 9.13802490e+02 3.69357330e+02 
412 505.09 9.26217346e+02 3.74416534e+02 
413 505.89 9.34897583e+02 3.77952484e+02 
414 506.70 9.36351318e+02 3.78542938e+02 
415 507.50 9.31561218e+02 3.76602478e+02 
416 508.30 9.28376648e+02 3.75302704e+02 
417 509.10 9.28549377e+02 3.75391052e+02 
418 509.91 9.31427856e+02 3.76559906e+02 
419 510.71 9.34605164e+02 3.77865234e+02 
420 511.51 9.34761719e+02 3.77938477e+02 
421 512.32 9.29557922e+02 3.75831238e+02 
422 513.12 9.19827881e+02 3.71866577e+02 
423 513.92 9.10581604e+02 3.68097260e+02 
424 514.72 9.03836792e+02 3.65356506e+02 
425 515.53 8.89801636e+02 3.59641113e+02 
426 516.33 8.65338440e+02 3.49685974e+02 
427 517.13 8.42604065e+02 3.40427460e+02 
428 517.93 8.33590271e+02 3.36757080e+02 
429 518.74 8.43845398e+02 3.40940125e+02 
430 519.54 8.65493225e+02 3.49763641e+02 
431 520.34 8.85833069e+02 3.58056519e+02 
432 521.14 9.00057617e+02 3.63845428e+02 
433 521.95 9.05748108e+02 3.66173828e+02 
434 522.75 9.10057861e+02 3.67931580e+02 
435 523.55 9.17903015e+02 3.71125793e+02 
436 524.35 9.24798584e+02 3.73937164e+02 
437 525.15 9.21881165e+02 3.72748840e+02 
438 525.96 9.06173828e+02 3.66350830e+02 
439 526.76 8.91399780e+02 3.60323883e+02 
440 527.56 8.92360352e+02 3.60730896e+02 
441 528.36 9.07703979e+02 3.66984650e+02 
442 529.16 9.26980225e+02 3.74835388e+02 
443 529.97 9.42094727e+02 3.80993317e+02 
444 530.77 9.47918213e+02 3.83353119e+02 
445 531.57 9.42871643e+02 3.81303345e+02 
446 532.37 9.32230591e+02 3.76976837e+02 
447 533.17 9.25186523e+02 3.74101074e+02 
448 533.97 9.26103821e+02 3.74490601e+02 
449 534.78 9.33826477e+02 3.77632660e+02 
450 535.58 9.39339722e+02 3.79882965e+02 
451 536.38 9.38203125e+02 3.79415314e+02 
452 537.18 9.34474304e+02 3.77907074e+02 
453 537.98 9.30661987e+02 3.76351929e+02 
454 538.78 9.24330811e+02 3.73780609e+02 
455 539.58 9.15226868e+02 3.70070831e+02 
456 540.39 9.08396301e+02 3.67292603e+02 
457 541.19 9.07171326e+02 3.66772064e+02 
458 541.99 9.11100342e+02 3.68373962e+02 
459 542.79 9.17711487e+02 3.71056610e+02 
460 543.59 9.24333862e+02 3.73756256e+02 
461 544.39 9.28151672e+02 3.75313110e+02 
462 545.19 9.30065125e+02 3.76080078e+02 
463 545.99 9.28096924e+02 3.75289062e+02 
464 546.79 9.23101807e+02 3.73263885e+02 
465 547.59 9.18196838e+02 3.71268463e+02 
466 548.39 9.16802063e+02 3.70711426e+02 
467 549.20 9.17398193e+02 3.70971985e+02 
468 550.00 9.18092529e+02 3.71259491e+02 
469 550.80 9.17704529e+02 3.71114197e+02 
470 551.60 9.16392822e+02 3.70582306e+02 
471 552.40 9.15373901e+02 3.70168091e+02 
472 553.20 9.15476990e+02 3.70222412e+02 
473 554.00 9.17545349e+02 3.71061279e+02 
474 554.80 9.17752258e+02 3.71151428e+02 
475 555.60 9.14158081e+02 3.69681274e+02 
476 556.40 9.07976807e+02 3.67165192e+02 
477 557.20 9.00462708e+02 3.64105957e+02 
478 558.00 8.90778748e+02 3.60166595e+02 
479 558.80 8.83705017e+02 3.57279999e+02 
480 559.60 8.82755005e+02 3.56893646e+02 
481 560.40 8.84461609e+02 3.57574799e+02 
482 561.20 8.88925049e+02 3.59396576e+02 
483 562.00 8.95832214e+02 3.62218872e+02 
484 562.80 9.00177246e+02 3.63988312e+02 
485 563.60 9.02494019e+02 3.64929688e+02 
486 564.40 9.03479614e+02 3.65339386e+02 
487 565.20 9.02526001e+02 3.64938446e+02 
488 566.00 9.00988037e+02 3.64311157e+02 
489 566.80 9.01053406e+02 3.64331909e+02 
490 567.60 9.04278625e+02 3.65644348e+02 
491 568.40 9.07131287e+02 3.66810455e+02 
492 569.20 9.06370667e+02 3.66489136e+02 
493 570.00 9.03698303e+02 3.65407532e+02 
494 570.80 9.01710205e+02 3.64581818e+02 
495 571.60 9.07017029e+02 3.66747131e+02 
496 572.39 9.18890625e+02 3.71584106e+02 
497 573.19 9.29983948e+02 3.76085632e+02 
498 573.99 9.34746094e+02 3.78017426e+02 
499 574.79 9.31418701e+02 3.76677338e+02 
500 575.59 9.26179565e+02 3.74539062e+02 
501 576.39 9.23047424e+02 3.73263214e+02 
502 577.19 9.18809998e+02 3.71545532e+02 
503 577.99 9.11928467e+02 3.68747528e+02 
504 578.79 9.05738525e+02 3.66229340e+02 
505 579.59 9.02802246e+02 3.65043365e+02 
506 580.38 9.02489075e+02 3.64932434e+02 
507 581.18 9.03213867e+02 3.65244537e+02 
508 581.98 9.03343994e+02 3.65317535e+02 
509 582.78 9.02738525e+02 3.65074127e+02 
510 583.58 8.99536377e+02 3.63775238e+02 
511 584.38 8.91606567e+02 3.60546143e+02 
512 585.18 8.80862305e+02 3.56184937e+02 
513 585.97 8.71106934e+02 3.52204529e+02 
514 586.77 8.64231934e+02 3.49402405e+02 
515 587.57 8.52481689e+02 3.44620148e+02 
516 588.37 8.32089600e+02 3.36324005e+02 
517 589.17 8.13297974e+02 3.28677856e+02 
518 589.97 8.07680420e+02 3.26388000e+02 
519 590.76 8.14158203e+02 3.29026978e+02 
520 591.56 8.25263733e+02 3.33551941e+02 
521 592.36 8.32827820e+02 3.36627563e+02 
522 593.16 8.35449402e+02 3.37693848e+02 
523 593.96 8.35759216e+02 3.37823639e+02 
524 594.75 8.35916809e+02 3.37880829e+02 
525 595.55 8.38452881e+02 3.38916748e+02 
526 596.35 8.41876526e+02 3.40297119e+02 
527 597.15 8.43938721e+02 3.41144836e+02 
528 597.94 8.44428650e+02 3.41346161e+02 
529 598.74 8.43821838e+02 3.41095032e+02 
530 599.54 8.42709473e+02 3.40648041e+02 
531 600.34 8.41573730e+02 3.40186920e+02 
532 601.13 8.39953125e+02 3.39521790e+02 
533 601.93 8.40699097e+02 3.39834930e+02 
534 602.73 8.46230347e+02 3.42084229e+02 
535 603.53 8.54764771e+02 3.45569855e+02 
536 604.32 8.61911377e+02 3.48495758e+02 
537 605.12 8.65997498e+02 3.50155151e+02 
538 605.92 8.67040771e+02 3.50592010e+02 
539 606.71 8.67318604e+02 3.50697906e+02 
540 607.51 8.66085693e+02 3.50199493e+02 
541 608.31 8.62730652e+02 3.48829529e+02 
542 609.10 8.58814087e+02 3.47205811e+02 
543 609.90 8.56239441e+02 3.46134766e+02 
544 610.70 8.55402405e+02 3.45744263e+02 
545 611.49 8.55126709e+02 3.45608032e+02 
546 612.29 8.52681396e+02 3.44609955e+02 
547 613.09 8.48761597e+02 3.43041229e+02 
548 613.88 8.45789368e+02 3.41864868e+02 
549 614.68 8.43225464e+02 3.40850830e+02 
550 615.48 8.38248901e+02 3.38844666e+02 
551 616.27 8.33419128e+02 3.36891266e+02 
552 617.07 8.33071594e+02 3.36763580e+02 
553 617.87 8.37818176e+02 3.38712555e+02 
554 618.66 8.44062805e+02 3.41255798e+02 
555 619.46 8.48860657e+02 3.43220001e+02 
556 620.25 8.50721375e+02 3.43982697e+02 
557 621.05 8.49260254e+02 3.43374756e+02 
558 621.85 8.44773071e+02 3.41550995e+02 
559 622.64 8.38976501e+02 3.39188843e+02 
560 623.44 8.32951660e+02 3.36736053e+02 
561 624.23 8.26884277e+02 3.34265625e+02 
562 625.03 8.21986450e+02 3.32262726e+02 
563 625.83 8.20516846e+02 3.31658905e+02 
564 626.62 8.20402710e+02 3.31621704e+02 
565 627.42 8.17864014e+02 3.30599274e+02 
566 628.21 8.14341125e+02 3.29166626e+02 
567 629.01 8.10482361e+02 3.27596466e+02 
568 629.80 8.08253479e+02 3.26682770e+02 
569 630.60 8.06824890e+02 3.26097534e+02 
570 631.39 8.05927246e+02 3.25745422e+02 
571 632.19 8.07371826e+02 3.26340668e+02 
572 632.98 8.10015015e+02 3.27414398e+02 
573 633.78 8.11762390e+02 3.28153412e+02 
574 634.57 8.12730835e+02 3.28559998e+02 
575 635.37 8.12010071e+02 3.28266998e+02 
576 636.16 8.11748962e+02 3.28172089e+02 
577 636.96 8.13653015e+02 3.28949615e+02 
578 637.75 8.16420837e+02 3.30080780e+02 
579 638.55 8.15888916e+02 3.29874664e+02 
580 639.34 8.10020874e+02 3.27492462e+02 
581 640.14 8.02372498e+02 3.24384857e+02 
582 640.93 7.95565857e+02 3.21601501e+02 
583 641.73 7.92861267e+02 3.20510803e+02 
584 642.52 7.92854858e+02 3.20511139e+02 
585 643.32 7.93048584e+02 3.20594696e+02 
586 644.11 7.91050903e+02 3.19794067e+02 
587 644.90 7.86752136e+02 3.18046844e+02 
588 645.70 7.80396545e+02 3.15458313e+02 
589 646.49 7.74739014e+02 3.13168213e+02 
590 647.29 7.69867249e+02 3.11189270e+02 
591 648.08 7.64277283e+02 3.08916595e+02 
592 648.88 7.55803650e+02 3.05473999e+02 
593 649.67 7.48934082e+02 3.02668945e+02 
594 650.46 7.48833862e+02 3.02620850e+02 
595 651.26 7.50735168e+02 3.03394135e+02 
596 652.05 7.49818665e+02 3.03027679e+02 
597 652.84 7.46985352e+02 3.01864166e+02 
598 653.64 7.42160156e+02 2.99910370e+02 
599 654.43 7.29607849e+02 2.94795441e+02 
600 655.22 7.01768799e+02 2.83462463e+02 
601 656.02 6.67898865e+02 2.69666138e+02 
602 656.81 6.55022583e+02 2.64421661e+02 
603 657.61 6.71371399e+02 2.71088013e+02 
604 658.40 6.95064514e+02 2.80746735e+02 
605 659.19 7.08404114e+02 2.86170990e+02 
606 659.98 7.12978210e+02 2.88041718e+02 
607 660.78 7.15131042e+02 2.88906006e+02 
608 661.57 7.16631958e+02 2.89521515e+02 
609 662.36 7.15245117e+02 2.88953094e+02 
610 663.16 7.11431885e+02 2.87396149e+02 
611 663.95 7.08162842e+02 2.86066071e+02 
612 664.74 7.07945312e+02 2.85990021e+02 
613 665.53 7.08026123e+02 2.86034210e+02 
614 666.33 7.06767639e+02 2.85522919e+02 
615 667.12 7.04512146e+02 2.84604858e+02 
616 667.91 7.03694275e+02 2.84267578e+02 
617 668.71 7.04837646e+02 2.84739288e+02 
618 669.50 7.04917908e+02 2.84772064e+02 
619 670.29 7.02854126e+02 2.83938141e+02 
620 671.08 7.00281738e+02 2.82889404e+02 
621 671.87 6.98071594e+02 2.81994171e+02 
622 672.67 6.98177673e+02 2.82034210e+02 
623 673.46 6.99571228e+02 2.82610077e+02 
624 674.25 6.99997314e+02 2.82782990e+02 
625 675.04 6.99806885e+02 2.82707916e+02 
626 675.83 7.00013306e+02 2.82781586e+02 
627 676.63 7.00732056e+02 2.83082855e+02 
628 677.42 7.00866333e+02 2.83146545e+02 
629 678.21 7.00905029e+02 2.83165131e+02 
630 679.00 7.00408142e+02 2.82966003e+02 
631 679.79 6.99697998e+02 2.82666443e+02 
632 680.58 6.98816162e+02 2.82312531e+02 
633 681.38 6.98419006e+02 2.82156219e+02 
634 682.17 6.98362305e+02 2.82121704e+02 
635 682.96 6.95971130e+02 2.81155579e+02 
636 683.75 6.90513123e+02 2.78934570e+02 
637 684.54 6.85321594e+02 2.76824921e+02 
638 685.33 6.77488647e+02 2.73634277e+02 
639 686.12 6.48653625e+02 2.61902069e+02 
640 686.91 5.96799988e+02 2.40820724e+02 
641 687.71 5.64143494e+02 2.27566879e+02 
642 688.50 5.70286072e+02 2.30057053e+02 
643 689.29 5.85424500e+02 2.36209045e+02 
644 690.08 5.97480408e+02 2.41111206e+02 
645 690.87 6.11053345e+02 2.46628098e+02 
646 691.66 6.23651306e+02 2.51749359e+02 
647 692.45 6.32633545e+02 2.55404495e+02 
648 693.24 6.36306946e+02 2.56897430e+02 
649 694.03 6.35345276e+02 2.56510162e+02 
650 694.82 6.33909912e+02 2.55914505e+02 
651 695.61 6.35194092e+02 2.56441620e+02 
652 696.40 6.39078979e+02 2.58021851e+02 
653 697.19 6.40124268e+02 2.58459686e+02 
654 697.98 6.35919067e+02 2.56749481e+02 
655 698.77 6.29523010e+02 2.54139206e+02 
656 699.56 6.23440491e+02 2.51661880e+02 
657 700.35 6.16834045e+02 2.48966476e+02 
658 701.14 6.10095581e+02 2.46222336e+02 
659 701.93 6.05569580e+02 2.44372223e+02 
660 702.72 6.04906860e+02 2.44109329e+02 
661 703.51 6.07537476e+02 2.45174973e+02 
662 704.30 6.10354431e+02 2.46322052e+02 
663 705.09 6.10934937e+02 2.46550446e+02 
664 705.88 6.08317627e+02 2.45481033e+02 
665 706.67 6.06169861e+02 2.44582031e+02 
666 707.46 6.04331055e+02 2.43828537e+02 
667 708.25 6.01208557e+02 2.42566818e+02 
668 709.04 5.96798035e+02 2.40761963e+02 
669 709.83 5.94701904e+02 2.39911514e+02 
670 710.61 5.93914673e+02 2.39615616e+02 
671 711.40 5.91180908e+02 2.38498672e+02 
672 712.19 5.87685669e+02 2.37054550e+02 
673 712.98 5.85409973e+02 2.36134674e+02 
674 713.77 5.83806763e+02 2.35495880e+02 
675 714.56 5.80411560e+02 2.34134338e+02 
676 715.35 5.75018005e+02 2.31937363e+02 
677 716.14 5.64464233e+02 2.27646332e+02 
678 716.92 5.42830933e+02 2.18839203e+02 
679 717.71 5.17176514e+02 2.08415802e+02 
680 718.50 4.95916565e+02 1.99775604e+02 
681 719.29 4.85844177e+02 1.95677841e+02 
682 720.08 4.88829102e+02 1.96881973e+02 
683 720.87 5.04902679e+02 2.03423767e+02 
684 721.65 5.27668457e+02 2.12674088e+02 
685 722.44 5.37129944e+02 2.16526672e+02 
686 723.23 5.27555725e+02 2.12639450e+02 
687 724.02 5.14231140e+02 2.07228653e+02 
688 724.81 5.09815002e+02 2.05447861e+02 
689 725.59 5.13080872e+02 2.06770126e+02 
690 726.38 5.17922668e+02 2.08748154e+02 
691 727.17 5.18992065e+02 2.09183609e+02 
692 727.96 5.17974854e+02 2.08772766e+02 
693 728.74 5.17726746e+02 2.08671127e+02 
694 729.53 5.20786987e+02 2.09909515e+02 
695 730.32 5.27286865e+02 2.12555634e+02 
696 731.11 5.32069824e+02 2.14500458e+02 
697 731.89 5.39268616e+02 2.17418945e+02 
698 732.68 5.48578247e+02 2.21208084e+02 
699 733.47 5.57348328e+02 2.24772217e+02 
700 734.25 5.63371826e+02 2.27225296e+02 
701 735.04 5.63413757e+02 2.27249817e+02 
702 735.83 5.60988525e+02 2.26262619e+02 
703 736.62 5.61519165e+02 2.26466934e+02 
704 737.40 5.63764893e+02 2.27379181e+02 
705 738.19 5.61302979e+02 2.26383820e+02 
706 738.98 5.56459290e+02 2.24406784e+02 
707 739.76 5.55990601e+02 2.24217468e+02 
708 740.55 5.56496643e+02 2.24410355e+02 
709 741.33 5.53325500e+02 2.23131531e+02 
710 742.12 5.53029297e+02 2.23004700e+02 
711 742.91 5.57110474e+02 2.24661407e+02 
712 743.69 5.59702454e+02 2.25724991e+02 
713 744.48 5.57945923e+02 2.25012482e+02 
714 745.27 5.56005981e+02 2.24221756e+02 
715 746.05 5.55848206e+02 2.24151215e+02 
716 746.84 5.55165710e+02 2.23882935e+02 
717 747.62 5.54579346e+02 2.23638535e+02 
718 748.41 5.51556335e+02 2.22410812e+02 
719 749.19 5.46296875e+02 2.20265228e+02 
720 749.98 5.41723511e+02 2.18407700e+02 
721 750.77 5.37820923e+02 2.16816086e+02 
722 751.55 5.34163330e+02 2.15330139e+02 
723 752.34 5.31333008e+02 2.14167343e+02 
724 753.12 5.28934937e+02 2.13204803e+02 
725 753.91 5.28751404e+02 2.13126816e+02 
726 754.69 5.27019714e+02 2.12414276e+02 
727 755.48 5.21808105e+02 2.10304199e+02 
728 756.26 5.16705627e+02 2.08220413e+02 
729 757.05 5.12451660e+02 2.06486038e+02 
730 757.83 5.04781128e+02 2.03377655e+02 
731 758.62 4.73159332e+02 1.90512604e+02 
732 759.40 3.75052185e+02 1.50602341e+02 
733 760.19 2.39910187e+02 9.58173523e+01 
734 760.97 1.78778839e+02 7.12302780e+01 
735 761.75 2.10800720e+02 8.42074280e+01 
736 762.54 2.40665771e+02 9.63256989e+01 
737 763.32 2.40583984e+02 9.63455505e+01 
738 764.11 2.55329163e+02 1.02266563e+02 
739 764.89 2.91030884e+02 1.16653160e+02 
740 765.68 3.32508759e+02 1.33398682e+02 
741 766.46 3.72172821e+02 1.49473297e+02 
742 767.24 4.07198486e+02 1.63675339e+02 
743 768.03 4.32015747e+02 1.73761612e+02 
744 768.81 4.45215668e+02 1.79123917e+02 
745 769.60 4.52327576e+02 1.82016251e+02 
746 770.38 4.56735565e+02 1.83807922e+02 
747 771.16 4.57855103e+02 1.84269989e+02 
748 771.95 4.57047150e+02 1.83931320e+02 
749 772.73 4.57360779e+02 1.84056305e+02 
750 773.51 4.57995728e+02 1.84319626e+02 
751 774.30 4.55485016e+02 1.83298218e+02 
752 775.08 4.52508148e+02 1.82093323e+02 
753 775.86 4.52355286e+02 1.82026733e+02 
754 776.65 4.52353455e+02 1.82026169e+02 
755 777.43 4.50136078e+02 1.81129166e+02 
756 778.21 4.48291931e+02 1.80377136e+02 
757 778.99 4.47046448e+02 1.79872437e+02 
758 779.78 4.45220032e+02 1.79129471e+02 
759 780.56 4.43960571e+02 1.78618881e+02 
760 781.34 4.44566528e+02 1.78859802e+02 
761 782.13 4.44974731e+02 1.79021851e+02 
762 782.91 4.42473816e+02 1.78007706e+02 
763 783.69 4.38655396e+02 1.76453629e+02 
764 784.47 4.37250427e+02 1.75887177e+02 
765 785.25 4.38407715e+02 1.76351807e+02 
766 786.04 4.39124146e+02 1.76649872e+02 
767 786.82 4.37339172e+02 1.75924454e+02 
768 787.60 4.33426758e+02 1.74333740e+02 
769 788.38 4.29817902e+02 1.72856339e+02 
770 789.16 4.27576813e+02 1.71949295e+02 
771 789.95 4.26607941e+02 1.71551178e+02 
772 790.73 4.24659851e+02 1.70767822e+02 
773 791.51 4.21312805e+02 1.69393692e+02 
774 792.29 4.17303650e+02 1.67768082e+02 
775 793.07 4.13967133e+02 1.66413528e+02 
776 793.85 4.13036072e+02 1.66028885e+02 
777 794.64 4.13684906e+02 1.66287964e+02 
778 795.42 4.14112030e+02 1.66463486e+02 
779 796.20 4.13570587e+02 1.66245209e+02 
780 796.98 4.13648315e+02 1.66281738e+02 
781 797.76 4.15382568e+02 1.66994293e+02 
782 798.54 4.15473389e+02 1.67024857e+02 
783 799.32 4.12239777e+02 1.65706879e+02 
784 800.10 4.07980499e+02 1.63969742e+02 
785 800.88 4.05538177e+02 1.62982697e+02 
786 801.66 4.05064575e+02 1.62786835e+02 
787 802.44 4.05187103e+02 1.62838226e+02 
788 803.23 4.04351044e+02 1.62498535e+02 
789 804.01 4.01803864e+02 1.61461105e+02 
790 804.79 3.99102844e+02 1.60367889e+02 
791 805.57 3.98509216e+02 1.60127716e+02 
792 806.35 3.99815552e+02 1.60664108e+02 
793 807.13 4.00536896e+02 1.60948349e+02 
794 807.91 3.98105682e+02 1.59953827e+02 
795 808.69 3.93108185e+02 1.57927948e+02 
796 809.47 3.87820099e+02 1.55763077e+02 
797 810.25 3.84951385e+02 1.54587326e+02 
798 811.03 3.84414734e+02 1.54352325e+02 
799 811.80 3.82448303e+02 1.53552643e+02 
800 812.58 3.76085846e+02 1.50980301e+02 
801 813.36 3.65142761e+02 1.46536484e+02 
802 814.14 3.53284424e+02 1.41719955e+02 
803 814.92 3.43303101e+02 1.37661911e+02 
804 815.70 3.36425812e+02 1.34868240e+02 
805 816.48 3.31802124e+02 1.32993484e+02 
806 817.26 3.28087646e+02 1.31477234e+02 
807 818.04 3.25176208e+02 1.30286469e+02 
808 818.82 3.24403687e+02 1.29962387e+02 
809 819.60 3.28333801e+02 1.31556671e+02 
810 820.38 3.35156006e+02 1.34343521e+02 
811 821.15 3.36523956e+02 1.34893341e+02 
812 821.93 3.28817993e+02 1.31759323e+02 
813 822.71 3.18295837e+02 1.27484207e+02 
814 823.49 3.15419159e+02 1.26310532e+02 
815 824.27 3.22498383e+02 1.29196457e+02 
816 825.05 3.33130737e+02 1.33520615e+02 
817 825.82 3.39301147e+02 1.36018921e+02 
818 826.60 3.37902710e+02 1.35452606e+02 
819 827.38 3.31520081e+02 1.32855423e+02 
820 828.16 3.25442108e+02 1.30381607e+02 
821 828.94 3.22798187e+02 1.29315048e+02 
822 829.71 3.24058777e+02 1.29831512e+02 
823 830.49 3.25770020e+02 1.30517563e+02 
824 831.27 3.25198334e+02 1.30287338e+02 
825 832.05 3.22379791e+02 1.29143478e+02 
826 832.82 3.19617676e+02 1.28019638e+02 
827 833.60 3.19693787e+02 1.28052887e+02 
828 834.38 3.23191742e+02 1.29471481e+02 
829 835.16 3.27331573e+02 1.31162552e+02 
830 835.93 3.29375641e+02 1.31985580e+02 
831 836.71 3.28803345e+02 1.31759995e+02 
832 837.49 3.26812469e+02 1.30942245e+02 
833 838.26 3.25952332e+02 1.30595749e+02 
834 839.04 3.27050201e+02 1.31043182e+02 
835 839.82 3.28610779e+02 1.31669403e+02 
836 840.59 3.28695953e+02 1.31709412e+02 
837 841.37 3.26624573e+02 1.30866211e+02 
838 842.15 3.23007019e+02 1.29386932e+02 
839 842.92 3.20127655e+02 1.28215210e+02 
840 843.70 3.19519836e+02 1.27980652e+02 
841 844.48 3.20671112e+02 1.28449188e+02 
842 845.25 3.21681732e+02 1.28857422e+02 
843 846.03 3.20649048e+02 1.28429459e+02 
844 846.80 3.17562134e+02 1.27171791e+02 
845 847.58 3.13271149e+02 1.25423538e+02 
846 848.35 3.08690002e+02 1.23565086e+02 
847 849.13 3.05860077e+02 1.22413963e+02 
848 849.91 3.03723389e+02 1.21538368e+02 
849 850.68 3.02182587e+02 1.20915031e+02 
850 851.46 2.99100525e+02 1.19658257e+02 
851 852.23 2.93599274e+02 1.17412369e+02 
852 853.01 2.87187805e+02 1.14811302e+02 
853 853.78 2.82324341e+02 1.12808510e+02 
854 854.56 2.81079590e+02 1.12321220e+02 
855 855.33 2.83747345e+02 1.13401672e+02 
856 856.11 2.89022186e+02 1.15552094e+02 
857 856.88 2.93355225e+02 1.17325005e+02 
858 857.66 2.95343750e+02 1.18129234e+02 
859 858.43 2.95553772e+02 1.18223579e+02 
860 859.21 2.95926636e+02 1.18369820e+02 
861 859.98 2.96555481e+02 1.18630592e+02 
862 860.76 2.96534302e+02 1.18619392e+02 
863 861.53 2.94997070e+02 1.18001221e+02 
864 862.30 2.92092407e+02 1.16814423e+02 
865 863.08 2.88149689e+02 1.15212845e+02 
866 863.85 2.83754852e+02 1.13420319e+02 
867 864.63 2.79185638e+02 1.11563217e+02 
868 865.40 2.74955597e+02 1.09844055e+02 
869 866.17 2.71094482e+02 1.08270058e+02 
870 866.95 2.68124207e+02 1.07052872e+02 
871 867.72 2.67249420e+02 1.06703682e+02 
872 868.50 2.68572540e+02 1.07243591e+02 
873 869.27 2.71006439e+02 1.08228622e+02 
874 870.04 2.73226318e+02 1.09138100e+02 
875 870.82 2.74307739e+02 1.09578918e+02 
876 871.59 2.73932922e+02 1.09426712e+02 
877 872.36 2.71817413e+02 1.08563942e+02 
878 873.13 2.68621155e+02 1.07260078e+02 
879 873.91 2.65676819e+02 1.06059875e+02 
880 874.68 2.63583862e+02 1.05213448e+02 
881 875.45 2.63054962e+02 1.04984001e+02 
882 876.23 2.63002777e+02 1.04968956e+02 
883 877.00 2.62565308e+02 1.04787216e+02 
884 877.77 2.60820251e+02 1.04079643e+02 
885 878.54 2.58426758e+02 1.03104362e+02 
886 879.32 2.55969070e+02 1.02108322e+02 
887 880.09 2.54245255e+02 1.01402840e+02 
888 880.86 2.53467346e+02 1.01090782e+02 
889 881.63 2.53571121e+02 1.01133598e+02 
890 882.40 2.53627716e+02 1.01161888e+02 
891 883.18 2.52672043e+02 1.00760956e+02 
892 883.95 2.50758621e+02 9.99956512e+01 
893 884.72 2.48559021e+02 9.90937805e+01 
894 885.49 2.46693771e+02 9.83285675e+01 
895 886.26 2.45647568e+02 9.79100037e+01 
896 887.03 2.45375000e+02 9.77912064e+01 
897 887.81 2.45113800e+02 9.76972809e+01 
898 888.58 2.44421448e+02 9.74103699e+01 
899 889.35 2.43162735e+02 9.68954849e+01 
900 890.12 2.41277451e+02 9.61315460e+01 
901 890.89 2.39119690e+02 9.52474442e+01 
902 891.66 2.36896103e+02 9.43441391e+01 
903 892.43 2.34377335e+02 9.33132553e+01 
904 893.20 2.31340637e+02 9.20810165e+01 
905 893.97 2.27269165e+02 9.04332352e+01 
906 894.74 2.22153793e+02 8.83486328e+01 
907 895.51 2.16267807e+02 8.59578323e+01 
908 896.28 2.10004944e+02 8.34176712e+01 
909 897.05 2.04088562e+02 8.10056152e+01 
910 897.83 1.99397537e+02 7.91005478e+01 
911 898.60 1.95594177e+02 7.75582199e+01 
912 899.37 1.93083405e+02 7.65379791e+01 
913 900.14 1.91566223e+02 7.59175110e+01 
914 900.90 1.90897598e+02 7.56449509e+01 
915 901.67 1.91129364e+02 7.57362976e+01 
916 902.44 1.92235474e+02 7.61813126e+01 
917 903.21 1.93912064e+02 7.68628540e+01 
918 903.98 1.95384293e+02 7.74686508e+01 
919 904.75 1.95997726e+02 7.77143555e+01 
920 905.52 1.94994812e+02 7.73090820e+01 
921 906.29 1.92237015e+02 7.61887054e+01 
922 907.06 1.88157471e+02 7.45300827e+01 
923 907.83 1.83901794e+02 7.27858582e+01 
924 908.60 1.80247620e+02 7.13055878e+01 
925 909.37 1.77614044e+02 7.02396698e+01 
926 910.14 1.76109528e+02 6.96300354e+01 
927 910.90 1.75503601e+02 6.93788605e+01 
928 911.67 1.75160431e+02 6.92344437e+01 
929 912.44 1.74441422e+02 6.89432983e+01 
930 913.21 1.73099670e+02 6.83987732e+01 
931 913.98 1.71727966e+02 6.78400497e+01 
932 914.75 1.70770325e+02 6.74584274e+01 
933 915.51 1.70316147e+02 6.72718430e+01 
934 916.28 1.70497437e+02 6.73394394e+01 
935 917.05 1.71228012e+02 6.76360397e+01 
936 917.82 1.71778336e+02 6.78604431e+01 
937 918.59 1.71902374e+02 6.79114990e+01 
938 919.35 1.71826431e+02 6.78783493e+01 
939 920.12 1.71600281e+02 6.77764282e+01 
940 920.89 1.71129028e+02 6.75913391e+01 
941 921.66 1.70482681e+02 6.73255539e+01 
942 922.42 1.69469330e+02 6.69257202e+01 
943 923.19 1.67894958e+02 6.62767258e+01 
944 923.96 1.65496140e+02 6.53013763e+01 
945 924.72 1.62379578e+02 6.40271149e+01 
946 925.49 1.58506134e+02 6.24597397e+01 
947 926.26 1.53864731e+02 6.05721283e+01 
948 927.03 1.48300690e+02 5.83190422e+01 
949 927.79 1.41918549e+02 5.57220612e+01 
950 928.56 1.34748032e+02 5.28097267e+01 
951 929.32 1.26343506e+02 4.93999557e+01 
952 930.09 1.17578766e+02 4.58439789e+01 
953 930.86 1.08441040e+02 4.21210251e+01 
954 931.62 9.95398712e+01 3.85106506e+01 
955 932.39 9.15069504e+01 3.52452583e+01 
956 933.16 8.45988159e+01 3.24434319e+01 
957 933.92 7.92187195e+01 3.02568531e+01 
958 934.69 7.55268402e+01 2.87599602e+01 
959 935.45 7.32391510e+01 2.78232841e+01 
960 936.22 7.21389465e+01 2.73796921e+01 
961 936.98 7.17795410e+01 2.72283955e+01 
962 937.75 7.18290482e+01 2.72422009e+01 
963 938.51 7.21965714e+01 2.73823090e+01 
964 939.28 7.26917801e+01 2.75784092e+01 
965 940.04 7.29268112e+01 2.76650238e+01 
966 940.81 7.28421097e+01 2.76294689e+01 
967 941.57 7.22525101e+01 2.73901787e+01 
968 942.34 7.12473526e+01 2.69806671e+01 
969 943.10 6.98423767e+01 2.64071674e+01 
970 943.87 6.82254028e+01 2.57459335e+01 
971 944.63 6.68675232e+01 2.51952801e+01 
972 945.40 6.61044617e+01 2.48831291e+01 
973 946.16 6.60297699e+01 2.48521061e+01 
974 946.93 6.62817383e+01 2.49605541e+01 
975 947.69 6.68853531e+01 2.52013187e+01 
976 948.45 6.77242050e+01 2.55423431e+01 
977 949.22 6.84887085e+01 2.58516235e+01 
978 949.98 6.91282883e+01 2.61133976e+01 
979 950.75 6.99685135e+01 2.64612770e+01 
980 951.51 7.07139587e+01 2.67580414e+01 
981 952.27 7.15362854e+01 2.70909977e+01 
982 953.04 7.23011169e+01 2.74043846e+01 
983 953.80 7.30643311e+01 2.77191677e+01 
984 954.56 7.38784866e+01 2.80445290e+01 
985 955.33 7.47744904e+01 2.84083099e+01 
986 956.09 7.53867493e+01 2.86564636e+01 
987 956.85 7.62637405e+01 2.90206890e+01 
988 957.62 7.74799194e+01 2.95039043e+01 
989 958.38 7.86128922e+01 2.99740963e+01 
990 959.14 7.97829895e+01 3.04471149e+01 
991 959.90 8.10625687e+01 3.09559784e+01 
992 960.67 8.22175446e+01 3.14334984e+01 
993 961.43 8.34618988e+01 3.19381256e+01 
994 962.19 8.47016907e+01 3.24345512e+01 
995 962.95 8.60199127e+01 3.29691963e+01 
996 963.72 8.74561157e+01 3.35521774e+01 
997 964.48 8.89733582e+01 3.41690331e+01 
998 965.24 9.05091400e+01 3.47871895e+01 
999 966.00 9.17589417e+01 3.52974663e+01 
1000 966.76 9.29260330e+01 3.57670021e+01 
1001 967.52 9.39279022e+01 3.61749954e+01 
1002 968.29 9.47792740e+01 3.65220833e+01 
1003 969.05 9.54569473e+01 3.67901840e+01 
1004 969.81 9.59588242e+01 3.69972725e+01 
1005 970.57 9.63415833e+01 3.71485291e+01 
1006 971.33 9.63110962e+01 3.71393890e+01 
1007 972.09 9.60846558e+01 3.70458717e+01 
1008 972.85 9.54294357e+01 3.67850761e+01 
1009 973.61 9.45182800e+01 3.64173050e+01 
1010 974.37 9.37265167e+01 3.60880051e+01 
1011 975.14 9.28640442e+01 3.57371368e+01 
1012 975.90 9.23481216e+01 3.55250969e+01 
1013 976.66 9.19798203e+01 3.53772774e+01 
1014 977.42 9.16355972e+01 3.52388840e+01 
1015 978.18 9.13729477e+01 3.51357117e+01 
1016 978.94 9.10775452e+01 3.50132065e+01 
1017 979.70 9.08537216e+01 3.49155884e+01 
1018 980.46 9.07441101e+01 3.48700066e+01 
1019 981.22 9.07757797e+01 3.48932304e+01 
1020 981.98 9.07527466e+01 3.48761253e+01 
1021 982.74 9.05749741e+01 3.48020287e+01 
1022 983.50 9.02806015e+01 3.46896744e+01 
1023 984.25 8.97109070e+01 3.44559631e+01 
1024 985.01 8.91364517e+01 3.42274323e+01 
1025 985.77 8.86239548e+01 3.40061264e+01 
1026 986.53 8.82088013e+01 3.38398209e+01 
1027 987.29 8.77600174e+01 3.36595688e+01 
1028 988.05 8.71127167e+01 3.33987808e+01 
1029 988.81 8.61848145e+01 3.30192070e+01 
1030 989.57 8.52110291e+01 3.26256599e+01 
1031 990.33 8.42753983e+01 3.22429924e+01 
1032 991.08 8.36108551e+01 3.19634743e+01 
1033 991.84 8.28339539e+01 3.16550713e+01 
1034 992.60 8.17778015e+01 3.12299957e+01 
1035 993.36 8.05639877e+01 3.07312622e+01 
1036 994.12 7.92370453e+01 3.01817722e+01 
1037 994.88 7.79668274e+01 2.96692867e+01 
1038 995.63 7.66931610e+01 2.91545944e+01 
1039 996.39 7.50985413e+01 2.85043316e+01 
1040 997.15 5.54723406e+00 3.26679319e-01 
1041 997.91 1.00567889e+00 1.67838764e+00 
1042 998.66 8.88909221e-01 1.72240162e+00 
1043 999.42 9.01846468e-01 1.74784136e+00 
