% C0 (TOA Count Rate, /ms) for 4STAR VIS spectrometer (1044 channels) derived from C:\Users\lebla\Research\MLO\2022_May\4STARB_20220514starsun.mat and recorded on 2022-05-14 12:55:27.
% C0 built to match AOD from 4STARB to AERONET spline fit for Mauna_Loa within 200 m [Alt] and 360 seconds, measured on 20220514.
Pix Wavelength C0 C0err
0 171.23 0.00000000e+00 0.00000000e+00 
1 172.04 -1.00000000e+00 0.00000000e+00 
2 172.86 -1.00000000e+00 0.00000000e+00 
3 173.67 -1.00000000e+00 0.00000000e+00 
4 174.48 -1.00000000e+00 0.00000000e+00 
5 175.29 -1.00000000e+00 0.00000000e+00 
6 176.11 -1.00000000e+00 0.00000000e+00 
7 176.92 -1.00000000e+00 0.00000000e+00 
8 177.73 -1.00000000e+00 0.00000000e+00 
9 178.54 -1.00000000e+00 0.00000000e+00 
10 179.36 -1.00000000e+00 0.00000000e+00 
11 180.17 -1.00000000e+00 0.00000000e+00 
12 180.98 -1.00000000e+00 0.00000000e+00 
13 181.79 -1.00000000e+00 0.00000000e+00 
14 182.61 -1.00000000e+00 0.00000000e+00 
15 183.42 -1.00000000e+00 0.00000000e+00 
16 184.23 -1.00000000e+00 0.00000000e+00 
17 185.04 -1.00000000e+00 0.00000000e+00 
18 185.86 -1.00000000e+00 0.00000000e+00 
19 186.67 -1.00000000e+00 0.00000000e+00 
20 187.48 -1.00000000e+00 0.00000000e+00 
21 188.29 -1.00000000e+00 0.00000000e+00 
22 189.11 -1.00000000e+00 0.00000000e+00 
23 189.92 -1.00000000e+00 0.00000000e+00 
24 190.73 -1.00000000e+00 0.00000000e+00 
25 191.54 -1.00000000e+00 0.00000000e+00 
26 192.36 -1.00000000e+00 0.00000000e+00 
27 193.17 -1.00000000e+00 0.00000000e+00 
28 193.98 -1.00000000e+00 0.00000000e+00 
29 194.79 -1.00000000e+00 0.00000000e+00 
30 195.61 -1.00000000e+00 0.00000000e+00 
31 196.42 -1.00000000e+00 0.00000000e+00 
32 197.23 -1.00000000e+00 0.00000000e+00 
33 198.04 -1.00000000e+00 0.00000000e+00 
34 198.86 -1.00000000e+00 0.00000000e+00 
35 199.67 -1.00000000e+00 0.00000000e+00 
36 200.48 -1.00000000e+00 -1.00000000e+00 
37 201.29 -1.00000000e+00 -1.00000000e+00 
38 202.11 -1.00000000e+00 -1.00000000e+00 
39 202.92 -1.00000000e+00 -1.00000000e+00 
40 203.73 -1.00000000e+00 -1.00000000e+00 
41 204.54 -1.00000000e+00 -1.00000000e+00 
42 205.36 -1.00000000e+00 -1.00000000e+00 
43 206.17 -1.00000000e+00 -1.00000000e+00 
44 206.98 -1.00000000e+00 -1.00000000e+00 
45 207.79 -1.00000000e+00 -1.00000000e+00 
46 208.61 -1.00000000e+00 -1.00000000e+00 
47 209.42 -1.00000000e+00 -1.00000000e+00 
48 210.23 -1.00000000e+00 -1.00000000e+00 
49 211.04 -1.00000000e+00 -1.00000000e+00 
50 211.86 -1.00000000e+00 -1.00000000e+00 
51 212.67 -1.00000000e+00 -1.00000000e+00 
52 213.48 -1.00000000e+00 -1.00000000e+00 
53 214.29 -1.00000000e+00 -1.00000000e+00 
54 215.11 -1.00000000e+00 -1.00000000e+00 
55 215.92 -1.00000000e+00 -1.00000000e+00 
56 216.73 -1.00000000e+00 -1.00000000e+00 
57 217.54 -1.00000000e+00 -1.00000000e+00 
58 218.35 -1.00000000e+00 -1.00000000e+00 
59 219.17 -1.00000000e+00 -1.00000000e+00 
60 219.98 -1.00000000e+00 -1.00000000e+00 
61 220.79 -1.00000000e+00 -1.00000000e+00 
62 221.60 -1.00000000e+00 -1.00000000e+00 
63 222.42 -1.00000000e+00 -1.00000000e+00 
64 223.23 -1.00000000e+00 -1.00000000e+00 
65 224.04 -1.00000000e+00 -1.00000000e+00 
66 224.85 -1.00000000e+00 -1.00000000e+00 
67 225.67 -1.00000000e+00 -1.00000000e+00 
68 226.48 -1.00000000e+00 -1.00000000e+00 
69 227.29 -1.00000000e+00 -1.00000000e+00 
70 228.10 -1.00000000e+00 -1.00000000e+00 
71 228.91 -1.00000000e+00 -1.00000000e+00 
72 229.73 -1.00000000e+00 -1.00000000e+00 
73 230.54 -1.00000000e+00 -1.00000000e+00 
74 231.35 -1.00000000e+00 -1.00000000e+00 
75 232.16 -1.00000000e+00 -1.00000000e+00 
76 232.97 -1.00000000e+00 -1.00000000e+00 
77 233.79 -1.00000000e+00 -1.00000000e+00 
78 234.60 -1.00000000e+00 -1.00000000e+00 
79 235.41 -1.00000000e+00 -1.00000000e+00 
80 236.22 -1.00000000e+00 -1.00000000e+00 
81 237.04 -1.00000000e+00 -1.00000000e+00 
82 237.85 -1.00000000e+00 -1.00000000e+00 
83 238.66 -1.00000000e+00 -1.00000000e+00 
84 239.47 -1.00000000e+00 -1.00000000e+00 
85 240.28 -1.00000000e+00 -1.00000000e+00 
86 241.10 -1.00000000e+00 -1.00000000e+00 
87 241.91 -1.00000000e+00 -1.00000000e+00 
88 242.72 -1.00000000e+00 -1.00000000e+00 
89 243.53 -1.00000000e+00 -1.00000000e+00 
90 244.34 -1.00000000e+00 -1.00000000e+00 
91 245.16 -1.00000000e+00 -1.00000000e+00 
92 245.97 -1.00000000e+00 -1.00000000e+00 
93 246.78 -1.00000000e+00 -1.00000000e+00 
94 247.59 -1.00000000e+00 -1.00000000e+00 
95 248.40 -1.00000000e+00 -1.00000000e+00 
96 249.22 -1.00000000e+00 -1.00000000e+00 
97 250.03 -1.00000000e+00 -1.00000000e+00 
98 250.84 -1.00000000e+00 -1.00000000e+00 
99 251.65 -1.00000000e+00 -1.00000000e+00 
100 252.46 -1.00000000e+00 -1.00000000e+00 
101 253.27 -1.00000000e+00 -1.00000000e+00 
102 254.09 -1.00000000e+00 -1.00000000e+00 
103 254.90 -1.00000000e+00 -1.00000000e+00 
104 255.71 -1.00000000e+00 -1.00000000e+00 
105 256.52 -1.00000000e+00 -1.00000000e+00 
106 257.33 -1.00000000e+00 -1.00000000e+00 
107 258.15 -1.00000000e+00 -1.00000000e+00 
108 258.96 -1.00000000e+00 -1.00000000e+00 
109 259.77 -1.00000000e+00 -1.00000000e+00 
110 260.58 -1.00000000e+00 -1.00000000e+00 
111 261.39 -1.00000000e+00 -1.00000000e+00 
112 262.20 -1.00000000e+00 -1.00000000e+00 
113 263.02 -1.00000000e+00 -1.00000000e+00 
114 263.83 -1.00000000e+00 -1.00000000e+00 
115 264.64 -1.00000000e+00 -1.00000000e+00 
116 265.45 -1.00000000e+00 -1.00000000e+00 
117 266.26 -1.00000000e+00 -1.00000000e+00 
118 267.07 -1.00000000e+00 -1.00000000e+00 
119 267.89 -1.00000000e+00 -1.00000000e+00 
120 268.70 -1.00000000e+00 -1.00000000e+00 
121 269.51 -1.00000000e+00 -1.00000000e+00 
122 270.32 -1.00000000e+00 -1.00000000e+00 
123 271.13 -1.00000000e+00 -1.00000000e+00 
124 271.94 -1.00000000e+00 -1.00000000e+00 
125 272.75 -1.00000000e+00 -1.00000000e+00 
126 273.57 -1.00000000e+00 -1.00000000e+00 
127 274.38 -1.00000000e+00 -1.00000000e+00 
128 275.19 -1.00000000e+00 -1.00000000e+00 
129 276.00 -1.00000000e+00 -1.00000000e+00 
130 276.81 -1.00000000e+00 -1.00000000e+00 
131 277.62 -1.00000000e+00 -1.00000000e+00 
132 278.43 -1.00000000e+00 -1.00000000e+00 
133 279.25 -1.00000000e+00 -1.00000000e+00 
134 280.06 -1.00000000e+00 -1.00000000e+00 
135 280.87 -1.00000000e+00 -1.00000000e+00 
136 281.68 -1.00000000e+00 -1.00000000e+00 
137 282.49 -1.00000000e+00 -1.00000000e+00 
138 283.30 -1.00000000e+00 -1.00000000e+00 
139 284.11 -1.00000000e+00 -1.00000000e+00 
140 284.93 -1.00000000e+00 -1.00000000e+00 
141 285.74 -1.00000000e+00 -1.00000000e+00 
142 286.55 -1.00000000e+00 -1.00000000e+00 
143 287.36 1.24478605e+35 -1.00000000e+00 
144 288.17 9.56351718e+31 -1.00000000e+00 
145 288.98 1.63482642e+29 -1.00000000e+00 
146 289.79 4.61562108e+26 -1.00000000e+00 
147 290.60 1.88954251e+24 -1.00000000e+00 
148 291.42 1.01280776e+22 -1.00000000e+00 
149 292.23 8.58916845e+19 -1.00000000e+00 
150 293.04 1.16325444e+18 -1.00000000e+00 
151 293.85 2.24796741e+16 1.52988762e+17 
152 294.66 5.58438258e+14 3.69429384e+15 
153 295.47 1.92496827e+13 1.23258179e+14 
154 296.28 8.84139491e+11 5.43890185e+12 
155 297.09 5.94574500e+10 3.55869327e+11 
156 297.90 5.30347930e+09 3.06247414e+10 
157 298.71 6.10423232e+08 3.38507469e+09 
158 299.53 8.38910000e+07 4.41997536e+08 
159 300.34 1.47997860e+07 7.57952240e+07 
160 301.15 3.13132125e+06 1.55099500e+07 
161 301.96 7.69948813e+05 3.63869275e+06 
162 302.77 2.25345188e+05 1.03816444e+06 
163 303.58 7.39162188e+04 3.24141969e+05 
164 304.39 2.67038652e+04 1.10810727e+05 
165 305.20 1.06494746e+04 4.30538086e+04 
166 306.01 4.93538477e+03 1.92558887e+04 
167 306.82 2.41395874e+03 8.97720605e+03 
168 307.63 1.31341528e+03 4.59357617e+03 
169 308.44 7.63935608e+02 2.47217798e+03 
170 309.26 4.67704681e+02 1.38348792e+03 
171 310.07 3.19347137e+02 8.42536621e+02 
172 310.88 2.26559280e+02 4.94928192e+02 
173 311.69 1.66451172e+02 2.95433563e+02 
174 312.50 1.33794296e+02 1.89352615e+02 
175 313.31 1.19398926e+02 1.40621872e+02 
176 314.12 1.07035988e+02 9.98273773e+01 
177 314.93 9.91274796e+01 7.86905365e+01 
178 315.74 9.42948990e+01 6.10133362e+01 
179 316.55 9.74059372e+01 5.02215195e+01 
180 317.36 9.80208588e+01 4.08039360e+01 
181 318.17 9.48909149e+01 3.35016632e+01 
182 318.98 9.69598083e+01 2.84225388e+01 
183 319.79 1.01214691e+02 2.46324921e+01 
184 320.60 1.01008369e+02 2.04178047e+01 
185 321.41 9.89873810e+01 1.91734428e+01 
186 322.22 9.60305481e+01 1.65986900e+01 
187 323.04 9.63058014e+01 1.44949846e+01 
188 323.85 1.04457077e+02 1.33775644e+01 
189 324.66 1.15507416e+02 1.27248774e+01 
190 325.47 1.27651360e+02 1.05065432e+01 
191 326.28 1.37250748e+02 9.96572399e+00 
192 327.09 1.39355606e+02 9.80446720e+00 
193 327.90 1.38210419e+02 8.49348545e+00 
194 328.71 1.45035065e+02 7.77813768e+00 
195 329.52 1.54750183e+02 7.70666361e+00 
196 330.33 1.53511490e+02 7.43187571e+00 
197 331.14 1.48613693e+02 6.15805435e+00 
198 331.95 1.47986115e+02 5.72090006e+00 
199 332.76 1.47958282e+02 5.82924175e+00 
200 333.57 1.48877045e+02 5.71604872e+00 
201 334.38 1.51772003e+02 4.83107948e+00 
202 335.19 1.50061859e+02 4.80056953e+00 
203 336.00 1.42067154e+02 5.08393145e+00 
204 336.81 1.40125107e+02 4.86637354e+00 
205 337.62 1.47047287e+02 4.26600266e+00 
206 338.43 1.55982651e+02 4.07968092e+00 
207 339.24 1.64434448e+02 4.17915297e+00 
208 340.05 1.68743317e+02 3.78784299e+00 
209 340.86 1.66361359e+02 3.36123729e+00 
210 341.67 1.67456863e+02 3.54270720e+00 
211 342.48 1.70923035e+02 3.55536652e+00 
212 343.29 1.63962448e+02 3.49003291e+00 
213 344.10 1.54314529e+02 3.40919137e+00 
214 344.91 1.58517532e+02 2.99482465e+00 
215 345.72 1.65263412e+02 2.95574808e+00 
216 346.53 1.66953400e+02 2.85272670e+00 
217 347.34 1.66048706e+02 2.93849444e+00 
218 348.15 1.65177750e+02 2.64883375e+00 
219 348.96 1.67561340e+02 2.45166016e+00 
220 349.77 1.77513962e+02 2.54675508e+00 
221 350.58 1.85424927e+02 2.53088760e+00 
222 351.39 1.82256180e+02 2.40287709e+00 
223 352.19 1.78654633e+02 2.24740863e+00 
224 353.00 1.86565277e+02 2.33808756e+00 
225 353.81 2.00071930e+02 2.18440104e+00 
226 354.62 2.04001205e+02 1.96556377e+00 
227 355.43 1.96392197e+02 1.92902815e+00 
228 356.24 1.80439423e+02 1.91250193e+00 
229 357.05 1.64280014e+02 2.05876493e+00 
230 357.86 1.55022202e+02 2.02528024e+00 
231 358.67 1.64753387e+02 2.06611896e+00 
232 359.48 1.87673721e+02 1.76828504e+00 
233 360.29 1.91258789e+02 1.57504094e+00 
234 361.10 1.83987274e+02 1.54092717e+00 
235 361.91 1.89158096e+02 1.49640381e+00 
236 362.72 1.98508911e+02 1.64330411e+00 
237 363.53 2.03077911e+02 1.55632007e+00 
238 364.34 2.09717606e+02 1.62508905e+00 
239 365.14 2.25314194e+02 1.36852980e+00 
240 365.95 2.41095840e+02 1.18425107e+00 
241 366.76 2.43158966e+02 1.30314302e+00 
242 367.57 2.37835190e+02 1.31835294e+00 
243 368.38 2.37960983e+02 1.26971388e+00 
244 369.19 2.46766129e+02 1.27318418e+00 
245 370.00 2.49411667e+02 1.39529026e+00 
246 370.81 2.46264679e+02 1.04826522e+00 
247 371.62 2.40883011e+02 1.12790859e+00 
248 372.43 2.28469086e+02 1.16230154e+00 
249 373.24 2.15610901e+02 1.18897223e+00 
250 374.04 2.12497559e+02 1.04512072e+00 
251 374.85 2.25175781e+02 1.11291862e+00 
252 375.66 2.45148560e+02 1.19278944e+00 
253 376.47 2.66031250e+02 1.18017924e+00 
254 377.28 2.92153412e+02 1.21982098e+00 
255 378.09 3.03226685e+02 1.37174773e+00 
256 378.90 2.90251740e+02 1.14594769e+00 
257 379.71 2.83301605e+02 1.12102222e+00 
258 380.51 2.84910217e+02 1.27120280e+00 
259 381.32 2.64933807e+02 1.08713233e+00 
260 382.13 2.28666489e+02 1.06009376e+00 
261 382.94 2.08446671e+02 9.05734241e-01 
262 383.75 2.22750916e+02 7.94784427e-01 
263 384.56 2.52441757e+02 9.42409039e-01 
264 385.37 2.67679169e+02 1.01935029e+00 
265 386.17 2.71686066e+02 1.05734503e+00 
266 386.98 2.74924072e+02 1.06187642e+00 
267 387.79 2.79370850e+02 1.06609547e+00 
268 388.60 2.96144958e+02 1.17498565e+00 
269 389.41 3.24244446e+02 1.22580194e+00 
270 390.22 3.48966125e+02 1.32061243e+00 
271 391.02 3.56035583e+02 1.36728644e+00 
272 391.83 3.24578979e+02 1.28441513e+00 
273 392.64 2.67530334e+02 9.55949485e-01 
274 393.45 2.49881241e+02 9.18443859e-01 
275 394.26 2.94530182e+02 1.06490088e+00 
276 395.07 3.33866547e+02 1.35600019e+00 
277 395.87 3.17475800e+02 1.26253259e+00 
278 396.68 2.99902588e+02 1.11539733e+00 
279 397.49 3.48412537e+02 1.19520915e+00 
280 398.30 4.29403870e+02 1.68313324e+00 
281 399.11 4.85040802e+02 1.93800795e+00 
282 399.91 5.12836731e+02 2.17083001e+00 
283 400.72 5.31376892e+02 2.15371585e+00 
284 401.53 5.45642273e+02 2.37417269e+00 
285 402.34 5.49924500e+02 2.00006676e+00 
286 403.15 5.46640259e+02 2.10914373e+00 
287 403.95 5.42942993e+02 2.19131637e+00 
288 404.76 5.39570679e+02 2.23358130e+00 
289 405.57 5.35962708e+02 2.39722323e+00 
290 406.38 5.35972290e+02 2.28262973e+00 
291 407.18 5.46592285e+02 2.35120058e+00 
292 407.99 5.65667542e+02 2.34409857e+00 
293 408.80 5.73520020e+02 2.42370510e+00 
294 409.61 5.67321411e+02 2.35780668e+00 
295 410.41 5.73742004e+02 2.45961785e+00 
296 411.22 5.97663757e+02 2.46634698e+00 
297 412.03 6.15056458e+02 2.57464218e+00 
298 412.84 6.19880310e+02 2.51732659e+00 
299 413.64 6.22330872e+02 2.56678796e+00 
300 414.45 6.26608459e+02 2.49437714e+00 
301 415.26 6.33332031e+02 2.50628185e+00 
302 416.07 6.38600952e+02 2.42465425e+00 
303 416.87 6.35402222e+02 2.36304450e+00 
304 417.68 6.30198120e+02 2.25571752e+00 
305 418.49 6.30362915e+02 2.25581479e+00 
306 419.30 6.36651184e+02 2.16860795e+00 
307 420.10 6.49619812e+02 2.35777140e+00 
308 420.91 6.61420776e+02 2.37417126e+00 
309 421.72 6.59728699e+02 2.25804853e+00 
310 422.52 6.52671936e+02 2.08660793e+00 
311 423.33 6.53581421e+02 2.23806930e+00 
312 424.14 6.60022705e+02 2.19240761e+00 
313 424.95 6.63544495e+02 2.21603227e+00 
314 425.75 6.62230347e+02 2.08223701e+00 
315 426.56 6.57303406e+02 1.97520483e+00 
316 427.37 6.51672913e+02 2.12645006e+00 
317 428.17 6.38235107e+02 2.08056235e+00 
318 428.98 6.07625488e+02 2.06801486e+00 
319 429.79 5.74728271e+02 1.97532904e+00 
320 430.59 5.81324585e+02 1.78518653e+00 
321 431.40 6.29722900e+02 2.05100727e+00 
322 432.21 6.79092163e+02 2.12563443e+00 
323 433.01 6.99447937e+02 2.06851077e+00 
324 433.82 7.06171814e+02 2.09035420e+00 
325 434.63 7.24059875e+02 2.07786655e+00 
326 435.43 7.52000610e+02 2.12494826e+00 
327 436.24 7.68861755e+02 2.44258046e+00 
328 437.05 7.61718506e+02 2.28038335e+00 
329 437.85 7.45164246e+02 2.20436454e+00 
330 438.66 7.42258301e+02 2.19682527e+00 
331 439.47 7.56218994e+02 2.23484588e+00 
332 440.27 7.80238281e+02 2.29433751e+00 
333 441.08 8.07563110e+02 2.37208867e+00 
334 441.89 8.30366943e+02 2.31356573e+00 
335 442.69 8.45224609e+02 2.18395901e+00 
336 443.50 8.53010010e+02 2.27737379e+00 
337 444.30 8.53304749e+02 2.25423074e+00 
338 445.11 8.48841919e+02 2.33644891e+00 
339 445.92 8.52567932e+02 2.26636028e+00 
340 446.72 8.69025757e+02 2.33279419e+00 
341 447.53 8.89278931e+02 2.33687878e+00 
342 448.33 9.05750000e+02 2.25673437e+00 
343 449.14 9.22080444e+02 2.26946735e+00 
344 449.95 9.39828735e+02 2.14271092e+00 
345 450.75 9.48667114e+02 2.17627358e+00 
346 451.56 9.38986023e+02 2.06528306e+00 
347 452.36 9.20472900e+02 2.14852071e+00 
348 453.17 9.11422302e+02 2.54385495e+00 
349 453.98 9.14513733e+02 2.42539907e+00 
350 454.78 9.25881714e+02 2.27186489e+00 
351 455.59 9.40034302e+02 2.24392891e+00 
352 456.39 9.50987427e+02 2.16003513e+00 
353 457.20 9.55240112e+02 2.10145688e+00 
354 458.00 9.52425293e+02 2.15067363e+00 
355 458.81 9.50083862e+02 2.16862512e+00 
356 459.61 9.55206665e+02 2.29620099e+00 
357 460.42 9.66480774e+02 2.48283720e+00 
358 461.23 9.78026611e+02 2.34789705e+00 
359 462.03 9.84657776e+02 2.36471057e+00 
360 462.84 9.82163025e+02 2.34431410e+00 
361 463.64 9.73804199e+02 2.24970508e+00 
362 464.45 9.66800476e+02 2.55802035e+00 
363 465.25 9.61810120e+02 2.53169084e+00 
364 466.06 9.59195068e+02 2.52869296e+00 
365 466.86 9.60098267e+02 2.39819217e+00 
366 467.67 9.64151184e+02 2.24029970e+00 
367 468.47 9.68347046e+02 2.22396564e+00 
368 469.28 9.68383972e+02 2.09588504e+00 
369 470.08 9.69374634e+02 2.15098524e+00 
370 470.89 9.78431213e+02 2.43530822e+00 
371 471.69 9.90936462e+02 2.48629522e+00 
372 472.50 1.00106665e+03 2.31081295e+00 
373 473.30 1.00898279e+03 1.98451185e+00 
374 474.11 1.01459412e+03 1.85701621e+00 
375 474.91 1.01791266e+03 2.04033947e+00 
376 475.72 1.02089972e+03 2.37479472e+00 
377 476.52 1.02709302e+03 2.48474526e+00 
378 477.33 1.03619299e+03 2.42117834e+00 
379 478.13 1.04505725e+03 2.47504258e+00 
380 478.93 1.05092590e+03 2.37996888e+00 
381 479.74 1.05544592e+03 2.61616588e+00 
382 480.54 1.05954712e+03 2.77280807e+00 
383 481.35 1.06128540e+03 2.78987622e+00 
384 482.15 1.05872961e+03 2.92244768e+00 
385 482.96 1.05094714e+03 2.97020602e+00 
386 483.76 1.03317249e+03 3.08268094e+00 
387 484.57 9.99901978e+02 3.12880468e+00 
388 485.37 9.61656982e+02 3.19815540e+00 
389 486.17 9.43267700e+02 3.15427017e+00 
390 486.98 9.51826904e+02 3.19601059e+00 
391 487.78 9.77760315e+02 3.13860250e+00 
392 488.59 1.00804706e+03 3.13103008e+00 
393 489.39 1.03029285e+03 3.20454884e+00 
394 490.19 1.03760559e+03 3.18135309e+00 
395 491.00 1.03411670e+03 3.07533932e+00 
396 491.80 1.02888843e+03 2.94107962e+00 
397 492.61 1.03145325e+03 3.06033278e+00 
398 493.41 1.04285901e+03 3.41123652e+00 
399 494.21 1.05579065e+03 3.46927571e+00 
400 495.02 1.06419434e+03 3.32832980e+00 
401 495.82 1.06835095e+03 3.26001859e+00 
402 496.63 1.06569678e+03 3.19352818e+00 
403 497.43 1.05934387e+03 3.27668333e+00 
404 498.23 1.05293420e+03 3.04395795e+00 
405 499.04 1.04519800e+03 2.95891809e+00 
406 499.84 1.03553491e+03 2.99853277e+00 
407 500.64 1.02799390e+03 2.89593935e+00 
408 501.45 1.02707031e+03 3.23024607e+00 
409 502.25 1.03227234e+03 3.66907358e+00 
410 503.05 1.04056689e+03 3.94711113e+00 
411 503.86 1.05168262e+03 4.12967777e+00 
412 504.66 1.06512012e+03 4.62872458e+00 
413 505.46 1.07394885e+03 4.86579609e+00 
414 506.27 1.07617993e+03 4.58807564e+00 
415 507.07 1.07178748e+03 4.53938198e+00 
416 507.87 1.06800073e+03 4.18422127e+00 
417 508.68 1.06708655e+03 4.27410221e+00 
418 509.48 1.07005469e+03 4.04778051e+00 
419 510.28 1.07386340e+03 3.80650449e+00 
420 511.08 1.07385120e+03 3.91242170e+00 
421 511.89 1.06799719e+03 3.76599455e+00 
422 512.69 1.05774829e+03 3.72016454e+00 
423 513.49 1.04710413e+03 3.48714972e+00 
424 514.30 1.03813892e+03 3.33083940e+00 
425 515.10 1.02171863e+03 3.29626679e+00 
426 515.90 9.94633179e+02 3.34982562e+00 
427 516.70 9.69460815e+02 3.10983396e+00 
428 517.51 9.58293152e+02 3.36089063e+00 
429 518.31 9.67880432e+02 3.82246661e+00 
430 519.11 9.91712463e+02 3.98093677e+00 
431 519.91 1.01571375e+03 3.90837789e+00 
432 520.72 1.03283252e+03 3.64040112e+00 
433 521.52 1.04024133e+03 3.77421927e+00 
434 522.32 1.04550073e+03 3.75371695e+00 
435 523.12 1.05433569e+03 4.18538857e+00 
436 523.93 1.06170435e+03 4.44252253e+00 
437 524.73 1.05895313e+03 4.65519714e+00 
438 525.53 1.04264380e+03 4.40844822e+00 
439 526.33 1.02663074e+03 4.42806959e+00 
440 527.13 1.02656506e+03 4.77304792e+00 
441 527.94 1.04225391e+03 4.91374159e+00 
442 528.74 1.06413257e+03 4.76906538e+00 
443 529.54 1.08216443e+03 4.56188297e+00 
444 530.34 1.08909937e+03 4.57296038e+00 
445 531.14 1.08391101e+03 4.48752117e+00 
446 531.95 1.07231738e+03 4.50739813e+00 
447 532.75 1.06379919e+03 4.58516884e+00 
448 533.55 1.06363794e+03 4.67212248e+00 
449 534.35 1.07124158e+03 4.49500608e+00 
450 535.15 1.07723694e+03 4.22067595e+00 
451 535.95 1.07717749e+03 3.90929008e+00 
452 536.76 1.07333545e+03 3.99365282e+00 
453 537.56 1.06903259e+03 4.05914307e+00 
454 538.36 1.06165735e+03 4.04007626e+00 
455 539.16 1.05187085e+03 4.12144804e+00 
456 539.96 1.04449170e+03 3.93768048e+00 
457 540.76 1.04246631e+03 4.03017235e+00 
458 541.56 1.04611377e+03 4.40450668e+00 
459 542.36 1.05350305e+03 4.55962467e+00 
460 543.17 1.06063586e+03 4.80167627e+00 
461 543.97 1.06510583e+03 4.66119194e+00 
462 544.77 1.06779272e+03 4.49869633e+00 
463 545.57 1.06627917e+03 4.50385332e+00 
464 546.37 1.06135583e+03 4.66068983e+00 
465 547.17 1.05572449e+03 4.67074299e+00 
466 547.97 1.05368005e+03 4.74422407e+00 
467 548.77 1.05385095e+03 4.82853270e+00 
468 549.57 1.05550146e+03 4.95300484e+00 
469 550.37 1.05541724e+03 5.14141035e+00 
470 551.17 1.05434851e+03 5.13755703e+00 
471 551.97 1.05322217e+03 5.28778744e+00 
472 552.78 1.05322498e+03 5.10722637e+00 
473 553.58 1.05511194e+03 5.01729965e+00 
474 554.38 1.05532800e+03 4.93693686e+00 
475 555.18 1.05089404e+03 5.01487923e+00 
476 555.98 1.04434155e+03 4.82573843e+00 
477 556.78 1.03599597e+03 4.34501934e+00 
478 557.58 1.02472791e+03 4.03138351e+00 
479 558.38 1.01625342e+03 3.80814719e+00 
480 559.18 1.01480420e+03 3.63071990e+00 
481 559.98 1.01658704e+03 3.58816433e+00 
482 560.78 1.02149054e+03 3.83139539e+00 
483 561.58 1.02967688e+03 3.78369546e+00 
484 562.38 1.03532886e+03 3.89304829e+00 
485 563.18 1.03815576e+03 4.13665152e+00 
486 563.98 1.03974756e+03 4.35296059e+00 
487 564.78 1.03896484e+03 4.52196789e+00 
488 565.58 1.03716663e+03 4.62142515e+00 
489 566.38 1.03660437e+03 4.62577868e+00 
490 567.18 1.03996912e+03 4.70445824e+00 
491 567.98 1.04372375e+03 4.67231894e+00 
492 568.78 1.04348682e+03 4.84818172e+00 
493 569.58 1.04056885e+03 5.16094446e+00 
494 570.38 1.03771851e+03 5.02061319e+00 
495 571.17 1.04254651e+03 4.89517879e+00 
496 571.97 1.05457483e+03 5.01515770e+00 
497 572.77 1.06654907e+03 5.08941221e+00 
498 573.57 1.07235083e+03 5.55135441e+00 
499 574.37 1.06874573e+03 5.94043779e+00 
500 575.17 1.06203809e+03 6.11335802e+00 
501 575.97 1.05767200e+03 6.30596018e+00 
502 576.77 1.05192651e+03 6.38069773e+00 
503 577.57 1.04346204e+03 6.56066179e+00 
504 578.37 1.03527136e+03 6.67148924e+00 
505 579.17 1.03037549e+03 6.81264591e+00 
506 579.96 1.02902319e+03 6.52009726e+00 
507 580.76 1.02932373e+03 6.34786797e+00 
508 581.56 1.02957104e+03 5.98124027e+00 
509 582.36 1.02893665e+03 5.46511030e+00 
510 583.16 1.02532629e+03 5.26528120e+00 
511 583.96 1.01689288e+03 5.33612776e+00 
512 584.76 1.00543256e+03 5.18883419e+00 
513 585.56 9.95014771e+02 5.26341295e+00 
514 586.35 9.88145447e+02 5.46892500e+00 
515 587.15 9.77489807e+02 5.94757748e+00 
516 587.95 9.58252136e+02 6.48739672e+00 
517 588.75 9.40793335e+02 7.36220598e+00 
518 589.55 9.35515076e+02 8.00270939e+00 
519 590.35 9.42674377e+02 8.42974472e+00 
520 591.14 9.56037415e+02 8.46648502e+00 
521 591.94 9.66050598e+02 7.92122841e+00 
522 592.74 9.70590698e+02 7.67888403e+00 
523 593.54 9.71691101e+02 7.38427830e+00 
524 594.34 9.72554810e+02 7.12655926e+00 
525 595.13 9.75287659e+02 7.04924679e+00 
526 595.93 9.78894897e+02 6.87154484e+00 
527 596.73 9.80582764e+02 6.94423819e+00 
528 597.53 9.80721497e+02 6.60797310e+00 
529 598.32 9.79576843e+02 6.12613726e+00 
530 599.12 9.77830444e+02 5.66217995e+00 
531 599.92 9.76679077e+02 5.47063208e+00 
532 600.72 9.74828308e+02 5.24199390e+00 
533 601.51 9.75624390e+02 5.18385220e+00 
534 602.31 9.81515137e+02 5.33339930e+00 
535 603.11 9.90234985e+02 5.49752522e+00 
536 603.91 9.97461121e+02 5.61738157e+00 
537 604.70 1.00103815e+03 5.77283335e+00 
538 605.50 1.00139630e+03 5.81517076e+00 
539 606.30 1.00067841e+03 5.42017317e+00 
540 607.10 9.98493958e+02 5.26452923e+00 
541 607.89 9.94767029e+02 5.10895061e+00 
542 608.69 9.90351440e+02 5.21521282e+00 
543 609.49 9.86540344e+02 5.60668182e+00 
544 610.28 9.85099548e+02 6.22441626e+00 
545 611.08 9.84535706e+02 6.45746851e+00 
546 611.88 9.81290344e+02 6.50601339e+00 
547 612.67 9.76468628e+02 6.33094025e+00 
548 613.47 9.72110840e+02 5.79909468e+00 
549 614.27 9.68401428e+02 5.40251350e+00 
550 615.06 9.61854431e+02 4.82286692e+00 
551 615.86 9.55756287e+02 4.41231394e+00 
552 616.66 9.54955505e+02 4.35949707e+00 
553 617.45 9.59372986e+02 4.36278009e+00 
554 618.25 9.65803833e+02 4.14787769e+00 
555 619.04 9.71639160e+02 3.71091056e+00 
556 619.84 9.73996094e+02 3.37773895e+00 
557 620.64 9.72873962e+02 3.14102459e+00 
558 621.43 9.68745056e+02 3.07124615e+00 
559 622.23 9.62521423e+02 3.08564138e+00 
560 623.02 9.56051575e+02 2.70508122e+00 
561 623.82 9.49068359e+02 2.51903820e+00 
562 624.62 9.43402527e+02 2.44980288e+00 
563 625.41 9.41618408e+02 2.95501757e+00 
564 626.21 9.41368286e+02 4.88132000e+00 
565 627.00 9.39055908e+02 8.14484119e+00 
566 627.80 9.35866821e+02 1.12469645e+01 
567 628.59 9.32215515e+02 1.24442129e+01 
568 629.39 9.30115967e+02 1.17412653e+01 
569 630.19 9.28829712e+02 1.01894646e+01 
570 630.98 9.28009705e+02 8.38261509e+00 
571 631.78 9.29501099e+02 7.02655935e+00 
572 632.57 9.31754089e+02 5.84589148e+00 
573 633.37 9.33724304e+02 5.31462574e+00 
574 634.16 9.34954834e+02 5.14253044e+00 
575 634.96 9.33894348e+02 5.16119528e+00 
576 635.75 9.32969238e+02 5.10654354e+00 
577 636.55 9.33796509e+02 4.78909111e+00 
578 637.34 9.35351318e+02 4.39999008e+00 
579 638.14 9.34089905e+02 4.28792953e+00 
580 638.93 9.27253174e+02 4.23622322e+00 
581 639.73 9.18195068e+02 4.06569910e+00 
582 640.52 9.10146606e+02 3.84136820e+00 
583 641.32 9.05722290e+02 3.51544309e+00 
584 642.11 9.04513672e+02 3.00568771e+00 
585 642.90 9.04034485e+02 3.18700337e+00 
586 643.70 9.01757568e+02 3.35858703e+00 
587 644.49 8.97147156e+02 3.47572899e+00 
588 645.29 8.90881226e+02 3.56191182e+00 
589 646.08 8.85754700e+02 4.36694670e+00 
590 646.88 8.81679016e+02 4.91918278e+00 
591 647.67 8.76514893e+02 5.57358360e+00 
592 648.46 8.67330627e+02 5.76209307e+00 
593 649.26 8.58316589e+02 5.26481152e+00 
594 650.05 8.55745605e+02 4.95894146e+00 
595 650.85 8.56971130e+02 4.96551943e+00 
596 651.64 8.56264893e+02 5.01889944e+00 
597 652.43 8.52505920e+02 4.80404711e+00 
598 653.23 8.46367310e+02 4.52960300e+00 
599 654.02 8.32532898e+02 4.55795479e+00 
600 654.81 8.02953613e+02 4.47570229e+00 
601 655.61 7.66182434e+02 4.00061703e+00 
602 656.40 7.50483093e+02 3.68329883e+00 
603 657.20 7.66319153e+02 3.75881052e+00 
604 657.99 7.93115723e+02 3.75221491e+00 
605 658.78 8.09645447e+02 3.55843854e+00 
606 659.58 8.15040710e+02 3.13833952e+00 
607 660.37 8.17542236e+02 2.84674597e+00 
608 661.16 8.19809753e+02 2.63043451e+00 
609 661.95 8.19405823e+02 2.30178785e+00 
610 662.75 8.15684082e+02 2.13731241e+00 
611 663.54 8.12597534e+02 2.05240369e+00 
612 664.33 8.12534607e+02 2.03323722e+00 
613 665.13 8.13424133e+02 2.19657063e+00 
614 665.92 8.13337585e+02 2.41088963e+00 
615 666.71 8.12277710e+02 2.53209853e+00 
616 667.50 8.12584900e+02 2.64334273e+00 
617 668.30 8.14313843e+02 2.70384312e+00 
618 669.09 8.14317017e+02 2.78148317e+00 
619 669.88 8.11811218e+02 3.03776598e+00 
620 670.67 8.08244690e+02 2.98223138e+00 
621 671.47 8.05313538e+02 2.99895215e+00 
622 672.26 8.05454956e+02 2.63129520e+00 
623 673.05 8.07438965e+02 2.58764815e+00 
624 673.84 8.08173218e+02 2.72658420e+00 
625 674.64 8.07504822e+02 2.68980384e+00 
626 675.43 8.07154968e+02 2.42878389e+00 
627 676.22 8.07536011e+02 2.33828545e+00 
628 677.01 8.07935547e+02 2.17073607e+00 
629 677.80 8.07826843e+02 1.96591675e+00 
630 678.59 8.07418213e+02 1.75215280e+00 
631 679.39 8.06766846e+02 1.54556835e+00 
632 680.18 8.05405884e+02 1.66444075e+00 
633 680.97 8.04183594e+02 2.04256868e+00 
634 681.76 8.03346191e+02 2.13113236e+00 
635 682.55 8.00494080e+02 2.04889965e+00 
636 683.34 7.94430908e+02 1.94681430e+00 
637 684.14 7.87873779e+02 2.08870912e+00 
638 684.93 7.78943542e+02 3.72100735e+00 
639 685.72 7.50462402e+02 1.06021519e+01 
640 686.51 6.98785583e+02 2.43795204e+01 
641 687.30 6.61745483e+02 3.51480408e+01 
642 688.09 6.62652161e+02 3.59277573e+01 
643 688.88 6.77523987e+02 3.26065979e+01 
644 689.67 6.90041443e+02 2.89362221e+01 
645 690.46 7.03800171e+02 2.39820862e+01 
646 691.25 7.17276306e+02 1.84284515e+01 
647 692.04 7.28846130e+02 1.43217163e+01 
648 692.84 7.36176575e+02 1.21451883e+01 
649 693.63 7.37912231e+02 1.10650015e+01 
650 694.42 7.36239929e+02 9.87399292e+00 
651 695.21 7.35050171e+02 8.72240067e+00 
652 696.00 7.35896423e+02 7.17782831e+00 
653 696.79 7.34512268e+02 5.62074089e+00 
654 697.58 7.28902161e+02 5.08558750e+00 
655 698.37 7.23530762e+02 5.91719341e+00 
656 699.16 7.18405518e+02 6.82406664e+00 
657 699.95 7.10775146e+02 6.42081833e+00 
658 700.74 7.02630554e+02 5.61589384e+00 
659 701.53 6.97176025e+02 5.25589752e+00 
660 702.32 6.95437927e+02 5.07990265e+00 
661 703.11 6.96975403e+02 5.10307550e+00 
662 703.90 6.99419617e+02 4.89872742e+00 
663 704.69 7.00693909e+02 4.61266184e+00 
664 705.48 6.98050293e+02 4.43014956e+00 
665 706.27 6.95222839e+02 3.67061281e+00 
666 707.05 6.93271057e+02 3.02696276e+00 
667 707.84 6.90663696e+02 2.58275890e+00 
668 708.63 6.87102173e+02 2.40864682e+00 
669 709.42 6.85755310e+02 2.22404861e+00 
670 710.21 6.84977356e+02 2.17418456e+00 
671 711.00 6.81737244e+02 2.29482412e+00 
672 711.79 6.77790833e+02 2.16656852e+00 
673 712.58 6.75681152e+02 2.31989503e+00 
674 713.37 6.74322510e+02 2.60301733e+00 
675 714.16 6.71855469e+02 2.75174809e+00 
676 714.95 6.68519409e+02 3.37121129e+00 
677 715.73 6.62948120e+02 5.18714809e+00 
678 716.52 6.51026794e+02 9.24358940e+00 
679 717.31 6.34642700e+02 1.38339128e+01 
680 718.10 6.17330933e+02 1.61575146e+01 
681 718.89 6.07471130e+02 1.70772095e+01 
682 719.68 6.08112122e+02 1.69302387e+01 
683 720.46 6.17154114e+02 1.41106768e+01 
684 721.25 6.31355713e+02 9.93491745e+00 
685 722.04 6.38547119e+02 8.14121628e+00 
686 722.83 6.34242737e+02 9.98712158e+00 
687 723.62 6.26688416e+02 1.26045628e+01 
688 724.40 6.24028992e+02 1.33722134e+01 
689 725.19 6.26307129e+02 1.32360382e+01 
690 725.98 6.29574585e+02 1.29053764e+01 
691 726.77 6.30045349e+02 1.27436981e+01 
692 727.56 6.27610413e+02 1.26797419e+01 
693 728.34 6.24785217e+02 1.20997362e+01 
694 729.13 6.26909546e+02 1.19010839e+01 
695 729.92 6.34125366e+02 1.17784233e+01 
696 730.71 6.38727417e+02 1.14738131e+01 
697 731.49 6.43070557e+02 1.00079699e+01 
698 732.28 6.48778748e+02 7.86098814e+00 
699 733.07 6.55475159e+02 6.07879400e+00 
700 733.85 6.60421143e+02 4.83817625e+00 
701 734.64 6.59085938e+02 4.23541260e+00 
702 735.43 6.54734070e+02 4.16860819e+00 
703 736.22 6.53225647e+02 4.35031080e+00 
704 737.00 6.53975952e+02 3.98714542e+00 
705 737.79 6.49889221e+02 3.28821135e+00 
706 738.58 6.42978027e+02 3.12160730e+00 
707 739.36 6.40975159e+02 2.77410841e+00 
708 740.15 6.39962402e+02 2.11138082e+00 
709 740.94 6.35436890e+02 1.61557913e+00 
710 741.72 6.33317505e+02 1.39333749e+00 
711 742.51 6.36117249e+02 1.08857393e+00 
712 743.29 6.38630005e+02 9.90916669e-01 
713 744.08 6.36962646e+02 9.53765392e-01 
714 744.87 6.35014526e+02 1.19458365e+00 
715 745.65 6.34383850e+02 1.12023640e+00 
716 746.44 6.32673157e+02 9.45721328e-01 
717 747.22 6.31245972e+02 9.05081272e-01 
718 748.01 6.28011230e+02 9.71827686e-01 
719 748.80 6.21495178e+02 1.05293965e+00 
720 749.58 6.15442139e+02 1.25134695e+00 
721 750.37 6.10667664e+02 1.35203016e+00 
722 751.15 6.06353088e+02 1.35146010e+00 
723 751.94 6.03041443e+02 1.44124186e+00 
724 752.72 6.00072571e+02 1.33092451e+00 
725 753.51 5.99541626e+02 1.08962178e+00 
726 754.29 5.97569702e+02 9.48948383e-01 
727 755.08 5.92390198e+02 9.52037871e-01 
728 755.86 5.87291931e+02 7.49374628e-01 
729 756.65 5.82815125e+02 9.38167214e-01 
730 757.43 5.75397949e+02 1.91470098e+00 
731 758.22 5.48094360e+02 6.59274864e+00 
732 759.00 4.56446075e+02 2.21200714e+01 
733 759.79 3.15881744e+02 4.32100792e+01 
734 760.57 2.39529480e+02 5.57262344e+01 
735 761.36 2.67168915e+02 5.75681839e+01 
736 762.14 3.01716370e+02 5.79269524e+01 
737 762.93 3.03207550e+02 6.01337128e+01 
738 763.71 3.17257843e+02 5.84100418e+01 
739 764.50 3.53924774e+02 5.15198326e+01 
740 765.28 3.96610016e+02 4.10811081e+01 
741 766.06 4.36852814e+02 2.95043163e+01 
742 766.85 4.72978333e+02 1.99094448e+01 
743 767.63 4.99209137e+02 1.27936478e+01 
744 768.42 5.12831604e+02 8.08506107e+00 
745 769.20 5.19667603e+02 5.28952074e+00 
746 769.98 5.23777527e+02 3.44070530e+00 
747 770.77 5.24424377e+02 2.35378909e+00 
748 771.55 5.22883728e+02 1.61575055e+00 
749 772.33 5.23011414e+02 1.02106380e+00 
750 773.12 5.23866333e+02 7.46734262e-01 
751 773.90 5.22080750e+02 6.65411174e-01 
752 774.68 5.19231445e+02 8.06337237e-01 
753 775.47 5.19054443e+02 9.82143283e-01 
754 776.25 5.19617737e+02 1.03677130e+00 
755 777.03 5.18056763e+02 8.90484273e-01 
756 777.82 5.16390625e+02 7.18085110e-01 
757 778.60 5.15295776e+02 7.02831149e-01 
758 779.38 5.13177002e+02 7.19470918e-01 
759 780.17 5.11392883e+02 7.83229947e-01 
760 780.95 5.11825928e+02 6.13132775e-01 
761 781.73 5.12482605e+02 5.96134365e-01 
762 782.51 5.10216125e+02 6.40062988e-01 
763 783.30 5.05937164e+02 8.57379436e-01 
764 784.08 5.04124634e+02 1.09672594e+00 
765 784.86 5.05043091e+02 1.09783030e+00 
766 785.64 5.05722992e+02 1.28805673e+00 
767 786.43 5.04887085e+02 1.48977494e+00 
768 787.21 5.01542084e+02 1.82833982e+00 
769 787.99 4.98414703e+02 1.95172453e+00 
770 788.77 4.96844940e+02 2.33831954e+00 
771 789.55 4.96210358e+02 2.48953772e+00 
772 790.34 4.93951233e+02 2.54387379e+00 
773 791.12 4.89398468e+02 2.44997144e+00 
774 791.90 4.83911926e+02 2.24061513e+00 
775 792.68 4.79262115e+02 1.71677303e+00 
776 793.46 4.76600464e+02 1.32158744e+00 
777 794.24 4.77013550e+02 1.43485069e+00 
778 795.02 4.78808350e+02 2.11350584e+00 
779 795.81 4.79340546e+02 2.72252560e+00 
780 796.59 4.78603058e+02 2.49979734e+00 
781 797.37 4.78995361e+02 1.91534722e+00 
782 798.15 4.78713135e+02 1.68493021e+00 
783 798.93 4.75781036e+02 1.80718768e+00 
784 799.71 4.71352325e+02 2.08678365e+00 
785 800.49 4.68746033e+02 2.28930616e+00 
786 801.27 4.68322449e+02 2.38835859e+00 
787 802.05 4.68733002e+02 2.44209838e+00 
788 802.83 4.68144867e+02 2.40287638e+00 
789 803.61 4.65650360e+02 2.27703404e+00 
790 804.39 4.62433594e+02 2.27565384e+00 
791 805.18 4.60934906e+02 2.17842007e+00 
792 805.96 4.61955658e+02 1.83504319e+00 
793 806.74 4.62215698e+02 1.57107520e+00 
794 807.52 4.59479919e+02 1.26553524e+00 
795 808.30 4.54287384e+02 1.43181551e+00 
796 809.08 4.48646210e+02 1.72452021e+00 
797 809.86 4.45880066e+02 2.29559231e+00 
798 810.64 4.46526215e+02 3.13695884e+00 
799 811.41 4.46773102e+02 3.96162772e+00 
800 812.19 4.43050781e+02 5.10315180e+00 
801 812.97 4.34983612e+02 6.27387857e+00 
802 813.75 4.25759796e+02 7.48132324e+00 
803 814.53 4.18326538e+02 8.56335831e+00 
804 815.31 4.13412048e+02 9.53721523e+00 
805 816.09 4.09679230e+02 1.02928114e+01 
806 816.87 4.05143097e+02 1.04795055e+01 
807 817.65 3.99588531e+02 9.97598171e+00 
808 818.43 3.95343475e+02 9.06136894e+00 
809 819.21 3.95834717e+02 8.05759621e+00 
810 819.99 4.00228912e+02 7.03830290e+00 
811 820.77 4.01914124e+02 6.77511692e+00 
812 821.54 3.97042328e+02 7.90933895e+00 
813 822.32 3.88721466e+02 9.69400501e+00 
814 823.10 3.85893860e+02 1.01865177e+01 
815 823.88 3.90476990e+02 9.16046238e+00 
816 824.66 3.98001831e+02 7.41491795e+00 
817 825.44 4.02552582e+02 6.50238943e+00 
818 826.21 4.01296844e+02 6.53812599e+00 
819 826.99 3.95449799e+02 7.01388979e+00 
820 827.77 3.89753815e+02 7.45823193e+00 
821 828.55 3.87140717e+02 7.43507242e+00 
822 829.33 3.87771362e+02 6.97708368e+00 
823 830.10 3.88954895e+02 6.50585222e+00 
824 830.88 3.87789825e+02 6.23308372e+00 
825 831.66 3.83682220e+02 5.93550491e+00 
826 832.44 3.78965942e+02 5.50323057e+00 
827 833.21 3.77253601e+02 4.83140993e+00 
828 833.99 3.79515167e+02 4.11142302e+00 
829 834.77 3.83180725e+02 3.53260875e+00 
830 835.55 3.85124176e+02 3.17570376e+00 
831 836.32 3.84073273e+02 2.88456416e+00 
832 837.10 3.81035980e+02 2.62571287e+00 
833 837.88 3.78802979e+02 2.44091797e+00 
834 838.65 3.79176422e+02 2.15352321e+00 
835 839.43 3.80704132e+02 1.91305101e+00 
836 840.21 3.81006500e+02 1.70534694e+00 
837 840.98 3.78620880e+02 1.41153288e+00 
838 841.76 3.74144592e+02 1.17698288e+00 
839 842.54 3.69907654e+02 9.72210288e-01 
840 843.31 3.68624115e+02 8.29197764e-01 
841 844.09 3.69614380e+02 7.27794230e-01 
842 844.87 3.70894440e+02 6.31542325e-01 
843 845.64 3.69942169e+02 6.99672103e-01 
844 846.42 3.66381866e+02 7.70390749e-01 
845 847.19 3.61240387e+02 8.87287676e-01 
846 847.97 3.55660919e+02 9.81522143e-01 
847 848.75 3.51921753e+02 1.02355480e+00 
848 849.52 3.49391724e+02 1.06917048e+00 
849 850.30 3.47762421e+02 9.90396619e-01 
850 851.07 3.45057892e+02 9.53607023e-01 
851 851.85 3.39204193e+02 7.55105853e-01 
852 852.62 3.31598236e+02 6.66982830e-01 
853 853.40 3.25053894e+02 5.72308242e-01 
854 854.17 3.22655579e+02 5.24472058e-01 
855 854.95 3.25640015e+02 4.88678217e-01 
856 855.72 3.32243317e+02 5.22949815e-01 
857 856.50 3.37636963e+02 4.26189780e-01 
858 857.27 3.39827271e+02 4.23674554e-01 
859 858.05 3.39750763e+02 4.66924429e-01 
860 858.82 3.39800659e+02 5.71837127e-01 
861 859.60 3.40421539e+02 6.52196944e-01 
862 860.37 3.40613403e+02 6.69537008e-01 
863 861.15 3.39321381e+02 6.73189104e-01 
864 861.92 3.36146545e+02 6.49012446e-01 
865 862.69 3.31643738e+02 5.47041714e-01 
866 863.47 3.26636902e+02 5.65216184e-01 
867 864.24 3.21194794e+02 4.50052291e-01 
868 865.02 3.15975922e+02 4.66691971e-01 
869 865.79 3.11121948e+02 4.21385318e-01 
870 866.56 3.07209595e+02 4.45704907e-01 
871 867.34 3.05925873e+02 5.53762734e-01 
872 868.11 3.07290283e+02 6.88068569e-01 
873 868.89 3.10057678e+02 8.76630604e-01 
874 869.66 3.12696350e+02 1.02782869e+00 
875 870.43 3.14283936e+02 1.19773793e+00 
876 871.21 3.14006714e+02 1.26932073e+00 
877 871.98 3.11814087e+02 1.35270226e+00 
878 872.75 3.08119659e+02 1.33510685e+00 
879 873.53 3.04726105e+02 1.31660044e+00 
880 874.30 3.02373566e+02 1.23968530e+00 
881 875.07 3.01662018e+02 1.13871551e+00 
882 875.84 3.01737335e+02 1.02260137e+00 
883 876.62 3.01476532e+02 9.38250005e-01 
884 877.39 2.99581329e+02 8.49428952e-01 
885 878.16 2.96673248e+02 7.08942354e-01 
886 878.93 2.93592224e+02 6.10548377e-01 
887 879.71 2.91247101e+02 6.10074222e-01 
888 880.48 2.90138672e+02 6.84361696e-01 
889 881.25 2.90194489e+02 7.35408604e-01 
890 882.02 2.90500000e+02 6.36466622e-01 
891 882.80 2.89658386e+02 5.52376151e-01 
892 883.57 2.87775452e+02 4.35662508e-01 
893 884.34 2.85352509e+02 4.17774290e-01 
894 885.11 2.83181549e+02 3.57184112e-01 
895 885.88 2.81988525e+02 3.82830411e-01 
896 886.65 2.81535583e+02 4.61136460e-01 
897 887.43 2.81353546e+02 4.22435075e-01 
898 888.20 2.80886536e+02 3.75661284e-01 
899 888.97 2.79732056e+02 4.63092655e-01 
900 889.74 2.77757690e+02 6.27829671e-01 
901 890.51 2.75788452e+02 7.89292991e-01 
902 891.28 2.74282562e+02 1.04233646e+00 
903 892.05 2.72932770e+02 1.42420912e+00 
904 892.82 2.71526947e+02 1.90446329e+00 
905 893.59 2.69159424e+02 2.50833273e+00 
906 894.36 2.65863281e+02 3.32347631e+00 
907 895.13 2.61564087e+02 4.12621498e+00 
908 895.91 2.56681854e+02 4.97302198e+00 
909 896.68 2.51919464e+02 5.68161297e+00 
910 897.45 2.47908997e+02 6.33518076e+00 
911 898.22 2.44486740e+02 6.71895218e+00 
912 898.99 2.41832047e+02 6.91176224e+00 
913 899.76 2.39551956e+02 6.79362297e+00 
914 900.53 2.37606033e+02 6.47198963e+00 
915 901.30 2.36488556e+02 5.97283649e+00 
916 902.07 2.36306137e+02 5.45621824e+00 
917 902.84 2.36968079e+02 5.06155777e+00 
918 903.61 2.37975586e+02 4.80445385e+00 
919 904.37 2.38478806e+02 4.71600866e+00 
920 905.14 2.37631866e+02 4.85938549e+00 
921 905.91 2.35098724e+02 5.14558220e+00 
922 906.68 2.31353745e+02 5.49612808e+00 
923 907.45 2.27376801e+02 5.82850838e+00 
924 908.22 2.23990891e+02 6.20019627e+00 
925 908.99 2.21522507e+02 6.35555553e+00 
926 909.76 2.20225082e+02 6.45310497e+00 
927 910.53 2.19668121e+02 6.56343603e+00 
928 911.30 2.19385605e+02 6.59563875e+00 
929 912.06 2.18670898e+02 6.70886087e+00 
930 912.83 2.17201370e+02 6.78596306e+00 
931 913.60 2.15609695e+02 6.92912102e+00 
932 914.37 2.14272430e+02 7.04486465e+00 
933 915.14 2.13475510e+02 7.06377220e+00 
934 915.91 2.13151840e+02 6.87713861e+00 
935 916.67 2.13222977e+02 6.60938358e+00 
936 917.44 2.12961838e+02 6.13510132e+00 
937 918.21 2.12242966e+02 5.75162554e+00 
938 918.98 2.11096970e+02 5.17939901e+00 
939 919.75 2.09912430e+02 4.67333984e+00 
940 920.51 2.08326523e+02 4.25414038e+00 
941 921.28 2.07020844e+02 4.01743746e+00 
942 922.05 2.05443802e+02 3.79772639e+00 
943 922.81 2.03633377e+02 3.79882216e+00 
944 923.58 2.01343338e+02 3.94961572e+00 
945 924.35 1.98540741e+02 4.16270494e+00 
946 925.12 1.95333298e+02 4.58717012e+00 
947 925.88 1.91756119e+02 5.01967955e+00 
948 926.65 1.87651886e+02 5.56421614e+00 
949 927.42 1.83060516e+02 6.15703058e+00 
950 928.18 1.77918686e+02 6.94639921e+00 
951 928.95 1.71623489e+02 7.77427769e+00 
952 929.72 1.64617371e+02 8.54789829e+00 
953 930.48 1.56853699e+02 9.31446552e+00 
954 931.25 1.48714188e+02 9.95358944e+00 
955 932.01 1.40858459e+02 1.05376406e+01 
956 932.78 1.33835892e+02 1.09429417e+01 
957 933.55 1.27832718e+02 1.12180052e+01 
958 934.31 1.23120636e+02 1.12805357e+01 
959 935.08 1.19571198e+02 1.12588835e+01 
960 935.84 1.16855202e+02 1.09786911e+01 
961 936.61 1.14806908e+02 1.05902576e+01 
962 937.38 1.13017403e+02 1.01039267e+01 
963 938.14 1.11733116e+02 9.59900188e+00 
964 938.91 1.10712311e+02 9.07489204e+00 
965 939.67 1.09676399e+02 8.61746025e+00 
966 940.44 1.08502296e+02 8.22839832e+00 
967 941.20 1.07049004e+02 7.97113037e+00 
968 941.97 1.05397636e+02 7.80840683e+00 
969 942.73 1.03598068e+02 7.73885107e+00 
970 943.50 1.01786514e+02 7.74448299e+00 
971 944.26 1.00372421e+02 7.79409933e+00 
972 945.02 9.96519699e+01 7.80679131e+00 
973 945.79 9.95739517e+01 7.86130905e+00 
974 946.55 9.98938141e+01 7.86016655e+00 
975 947.32 1.00605339e+02 7.85776520e+00 
976 948.08 1.01348427e+02 7.82756710e+00 
977 948.85 1.02023415e+02 7.71327829e+00 
978 949.61 1.02507004e+02 7.62011814e+00 
979 950.37 1.03161728e+02 7.52186108e+00 
980 951.14 1.03869286e+02 7.40395975e+00 
981 951.90 1.04652962e+02 7.31277132e+00 
982 952.66 1.05439377e+02 7.26280975e+00 
983 953.43 1.06184242e+02 7.22524023e+00 
984 954.19 1.06846901e+02 7.13808441e+00 
985 954.96 1.07545341e+02 7.06476784e+00 
986 955.72 1.08072098e+02 6.98763037e+00 
987 956.48 1.08725395e+02 6.88586807e+00 
988 957.24 1.09736153e+02 6.78336525e+00 
989 958.01 1.10680626e+02 6.63999462e+00 
990 958.77 1.11595116e+02 6.52862740e+00 
991 959.53 1.12495934e+02 6.40756035e+00 
992 960.30 1.13231712e+02 6.26976109e+00 
993 961.06 1.13892441e+02 6.05574656e+00 
994 961.82 1.14416756e+02 5.83532953e+00 
995 962.58 1.14913681e+02 5.54569626e+00 
996 963.34 1.15528114e+02 5.29973936e+00 
997 964.11 1.16295654e+02 5.04089451e+00 
998 964.87 1.17070610e+02 4.73939085e+00 
999 965.63 1.17615868e+02 4.50506592e+00 
1000 966.39 1.17982597e+02 4.20437717e+00 
1001 967.15 1.18263260e+02 3.94440556e+00 
1002 967.92 1.18446938e+02 3.64416575e+00 
1003 968.68 1.18450333e+02 3.44308448e+00 
1004 969.44 1.18452721e+02 3.20350099e+00 
1005 970.20 1.18375954e+02 3.01260686e+00 
1006 970.96 1.18016678e+02 2.96321273e+00 
1007 971.72 1.17436569e+02 2.82392192e+00 
1008 972.48 1.16542236e+02 2.75878716e+00 
1009 973.24 1.15470261e+02 2.73911452e+00 
1010 974.01 1.14338921e+02 2.73211241e+00 
1011 974.77 1.13292786e+02 2.69624591e+00 
1012 975.53 1.12504944e+02 2.62200785e+00 
1013 976.29 1.11854897e+02 2.56365728e+00 
1014 977.05 1.11161346e+02 2.42979693e+00 
1015 977.81 1.10557663e+02 2.33869386e+00 
1016 978.57 1.09819786e+02 2.16344428e+00 
1017 979.33 1.09099724e+02 2.01228881e+00 
1018 980.09 1.08563477e+02 1.84307694e+00 
1019 980.85 1.08052879e+02 1.60792696e+00 
1020 981.61 1.07640114e+02 1.46238363e+00 
1021 982.37 1.07136276e+02 1.32115531e+00 
1022 983.13 1.06448875e+02 1.12625706e+00 
1023 983.89 1.05512802e+02 9.89058912e-01 
1024 984.65 1.04570274e+02 8.29127073e-01 
1025 985.41 1.03709274e+02 6.71425283e-01 
1026 986.16 1.03032883e+02 6.15904987e-01 
1027 986.92 1.02314362e+02 5.51771939e-01 
1028 987.68 1.01354599e+02 4.87078249e-01 
1029 988.44 1.00170807e+02 4.43020403e-01 
1030 989.20 9.88619537e+01 4.18877721e-01 
1031 989.96 9.76552734e+01 3.88949990e-01 
1032 990.72 9.67531815e+01 3.67843628e-01 
1033 991.48 9.56996155e+01 3.64623189e-01 
1034 992.23 9.43954315e+01 3.68437558e-01 
1035 992.99 9.29318695e+01 3.40510279e-01 
1036 993.75 9.12554703e+01 3.05715322e-01 
1037 994.51 8.96669922e+01 3.03269476e-01 
1038 995.27 8.81348343e+01 3.70268166e-01 
1039 996.03 8.62958450e+01 3.63565981e-01 
1040 996.78 5.54548407e+00 2.71558538e-02 
1041 997.54 2.62260854e-01 1.49296159e-02 
1042 998.30 1.35948211e-01 1.49463946e-02 
1043 999.06 1.29666477e-01 1.53500875e-02 
