% C0 (TOA Count Rate, /ms) for 4STAR VIS spectrometer (1044 channels) derived from C:\Users\lebla\Research\MLO\2022_May\4STAR_20220511starsun.mat and recorded on 2022-05-11 13:10:34.
% Data outside 1.8x the STD of 501 nm Langley residuals were screened out. For instrument:4STAR
Pix Wavelength C0 C0err
0 171.97 -1.00000000e+00 -1.00000000e+00 
1 172.78 -1.00000000e+00 -1.00000000e+00 
2 173.59 -1.00000000e+00 -1.00000000e+00 
3 174.39 -1.00000000e+00 -1.00000000e+00 
4 175.20 -1.00000000e+00 -1.00000000e+00 
5 176.01 -1.00000000e+00 -1.00000000e+00 
6 176.82 -1.00000000e+00 -1.00000000e+00 
7 177.63 -1.00000000e+00 -1.00000000e+00 
8 178.43 -1.00000000e+00 -1.00000000e+00 
9 179.24 -1.00000000e+00 -1.00000000e+00 
10 180.05 -1.00000000e+00 -1.00000000e+00 
11 180.86 -1.00000000e+00 -1.00000000e+00 
12 181.67 -1.00000000e+00 -1.00000000e+00 
13 182.47 -1.00000000e+00 -1.00000000e+00 
14 183.28 -1.00000000e+00 -1.00000000e+00 
15 184.09 -1.00000000e+00 -1.00000000e+00 
16 184.90 -1.00000000e+00 -1.00000000e+00 
17 185.71 -1.00000000e+00 -1.00000000e+00 
18 186.51 -1.00000000e+00 -1.00000000e+00 
19 187.32 -1.00000000e+00 -1.00000000e+00 
20 188.13 -1.00000000e+00 -1.00000000e+00 
21 188.94 -1.00000000e+00 -1.00000000e+00 
22 189.75 -1.00000000e+00 -1.00000000e+00 
23 190.55 -1.00000000e+00 -1.00000000e+00 
24 191.36 -1.00000000e+00 -1.00000000e+00 
25 192.17 -1.00000000e+00 -1.00000000e+00 
26 192.98 -1.00000000e+00 -1.00000000e+00 
27 193.79 -1.00000000e+00 -1.00000000e+00 
28 194.60 -1.00000000e+00 -1.00000000e+00 
29 195.40 -1.00000000e+00 -1.00000000e+00 
30 196.21 -1.00000000e+00 -1.00000000e+00 
31 197.02 -1.00000000e+00 -1.00000000e+00 
32 197.83 -1.00000000e+00 -1.00000000e+00 
33 198.64 -1.00000000e+00 -1.00000000e+00 
34 199.44 -1.00000000e+00 -1.00000000e+00 
35 200.25 -1.00000000e+00 -1.00000000e+00 
36 201.06 -1.00000000e+00 -1.00000000e+00 
37 201.87 -1.00000000e+00 -1.00000000e+00 
38 202.68 -1.00000000e+00 -1.00000000e+00 
39 203.48 -1.00000000e+00 -1.00000000e+00 
40 204.29 -1.00000000e+00 -1.00000000e+00 
41 205.10 -1.00000000e+00 -1.00000000e+00 
42 205.91 -1.00000000e+00 -1.00000000e+00 
43 206.72 -1.00000000e+00 -1.00000000e+00 
44 207.53 -1.00000000e+00 -1.00000000e+00 
45 208.33 -1.00000000e+00 -1.00000000e+00 
46 209.14 -1.00000000e+00 -1.00000000e+00 
47 209.95 -1.00000000e+00 -1.00000000e+00 
48 210.76 -1.00000000e+00 -1.00000000e+00 
49 211.57 -1.00000000e+00 -1.00000000e+00 
50 212.37 6.74974289e+01 2.02492285e+00 
51 213.18 2.62735386e+01 7.88206160e-01 
52 213.99 2.89873466e+01 8.69620383e-01 
53 214.80 2.94106045e+01 8.82318139e-01 
54 215.61 2.95676422e+01 8.87029290e-01 
55 216.42 2.90258541e+01 8.70775640e-01 
56 217.22 2.95007210e+01 8.85021627e-01 
57 218.03 2.97259731e+01 8.91779184e-01 
58 218.84 3.00250168e+01 9.00750518e-01 
59 219.65 2.99111557e+01 8.97334695e-01 
60 220.46 3.02092972e+01 9.06278908e-01 
61 221.26 3.03870564e+01 9.11611676e-01 
62 222.07 3.06001606e+01 9.18004811e-01 
63 222.88 3.07028217e+01 9.21084642e-01 
64 223.69 3.10391502e+01 9.31174517e-01 
65 224.50 3.12709007e+01 9.38127041e-01 
66 225.31 3.16433754e+01 9.49301243e-01 
67 226.11 3.21911354e+01 9.65734065e-01 
68 226.92 3.18295727e+01 9.54887152e-01 
69 227.73 3.07957230e+01 9.23871696e-01 
70 228.54 2.98986073e+01 8.96958232e-01 
71 229.35 2.93007488e+01 8.79022479e-01 
72 230.15 2.91385689e+01 8.74157071e-01 
73 230.96 2.95412617e+01 8.86237860e-01 
74 231.77 3.01587486e+01 9.04762447e-01 
75 232.58 3.09276962e+01 9.27830875e-01 
76 233.39 3.09201450e+01 9.27604377e-01 
77 234.20 3.02069931e+01 9.06209767e-01 
78 235.00 2.94537182e+01 8.83611560e-01 
79 235.81 2.89844723e+01 8.69534194e-01 
80 236.62 2.86020241e+01 8.58060718e-01 
81 237.43 2.81390476e+01 8.44171405e-01 
82 238.24 2.77127266e+01 8.31381798e-01 
83 239.04 2.71019669e+01 8.13059032e-01 
84 239.85 2.67537460e+01 8.02612364e-01 
85 240.66 2.61092834e+01 7.83278525e-01 
86 241.47 2.60199966e+01 7.80599892e-01 
87 242.28 2.57457123e+01 7.72371352e-01 
88 243.09 2.56562996e+01 7.69688964e-01 
89 243.89 2.40599747e+01 7.21799254e-01 
90 244.70 2.34743118e+01 7.04229355e-01 
91 245.51 2.55340576e+01 7.66021729e-01 
92 246.32 2.50967960e+01 7.52903879e-01 
93 247.13 -1.00000000e+00 -1.00000000e+00 
94 247.93 -1.00000000e+00 -1.00000000e+00 
95 248.74 -1.00000000e+00 -1.00000000e+00 
96 249.55 -1.00000000e+00 -1.00000000e+00 
97 250.36 -1.00000000e+00 -1.00000000e+00 
98 251.17 -1.00000000e+00 -1.00000000e+00 
99 251.98 -1.00000000e+00 -1.00000000e+00 
100 252.78 -1.00000000e+00 -1.00000000e+00 
101 253.59 -1.00000000e+00 -1.00000000e+00 
102 254.40 -1.00000000e+00 -1.00000000e+00 
103 255.21 -1.00000000e+00 -1.00000000e+00 
104 256.02 -1.00000000e+00 -1.00000000e+00 
105 256.82 -1.00000000e+00 -1.00000000e+00 
106 257.63 -1.00000000e+00 -1.00000000e+00 
107 258.44 -1.00000000e+00 -1.00000000e+00 
108 259.25 -1.00000000e+00 -1.00000000e+00 
109 260.06 -1.00000000e+00 -1.00000000e+00 
110 260.87 -1.00000000e+00 -1.00000000e+00 
111 261.67 1.91224963e+06 5.73674883e+04 
112 262.48 2.47847366e+01 7.43542075e-01 
113 263.29 2.32900333e+01 6.98701024e-01 
114 264.10 2.10069466e+01 6.30208373e-01 
115 264.91 2.26898499e+01 6.80695474e-01 
116 265.71 2.30783081e+01 6.92349255e-01 
117 266.52 2.37017822e+01 7.11053491e-01 
118 267.33 2.37820244e+01 7.13460743e-01 
119 268.14 2.38754692e+01 7.16264069e-01 
120 268.95 2.40862389e+01 7.22587168e-01 
121 269.75 2.43261337e+01 7.29784012e-01 
122 270.56 2.46474571e+01 7.39423692e-01 
123 271.37 2.49993343e+01 7.49980032e-01 
124 272.18 2.52138672e+01 7.56416023e-01 
125 272.99 2.56639347e+01 7.69918025e-01 
126 273.79 2.62639198e+01 7.87917614e-01 
127 274.60 2.65370407e+01 7.96111226e-01 
128 275.41 2.57360897e+01 7.72082686e-01 
129 276.22 2.46888618e+01 7.40665853e-01 
130 277.03 2.36622124e+01 7.09866345e-01 
131 277.83 2.29803543e+01 6.89410627e-01 
132 278.64 2.74659309e+01 8.23977947e-01 
133 279.45 3.31459122e+01 9.94377375e-01 
134 280.26 3.37589340e+01 1.01276803e+00 
135 281.07 3.67982254e+01 1.10394681e+00 
136 281.87 3.62499809e+01 1.08749938e+00 
137 282.68 3.42321396e+01 1.02696419e+00 
138 283.49 3.15798244e+01 9.47394729e-01 
139 284.30 2.91406250e+01 8.74218762e-01 
140 285.11 2.70539360e+01 8.11618090e-01 
141 285.91 2.53090267e+01 7.59270787e-01 
142 286.72 2.37538719e+01 7.12616146e-01 
143 287.53 2.23172092e+01 6.69516265e-01 
144 288.34 2.10431595e+01 6.31294787e-01 
145 289.15 1.99755058e+01 5.99265158e-01 
146 289.95 1.90504398e+01 5.71513176e-01 
147 290.76 1.82101727e+01 5.46305180e-01 
148 291.57 1.74531803e+01 5.23595393e-01 
149 292.38 1.67811508e+01 5.03434539e-01 
150 293.19 1.62046680e+01 4.86140043e-01 
151 293.99 1.56851158e+01 4.70553488e-01 
152 294.80 1.52417030e+01 4.57251102e-01 
153 295.61 1.48362846e+01 4.45088536e-01 
154 296.42 1.44532108e+01 4.33596313e-01 
155 297.23 1.41274128e+01 4.23822373e-01 
156 298.03 1.38345833e+01 4.15037513e-01 
157 298.84 1.35797291e+01 4.07391876e-01 
158 299.65 1.33616428e+01 4.00849283e-01 
159 300.46 1.31701241e+01 3.95103723e-01 
160 301.26 1.29978075e+01 3.89934212e-01 
161 302.07 1.28388767e+01 3.85166287e-01 
162 302.88 1.27078342e+01 3.81235033e-01 
163 303.69 1.25870934e+01 3.77612799e-01 
164 304.50 1.24826412e+01 3.74479234e-01 
165 305.30 1.23953400e+01 3.71860206e-01 
166 306.11 1.23114796e+01 3.69344383e-01 
167 306.92 1.22329102e+01 3.66987318e-01 
168 307.73 1.21810150e+01 3.65430444e-01 
169 308.53 1.21242962e+01 3.63728881e-01 
170 309.34 1.20731325e+01 3.62193972e-01 
171 310.15 1.20263424e+01 3.60790282e-01 
172 310.96 1.19905796e+01 3.59717399e-01 
173 311.76 1.19571934e+01 3.58715802e-01 
174 312.57 1.19146976e+01 3.57440919e-01 
175 313.38 1.18993340e+01 3.56980026e-01 
176 314.19 1.18879795e+01 3.56639385e-01 
177 315.00 1.18694916e+01 3.56084734e-01 
178 315.80 1.18603916e+01 3.55811745e-01 
179 316.61 1.18639631e+01 3.55918884e-01 
180 317.42 1.18551188e+01 3.55653554e-01 
181 318.23 1.18506203e+01 3.55518609e-01 
182 319.03 1.18660736e+01 3.55982214e-01 
183 319.84 1.18692255e+01 3.56076777e-01 
184 320.65 1.18816605e+01 3.56449813e-01 
185 321.46 1.18870955e+01 3.56612861e-01 
186 322.26 1.18943729e+01 3.56831193e-01 
187 323.07 1.19180107e+01 3.57540309e-01 
188 323.88 1.19262104e+01 3.57786298e-01 
189 324.69 1.19612045e+01 3.58836144e-01 
190 325.49 1.19873466e+01 3.59620392e-01 
191 326.30 1.20073376e+01 3.60220134e-01 
192 327.11 1.20478916e+01 3.61436754e-01 
193 327.92 1.20871124e+01 3.62613380e-01 
194 328.72 1.21334362e+01 3.64003092e-01 
195 329.53 1.21833305e+01 3.65499914e-01 
196 330.34 1.22120838e+01 3.66362512e-01 
197 331.14 1.22753382e+01 3.68260145e-01 
198 331.95 1.23583899e+01 3.70751709e-01 
199 332.76 1.24833403e+01 3.74500215e-01 
200 333.57 1.27037325e+01 3.81111979e-01 
201 334.37 1.30542936e+01 3.91628802e-01 
202 335.18 1.35994577e+01 4.07983720e-01 
203 335.99 1.43321857e+01 4.29965585e-01 
204 336.80 1.54351311e+01 4.63053942e-01 
205 337.60 1.71295872e+01 5.13887644e-01 
206 338.41 1.93370056e+01 5.80110192e-01 
207 339.22 2.19555817e+01 6.58667445e-01 
208 340.02 2.46637535e+01 7.39912629e-01 
209 340.83 2.69870338e+01 8.09611022e-01 
210 341.64 2.94121609e+01 8.82364810e-01 
211 342.45 3.21930695e+01 9.65792060e-01 
212 343.25 3.37818336e+01 1.01345503e+00 
213 344.06 3.43403473e+01 1.03021038e+00 
214 344.87 3.65486145e+01 1.09645844e+00 
215 345.67 3.97415924e+01 1.19224775e+00 
216 346.48 4.21102371e+01 1.26330709e+00 
217 347.29 4.38494301e+01 1.31548285e+00 
218 348.10 4.52689705e+01 1.35806906e+00 
219 348.90 4.70750198e+01 1.41225064e+00 
220 349.71 5.04846573e+01 1.51453972e+00 
221 350.52 5.43006477e+01 1.62901938e+00 
222 351.32 5.57210808e+01 1.67163241e+00 
223 352.13 5.60408325e+01 1.68122494e+00 
224 352.94 5.90103302e+01 1.77030993e+00 
225 353.74 6.46679230e+01 1.94003773e+00 
226 354.55 6.89559937e+01 2.06867981e+00 
227 355.36 6.98516464e+01 2.09554935e+00 
228 356.17 6.77260437e+01 2.03178120e+00 
229 356.97 6.45648575e+01 1.93694568e+00 
230 357.78 6.25045967e+01 1.87513793e+00 
231 358.59 6.56403885e+01 1.96921170e+00 
232 359.39 7.53770676e+01 2.26131201e+00 
233 360.20 8.07019196e+01 2.42105770e+00 
234 361.01 7.94866333e+01 2.38459897e+00 
235 361.81 8.14943466e+01 2.44483042e+00 
236 362.62 8.64620667e+01 2.59386206e+00 
237 363.43 9.00175171e+01 2.70052552e+00 
238 364.23 9.28029556e+01 2.78408861e+00 
239 365.04 9.90710831e+01 2.97213244e+00 
240 365.85 1.07499474e+02 3.22498417e+00 
241 366.65 1.11057671e+02 3.33173013e+00 
242 367.46 1.09947990e+02 3.29843974e+00 
243 368.27 1.09563843e+02 3.28691530e+00 
244 369.07 1.13720444e+02 3.41161323e+00 
245 369.88 1.16836952e+02 3.50510859e+00 
246 370.69 1.16252434e+02 3.48757291e+00 
247 371.49 1.14875099e+02 3.44625306e+00 
248 372.30 1.10775139e+02 3.32325411e+00 
249 373.11 1.04804657e+02 3.14413977e+00 
250 373.91 1.01529312e+02 3.04587936e+00 
251 374.72 1.05402802e+02 3.16208410e+00 
252 375.52 1.13770615e+02 3.41311836e+00 
253 376.33 1.22193329e+02 3.66579986e+00 
254 377.14 1.33063538e+02 3.99190617e+00 
255 377.94 1.41648300e+02 4.24944878e+00 
256 378.75 1.37472412e+02 4.12417221e+00 
257 379.56 1.31297562e+02 3.93892694e+00 
258 380.36 1.33007462e+02 3.99022388e+00 
259 381.17 1.28519241e+02 3.85557723e+00 
260 381.98 1.12532310e+02 3.37596941e+00 
261 382.78 9.94239807e+01 2.98271942e+00 
262 383.59 1.00679321e+02 3.02037954e+00 
263 384.39 1.13760147e+02 3.41280437e+00 
264 385.20 1.22413773e+02 3.67241311e+00 
265 386.01 1.23693970e+02 3.71081901e+00 
266 386.81 1.24614311e+02 3.73842931e+00 
267 387.62 1.25113785e+02 3.75341344e+00 
268 388.42 1.28704575e+02 3.86113715e+00 
269 389.23 1.38849701e+02 4.16549110e+00 
270 390.04 1.49377396e+02 4.48132181e+00 
271 390.84 1.54930389e+02 4.64791155e+00 
272 391.65 1.48186447e+02 4.44559336e+00 
273 392.45 1.24022934e+02 3.72068810e+00 
274 393.26 1.05642815e+02 3.16928434e+00 
275 394.07 1.17361259e+02 3.52083778e+00 
276 394.87 1.39705353e+02 4.19116068e+00 
277 395.68 1.39018372e+02 4.17055130e+00 
278 396.48 1.23463860e+02 3.70391583e+00 
279 397.29 1.31724304e+02 3.95172906e+00 
280 398.10 1.63950806e+02 4.91852427e+00 
281 398.90 1.88904831e+02 5.66714478e+00 
282 399.71 2.00432678e+02 6.01298046e+00 
283 400.51 2.07226273e+02 6.21678829e+00 
284 401.32 2.13887039e+02 6.41661119e+00 
285 402.12 2.17598236e+02 6.52794695e+00 
286 402.93 2.17237854e+02 6.51713562e+00 
287 403.74 2.16496918e+02 6.49490738e+00 
288 404.54 2.16323563e+02 6.48970699e+00 
289 405.35 2.15945221e+02 6.47835684e+00 
290 406.15 2.15637466e+02 6.46912384e+00 
291 406.96 2.18693039e+02 6.56079102e+00 
292 407.76 2.26845184e+02 6.80535555e+00 
293 408.57 2.34268768e+02 7.02806282e+00 
294 409.37 2.32108643e+02 6.96325922e+00 
295 410.18 2.29477692e+02 6.88433075e+00 
296 410.99 2.38251465e+02 7.14754391e+00 
297 411.79 2.47341583e+02 7.42024755e+00 
298 412.60 2.48241226e+02 7.44723701e+00 
299 413.40 2.47110062e+02 7.41330194e+00 
300 414.21 2.46533127e+02 7.39599371e+00 
301 415.01 2.45869705e+02 7.37609100e+00 
302 415.82 2.46078720e+02 7.38236141e+00 
303 416.62 2.43436783e+02 7.30310345e+00 
304 417.43 2.37369568e+02 7.12108707e+00 
305 418.23 2.33772873e+02 7.01318598e+00 
306 419.04 2.32292435e+02 6.96877289e+00 
307 419.84 2.32685211e+02 6.98055649e+00 
308 420.65 2.35964798e+02 7.07894373e+00 
309 421.45 2.36046051e+02 7.08138132e+00 
310 422.26 2.30799820e+02 6.92399454e+00 
311 423.06 2.28744843e+02 6.86234522e+00 
312 423.87 2.31879868e+02 6.95639610e+00 
313 424.67 2.34513092e+02 7.03539276e+00 
314 425.48 2.35996429e+02 7.07989311e+00 
315 426.28 2.37099899e+02 7.11299706e+00 
316 427.09 2.38323273e+02 7.14969826e+00 
317 427.89 2.40205521e+02 7.20616579e+00 
318 428.70 2.37366852e+02 7.12100554e+00 
319 429.50 2.26866379e+02 6.80599117e+00 
320 430.31 2.24395294e+02 6.73185873e+00 
321 431.11 2.46545578e+02 7.39636755e+00 
322 431.92 2.79028595e+02 8.37085819e+00 
323 432.72 2.98304810e+02 8.94914436e+00 
324 433.53 3.06329346e+02 9.18988037e+00 
325 434.33 3.18015686e+02 9.54047012e+00 
326 435.14 3.39216705e+02 1.01765013e+01 
327 435.94 3.60075745e+02 1.08022728e+01 
328 436.74 3.68980988e+02 1.10694294e+01 
329 437.55 3.66223938e+02 1.09867182e+01 
330 438.35 3.66591705e+02 1.09977512e+01 
331 439.16 3.78775635e+02 1.13632689e+01 
332 439.96 3.96755890e+02 1.19026766e+01 
333 440.77 4.16095886e+02 1.24828768e+01 
334 441.57 4.36363434e+02 1.30909033e+01 
335 442.38 4.51865997e+02 1.35559797e+01 
336 443.18 4.61699799e+02 1.38509941e+01 
337 443.98 4.69326660e+02 1.40797997e+01 
338 444.79 4.71806305e+02 1.41541891e+01 
339 445.59 4.73127625e+02 1.41938286e+01 
340 446.40 4.83894135e+02 1.45168238e+01 
341 447.20 5.01863892e+02 1.50559168e+01 
342 448.01 5.15397705e+02 1.54619312e+01 
343 448.81 5.25378113e+02 1.57613430e+01 
344 449.61 5.38965149e+02 1.61689548e+01 
345 450.42 5.52459534e+02 1.65737858e+01 
346 451.22 5.54553284e+02 1.66365986e+01 
347 452.03 5.44520325e+02 1.63356094e+01 
348 452.83 5.36363403e+02 1.60909023e+01 
349 453.63 5.39042542e+02 1.61712761e+01 
350 454.44 5.47777466e+02 1.64333248e+01 
351 455.24 5.57556885e+02 1.67267075e+01 
352 456.05 5.68106567e+02 1.70431976e+01 
353 456.85 5.75011536e+02 1.72503452e+01 
354 457.65 5.75182373e+02 1.72554703e+01 
355 458.46 5.73431396e+02 1.72029419e+01 
356 459.26 5.75559631e+02 1.72667885e+01 
357 460.06 5.83090210e+02 1.74927063e+01 
358 460.87 5.93067810e+02 1.77920341e+01 
359 461.67 6.01141846e+02 1.80342560e+01 
360 462.48 6.04295166e+02 1.81288548e+01 
361 463.28 6.01754700e+02 1.80526409e+01 
362 464.08 5.97114258e+02 1.79134274e+01 
363 464.89 5.94972107e+02 1.78491631e+01 
364 465.69 5.94572510e+02 1.78371754e+01 
365 466.49 5.94183105e+02 1.78254929e+01 
366 467.30 5.96721436e+02 1.79016438e+01 
367 468.10 6.02014709e+02 1.80604420e+01 
368 468.90 6.04352234e+02 1.81305676e+01 
369 469.71 6.02342651e+02 1.80702801e+01 
370 470.51 6.05071045e+02 1.81521320e+01 
371 471.31 6.15742676e+02 1.84722805e+01 
372 472.12 6.25608032e+02 1.87682419e+01 
373 472.92 6.30305542e+02 1.89091663e+01 
374 473.72 6.34704346e+02 1.90411301e+01 
375 474.53 6.38973938e+02 1.91692181e+01 
376 475.33 6.39796814e+02 1.91939049e+01 
377 476.13 6.41111206e+02 1.92333355e+01 
378 476.93 6.48149658e+02 1.94444904e+01 
379 477.74 6.56075073e+02 1.96822529e+01 
380 478.54 6.61215027e+02 1.98364506e+01 
381 479.34 6.64418579e+02 1.99325581e+01 
382 480.15 6.67487061e+02 2.00246124e+01 
383 480.95 6.70421997e+02 2.01126595e+01 
384 481.75 6.71534790e+02 2.01460438e+01 
385 482.55 6.68869202e+02 2.00660763e+01 
386 483.36 6.62830078e+02 1.98849030e+01 
387 484.16 6.49279602e+02 1.94783878e+01 
388 484.96 6.22757935e+02 1.86827374e+01 
389 485.76 5.97126221e+02 1.79137859e+01 
390 486.57 5.93673889e+02 1.78102169e+01 
391 487.37 6.10987061e+02 1.83296127e+01 
392 488.17 6.31857361e+02 1.89557209e+01 
393 488.97 6.48186096e+02 1.94455833e+01 
394 489.78 6.58452881e+02 1.97535858e+01 
395 490.58 6.58506592e+02 1.97551975e+01 
396 491.38 6.50991150e+02 1.95297337e+01 
397 492.18 6.47875244e+02 1.94362564e+01 
398 492.99 6.53498291e+02 1.96049480e+01 
399 493.79 6.62790894e+02 1.98837261e+01 
400 494.59 6.68840210e+02 2.00652065e+01 
401 495.39 6.71044434e+02 2.01313324e+01 
402 496.20 6.70703369e+02 2.01211014e+01 
403 497.00 6.66939514e+02 2.00081863e+01 
404 497.80 6.60772217e+02 1.98231659e+01 
405 498.60 6.55555298e+02 1.96666584e+01 
406 499.40 6.50365967e+02 1.95109787e+01 
407 500.21 6.43120728e+02 1.92936211e+01 
408 501.01 6.36893860e+02 1.91068153e+01 
409 501.81 6.38348694e+02 1.91504612e+01 
410 502.61 6.43932617e+02 1.93179779e+01 
411 503.41 6.48180847e+02 1.94454250e+01 
412 504.21 6.53771301e+02 1.96131382e+01 
413 505.02 6.61506470e+02 1.98451939e+01 
414 505.82 6.66429321e+02 1.99928799e+01 
415 506.62 6.63359375e+02 1.99007816e+01 
416 507.42 6.57415405e+02 1.97224617e+01 
417 508.22 6.56033752e+02 1.96810131e+01 
418 509.02 6.57389343e+02 1.97216797e+01 
419 509.83 6.58354004e+02 1.97506199e+01 
420 510.63 6.59053162e+02 1.97715950e+01 
421 511.43 6.57682861e+02 1.97304859e+01 
422 512.23 6.51866211e+02 1.95559864e+01 
423 513.03 6.43137268e+02 1.92941189e+01 
424 513.83 6.36670410e+02 1.91001129e+01 
425 514.63 6.32765808e+02 1.89829750e+01 
426 515.44 6.21121460e+02 1.86336441e+01 
427 516.24 6.01235291e+02 1.80370579e+01 
428 517.04 5.86073120e+02 1.75821934e+01 
429 517.84 5.85489319e+02 1.75646801e+01 
430 518.64 5.99227478e+02 1.79768238e+01 
431 519.44 6.15963501e+02 1.84789047e+01 
432 520.24 6.29457642e+02 1.88837299e+01 
433 521.04 6.36561707e+02 1.90968513e+01 
434 521.84 6.38037109e+02 1.91411133e+01 
435 522.64 6.40550171e+02 1.92165051e+01 
436 523.45 6.47029907e+02 1.94108963e+01 
437 524.25 6.52786621e+02 1.95835991e+01 
438 525.05 6.48431519e+02 1.94529457e+01 
439 525.85 6.33236694e+02 1.89971008e+01 
440 526.65 6.23541138e+02 1.87062340e+01 
441 527.45 6.29822998e+02 1.88946896e+01 
442 528.25 6.46317017e+02 1.93895111e+01 
443 529.05 6.60025879e+02 1.98007755e+01 
444 529.85 6.67497559e+02 2.00249271e+01 
445 530.65 6.69134949e+02 2.00740490e+01 
446 531.45 6.63239136e+02 1.98971748e+01 
447 532.25 6.54045654e+02 1.96213703e+01 
448 533.05 6.50314209e+02 1.95094261e+01 
449 533.85 6.54274292e+02 1.96282291e+01 
450 534.65 6.62176453e+02 1.98652935e+01 
451 535.45 6.65152710e+02 1.99545822e+01 
452 536.25 6.62089905e+02 1.98626976e+01 
453 537.05 6.58997559e+02 1.97699261e+01 
454 537.85 6.57126709e+02 1.97138004e+01 
455 538.65 6.53344971e+02 1.96003494e+01 
456 539.45 6.46739990e+02 1.94021988e+01 
457 540.25 6.42607239e+02 1.92782173e+01 
458 541.05 6.44720398e+02 1.93416119e+01 
459 541.85 6.49932251e+02 1.94979668e+01 
460 542.65 6.54735291e+02 1.96420593e+01 
461 543.45 6.59078613e+02 1.97723579e+01 
462 544.25 6.62736816e+02 1.98821049e+01 
463 545.05 6.64552002e+02 1.99365597e+01 
464 545.85 6.63798218e+02 1.99139462e+01 
465 546.65 6.60950562e+02 1.98285160e+01 
466 547.45 6.58311279e+02 1.97493382e+01 
467 548.25 6.57876343e+02 1.97362900e+01 
468 549.05 6.59071411e+02 1.97721424e+01 
469 549.85 6.58208984e+02 1.97462692e+01 
470 550.65 6.56193298e+02 1.96857986e+01 
471 551.45 6.55141907e+02 1.96542568e+01 
472 552.25 6.53348083e+02 1.96004429e+01 
473 553.05 6.54341431e+02 1.96302433e+01 
474 553.84 6.57477478e+02 1.97243252e+01 
475 554.64 6.58489624e+02 1.97546883e+01 
476 555.44 6.55834229e+02 1.96750259e+01 
477 556.24 6.50403809e+02 1.95121136e+01 
478 557.04 6.42950195e+02 1.92885056e+01 
479 557.84 6.35416626e+02 1.90624981e+01 
480 558.64 6.30690918e+02 1.89207268e+01 
481 559.44 6.30454041e+02 1.89136219e+01 
482 560.24 6.33758667e+02 1.90127602e+01 
483 561.03 6.39005615e+02 1.91701679e+01 
484 561.83 6.44273254e+02 1.93281975e+01 
485 562.63 6.46278809e+02 1.93883648e+01 
486 563.43 6.47915100e+02 1.94374523e+01 
487 564.23 6.47619812e+02 1.94285946e+01 
488 565.03 6.45059570e+02 1.93517876e+01 
489 565.83 6.43599304e+02 1.93079796e+01 
490 566.63 6.46508728e+02 1.93952618e+01 
491 567.42 6.52588684e+02 1.95776596e+01 
492 568.22 6.54740234e+02 1.96422062e+01 
493 569.02 6.54649414e+02 1.96394825e+01 
494 569.82 6.53434692e+02 1.96030407e+01 
495 570.62 6.52591431e+02 1.95777435e+01 
496 571.41 6.59145569e+02 1.97743664e+01 
497 572.21 6.69023560e+02 2.00707073e+01 
498 573.01 6.76508057e+02 2.02952423e+01 
499 573.81 6.76379089e+02 2.02913723e+01 
500 574.61 6.71120911e+02 2.01336269e+01 
501 575.40 6.66515137e+02 1.99954548e+01 
502 576.20 6.63924194e+02 1.99177265e+01 
503 577.00 6.61226074e+02 1.98367825e+01 
504 577.80 6.56690063e+02 1.97007027e+01 
505 578.60 6.53291687e+02 1.95987511e+01 
506 579.39 6.53175781e+02 1.95952740e+01 
507 580.19 6.54462769e+02 1.96338825e+01 
508 580.99 6.55749451e+02 1.96724834e+01 
509 581.79 6.56914001e+02 1.97074203e+01 
510 582.58 6.57584045e+02 1.97275219e+01 
511 583.38 6.56230835e+02 1.96869259e+01 
512 584.18 6.51711121e+02 1.95513344e+01 
513 584.98 6.45182007e+02 1.93554611e+01 
514 585.77 6.41280884e+02 1.92384262e+01 
515 586.57 6.40572205e+02 1.92171669e+01 
516 587.37 6.36206970e+02 1.90862083e+01 
517 588.16 6.23000549e+02 1.86900158e+01 
518 588.96 6.11112061e+02 1.83333626e+01 
519 589.76 6.11641785e+02 1.83492527e+01 
520 590.56 6.21253845e+02 1.86376152e+01 
521 591.35 6.30190125e+02 1.89057045e+01 
522 592.15 6.33239990e+02 1.89972000e+01 
523 592.95 6.33446289e+02 1.90033894e+01 
524 593.74 6.32666260e+02 1.89799881e+01 
525 594.54 6.31362854e+02 1.89408855e+01 
526 595.34 6.31435120e+02 1.89430542e+01 
527 596.13 6.31787476e+02 1.89536247e+01 
528 596.93 6.30981506e+02 1.89294453e+01 
529 597.73 6.28245911e+02 1.88473778e+01 
530 598.52 6.25583557e+02 1.87675076e+01 
531 599.32 6.23632141e+02 1.87089634e+01 
532 600.12 6.20958862e+02 1.86287651e+01 
533 600.91 6.17573730e+02 1.85272121e+01 
534 601.71 6.16584717e+02 1.84975414e+01 
535 602.50 6.19664795e+02 1.85899429e+01 
536 603.30 6.24363831e+02 1.87309151e+01 
537 604.10 6.27264404e+02 1.88179321e+01 
538 604.89 6.26854736e+02 1.88056412e+01 
539 605.69 6.25085632e+02 1.87525692e+01 
540 606.48 6.22874023e+02 1.86862202e+01 
541 607.28 6.19791870e+02 1.85937557e+01 
542 608.08 6.15740356e+02 1.84722099e+01 
543 608.87 6.11712341e+02 1.83513699e+01 
544 609.67 6.08805908e+02 1.82641773e+01 
545 610.46 6.07650146e+02 1.82295036e+01 
546 611.26 6.05789612e+02 1.81736889e+01 
547 612.05 6.02945557e+02 1.80883675e+01 
548 612.85 5.98708557e+02 1.79612560e+01 
549 613.65 5.95429626e+02 1.78628883e+01 
550 614.44 5.93309387e+02 1.77992821e+01 
551 615.24 5.89275269e+02 1.76782589e+01 
552 616.03 5.85244263e+02 1.75573273e+01 
553 616.83 5.85619751e+02 1.75685921e+01 
554 617.62 5.90479919e+02 1.77143974e+01 
555 618.42 5.95228638e+02 1.78568592e+01 
556 619.21 5.98340088e+02 1.79502029e+01 
557 620.01 5.99663086e+02 1.79898930e+01 
558 620.80 5.98329224e+02 1.79498768e+01 
559 621.60 5.94550659e+02 1.78365192e+01 
560 622.39 5.90339478e+02 1.77101841e+01 
561 623.19 5.86439026e+02 1.75931702e+01 
562 623.98 5.81939697e+02 1.74581909e+01 
563 624.78 5.78719482e+02 1.73615837e+01 
564 625.57 5.78073853e+02 1.73422165e+01 
565 626.37 5.80697632e+02 1.74209290e+01 
566 627.16 5.82070984e+02 1.74621296e+01 
567 627.95 5.81191284e+02 1.74357376e+01 
568 628.75 5.78622070e+02 1.73586617e+01 
569 629.54 5.75173645e+02 1.72552090e+01 
570 630.34 5.71333374e+02 1.71400013e+01 
571 631.13 5.68614136e+02 1.70584240e+01 
572 631.93 5.67613220e+02 1.70283966e+01 
573 632.72 5.66941528e+02 1.70082455e+01 
574 633.51 5.65756287e+02 1.69726887e+01 
575 634.31 5.64293579e+02 1.69288082e+01 
576 635.10 5.62538452e+02 1.68761539e+01 
577 635.90 5.61028381e+02 1.68308506e+01 
578 636.69 5.61240601e+02 1.68372173e+01 
579 637.48 5.61649109e+02 1.68494740e+01 
580 638.28 5.59360779e+02 1.67808228e+01 
581 639.07 5.54686829e+02 1.66406040e+01 
582 639.87 5.49361816e+02 1.64808540e+01 
583 640.66 5.45293579e+02 1.63588066e+01 
584 641.45 5.43612610e+02 1.63083782e+01 
585 642.25 5.43541565e+02 1.63062477e+01 
586 643.04 5.42990601e+02 1.62897186e+01 
587 643.83 5.41963379e+02 1.62589016e+01 
588 644.63 5.39671875e+02 1.61901569e+01 
589 645.42 5.37299561e+02 1.61189861e+01 
590 646.21 5.35632446e+02 1.60689735e+01 
591 647.01 5.35286499e+02 1.60585957e+01 
592 647.80 5.33868164e+02 1.60160446e+01 
593 648.59 5.28597351e+02 1.58579206e+01 
594 649.38 5.23591675e+02 1.57077503e+01 
595 650.18 5.24852051e+02 1.57455616e+01 
596 650.97 5.28315125e+02 1.58494539e+01 
597 651.76 5.28707764e+02 1.58612328e+01 
598 652.56 5.27632568e+02 1.58289766e+01 
599 653.35 5.25588562e+02 1.57676573e+01 
600 654.14 5.18580750e+02 1.55574226e+01 
601 654.93 4.99834381e+02 1.49950314e+01 
602 655.73 4.75800446e+02 1.42740135e+01 
603 656.52 4.69734131e+02 1.40920238e+01 
604 657.31 4.86527557e+02 1.45958271e+01 
605 658.10 5.04571289e+02 1.51371384e+01 
606 658.90 5.12440125e+02 1.53732033e+01 
607 659.69 5.15658997e+02 1.54697695e+01 
608 660.48 5.18650269e+02 1.55595083e+01 
609 661.27 5.20882324e+02 1.56264696e+01 
610 662.06 5.20792908e+02 1.56237869e+01 
611 662.86 5.18595825e+02 1.55578747e+01 
612 663.65 5.17124084e+02 1.55137224e+01 
613 664.44 5.17796509e+02 1.55338955e+01 
614 665.23 5.18744507e+02 1.55623350e+01 
615 666.02 5.18090637e+02 1.55427189e+01 
616 666.81 5.16953979e+02 1.55086193e+01 
617 667.61 5.16789856e+02 1.55036955e+01 
618 668.40 5.17235840e+02 1.55170755e+01 
619 669.19 5.16753906e+02 1.55026169e+01 
620 669.98 5.14852661e+02 1.54455795e+01 
621 670.77 5.11893829e+02 1.53568153e+01 
622 671.56 5.09091797e+02 1.52727537e+01 
623 672.35 5.08541046e+02 1.52562313e+01 
624 673.15 5.08746460e+02 1.52623940e+01 
625 673.94 5.07300995e+02 1.52190294e+01 
626 674.73 5.05214081e+02 1.51564226e+01 
627 675.52 5.04065063e+02 1.51219521e+01 
628 676.31 5.03087524e+02 1.50926256e+01 
629 677.10 5.01481140e+02 1.50444345e+01 
630 677.89 4.99520355e+02 1.49856110e+01 
631 678.68 4.97701752e+02 1.49310522e+01 
632 679.47 4.95515594e+02 1.48654680e+01 
633 680.26 4.93280487e+02 1.47984142e+01 
634 681.05 4.91556793e+02 1.47467041e+01 
635 681.84 4.90408447e+02 1.47122536e+01 
636 682.63 4.88276672e+02 1.46483002e+01 
637 683.42 4.83958282e+02 1.45187483e+01 
638 684.21 4.79573364e+02 1.43872013e+01 
639 685.00 4.75532349e+02 1.42659702e+01 
640 685.79 4.64042877e+02 1.39212866e+01 
641 686.58 4.45452057e+02 1.33635616e+01 
642 687.37 4.35522400e+02 1.30656719e+01 
643 688.16 4.39156586e+02 1.31746979e+01 
644 688.95 4.43318024e+02 1.32995405e+01 
645 689.74 4.45652191e+02 1.33695660e+01 
646 690.53 4.48337372e+02 1.34501209e+01 
647 691.32 4.50657349e+02 1.35197201e+01 
648 692.11 4.52715088e+02 1.35814524e+01 
649 692.90 4.54740814e+02 1.36422243e+01 
650 693.69 4.55854767e+02 1.36756430e+01 
651 694.48 4.54920166e+02 1.36476049e+01 
652 695.27 4.53721954e+02 1.36116590e+01 
653 696.06 4.52535950e+02 1.35760784e+01 
654 696.85 4.49656860e+02 1.34897060e+01 
655 697.64 4.46126526e+02 1.33837957e+01 
656 698.43 4.44937683e+02 1.33481302e+01 
657 699.22 4.44072266e+02 1.33221684e+01 
658 700.01 4.40993988e+02 1.32298193e+01 
659 700.79 4.37486603e+02 1.31245985e+01 
660 701.58 4.34780151e+02 1.30434046e+01 
661 702.37 4.33812256e+02 1.30143681e+01 
662 703.16 4.34171082e+02 1.30251322e+01 
663 703.95 4.35208282e+02 1.30562487e+01 
664 704.74 4.35281555e+02 1.30584469e+01 
665 705.53 4.33539276e+02 1.30061779e+01 
666 706.32 4.31444824e+02 1.29433451e+01 
667 707.10 4.31069946e+02 1.29320984e+01 
668 707.89 4.29837769e+02 1.28951330e+01 
669 708.68 4.26823761e+02 1.28047132e+01 
670 709.47 4.26024261e+02 1.27807274e+01 
671 710.26 4.26424438e+02 1.27927332e+01 
672 711.04 4.24355042e+02 1.27306509e+01 
673 711.83 4.21374268e+02 1.26412277e+01 
674 712.62 4.19811523e+02 1.25943460e+01 
675 713.41 4.19296387e+02 1.25788918e+01 
676 714.20 4.17673248e+02 1.25301971e+01 
677 714.98 4.14963318e+02 1.24488993e+01 
678 715.77 4.12747192e+02 1.23824158e+01 
679 716.56 4.10623718e+02 1.23187113e+01 
680 717.35 4.06932373e+02 1.22079716e+01 
681 718.13 4.00069092e+02 1.20020723e+01 
682 718.92 3.94932526e+02 1.18479757e+01 
683 719.71 3.94103668e+02 1.18231096e+01 
684 720.50 3.95060425e+02 1.18518124e+01 
685 721.28 3.97081238e+02 1.19124374e+01 
686 722.07 3.97582550e+02 1.19274769e+01 
687 722.86 3.96190613e+02 1.18857183e+01 
688 723.64 3.94652985e+02 1.18395891e+01 
689 724.43 3.93493774e+02 1.18048134e+01 
690 725.22 3.92356110e+02 1.17706833e+01 
691 726.00 3.91213715e+02 1.17364111e+01 
692 726.79 3.89974609e+02 1.16992378e+01 
693 727.58 3.87521057e+02 1.16256313e+01 
694 728.36 3.83019287e+02 1.14905787e+01 
695 729.15 3.81332855e+02 1.14399853e+01 
696 729.94 3.83180023e+02 1.14954004e+01 
697 730.72 3.83940674e+02 1.15182199e+01 
698 731.51 3.83428040e+02 1.15028410e+01 
699 732.30 3.81966919e+02 1.14590073e+01 
700 733.08 3.81475464e+02 1.14442635e+01 
701 733.87 3.82044312e+02 1.14613295e+01 
702 734.65 3.80700623e+02 1.14210186e+01 
703 735.44 3.77844421e+02 1.13353329e+01 
704 736.22 3.76012421e+02 1.12803726e+01 
705 737.01 3.75422272e+02 1.12626686e+01 
706 737.80 3.72884216e+02 1.11865263e+01 
707 738.58 3.68786987e+02 1.10636101e+01 
708 739.37 3.66838806e+02 1.10051641e+01 
709 740.15 3.65013306e+02 1.09503994e+01 
710 740.94 3.61807678e+02 1.08542299e+01 
711 741.72 3.60937317e+02 1.08281193e+01 
712 742.51 3.62801910e+02 1.08840570e+01 
713 743.29 3.63688904e+02 1.09106674e+01 
714 744.08 3.61329773e+02 1.08398933e+01 
715 744.86 3.60402100e+02 1.08120632e+01 
716 745.65 3.60864349e+02 1.08259306e+01 
717 746.43 3.60200073e+02 1.08060026e+01 
718 747.22 3.58330048e+02 1.07499018e+01 
719 748.00 3.55983917e+02 1.06795177e+01 
720 748.79 3.53773071e+02 1.06131926e+01 
721 749.57 3.52522583e+02 1.05756779e+01 
722 750.36 3.51195953e+02 1.05358782e+01 
723 751.14 3.49346680e+02 1.04804001e+01 
724 751.93 3.48231873e+02 1.04469566e+01 
725 752.71 3.48004120e+02 1.04401236e+01 
726 753.49 3.48587585e+02 1.04576273e+01 
727 754.28 3.47671753e+02 1.04301529e+01 
728 755.06 3.44846741e+02 1.03454018e+01 
729 755.85 3.42443359e+02 1.02733011e+01 
730 756.63 3.41335785e+02 1.02400732e+01 
731 757.41 3.39558990e+02 1.01867695e+01 
732 758.20 3.29535522e+02 9.88606548e+00 
733 758.98 2.95179291e+02 8.85537910e+00 
734 759.77 2.43327118e+02 7.29981375e+00 
735 760.55 2.20941238e+02 6.62823725e+00 
736 761.33 2.36356689e+02 7.09070063e+00 
737 762.12 2.54183365e+02 7.62550116e+00 
738 762.90 2.57898621e+02 7.73695850e+00 
739 763.68 2.62720245e+02 7.88160753e+00 
740 764.47 2.74202881e+02 8.22608662e+00 
741 765.25 2.85622284e+02 8.56866837e+00 
742 766.03 2.95133423e+02 8.85400295e+00 
743 766.81 3.05518860e+02 9.16556549e+00 
744 767.60 3.14869019e+02 9.44607067e+00 
745 768.38 3.19851868e+02 9.59555626e+00 
746 769.16 3.21302094e+02 9.63906288e+00 
747 769.95 3.21460083e+02 9.64380264e+00 
748 770.73 3.20120270e+02 9.60360813e+00 
749 771.51 3.18473816e+02 9.55421448e+00 
750 772.29 3.18732086e+02 9.56196213e+00 
751 773.08 3.19693604e+02 9.59080791e+00 
752 773.86 3.18297089e+02 9.54891300e+00 
753 774.64 3.15612183e+02 9.46836567e+00 
754 775.42 3.14592438e+02 9.43777275e+00 
755 776.20 3.14507385e+02 9.43522167e+00 
756 776.99 3.13402710e+02 9.40208149e+00 
757 777.77 3.11859955e+02 9.35579872e+00 
758 778.55 3.10319458e+02 9.30958366e+00 
759 779.33 3.08677032e+02 9.26031113e+00 
760 780.11 3.07745117e+02 9.23235321e+00 
761 780.89 3.08697632e+02 9.26092911e+00 
762 781.68 3.10135132e+02 9.30405426e+00 
763 782.46 3.08203430e+02 9.24610329e+00 
764 783.24 3.05260559e+02 9.15781689e+00 
765 784.02 3.04216339e+02 9.12649059e+00 
766 784.80 3.04113068e+02 9.12339211e+00 
767 785.58 3.04278442e+02 9.12835312e+00 
768 786.36 3.03829865e+02 9.11489582e+00 
769 787.14 3.01869202e+02 9.05607605e+00 
770 787.92 2.99490051e+02 8.98470116e+00 
771 788.71 2.98324860e+02 8.94974613e+00 
772 789.49 2.98021606e+02 8.94064808e+00 
773 790.27 2.96671936e+02 8.90015793e+00 
774 791.05 2.93158417e+02 8.79475212e+00 
775 791.83 2.88910706e+02 8.66732121e+00 
776 792.61 2.85553925e+02 8.56661797e+00 
777 793.39 2.83859253e+02 8.51577759e+00 
778 794.17 2.83896057e+02 8.51688194e+00 
779 794.95 2.84721802e+02 8.54165363e+00 
780 795.73 2.84875946e+02 8.54627800e+00 
781 796.51 2.85063599e+02 8.55190754e+00 
782 797.29 2.85330139e+02 8.55990410e+00 
783 798.07 2.84415955e+02 8.53247833e+00 
784 798.85 2.82222809e+02 8.46668434e+00 
785 799.63 2.79550110e+02 8.38650322e+00 
786 800.41 2.76702637e+02 8.30107880e+00 
787 801.19 2.75554749e+02 8.26664257e+00 
788 801.97 2.75555420e+02 8.26666260e+00 
789 802.75 2.75207825e+02 8.25623512e+00 
790 803.53 2.73316254e+02 8.19948769e+00 
791 804.30 2.69714478e+02 8.09143448e+00 
792 805.08 2.66279388e+02 7.98838186e+00 
793 805.86 2.66026581e+02 7.98079729e+00 
794 806.64 2.68018982e+02 8.04056931e+00 
795 807.42 2.68255127e+02 8.04765415e+00 
796 808.20 2.64360565e+02 7.93081713e+00 
797 808.98 2.59769196e+02 7.79307604e+00 
798 809.76 2.58121674e+02 7.74365044e+00 
799 810.54 2.59787140e+02 7.79361439e+00 
800 811.31 2.61752289e+02 7.85256863e+00 
801 812.09 2.61474091e+02 7.84422255e+00 
802 812.87 2.58555023e+02 7.75665092e+00 
803 813.65 2.53938644e+02 7.61815929e+00 
804 814.43 2.50568100e+02 7.51704311e+00 
805 815.20 2.49559570e+02 7.48678732e+00 
806 815.98 2.49791138e+02 7.49373436e+00 
807 816.76 2.48750153e+02 7.46250439e+00 
808 817.54 2.45263977e+02 7.35791922e+00 
809 818.32 2.40959457e+02 7.22878361e+00 
810 819.09 2.37449722e+02 7.12349176e+00 
811 819.87 2.36840683e+02 7.10522032e+00 
812 820.65 2.38998352e+02 7.16995049e+00 
813 821.43 2.39519730e+02 7.18559170e+00 
814 822.20 2.36322205e+02 7.08966637e+00 
815 822.98 2.33261322e+02 6.99783945e+00 
816 823.76 2.32040253e+02 6.96120739e+00 
817 824.53 2.33372360e+02 7.00117064e+00 
818 825.31 2.36445511e+02 7.09336519e+00 
819 826.09 2.37656006e+02 7.12968016e+00 
820 826.87 2.35795074e+02 7.07385206e+00 
821 827.64 2.31890717e+02 6.95672131e+00 
822 828.42 2.28563202e+02 6.85689592e+00 
823 829.20 2.27779724e+02 6.83339167e+00 
824 829.97 2.29441910e+02 6.88325739e+00 
825 830.75 2.29773209e+02 6.89319611e+00 
826 831.52 2.27808838e+02 6.83426523e+00 
827 832.30 2.23587738e+02 6.70763206e+00 
828 833.08 2.20040100e+02 6.60120296e+00 
829 833.85 2.19786331e+02 6.59358978e+00 
830 834.63 2.22973724e+02 6.68921185e+00 
831 835.40 2.26061340e+02 6.78184032e+00 
832 836.18 2.26209183e+02 6.78627539e+00 
833 836.96 2.22933121e+02 6.68799353e+00 
834 837.73 2.18876343e+02 6.56629038e+00 
835 838.51 2.16978729e+02 6.50936174e+00 
836 839.28 2.17711151e+02 6.53133440e+00 
837 840.06 2.19365219e+02 6.58095646e+00 
838 840.83 2.19134064e+02 6.57402182e+00 
839 841.61 2.15710892e+02 6.47132683e+00 
840 842.38 2.10847931e+02 6.32543802e+00 
841 843.16 2.07649124e+02 6.22947359e+00 
842 843.93 2.07888885e+02 6.23666668e+00 
843 844.71 2.10035629e+02 6.30106878e+00 
844 845.48 2.12219925e+02 6.36659765e+00 
845 846.26 2.11732330e+02 6.35196972e+00 
846 847.03 2.07775208e+02 6.23325634e+00 
847 847.81 2.02186737e+02 6.06560230e+00 
848 848.58 1.98917389e+02 5.96752167e+00 
849 849.36 1.98168152e+02 5.94504452e+00 
850 850.13 1.99212494e+02 5.97637463e+00 
851 850.90 1.99328613e+02 5.97985840e+00 
852 851.68 1.96318329e+02 5.88954973e+00 
853 852.45 1.90385529e+02 5.71156597e+00 
854 853.23 1.84132019e+02 5.52396059e+00 
855 854.00 1.81173340e+02 5.43520021e+00 
856 854.77 1.82982697e+02 5.48948097e+00 
857 855.55 1.88152664e+02 5.64457989e+00 
858 856.32 1.92765167e+02 5.78295517e+00 
859 857.09 1.93807373e+02 5.81422138e+00 
860 857.87 1.91554199e+02 5.74662590e+00 
861 858.64 1.88327606e+02 5.64982796e+00 
862 859.41 1.87176117e+02 5.61528349e+00 
863 860.19 1.88692551e+02 5.66077662e+00 
864 860.96 1.90142471e+02 5.70427418e+00 
865 861.73 1.89656845e+02 5.68970537e+00 
866 862.51 1.87437897e+02 5.62313700e+00 
867 863.28 1.82763641e+02 5.48290920e+00 
868 864.05 1.78055283e+02 5.34165859e+00 
869 864.82 1.74882690e+02 5.24648094e+00 
870 865.60 1.73695831e+02 5.21087503e+00 
871 866.37 1.73838776e+02 5.21516323e+00 
872 867.14 1.74229462e+02 5.22688389e+00 
873 867.91 1.73704208e+02 5.21112633e+00 
874 868.68 1.72549286e+02 5.17647839e+00 
875 869.46 1.71958145e+02 5.15874434e+00 
876 870.23 1.73010742e+02 5.19032240e+00 
877 871.00 1.74585403e+02 5.23756218e+00 
878 871.77 1.75892365e+02 5.27677107e+00 
879 872.54 1.75277832e+02 5.25833511e+00 
880 873.31 1.72498856e+02 5.17496586e+00 
881 874.09 1.68388229e+02 5.05164671e+00 
882 874.86 1.65188080e+02 4.95564222e+00 
883 875.63 1.64581741e+02 4.93745232e+00 
884 876.40 1.65650070e+02 4.96950197e+00 
885 877.17 1.67097504e+02 5.01292515e+00 
886 877.94 1.67333511e+02 5.02000523e+00 
887 878.71 1.65057465e+02 4.95172405e+00 
888 879.48 1.61428848e+02 4.84286547e+00 
889 880.25 1.58718323e+02 4.76154947e+00 
890 881.03 1.58068176e+02 4.74204540e+00 
891 881.80 1.59200241e+02 4.77600718e+00 
892 882.57 1.61244141e+02 4.83732414e+00 
893 883.34 1.62093353e+02 4.86280060e+00 
894 884.11 1.60812302e+02 4.82436895e+00 
895 884.88 1.58194031e+02 4.74582100e+00 
896 885.65 1.55209900e+02 4.65629721e+00 
897 886.42 1.53477142e+02 4.60431433e+00 
898 887.19 1.53544785e+02 4.60634375e+00 
899 887.96 1.55128281e+02 4.65384865e+00 
900 888.73 1.56996857e+02 4.70990562e+00 
901 889.50 1.57218750e+02 4.71656227e+00 
902 890.27 1.55219070e+02 4.65657234e+00 
903 891.03 1.52297592e+02 4.56892776e+00 
904 891.80 1.49444366e+02 4.48333120e+00 
905 892.57 1.48432617e+02 4.45297861e+00 
906 893.34 1.49066727e+02 4.47200203e+00 
907 894.11 1.50137970e+02 4.50413895e+00 
908 894.88 1.50173416e+02 4.50520229e+00 
909 895.65 1.48385635e+02 4.45156908e+00 
910 896.42 1.45014862e+02 4.35044575e+00 
911 897.19 1.41799805e+02 4.25399399e+00 
912 897.96 1.39969543e+02 4.19908619e+00 
913 898.72 1.39545166e+02 4.18635511e+00 
914 899.49 1.39578705e+02 4.18736124e+00 
915 900.26 1.39521683e+02 4.18565035e+00 
916 901.03 1.38339569e+02 4.15018702e+00 
917 901.80 1.36281219e+02 4.08843660e+00 
918 902.56 1.34422211e+02 4.03266621e+00 
919 903.33 1.33374161e+02 4.00122499e+00 
920 904.10 1.33381348e+02 4.00144053e+00 
921 904.87 1.34133957e+02 4.02401876e+00 
922 905.64 1.34763840e+02 4.04291534e+00 
923 906.40 1.34289658e+02 4.02868986e+00 
924 907.17 1.32581619e+02 3.97744846e+00 
925 907.94 1.29868484e+02 3.89605451e+00 
926 908.71 1.27250557e+02 3.81751680e+00 
927 909.47 1.25794434e+02 3.77383304e+00 
928 910.24 1.25546349e+02 3.76639056e+00 
929 911.01 1.26254684e+02 3.78764057e+00 
930 911.77 1.26956909e+02 3.80870724e+00 
931 912.54 1.26932999e+02 3.80799007e+00 
932 913.31 1.25884079e+02 3.77652240e+00 
933 914.07 1.24055115e+02 3.72165346e+00 
934 914.84 1.22130997e+02 3.66392994e+00 
935 915.61 1.20785858e+02 3.62357569e+00 
936 916.37 1.20190186e+02 3.60570550e+00 
937 917.14 1.20265686e+02 3.60797048e+00 
938 917.90 1.20285416e+02 3.60856247e+00 
939 918.67 1.19664589e+02 3.58993769e+00 
940 919.44 1.18231216e+02 3.54693651e+00 
941 920.20 1.16061958e+02 3.48185873e+00 
942 920.97 1.13737854e+02 3.41213560e+00 
943 921.73 1.11945786e+02 3.35837364e+00 
944 922.50 1.10802979e+02 3.32408929e+00 
945 923.26 1.10319542e+02 3.30958629e+00 
946 924.03 1.10043556e+02 3.30130672e+00 
947 924.79 1.09457375e+02 3.28372121e+00 
948 925.56 1.08330513e+02 3.24991536e+00 
949 926.32 1.06618057e+02 3.19854164e+00 
950 927.09 1.04526810e+02 3.13580418e+00 
951 927.85 1.02371735e+02 3.07115197e+00 
952 928.62 1.00540001e+02 3.01620007e+00 
953 929.38 9.89500275e+01 2.96850085e+00 
954 930.15 9.71707687e+01 2.91512299e+00 
955 930.91 9.49930267e+01 2.84979081e+00 
956 931.68 9.21744614e+01 2.76523376e+00 
957 932.44 8.89440536e+01 2.66832161e+00 
958 933.21 8.56419144e+01 2.56925750e+00 
959 933.97 8.28630829e+01 2.48589253e+00 
960 934.73 8.07318573e+01 2.42195582e+00 
961 935.50 7.91580200e+01 2.37474060e+00 
962 936.26 7.79855118e+01 2.33956528e+00 
963 937.02 7.68582840e+01 2.30574846e+00 
964 937.79 7.54203186e+01 2.26260948e+00 
965 938.55 7.37148132e+01 2.21144438e+00 
966 939.31 7.18525620e+01 2.15557694e+00 
967 940.08 6.99921494e+01 2.09976459e+00 
968 940.84 6.85335236e+01 2.05600572e+00 
969 941.60 6.74368210e+01 2.02310467e+00 
970 942.37 6.66131592e+01 1.99839473e+00 
971 943.13 6.59232941e+01 1.97769880e+00 
972 943.89 6.52272568e+01 1.95681775e+00 
973 944.65 6.45071259e+01 1.93521380e+00 
974 945.42 6.38808174e+01 1.91642451e+00 
975 946.18 6.35537186e+01 1.90661156e+00 
976 946.94 6.35710869e+01 1.90713263e+00 
977 947.70 6.40004272e+01 1.92001283e+00 
978 948.47 6.46646500e+01 1.93993950e+00 
979 949.23 6.53379822e+01 1.96013951e+00 
980 949.99 6.57459259e+01 1.97237778e+00 
981 950.75 6.57985840e+01 1.97395754e+00 
982 951.51 6.55550919e+01 1.96665275e+00 
983 952.28 6.52677002e+01 1.95803106e+00 
984 953.04 6.52674561e+01 1.95802367e+00 
985 953.80 6.55916138e+01 1.96774840e+00 
986 954.56 6.61286621e+01 1.98385990e+00 
987 955.32 6.67226410e+01 2.00167918e+00 
988 956.08 6.71993484e+01 2.01598048e+00 
989 956.84 6.74153442e+01 2.02246022e+00 
990 957.60 6.73528137e+01 2.02058434e+00 
991 958.36 6.71319962e+01 2.01395988e+00 
992 959.12 6.71450882e+01 2.01435256e+00 
993 959.89 6.73580551e+01 2.02074170e+00 
994 960.65 6.77553711e+01 2.03266120e+00 
995 961.41 6.82094269e+01 2.04628277e+00 
996 962.17 6.83936081e+01 2.05180836e+00 
997 962.93 6.83002701e+01 2.04900813e+00 
998 963.69 6.78613281e+01 2.03583980e+00 
999 964.45 6.73249741e+01 2.01974916e+00 
1000 965.21 6.69440994e+01 2.00832295e+00 
1001 965.97 6.68959427e+01 2.00687838e+00 
1002 966.73 6.71003723e+01 2.01301122e+00 
1003 967.48 6.73831100e+01 2.02149320e+00 
1004 968.24 6.73013840e+01 2.01904154e+00 
1005 969.00 6.67927704e+01 2.00378323e+00 
1006 969.76 6.61503296e+01 1.98450994e+00 
1007 970.52 6.55312805e+01 1.96593845e+00 
1008 971.28 6.51671600e+01 1.95501482e+00 
1009 972.04 6.51081467e+01 1.95324445e+00 
1010 972.80 6.49935989e+01 1.94980800e+00 
1011 973.56 6.46287689e+01 1.93886304e+00 
1012 974.32 6.39904785e+01 1.91971433e+00 
1013 975.07 6.32014961e+01 1.89604485e+00 
1014 975.83 6.25047760e+01 1.87514329e+00 
1015 976.59 6.21399918e+01 1.86419976e+00 
1016 977.35 6.20097542e+01 1.86029267e+00 
1017 978.11 6.18715553e+01 1.85614669e+00 
1018 978.86 6.14760132e+01 1.84428036e+00 
1019 979.62 6.08097076e+01 1.82429123e+00 
1020 980.38 6.01693840e+01 1.80508149e+00 
1021 981.14 5.97612991e+01 1.79283893e+00 
1022 981.89 5.96603355e+01 1.78981006e+00 
1023 982.65 5.94692421e+01 1.78407729e+00 
1024 983.41 5.89023781e+01 1.76707137e+00 
1025 984.17 5.80829697e+01 1.74248910e+00 
1026 984.92 5.74498215e+01 1.72349465e+00 
1027 985.68 5.72188072e+01 1.71656418e+00 
1028 986.44 5.69565544e+01 1.70869660e+00 
1029 987.19 5.62714119e+01 1.68814230e+00 
1030 987.95 5.53144836e+01 1.65943456e+00 
1031 988.71 5.45712624e+01 1.63713789e+00 
1032 989.46 5.42412033e+01 1.62723613e+00 
1033 990.22 5.37086792e+01 1.61126041e+00 
1034 990.98 5.27112160e+01 1.58133650e+00 
1035 991.73 5.18031464e+01 1.55409443e+00 
1036 992.49 5.11476440e+01 1.53442931e+00 
1037 993.24 5.03347130e+01 1.51004136e+00 
1038 994.00 4.91819382e+01 1.47545815e+00 
1039 994.76 4.81685944e+01 1.44505787e+00 
1040 995.51 2.95898390e+00 8.87695178e-02 
1041 996.27 2.06518352e-01 6.19555078e-03 
1042 997.02 1.46771401e-01 4.40314226e-03 
1043 997.78 1.41417846e-01 4.24253521e-03 
