% C0 (TOA Count Rate, /ms) for 4STAR VIS spectrometer (1044 channels) derived from /data/sunsat/rooftop/Spring_2022/data_processed/starsuns/4STAR_20220405starsun.mat and recorded on 2022-04-06 00:13:06.
% Data outside 1.8x the STD of 501 nm Langley residuals were screened out. For instrument:4STAR
Pix Wavelength C0 C0err
0 173.18 -1.00000000e+00 -1.00000000e+00 
1 173.98 -1.00000000e+00 -1.00000000e+00 
2 174.77 -1.00000000e+00 -1.00000000e+00 
3 175.56 -1.00000000e+00 -1.00000000e+00 
4 176.36 -1.00000000e+00 -1.00000000e+00 
5 177.15 -1.00000000e+00 -1.00000000e+00 
6 177.94 -1.00000000e+00 -1.00000000e+00 
7 178.74 -1.00000000e+00 -1.00000000e+00 
8 179.53 -1.00000000e+00 -1.00000000e+00 
9 180.33 -1.00000000e+00 -1.00000000e+00 
10 181.12 -1.00000000e+00 -1.00000000e+00 
11 181.92 -1.00000000e+00 -1.00000000e+00 
12 182.71 -1.00000000e+00 -1.00000000e+00 
13 183.51 -1.00000000e+00 -1.00000000e+00 
14 184.30 -1.00000000e+00 -1.00000000e+00 
15 185.10 -1.00000000e+00 -1.00000000e+00 
16 185.89 -1.00000000e+00 -1.00000000e+00 
17 186.69 -1.00000000e+00 -1.00000000e+00 
18 187.49 -1.00000000e+00 -1.00000000e+00 
19 188.28 -1.00000000e+00 -1.00000000e+00 
20 189.08 -1.00000000e+00 -1.00000000e+00 
21 189.88 -1.00000000e+00 -1.00000000e+00 
22 190.67 -1.00000000e+00 -1.00000000e+00 
23 191.47 -1.00000000e+00 -1.00000000e+00 
24 192.27 -1.00000000e+00 -1.00000000e+00 
25 193.07 -1.00000000e+00 -1.00000000e+00 
26 193.86 -1.00000000e+00 -1.00000000e+00 
27 194.66 -1.00000000e+00 -1.00000000e+00 
28 195.46 -1.00000000e+00 -1.00000000e+00 
29 196.26 -1.00000000e+00 -1.00000000e+00 
30 197.05 -1.00000000e+00 -1.00000000e+00 
31 197.85 -1.00000000e+00 -1.00000000e+00 
32 198.65 -1.00000000e+00 -1.00000000e+00 
33 199.45 -1.00000000e+00 -1.00000000e+00 
34 200.25 -1.00000000e+00 -1.00000000e+00 
35 201.05 -1.00000000e+00 -1.00000000e+00 
36 201.85 -1.00000000e+00 -1.00000000e+00 
37 202.65 -1.00000000e+00 -1.00000000e+00 
38 203.44 -1.00000000e+00 -1.00000000e+00 
39 204.24 -1.00000000e+00 -1.00000000e+00 
40 205.04 -1.00000000e+00 -1.00000000e+00 
41 205.84 -1.00000000e+00 -1.00000000e+00 
42 206.64 -1.00000000e+00 -1.00000000e+00 
43 207.44 -1.00000000e+00 -1.00000000e+00 
44 208.24 -1.00000000e+00 -1.00000000e+00 
45 209.04 -1.00000000e+00 -1.00000000e+00 
46 209.84 -1.00000000e+00 -1.00000000e+00 
47 210.64 -1.00000000e+00 -1.00000000e+00 
48 211.44 -1.00000000e+00 -1.00000000e+00 
49 212.24 -1.00000000e+00 -1.00000000e+00 
50 213.04 -1.00000000e+00 -1.00000000e+00 
51 213.85 -1.00000000e+00 -1.00000000e+00 
52 214.65 -1.00000000e+00 -1.00000000e+00 
53 215.45 -1.00000000e+00 -1.00000000e+00 
54 216.25 -1.00000000e+00 -1.00000000e+00 
55 217.05 -1.00000000e+00 -1.00000000e+00 
56 217.85 4.73126495e+02 1.41937952e+01 
57 218.65 2.94227238e+01 8.82681727e-01 
58 219.46 3.26259308e+01 9.78777945e-01 
59 220.26 3.47020493e+01 1.04106152e+00 
60 221.06 3.00341816e+01 9.01025474e-01 
61 221.86 2.80034809e+01 8.40104401e-01 
62 222.66 2.99056797e+01 8.97170365e-01 
63 223.47 2.90939178e+01 8.72817516e-01 
64 224.27 2.87380772e+01 8.62142324e-01 
65 225.07 2.90874825e+01 8.72624457e-01 
66 225.87 2.93384399e+01 8.80153179e-01 
67 226.68 2.80280609e+01 8.40841830e-01 
68 227.48 2.71716347e+01 8.15149069e-01 
69 228.28 2.65036564e+01 7.95109689e-01 
70 229.08 2.54979458e+01 7.64938354e-01 
71 229.89 2.50534649e+01 7.51603961e-01 
72 230.69 2.50009556e+01 7.50028670e-01 
73 231.49 2.52216587e+01 7.56649733e-01 
74 232.30 2.56663818e+01 7.69991457e-01 
75 233.10 2.63742580e+01 7.91227758e-01 
76 233.90 2.72266273e+01 8.16798806e-01 
77 234.71 2.83599606e+01 8.50798845e-01 
78 235.51 2.76523247e+01 8.29569757e-01 
79 236.32 2.73460159e+01 8.20380449e-01 
80 237.12 2.76459961e+01 8.29379857e-01 
81 237.92 2.61429710e+01 7.84289122e-01 
82 238.73 2.73777466e+01 8.21332395e-01 
83 239.53 2.71665573e+01 8.14996719e-01 
84 240.34 2.81287441e+01 8.43862295e-01 
85 241.14 2.44726353e+01 7.34179080e-01 
86 241.94 4.64936299e-03 1.39480893e-04 
87 242.75 -1.00000000e+00 -1.00000000e+00 
88 243.55 -1.00000000e+00 -1.00000000e+00 
89 244.36 -1.00000000e+00 -1.00000000e+00 
90 245.16 -1.00000000e+00 -1.00000000e+00 
91 245.97 -1.00000000e+00 -1.00000000e+00 
92 246.77 -1.00000000e+00 -1.00000000e+00 
93 247.58 -1.00000000e+00 -1.00000000e+00 
94 248.38 -1.00000000e+00 -1.00000000e+00 
95 249.19 -1.00000000e+00 -1.00000000e+00 
96 249.99 -1.00000000e+00 -1.00000000e+00 
97 250.80 -1.00000000e+00 -1.00000000e+00 
98 251.60 -1.00000000e+00 -1.00000000e+00 
99 252.41 -1.00000000e+00 -1.00000000e+00 
100 253.21 -1.00000000e+00 -1.00000000e+00 
101 254.02 -1.00000000e+00 -1.00000000e+00 
102 254.82 -1.00000000e+00 -1.00000000e+00 
103 255.63 -1.00000000e+00 -1.00000000e+00 
104 256.44 -1.00000000e+00 -1.00000000e+00 
105 257.24 -1.00000000e+00 -1.00000000e+00 
106 258.05 -1.00000000e+00 -1.00000000e+00 
107 258.85 -1.00000000e+00 -1.00000000e+00 
108 259.66 -1.00000000e+00 -1.00000000e+00 
109 260.46 -1.00000000e+00 -1.00000000e+00 
110 261.27 -1.00000000e+00 -1.00000000e+00 
111 262.08 -1.00000000e+00 -1.00000000e+00 
112 262.88 -1.00000000e+00 -1.00000000e+00 
113 263.69 -1.00000000e+00 -1.00000000e+00 
114 264.49 -1.00000000e+00 -1.00000000e+00 
115 265.30 -1.00000000e+00 -1.00000000e+00 
116 266.11 -1.00000000e+00 -1.00000000e+00 
117 266.91 1.49318323e+09 4.47954960e+07 
118 267.72 2.10520325e+01 6.31560981e-01 
119 268.53 2.35798550e+01 7.07395673e-01 
120 269.33 2.39424133e+01 7.18272388e-01 
121 270.14 2.24575233e+01 6.73725724e-01 
122 270.95 2.14111423e+01 6.42334282e-01 
123 271.75 2.37300072e+01 7.11900234e-01 
124 272.56 2.39905052e+01 7.19715178e-01 
125 273.37 2.41226501e+01 7.23679483e-01 
126 274.17 2.40353889e+01 7.21061647e-01 
127 274.98 2.29620399e+01 6.88861191e-01 
128 275.79 2.19163837e+01 6.57491505e-01 
129 276.59 2.09859619e+01 6.29578829e-01 
130 277.40 2.04058857e+01 6.12176597e-01 
131 278.21 1.93497009e+01 5.80491006e-01 
132 279.01 1.87551613e+01 5.62654853e-01 
133 279.82 1.78580418e+01 5.35741270e-01 
134 280.63 1.70914974e+01 5.12744904e-01 
135 281.43 1.66500340e+01 4.99501020e-01 
136 282.24 1.61396751e+01 4.84190255e-01 
137 283.05 1.55222321e+01 4.65666950e-01 
138 283.86 1.48631210e+01 4.45893645e-01 
139 284.66 1.46838255e+01 4.40514773e-01 
140 285.47 1.41024561e+01 4.23073679e-01 
141 286.28 1.38872337e+01 4.16617006e-01 
142 287.09 1.35017004e+01 4.05051023e-01 
143 287.89 1.32192307e+01 3.96576911e-01 
144 288.70 1.28112230e+01 3.84336680e-01 
145 289.51 1.26806498e+01 3.80419493e-01 
146 290.32 1.23941708e+01 3.71825129e-01 
147 291.12 1.20872049e+01 3.62616152e-01 
148 291.93 1.18487158e+01 3.55461478e-01 
149 292.74 1.16897640e+01 3.50692928e-01 
150 293.55 1.16434460e+01 3.49303365e-01 
151 294.35 1.14532814e+01 3.43598455e-01 
152 295.16 1.12448730e+01 3.37346196e-01 
153 295.97 1.13317070e+01 3.39951217e-01 
154 296.78 1.09970951e+01 3.29912841e-01 
155 297.58 1.10929222e+01 3.32787663e-01 
156 298.39 1.08497276e+01 3.25491816e-01 
157 299.20 1.07761164e+01 3.23283494e-01 
158 300.01 1.06593599e+01 3.19780797e-01 
159 300.81 1.08330917e+01 3.24992746e-01 
160 301.62 1.06189833e+01 3.18569511e-01 
161 302.43 1.05765619e+01 3.17296863e-01 
162 303.24 1.06929617e+01 3.20788860e-01 
163 304.04 1.04753094e+01 3.14259291e-01 
164 304.85 1.05197010e+01 3.15591037e-01 
165 305.66 1.04575567e+01 3.13726693e-01 
166 306.47 1.04933062e+01 3.14799190e-01 
167 307.28 1.04043589e+01 3.12130779e-01 
168 308.08 1.04135189e+01 3.12405556e-01 
169 308.89 1.02267323e+01 3.06801975e-01 
170 309.70 1.03395920e+01 3.10187757e-01 
171 310.51 1.04564524e+01 3.13693583e-01 
172 311.32 1.03476162e+01 3.10428500e-01 
173 312.12 1.02995443e+01 3.08986336e-01 
174 312.93 1.01702337e+01 3.05106997e-01 
175 313.74 1.02966747e+01 3.08900237e-01 
176 314.55 1.02507963e+01 3.07523876e-01 
177 315.36 1.03245850e+01 3.09737563e-01 
178 316.16 1.03109570e+01 3.09328705e-01 
179 316.97 1.01892614e+01 3.05677831e-01 
180 317.78 1.02484550e+01 3.07453662e-01 
181 318.59 1.02583189e+01 3.07749569e-01 
182 319.40 1.03385515e+01 3.10156554e-01 
183 320.20 1.02442265e+01 3.07326794e-01 
184 321.01 1.03883266e+01 3.11649799e-01 
185 321.82 1.03566723e+01 3.10700178e-01 
186 322.63 1.04279690e+01 3.12839061e-01 
187 323.43 1.03980999e+01 3.11942995e-01 
188 324.24 1.05153675e+01 3.15461040e-01 
189 325.05 1.04144526e+01 3.12433571e-01 
190 325.86 1.04437904e+01 3.13313723e-01 
191 326.67 1.03868876e+01 3.11606616e-01 
192 327.48 1.05146437e+01 3.15439314e-01 
193 328.28 1.06633301e+01 3.19899917e-01 
194 329.09 1.06614571e+01 3.19843709e-01 
195 329.90 1.07217140e+01 3.21651429e-01 
196 330.71 1.05956831e+01 3.17870498e-01 
197 331.52 1.07471638e+01 3.22414905e-01 
198 332.32 1.07435722e+01 3.22307169e-01 
199 333.13 1.08175545e+01 3.24526638e-01 
200 333.94 1.09282093e+01 3.27846289e-01 
201 334.75 1.11907387e+01 3.35722148e-01 
202 335.55 1.16540413e+01 3.49621236e-01 
203 336.36 1.22002163e+01 3.66006494e-01 
204 337.17 1.29418468e+01 3.88255417e-01 
205 337.98 1.42166452e+01 4.26499367e-01 
206 338.79 1.62824860e+01 4.88474578e-01 
207 339.60 1.79504547e+01 5.38513660e-01 
208 340.40 2.02958279e+01 6.08874857e-01 
209 341.21 2.25495319e+01 6.76485956e-01 
210 342.02 2.47216721e+01 7.41650164e-01 
211 342.83 2.71840305e+01 8.15520942e-01 
212 343.63 2.87017784e+01 8.61053348e-01 
213 344.44 2.94797249e+01 8.84391725e-01 
214 345.25 3.13316708e+01 9.39950109e-01 
215 346.06 3.45362625e+01 1.03608787e+00 
216 346.87 3.63663177e+01 1.09098959e+00 
217 347.67 3.81097374e+01 1.14329207e+00 
218 348.48 3.95838127e+01 1.18751442e+00 
219 349.29 4.12751007e+01 1.23825300e+00 
220 350.10 4.43094177e+01 1.32928252e+00 
221 350.90 4.79488144e+01 1.43846440e+00 
222 351.71 4.92630157e+01 1.47789049e+00 
223 352.52 4.97015533e+01 1.49104655e+00 
224 353.33 5.19689369e+01 1.55906808e+00 
225 354.14 5.71187897e+01 1.71356368e+00 
226 354.94 6.09503288e+01 1.82850981e+00 
227 355.75 6.19579124e+01 1.85873735e+00 
228 356.56 6.01828728e+01 1.80548620e+00 
229 357.37 5.71329803e+01 1.71398938e+00 
230 358.18 5.53089447e+01 1.65926838e+00 
231 358.98 5.79358673e+01 1.73807597e+00 
232 359.79 6.63747559e+01 1.99124265e+00 
233 360.60 7.14934692e+01 2.14480400e+00 
234 361.41 7.04445953e+01 2.11333776e+00 
235 362.21 7.19519577e+01 2.15855885e+00 
236 363.02 7.63812485e+01 2.29143739e+00 
237 363.83 7.97542191e+01 2.39262652e+00 
238 364.64 8.25136261e+01 2.47540879e+00 
239 365.44 8.78599701e+01 2.63579917e+00 
240 366.25 9.48963623e+01 2.84689093e+00 
241 367.06 9.84633102e+01 2.95389938e+00 
242 367.87 9.76212082e+01 2.92863631e+00 
243 368.67 9.71101837e+01 2.91330552e+00 
244 369.48 1.00662415e+02 3.01987243e+00 
245 370.29 1.03671745e+02 3.11015224e+00 
246 371.10 1.03154030e+02 3.09462094e+00 
247 371.90 1.01995865e+02 3.05987597e+00 
248 372.71 9.81058655e+01 2.94317603e+00 
249 373.52 9.27962723e+01 2.78388810e+00 
250 374.33 8.97880402e+01 2.69364119e+00 
251 375.13 9.29003601e+01 2.78701091e+00 
252 375.94 1.00350380e+02 3.01051140e+00 
253 376.75 1.07809990e+02 3.23429966e+00 
254 377.56 1.17133774e+02 3.51401329e+00 
255 378.36 1.25151077e+02 3.75453234e+00 
256 379.17 1.21743759e+02 3.65231276e+00 
257 379.98 1.15957405e+02 3.47872210e+00 
258 380.78 1.17319969e+02 3.51959896e+00 
259 381.59 1.13942497e+02 3.41827488e+00 
260 382.40 9.98651505e+01 2.99595451e+00 
261 383.20 8.77443695e+01 2.63233113e+00 
262 384.01 8.82934723e+01 2.64880419e+00 
263 384.82 9.96830750e+01 2.99049234e+00 
264 385.63 1.07365204e+02 3.22095609e+00 
265 386.43 1.08566422e+02 3.25699258e+00 
266 387.24 1.09259842e+02 3.27779531e+00 
267 388.05 1.09723572e+02 3.29170704e+00 
268 388.85 1.12540466e+02 3.37621403e+00 
269 389.66 1.21305328e+02 3.63915992e+00 
270 390.47 1.30342224e+02 3.91026664e+00 
271 391.27 1.35635971e+02 4.06907892e+00 
272 392.08 1.30459305e+02 3.91377926e+00 
273 392.89 1.09707138e+02 3.29121423e+00 
274 393.69 9.28365479e+01 2.78509641e+00 
275 394.50 1.02564583e+02 3.07693744e+00 
276 395.31 1.22752151e+02 3.68256450e+00 
277 396.11 1.23474457e+02 3.70423365e+00 
278 396.92 1.09358040e+02 3.28074121e+00 
279 397.73 1.16018852e+02 3.48056555e+00 
280 398.53 1.44803833e+02 4.34411478e+00 
281 399.34 1.67921967e+02 5.03765917e+00 
282 400.15 1.78904724e+02 5.36714172e+00 
283 400.95 1.85476288e+02 5.56428862e+00 
284 401.76 1.92220398e+02 5.76661205e+00 
285 402.57 1.95646606e+02 5.86939812e+00 
286 403.37 1.95549408e+02 5.86648226e+00 
287 404.18 1.94847885e+02 5.84543657e+00 
288 404.99 1.94518616e+02 5.83555841e+00 
289 405.79 1.93788620e+02 5.81365871e+00 
290 406.60 1.93238937e+02 5.79716825e+00 
291 407.40 1.95486298e+02 5.86458874e+00 
292 408.21 2.02713913e+02 6.08141756e+00 
293 409.02 2.08902359e+02 6.26707077e+00 
294 409.82 2.06934479e+02 6.20803452e+00 
295 410.63 2.03662048e+02 6.10986137e+00 
296 411.43 2.10074188e+02 6.30222559e+00 
297 412.24 2.18061691e+02 6.54185057e+00 
298 413.05 2.18645081e+02 6.55935240e+00 
299 413.85 2.17282715e+02 6.51848125e+00 
300 414.66 2.16405273e+02 6.49215841e+00 
301 415.46 2.15586365e+02 6.46759081e+00 
302 416.27 2.15909698e+02 6.47729111e+00 
303 417.08 2.13729721e+02 6.41189146e+00 
304 417.88 2.08650101e+02 6.25950289e+00 
305 418.69 2.05836700e+02 6.17510080e+00 
306 419.49 2.05343292e+02 6.16029882e+00 
307 420.30 2.06607635e+02 6.19822884e+00 
308 421.11 2.10539001e+02 6.31617022e+00 
309 421.91 2.12014496e+02 6.36043501e+00 
310 422.72 2.08297394e+02 6.24892187e+00 
311 423.52 2.07558350e+02 6.22675037e+00 
312 424.33 2.11569031e+02 6.34707069e+00 
313 425.13 2.15176682e+02 6.45530033e+00 
314 425.94 2.17551437e+02 6.52654314e+00 
315 426.74 2.19351624e+02 6.58054876e+00 
316 427.55 2.21154144e+02 6.63462448e+00 
317 428.36 2.23581329e+02 6.70743990e+00 
318 429.16 2.21086151e+02 6.63258457e+00 
319 429.96 2.11548447e+02 6.34645319e+00 
320 430.77 2.07884613e+02 6.23653841e+00 
321 431.58 2.27578766e+02 6.82736301e+00 
322 432.38 2.57315765e+02 7.71947289e+00 
323 433.19 2.74939056e+02 8.24817181e+00 
324 433.99 2.81354919e+02 8.44064713e+00 
325 434.80 2.90667267e+02 8.72001839e+00 
326 435.60 3.08050201e+02 9.24150562e+00 
327 436.41 3.26029297e+02 9.78087902e+00 
328 437.21 3.33328278e+02 9.99984837e+00 
329 438.02 3.30036560e+02 9.90109634e+00 
330 438.82 3.28801270e+02 9.86403847e+00 
331 439.63 3.38030396e+02 1.01409121e+01 
332 440.43 3.53029419e+02 1.05908823e+01 
333 441.24 3.69148529e+02 1.10744562e+01 
334 442.04 3.86550293e+02 1.15965090e+01 
335 442.85 3.99993744e+02 1.19998121e+01 
336 443.65 4.08046112e+02 1.22413836e+01 
337 444.45 4.14660095e+02 1.24398031e+01 
338 445.26 4.16595184e+02 1.24978552e+01 
339 446.06 4.17268372e+02 1.25180511e+01 
340 446.87 4.25695679e+02 1.27708702e+01 
341 447.67 4.41400848e+02 1.32420254e+01 
342 448.48 4.53380890e+02 1.36014271e+01 
343 449.28 4.62068481e+02 1.38620548e+01 
344 450.09 4.73954071e+02 1.42186222e+01 
345 450.89 4.85977112e+02 1.45793133e+01 
346 451.70 4.88595062e+02 1.46578522e+01 
347 452.50 4.79810547e+02 1.43943167e+01 
348 453.30 4.72115753e+02 1.41634722e+01 
349 454.11 4.74394501e+02 1.42318354e+01 
350 454.91 4.82273376e+02 1.44682016e+01 
351 455.72 4.91050293e+02 1.47315092e+01 
352 456.52 5.00743744e+02 1.50223122e+01 
353 457.32 5.07389313e+02 1.52216797e+01 
354 458.13 5.08167267e+02 1.52450180e+01 
355 458.93 5.06975739e+02 1.52092724e+01 
356 459.74 5.09092285e+02 1.52727690e+01 
357 460.54 5.16019836e+02 1.54805946e+01 
358 461.34 5.25146179e+02 1.57543850e+01 
359 462.15 5.32668518e+02 1.59800558e+01 
360 462.95 5.35890503e+02 1.60767155e+01 
361 463.76 5.33888550e+02 1.60166569e+01 
362 464.56 5.29842957e+02 1.58952885e+01 
363 465.36 5.28358704e+02 1.58507614e+01 
364 466.17 5.27912415e+02 1.58373728e+01 
365 466.97 5.27760193e+02 1.58328056e+01 
366 467.77 5.30702637e+02 1.59210787e+01 
367 468.58 5.35795959e+02 1.60738792e+01 
368 469.38 5.38769348e+02 1.61630802e+01 
369 470.18 5.36896973e+02 1.61069088e+01 
370 470.99 5.38666870e+02 1.61600056e+01 
371 471.79 5.47910950e+02 1.64373283e+01 
372 472.59 5.56884399e+02 1.67065315e+01 
373 473.40 5.61289551e+02 1.68386860e+01 
374 474.20 5.64901489e+02 1.69470444e+01 
375 475.00 5.69374390e+02 1.70812321e+01 
376 475.81 5.70275940e+02 1.71082783e+01 
377 476.61 5.71173218e+02 1.71351967e+01 
378 477.41 5.77224670e+02 1.73167400e+01 
379 478.21 5.84078674e+02 1.75223598e+01 
380 479.02 5.88204834e+02 1.76461449e+01 
381 479.82 5.90735962e+02 1.77220783e+01 
382 480.62 5.93324646e+02 1.77997398e+01 
383 481.43 5.96040344e+02 1.78812103e+01 
384 482.23 5.96847229e+02 1.79054165e+01 
385 483.03 5.93987915e+02 1.78196373e+01 
386 483.84 5.88826965e+02 1.76648083e+01 
387 484.64 5.77097778e+02 1.73129330e+01 
388 485.44 5.54156250e+02 1.66246872e+01 
389 486.24 5.30599121e+02 1.59179735e+01 
390 487.04 5.26546814e+02 1.57964048e+01 
391 487.85 5.41748901e+02 1.62524662e+01 
392 488.65 5.60513672e+02 1.68154106e+01 
393 489.45 5.74475525e+02 1.72342663e+01 
394 490.26 5.83416138e+02 1.75024834e+01 
395 491.06 5.83109680e+02 1.74932899e+01 
396 491.86 5.76347839e+02 1.72904358e+01 
397 492.66 5.73504150e+02 1.72051239e+01 
398 493.46 5.77943481e+02 1.73383045e+01 
399 494.27 5.85769714e+02 1.75730915e+01 
400 495.07 5.91028687e+02 1.77308598e+01 
401 495.87 5.92867065e+02 1.77860126e+01 
402 496.67 5.92700867e+02 1.77810268e+01 
403 497.48 5.89591187e+02 1.76877365e+01 
404 498.28 5.84032715e+02 1.75209808e+01 
405 499.08 5.79366699e+02 1.73810005e+01 
406 499.88 5.74721008e+02 1.72416306e+01 
407 500.68 5.68403015e+02 1.70520897e+01 
408 501.48 5.62903076e+02 1.68870926e+01 
409 502.29 5.64432678e+02 1.69329796e+01 
410 503.09 5.69966858e+02 1.70990067e+01 
411 503.89 5.74303467e+02 1.72291031e+01 
412 504.69 5.79159241e+02 1.73747768e+01 
413 505.49 5.85932861e+02 1.75779858e+01 
414 506.29 5.90223511e+02 1.77067051e+01 
415 507.09 5.87863831e+02 1.76359158e+01 
416 507.90 5.82638306e+02 1.74791489e+01 
417 508.70 5.80911438e+02 1.74273434e+01 
418 509.50 5.81610168e+02 1.74483051e+01 
419 510.30 5.82613281e+02 1.74783993e+01 
420 511.10 5.83243713e+02 1.74973106e+01 
421 511.90 5.82306396e+02 1.74691925e+01 
422 512.71 5.77447388e+02 1.73234215e+01 
423 513.51 5.69603027e+02 1.70880909e+01 
424 514.31 5.64068420e+02 1.69220524e+01 
425 515.11 5.60663086e+02 1.68198929e+01 
426 515.91 5.50702087e+02 1.65210629e+01 
427 516.71 5.33005676e+02 1.59901705e+01 
428 517.51 5.19678345e+02 1.55903502e+01 
429 518.31 5.19256042e+02 1.55776815e+01 
430 519.11 5.31228760e+02 1.59368629e+01 
431 519.91 5.46063782e+02 1.63819141e+01 
432 520.71 5.57870972e+02 1.67361298e+01 
433 521.52 5.64207214e+02 1.69262161e+01 
434 522.32 5.65492249e+02 1.69647675e+01 
435 523.12 5.67350708e+02 1.70205212e+01 
436 523.92 5.72803406e+02 1.71841030e+01 
437 524.72 5.77996948e+02 1.73399086e+01 
438 525.52 5.74525330e+02 1.72357597e+01 
439 526.32 5.61284729e+02 1.68385410e+01 
440 527.12 5.52488525e+02 1.65746555e+01 
441 527.92 5.57911682e+02 1.67373505e+01 
442 528.72 5.73288147e+02 1.71986446e+01 
443 529.52 5.86472351e+02 1.75941696e+01 
444 530.32 5.93880005e+02 1.78164005e+01 
445 531.12 5.96053406e+02 1.78816013e+01 
446 531.92 5.91691040e+02 1.77507305e+01 
447 532.72 5.83400879e+02 1.75020256e+01 
448 533.52 5.79695557e+02 1.73908672e+01 
449 534.32 5.82916199e+02 1.74874859e+01 
450 535.12 5.90228271e+02 1.77068481e+01 
451 535.92 5.93416321e+02 1.78024902e+01 
452 536.72 5.91114624e+02 1.77334385e+01 
453 537.52 5.88846863e+02 1.76654053e+01 
454 538.32 5.87574341e+02 1.76272297e+01 
455 539.12 5.84789307e+02 1.75436783e+01 
456 539.92 5.78611877e+02 1.73583565e+01 
457 540.72 5.74848450e+02 1.72454529e+01 
458 541.52 5.76910400e+02 1.73073120e+01 
459 542.32 5.82496887e+02 1.74749069e+01 
460 543.12 5.87083679e+02 1.76125107e+01 
461 543.92 5.91157776e+02 1.77347336e+01 
462 544.72 5.94072876e+02 1.78221855e+01 
463 545.52 5.95671021e+02 1.78701305e+01 
464 546.32 5.95208740e+02 1.78562622e+01 
465 547.12 5.92274536e+02 1.77682362e+01 
466 547.91 5.89289001e+02 1.76786709e+01 
467 548.71 5.88389099e+02 1.76516724e+01 
468 549.51 5.89364868e+02 1.76809464e+01 
469 550.31 5.89142334e+02 1.76742706e+01 
470 551.11 5.87838318e+02 1.76351490e+01 
471 551.91 5.87664001e+02 1.76299210e+01 
472 552.71 5.86331116e+02 1.75899334e+01 
473 553.51 5.86489136e+02 1.75946732e+01 
474 554.31 5.88508362e+02 1.76552505e+01 
475 555.10 5.89098267e+02 1.76729488e+01 
476 555.90 5.86199707e+02 1.75859909e+01 
477 556.70 5.80753845e+02 1.74226151e+01 
478 557.50 5.73735535e+02 1.72120667e+01 
479 558.30 5.67369934e+02 1.70210972e+01 
480 559.10 5.62989502e+02 1.68896847e+01 
481 559.90 5.62449402e+02 1.68734818e+01 
482 560.70 5.65404846e+02 1.69621449e+01 
483 561.49 5.70411133e+02 1.71123333e+01 
484 562.29 5.75977539e+02 1.72793255e+01 
485 563.09 5.78647217e+02 1.73594170e+01 
486 563.89 5.80765442e+02 1.74229641e+01 
487 564.69 5.81089844e+02 1.74326954e+01 
488 565.49 5.79363953e+02 1.73809185e+01 
489 566.29 5.78458801e+02 1.73537636e+01 
490 567.08 5.81289673e+02 1.74386902e+01 
491 567.88 5.87122620e+02 1.76136780e+01 
492 568.68 5.89575134e+02 1.76872540e+01 
493 569.48 5.90676514e+02 1.77202950e+01 
494 570.28 5.89207825e+02 1.76762352e+01 
495 571.07 5.87444092e+02 1.76233234e+01 
496 571.87 5.92462097e+02 1.77738628e+01 
497 572.67 6.00450256e+02 1.80135078e+01 
498 573.47 6.06879333e+02 1.82063808e+01 
499 574.26 6.06953979e+02 1.82086201e+01 
500 575.06 6.02347229e+02 1.80704174e+01 
501 575.86 5.97774597e+02 1.79332371e+01 
502 576.66 5.94848389e+02 1.78454514e+01 
503 577.45 5.92204468e+02 1.77661343e+01 
504 578.25 5.88537842e+02 1.76561356e+01 
505 579.05 5.85372681e+02 1.75611801e+01 
506 579.85 5.84050537e+02 1.75215168e+01 
507 580.65 5.83659668e+02 1.75097904e+01 
508 581.44 5.83620667e+02 1.75086193e+01 
509 582.24 5.83751465e+02 1.75125446e+01 
510 583.04 5.83560303e+02 1.75068092e+01 
511 583.83 5.82244202e+02 1.74673252e+01 
512 584.63 5.78720581e+02 1.73616180e+01 
513 585.43 5.73314392e+02 1.71994324e+01 
514 586.22 5.69634827e+02 1.70890446e+01 
515 587.02 5.69764160e+02 1.70929241e+01 
516 587.82 5.67664612e+02 1.70299377e+01 
517 588.62 5.58779602e+02 1.67633877e+01 
518 589.41 5.50599121e+02 1.65179729e+01 
519 590.21 5.52202209e+02 1.65660667e+01 
520 591.01 5.61738037e+02 1.68521404e+01 
521 591.80 5.70864990e+02 1.71259499e+01 
522 592.60 5.74709229e+02 1.72412777e+01 
523 593.40 5.74747559e+02 1.72424259e+01 
524 594.19 5.74567810e+02 1.72370338e+01 
525 594.99 5.73709839e+02 1.72112961e+01 
526 595.79 5.72947388e+02 1.71884212e+01 
527 596.58 5.72488586e+02 1.71746578e+01 
528 597.38 5.71409363e+02 1.71422806e+01 
529 598.18 5.68745667e+02 1.70623703e+01 
530 598.97 5.65795959e+02 1.69738789e+01 
531 599.77 5.63930420e+02 1.69179134e+01 
532 600.56 5.61331848e+02 1.68399563e+01 
533 601.36 5.57483765e+02 1.67245121e+01 
534 602.16 5.55418152e+02 1.66625443e+01 
535 602.95 5.57493347e+02 1.67248001e+01 
536 603.75 5.61672668e+02 1.68501797e+01 
537 604.54 5.64434021e+02 1.69330215e+01 
538 605.34 5.64448608e+02 1.69334583e+01 
539 606.14 5.62809387e+02 1.68842812e+01 
540 606.93 5.61122314e+02 1.68336697e+01 
541 607.73 5.58266418e+02 1.67479935e+01 
542 608.52 5.54633179e+02 1.66389961e+01 
543 609.32 5.50989929e+02 1.65296974e+01 
544 610.11 5.47679016e+02 1.64303703e+01 
545 610.91 5.46048950e+02 1.63814678e+01 
546 611.71 5.44266479e+02 1.63279953e+01 
547 612.50 5.41903198e+02 1.62570953e+01 
548 613.30 5.37908386e+02 1.61372509e+01 
549 614.09 5.35270142e+02 1.60581036e+01 
550 614.89 5.33462341e+02 1.60038700e+01 
551 615.68 5.29320190e+02 1.58796053e+01 
552 616.48 5.24526001e+02 1.57357798e+01 
553 617.27 5.23930115e+02 1.57179031e+01 
554 618.07 5.28309082e+02 1.58492727e+01 
555 618.86 5.32935791e+02 1.59880733e+01 
556 619.66 5.35848572e+02 1.60754566e+01 
557 620.45 5.37668335e+02 1.61300507e+01 
558 621.25 5.36468567e+02 1.60940571e+01 
559 622.04 5.32553162e+02 1.59765949e+01 
560 622.84 5.28519226e+02 1.58555765e+01 
561 623.63 5.24960144e+02 1.57488041e+01 
562 624.43 5.21528748e+02 1.56458626e+01 
563 625.22 5.19370667e+02 1.55811195e+01 
564 626.02 5.18828613e+02 1.55648584e+01 
565 626.81 5.20879333e+02 1.56263800e+01 
566 627.61 5.22662476e+02 1.56798744e+01 
567 628.40 5.22997803e+02 1.56899338e+01 
568 629.19 5.20533447e+02 1.56160030e+01 
569 629.99 5.16289124e+02 1.54886742e+01 
570 630.78 5.11928711e+02 1.53578615e+01 
571 631.58 5.08981842e+02 1.52694550e+01 
572 632.37 5.07817963e+02 1.52345390e+01 
573 633.17 5.06975494e+02 1.52092648e+01 
574 633.96 5.05361542e+02 1.51608467e+01 
575 634.76 5.03776001e+02 1.51132803e+01 
576 635.55 5.02366943e+02 1.50710087e+01 
577 636.34 5.00829712e+02 1.50248909e+01 
578 637.14 5.00520782e+02 1.50156231e+01 
579 637.93 5.00682159e+02 1.50204649e+01 
580 638.72 4.99034424e+02 1.49710331e+01 
581 639.52 4.95152557e+02 1.48545771e+01 
582 640.31 4.90029053e+02 1.47008715e+01 
583 641.11 4.85919647e+02 1.45775890e+01 
584 641.90 4.84827911e+02 1.45448370e+01 
585 642.69 4.84773376e+02 1.45432014e+01 
586 643.49 4.84361389e+02 1.45308418e+01 
587 644.28 4.82898376e+02 1.44869509e+01 
588 645.07 4.80514130e+02 1.44154243e+01 
589 645.87 4.79013184e+02 1.43703957e+01 
590 646.66 4.79253296e+02 1.43775988e+01 
591 647.45 4.81679993e+02 1.44503994e+01 
592 648.25 4.82410461e+02 1.44723139e+01 
593 649.04 4.78541290e+02 1.43562384e+01 
594 649.83 4.73290771e+02 1.41987228e+01 
595 650.63 4.73920166e+02 1.42176046e+01 
596 651.42 4.78598358e+02 1.43579512e+01 
597 652.21 4.80151581e+02 1.44045477e+01 
598 653.00 4.79010895e+02 1.43703270e+01 
599 653.80 4.76866150e+02 1.43059845e+01 
600 654.59 4.71388489e+02 1.41416550e+01 
601 655.38 4.55183807e+02 1.36555138e+01 
602 656.17 4.33461548e+02 1.30038462e+01 
603 656.97 4.27675140e+02 1.28302546e+01 
604 657.76 4.43243195e+02 1.32972956e+01 
605 658.55 4.60321686e+02 1.38096504e+01 
606 659.34 4.67430939e+02 1.40229282e+01 
607 660.14 4.69659088e+02 1.40897722e+01 
608 660.93 4.71715210e+02 1.41514559e+01 
609 661.72 4.73901642e+02 1.42170496e+01 
610 662.52 4.74319183e+02 1.42295752e+01 
611 663.31 4.72236664e+02 1.41671000e+01 
612 664.10 4.70321777e+02 1.41096535e+01 
613 664.89 4.71132324e+02 1.41339693e+01 
614 665.68 4.71703735e+02 1.41511116e+01 
615 666.47 4.70654480e+02 1.41196346e+01 
616 667.27 4.69398499e+02 1.40819550e+01 
617 668.06 4.69548920e+02 1.40864677e+01 
618 668.85 4.70105652e+02 1.41031694e+01 
619 669.64 4.69432739e+02 1.40829821e+01 
620 670.43 4.67598572e+02 1.40279570e+01 
621 671.23 4.65407928e+02 1.39622383e+01 
622 672.02 4.63152008e+02 1.38945599e+01 
623 672.81 4.62693115e+02 1.38807936e+01 
624 673.60 4.62761505e+02 1.38828449e+01 
625 674.39 4.61912292e+02 1.38573685e+01 
626 675.18 4.59338074e+02 1.37801418e+01 
627 675.97 4.57715759e+02 1.37314730e+01 
628 676.77 4.56773865e+02 1.37032156e+01 
629 677.56 4.54859863e+02 1.36457958e+01 
630 678.35 4.52072449e+02 1.35621738e+01 
631 679.14 4.49641632e+02 1.34892492e+01 
632 679.93 4.46874908e+02 1.34062471e+01 
633 680.72 4.44094513e+02 1.33228350e+01 
634 681.51 4.41673920e+02 1.32502174e+01 
635 682.30 4.39862000e+02 1.31958599e+01 
636 683.09 4.36835815e+02 1.31050749e+01 
637 683.88 4.31927307e+02 1.29578190e+01 
638 684.67 4.27280731e+02 1.28184223e+01 
639 685.46 4.23155823e+02 1.26946745e+01 
640 686.26 4.11813171e+02 1.23543949e+01 
641 687.04 3.92510132e+02 1.17753038e+01 
642 687.84 3.83003387e+02 1.14901018e+01 
643 688.63 3.86643585e+02 1.15993080e+01 
644 689.42 3.91434265e+02 1.17430277e+01 
645 690.21 3.93618011e+02 1.18085403e+01 
646 691.00 3.96717651e+02 1.19015293e+01 
647 691.79 4.00839172e+02 1.20251751e+01 
648 692.58 4.05972778e+02 1.21791830e+01 
649 693.37 4.11080811e+02 1.23324242e+01 
650 694.16 4.14364807e+02 1.24309444e+01 
651 694.95 4.13665161e+02 1.24099550e+01 
652 695.74 4.11747406e+02 1.23524218e+01 
653 696.53 4.09606842e+02 1.22882051e+01 
654 697.32 4.06000275e+02 1.21800079e+01 
655 698.10 4.02328003e+02 1.20698404e+01 
656 698.89 4.02614166e+02 1.20784254e+01 
657 699.68 4.03268188e+02 1.20980453e+01 
658 700.47 4.00752228e+02 1.20225668e+01 
659 701.26 3.96884155e+02 1.19065247e+01 
660 702.05 3.94352936e+02 1.18305883e+01 
661 702.84 3.93873352e+02 1.18162003e+01 
662 703.63 3.94801483e+02 1.18440447e+01 
663 704.42 3.96151123e+02 1.18845339e+01 
664 705.21 3.96304932e+02 1.18891478e+01 
665 706.00 3.95525421e+02 1.18657627e+01 
666 706.79 3.94300293e+02 1.18290091e+01 
667 707.58 3.93326630e+02 1.17997990e+01 
668 708.37 3.91381470e+02 1.17414436e+01 
669 709.15 3.89325806e+02 1.16797743e+01 
670 709.94 3.89209045e+02 1.16762714e+01 
671 710.73 3.89813599e+02 1.16944084e+01 
672 711.52 3.88411072e+02 1.16523323e+01 
673 712.31 3.85403320e+02 1.15620995e+01 
674 713.10 3.83956055e+02 1.15186815e+01 
675 713.88 3.84540558e+02 1.15362167e+01 
676 714.67 3.84194519e+02 1.15258360e+01 
677 715.46 3.82266815e+02 1.14680042e+01 
678 716.25 3.80300537e+02 1.14090157e+01 
679 717.04 3.78761536e+02 1.13628464e+01 
680 717.83 3.75467743e+02 1.12640324e+01 
681 718.61 3.67051727e+02 1.10115519e+01 
682 719.40 3.61705902e+02 1.08511772e+01 
683 720.19 3.62124573e+02 1.08637371e+01 
684 720.98 3.63505310e+02 1.09051590e+01 
685 721.76 3.65434235e+02 1.09630270e+01 
686 722.55 3.65624207e+02 1.09687262e+01 
687 723.34 3.63573608e+02 1.09072084e+01 
688 724.13 3.61573975e+02 1.08472195e+01 
689 724.92 3.61062622e+02 1.08318787e+01 
690 725.70 3.62280182e+02 1.08684053e+01 
691 726.49 3.62314911e+02 1.08694477e+01 
692 727.28 3.61117737e+02 1.08335323e+01 
693 728.06 3.58930786e+02 1.07679234e+01 
694 728.85 3.54771454e+02 1.06431437e+01 
695 729.64 3.52829651e+02 1.05848894e+01 
696 730.42 3.54560242e+02 1.06368074e+01 
697 731.21 3.55859009e+02 1.06757698e+01 
698 732.00 3.55454041e+02 1.06636209e+01 
699 732.78 3.52513855e+02 1.05754156e+01 
700 733.57 3.50298157e+02 1.05089445e+01 
701 734.36 3.50033844e+02 1.05010157e+01 
702 735.14 3.48712250e+02 1.04613676e+01 
703 735.93 3.45649292e+02 1.03694792e+01 
704 736.72 3.43362457e+02 1.03008738e+01 
705 737.51 3.42059540e+02 1.02617865e+01 
706 738.29 3.39132935e+02 1.01739883e+01 
707 739.08 3.34630341e+02 1.00389099e+01 
708 739.86 3.32296570e+02 9.96889687e+00 
709 740.65 3.31068481e+02 9.93205452e+00 
710 741.44 3.27832367e+02 9.83497143e+00 
711 742.22 3.26066772e+02 9.78200340e+00 
712 743.01 3.26515015e+02 9.79545021e+00 
713 743.79 3.26943481e+02 9.80830479e+00 
714 744.58 3.25101135e+02 9.75303364e+00 
715 745.37 3.24131683e+02 9.72395039e+00 
716 746.15 3.24506714e+02 9.73520184e+00 
717 746.94 3.24904785e+02 9.74714375e+00 
718 747.72 3.23630524e+02 9.70891571e+00 
719 748.51 3.21034698e+02 9.63104057e+00 
720 749.29 3.18208008e+02 9.54623985e+00 
721 750.08 3.16262848e+02 9.48788548e+00 
722 750.86 3.15373291e+02 9.46119881e+00 
723 751.65 3.14398071e+02 9.43194199e+00 
724 752.43 3.14263916e+02 9.42791748e+00 
725 753.22 3.14499573e+02 9.43498707e+00 
726 754.00 3.15607819e+02 9.46823502e+00 
727 754.79 3.15466980e+02 9.46400928e+00 
728 755.57 3.13156982e+02 9.39470959e+00 
729 756.36 3.11375092e+02 9.34125233e+00 
730 757.14 3.10269714e+02 9.30809116e+00 
731 757.93 3.08530457e+02 9.25591373e+00 
732 758.71 2.98055847e+02 8.94167519e+00 
733 759.49 2.59739960e+02 7.79219866e+00 
734 760.28 2.02258484e+02 6.06775475e+00 
735 761.06 1.77657959e+02 5.32973862e+00 
736 761.85 1.96870010e+02 5.90610027e+00 
737 762.63 2.18046509e+02 6.54139519e+00 
738 763.41 2.22212585e+02 6.66637754e+00 
739 764.20 2.26713043e+02 6.80139112e+00 
740 764.98 2.37997574e+02 7.13992739e+00 
741 765.77 2.51237244e+02 7.53711748e+00 
742 766.55 2.62059509e+02 7.86178541e+00 
743 767.33 2.72930756e+02 8.18792248e+00 
744 768.12 2.83127655e+02 8.49382973e+00 
745 768.90 2.90012421e+02 8.70037270e+00 
746 769.68 2.93206116e+02 8.79618359e+00 
747 770.47 2.93805115e+02 8.81415367e+00 
748 771.25 2.93225952e+02 8.79677868e+00 
749 772.03 2.92124146e+02 8.76372433e+00 
750 772.82 2.92170654e+02 8.76511955e+00 
751 773.60 2.92483185e+02 8.77449512e+00 
752 774.38 2.90794800e+02 8.72384357e+00 
753 775.17 2.88440613e+02 8.65321827e+00 
754 775.95 2.88568024e+02 8.65704060e+00 
755 776.73 2.88982483e+02 8.66947460e+00 
756 777.51 2.87643860e+02 8.62931538e+00 
757 778.30 2.85864960e+02 8.57594872e+00 
758 779.08 2.84329987e+02 8.52989960e+00 
759 779.86 2.83052338e+02 8.49157047e+00 
760 780.64 2.82636261e+02 8.47908783e+00 
761 781.43 2.83450897e+02 8.50352669e+00 
762 782.21 2.84274139e+02 8.52822399e+00 
763 782.99 2.82016724e+02 8.46050167e+00 
764 783.77 2.78927246e+02 8.36781693e+00 
765 784.55 2.78172943e+02 8.34518814e+00 
766 785.34 2.78212341e+02 8.34637070e+00 
767 786.12 2.78949036e+02 8.36847115e+00 
768 786.90 2.78889587e+02 8.36668777e+00 
769 787.68 2.77164673e+02 8.31494045e+00 
770 788.46 2.75236694e+02 8.25710106e+00 
771 789.24 2.74206146e+02 8.22618484e+00 
772 790.03 2.74180786e+02 8.22542381e+00 
773 790.81 2.73241974e+02 8.19725895e+00 
774 791.59 2.70255463e+02 8.10766411e+00 
775 792.37 2.65749939e+02 7.97249794e+00 
776 793.15 2.62171112e+02 7.86513329e+00 
777 793.93 2.59874481e+02 7.79623461e+00 
778 794.71 2.59119690e+02 7.77359056e+00 
779 795.49 2.59531708e+02 7.78595114e+00 
780 796.27 2.59713318e+02 7.79139948e+00 
781 797.05 2.60349518e+02 7.81048536e+00 
782 797.84 2.60836243e+02 7.82508707e+00 
783 798.61 2.60490967e+02 7.81472921e+00 
784 799.40 2.59136261e+02 7.77408791e+00 
785 800.18 2.57142548e+02 7.71427631e+00 
786 800.96 2.54956970e+02 7.64870930e+00 
787 801.74 2.54279007e+02 7.62837029e+00 
788 802.52 2.54439835e+02 7.63319492e+00 
789 803.30 2.53946396e+02 7.61839199e+00 
790 804.08 2.51945541e+02 7.55836630e+00 
791 804.86 2.48139450e+02 7.44418335e+00 
792 805.64 2.44529449e+02 7.33588362e+00 
793 806.42 2.43842361e+02 7.31527090e+00 
794 807.20 2.45457245e+02 7.36371756e+00 
795 807.97 2.45611206e+02 7.36833620e+00 
796 808.75 2.42063965e+02 7.26191902e+00 
797 809.53 2.38133347e+02 7.14400053e+00 
798 810.31 2.36607025e+02 7.09821081e+00 
799 811.09 2.38533936e+02 7.15601826e+00 
800 811.87 2.41455521e+02 7.24366570e+00 
801 812.65 2.41632889e+02 7.24898672e+00 
802 813.43 2.39100143e+02 7.17300415e+00 
803 814.21 2.34336594e+02 7.03009796e+00 
804 814.99 2.30607956e+02 6.91823864e+00 
805 815.76 2.28507843e+02 6.85523510e+00 
806 816.54 2.27830139e+02 6.83490419e+00 
807 817.32 2.26796295e+02 6.80388880e+00 
808 818.10 2.24032974e+02 6.72098923e+00 
809 818.88 2.20507599e+02 6.61522818e+00 
810 819.66 2.17261688e+02 6.51785088e+00 
811 820.43 2.16994568e+02 6.50983715e+00 
812 821.21 2.19427460e+02 6.58282375e+00 
813 821.99 2.19003281e+02 6.57009840e+00 
814 822.77 2.14474182e+02 6.43422556e+00 
815 823.55 2.10451965e+02 6.31355906e+00 
816 824.32 2.09567230e+02 6.28701687e+00 
817 825.10 2.12300690e+02 6.36902046e+00 
818 825.88 2.15818924e+02 6.47456789e+00 
819 826.66 2.16624451e+02 6.49873352e+00 
820 827.43 2.14806808e+02 6.44420433e+00 
821 828.21 2.10550446e+02 6.31651354e+00 
822 828.99 2.07408066e+02 6.22224188e+00 
823 829.76 2.07167480e+02 6.21502447e+00 
824 830.54 2.09044556e+02 6.27133656e+00 
825 831.32 2.09540756e+02 6.28622246e+00 
826 832.10 2.07967606e+02 6.23902798e+00 
827 832.87 2.04503723e+02 6.13511181e+00 
828 833.65 2.01518372e+02 6.04555130e+00 
829 834.42 2.01742004e+02 6.05225992e+00 
830 835.20 2.05073822e+02 6.15221453e+00 
831 835.98 2.08260559e+02 6.24781656e+00 
832 836.75 2.08629791e+02 6.25889397e+00 
833 837.53 2.05795578e+02 6.17386723e+00 
834 838.30 2.01556519e+02 6.04669571e+00 
835 839.08 1.99712112e+02 5.99136353e+00 
836 839.86 2.00119644e+02 6.00358915e+00 
837 840.63 2.01306793e+02 6.03920364e+00 
838 841.41 2.00787003e+02 6.02361012e+00 
839 842.18 1.97636108e+02 5.92908335e+00 
840 842.96 1.93027588e+02 5.79082775e+00 
841 843.73 1.89730286e+02 5.69190836e+00 
842 844.51 1.89611450e+02 5.68834352e+00 
843 845.28 1.91138336e+02 5.73414993e+00 
844 846.06 1.92549194e+02 5.77647591e+00 
845 846.84 1.91772812e+02 5.75318432e+00 
846 847.61 1.88220947e+02 5.64662838e+00 
847 848.38 1.82650909e+02 5.47952747e+00 
848 849.16 1.79968857e+02 5.39906549e+00 
849 849.93 1.79794128e+02 5.39382362e+00 
850 850.71 1.81216202e+02 5.43648624e+00 
851 851.48 1.81479767e+02 5.44439316e+00 
852 852.26 1.79125809e+02 5.37377405e+00 
853 853.03 1.74105896e+02 5.22317696e+00 
854 853.81 1.68587479e+02 5.05762434e+00 
855 854.58 1.66064651e+02 4.98193932e+00 
856 855.35 1.67653381e+02 5.02960157e+00 
857 856.13 1.72352997e+02 5.17058992e+00 
858 856.90 1.76676727e+02 5.30030203e+00 
859 857.68 1.77312149e+02 5.31936455e+00 
860 858.45 1.75233124e+02 5.25699377e+00 
861 859.22 1.72265259e+02 5.16795778e+00 
862 860.00 1.71313889e+02 5.13941669e+00 
863 860.77 1.73052322e+02 5.19156981e+00 
864 861.54 1.74561859e+02 5.23685598e+00 
865 862.32 1.74276245e+02 5.22828722e+00 
866 863.09 1.71986938e+02 5.15960836e+00 
867 863.86 1.67352509e+02 5.02057505e+00 
868 864.64 1.62408783e+02 4.87226343e+00 
869 865.41 1.59173523e+02 4.77520561e+00 
870 866.18 1.57925629e+02 4.73776865e+00 
871 866.95 1.58055283e+02 4.74165869e+00 
872 867.73 1.58185577e+02 4.74556732e+00 
873 868.50 1.57718002e+02 4.73154020e+00 
874 869.27 1.56825287e+02 4.70475864e+00 
875 870.04 1.56451172e+02 4.69353533e+00 
876 870.81 1.57277985e+02 4.71833944e+00 
877 871.59 1.58849304e+02 4.76547909e+00 
878 872.36 1.59944092e+02 4.79832268e+00 
879 873.13 1.59825012e+02 4.79475021e+00 
880 873.90 1.57491577e+02 4.72474718e+00 
881 874.67 1.53911087e+02 4.61733246e+00 
882 875.44 1.50799149e+02 4.52397442e+00 
883 876.22 1.50250275e+02 4.50750828e+00 
884 876.99 1.51066940e+02 4.53200817e+00 
885 877.76 1.52437668e+02 4.57313013e+00 
886 878.53 1.52653641e+02 4.57960939e+00 
887 879.30 1.50634918e+02 4.51904774e+00 
888 880.07 1.47508102e+02 4.42524290e+00 
889 880.84 1.45136063e+02 4.35408211e+00 
890 881.61 1.44755020e+02 4.34265041e+00 
891 882.38 1.45833389e+02 4.37500191e+00 
892 883.15 1.47776901e+02 4.43330717e+00 
893 883.92 1.48606125e+02 4.45818377e+00 
894 884.69 1.47550812e+02 4.42652416e+00 
895 885.47 1.45291306e+02 4.35873938e+00 
896 886.23 1.42782608e+02 4.28347826e+00 
897 887.00 1.41318802e+02 4.23956394e+00 
898 887.78 1.41491409e+02 4.24474239e+00 
899 888.54 1.43007812e+02 4.29023457e+00 
900 889.31 1.44766479e+02 4.34299421e+00 
901 890.08 1.44975235e+02 4.34925699e+00 
902 890.85 1.43323944e+02 4.29971838e+00 
903 891.62 1.40493851e+02 4.21481562e+00 
904 892.39 1.37478973e+02 4.12436914e+00 
905 893.16 1.36361557e+02 4.09084654e+00 
906 893.93 1.36626266e+02 4.09878778e+00 
907 894.70 1.37337906e+02 4.12013721e+00 
908 895.47 1.36892914e+02 4.10678720e+00 
909 896.24 1.34693878e+02 4.04081631e+00 
910 897.01 1.31194672e+02 3.93584013e+00 
911 897.78 1.27908363e+02 3.83725095e+00 
912 898.54 1.25896683e+02 3.77690053e+00 
913 899.31 1.25189575e+02 3.75568724e+00 
914 900.08 1.25214294e+02 3.75642872e+00 
915 900.85 1.25360001e+02 3.76080012e+00 
916 901.62 1.24552292e+02 3.73656869e+00 
917 902.38 1.23569756e+02 3.70709276e+00 
918 903.15 1.22604912e+02 3.67814732e+00 
919 903.92 1.22193619e+02 3.66580868e+00 
920 904.69 1.22616608e+02 3.67849827e+00 
921 905.46 1.23309303e+02 3.69927907e+00 
922 906.22 1.23909973e+02 3.71729922e+00 
923 906.99 1.23355644e+02 3.70066929e+00 
924 907.76 1.21687172e+02 3.65061522e+00 
925 908.52 1.19209091e+02 3.57627273e+00 
926 909.29 1.16908173e+02 3.50724506e+00 
927 910.06 1.15655846e+02 3.46967530e+00 
928 910.83 1.15709244e+02 3.47127724e+00 
929 911.59 1.16384666e+02 3.49153996e+00 
930 912.36 1.17230385e+02 3.51691151e+00 
931 913.13 1.17487526e+02 3.52462578e+00 
932 913.89 1.16492210e+02 3.49476624e+00 
933 914.66 1.14888412e+02 3.44665241e+00 
934 915.42 1.12924492e+02 3.38773465e+00 
935 916.19 1.11665680e+02 3.34997034e+00 
936 916.96 1.11133369e+02 3.33400106e+00 
937 917.72 1.10987366e+02 3.32962108e+00 
938 918.49 1.10908173e+02 3.32724524e+00 
939 919.26 1.10394470e+02 3.31183410e+00 
940 920.02 1.09037086e+02 3.27111268e+00 
941 920.79 1.07268082e+02 3.21804237e+00 
942 921.55 1.05258957e+02 3.15776873e+00 
943 922.32 1.03809265e+02 3.11427784e+00 
944 923.08 1.02878998e+02 3.08636999e+00 
945 923.85 1.02596573e+02 3.07789707e+00 
946 924.61 1.02408058e+02 3.07224178e+00 
947 925.38 1.01743713e+02 3.05231142e+00 
948 926.14 1.00468590e+02 3.01405764e+00 
949 926.91 9.85166626e+01 2.95549989e+00 
950 927.67 9.58342972e+01 2.87502885e+00 
951 928.44 9.27595520e+01 2.78278661e+00 
952 929.20 8.98701477e+01 2.69610453e+00 
953 929.97 8.73688660e+01 2.62106609e+00 
954 930.73 8.44654617e+01 2.53396392e+00 
955 931.49 8.13934937e+01 2.44180489e+00 
956 932.26 7.81353302e+01 2.34405994e+00 
957 933.02 7.46534424e+01 2.23960328e+00 
958 933.79 7.13211441e+01 2.13963437e+00 
959 934.55 6.91397095e+01 2.07419133e+00 
960 935.32 6.73959961e+01 2.02187991e+00 
961 936.08 6.67393799e+01 2.00218129e+00 
962 936.84 6.63246689e+01 1.98974001e+00 
963 937.61 6.59408340e+01 1.97822499e+00 
964 938.37 6.55586243e+01 1.96675873e+00 
965 939.13 6.45670700e+01 1.93701208e+00 
966 939.89 6.34950752e+01 1.90485227e+00 
967 940.66 6.23363075e+01 1.87008917e+00 
968 941.42 6.11372604e+01 1.83411777e+00 
969 942.18 6.05692253e+01 1.81707680e+00 
970 942.95 5.98255615e+01 1.79476690e+00 
971 943.71 5.88585510e+01 1.76575649e+00 
972 944.47 5.79643860e+01 1.73893154e+00 
973 945.23 5.70027428e+01 1.71008229e+00 
974 946.00 5.62283096e+01 1.68684924e+00 
975 946.76 5.58612022e+01 1.67583609e+00 
976 947.52 5.59584579e+01 1.67875373e+00 
977 948.28 5.63833618e+01 1.69150090e+00 
978 949.04 5.71272049e+01 1.71381617e+00 
979 949.81 5.78056183e+01 1.73416853e+00 
980 950.57 5.85866318e+01 1.75759900e+00 
981 951.33 5.87519989e+01 1.76256001e+00 
982 952.09 5.86348724e+01 1.75904620e+00 
983 952.85 5.82788887e+01 1.74836671e+00 
984 953.61 5.85076256e+01 1.75522876e+00 
985 954.38 5.86077271e+01 1.75823176e+00 
986 955.14 5.91900139e+01 1.77570045e+00 
987 955.90 5.94421654e+01 1.78326499e+00 
988 956.66 5.98569527e+01 1.79570854e+00 
989 957.42 6.00434799e+01 1.80130434e+00 
990 958.18 6.00724602e+01 1.80217385e+00 
991 958.94 5.98000069e+01 1.79400015e+00 
992 959.70 5.98413124e+01 1.79523933e+00 
993 960.46 6.04223099e+01 1.81266928e+00 
994 961.22 6.09437599e+01 1.82831275e+00 
995 961.98 6.15655479e+01 1.84696639e+00 
996 962.74 6.19806938e+01 1.85942078e+00 
997 963.50 6.19665680e+01 1.85899699e+00 
998 964.26 6.16616783e+01 1.84985030e+00 
999 965.02 6.15048370e+01 1.84514511e+00 
1000 965.78 6.14346657e+01 1.84303999e+00 
1001 966.54 6.15566216e+01 1.84669864e+00 
1002 967.30 6.19424324e+01 1.85827303e+00 
1003 968.06 6.25382538e+01 1.87614763e+00 
1004 968.82 6.25775681e+01 1.87732708e+00 
1005 969.58 6.22607956e+01 1.86782384e+00 
1006 970.34 6.16827621e+01 1.85048282e+00 
1007 971.10 6.11026649e+01 1.83307993e+00 
1008 971.86 6.07887192e+01 1.82366157e+00 
1009 972.62 6.07860527e+01 1.82358158e+00 
1010 973.38 6.05438461e+01 1.81631541e+00 
1011 974.14 6.02582512e+01 1.80774748e+00 
1012 974.90 5.95696259e+01 1.78708875e+00 
1013 975.65 5.88585243e+01 1.76575577e+00 
1014 976.41 5.79391823e+01 1.73817551e+00 
1015 977.17 5.76176643e+01 1.72852993e+00 
1016 977.93 5.74645348e+01 1.72393608e+00 
1017 978.69 5.72452507e+01 1.71735752e+00 
1018 979.45 5.69583206e+01 1.70874965e+00 
1019 980.20 5.62413712e+01 1.68724108e+00 
1020 980.96 5.57670937e+01 1.67301285e+00 
1021 981.72 5.52780991e+01 1.65834296e+00 
1022 982.48 5.51056404e+01 1.65316916e+00 
1023 983.23 5.50688400e+01 1.65206516e+00 
1024 983.99 5.44480591e+01 1.63344181e+00 
1025 984.75 5.36024017e+01 1.60807204e+00 
1026 985.51 5.31231155e+01 1.59369349e+00 
1027 986.27 5.28630981e+01 1.58589292e+00 
1028 987.02 5.25619774e+01 1.57685935e+00 
1029 987.78 5.18441925e+01 1.55532575e+00 
1030 988.54 5.09545670e+01 1.52863705e+00 
1031 989.29 5.04212036e+01 1.51263607e+00 
1032 990.05 5.01278038e+01 1.50383413e+00 
1033 990.81 4.95993919e+01 1.48798180e+00 
1034 991.56 4.86752853e+01 1.46025860e+00 
1035 992.32 4.77066422e+01 1.43119931e+00 
1036 993.08 4.72427406e+01 1.41728222e+00 
1037 993.83 4.64485397e+01 1.39345622e+00 
1038 994.59 4.53415604e+01 1.36024678e+00 
1039 995.35 4.43578835e+01 1.33073652e+00 
1040 996.10 2.55635357e+00 7.66906068e-02 
1041 996.86 1.59238592e-01 4.77715768e-03 
1042 997.62 7.25388378e-02 2.17616512e-03 
1043 998.37 1.27653837e-01 3.82961519e-03 
