% C0 (TOA Count Rate, /ms) for 4STAR VIS spectrometer (1044 channels) derived from /data/sunsat/MLO/May_2022/data_processed/starsuns/4STARB_20220515starsun.mat and recorded on 2022-07-13 12:49:59.
% Data outside 1.8x the STD of 501 nm Langley residuals were screened out. For instrument:4STARB
Pix Wavelength C0 C0err
0 171.23 -1.00000000e+00 -1.00000000e+00 
1 172.04 1.55263692e-02 4.65791090e-04 
2 172.86 3.03204637e-02 9.09613911e-04 
3 173.67 1.97635815e-02 5.92907425e-04 
4 174.48 2.77328587e+00 8.31985772e-02 
5 175.29 2.91126680e+00 8.73380005e-02 
6 176.11 2.89037466e+00 8.67112428e-02 
7 176.92 2.87244701e+00 8.61734077e-02 
8 177.73 2.82680321e+00 8.48040953e-02 
9 178.54 2.81139278e+00 8.43417868e-02 
10 179.36 2.75034499e+00 8.25103521e-02 
11 180.17 2.73502803e+00 8.20508376e-02 
12 180.98 2.70651221e+00 8.11953694e-02 
13 181.79 2.66953683e+00 8.00861046e-02 
14 182.61 2.64834809e+00 7.94504434e-02 
15 183.42 2.63123417e+00 7.89370239e-02 
16 184.23 2.58766031e+00 7.76298121e-02 
17 185.04 2.56936502e+00 7.70809501e-02 
18 185.86 2.53752828e+00 7.61258453e-02 
19 186.67 2.51608658e+00 7.54825994e-02 
20 187.48 2.50091934e+00 7.50275776e-02 
21 188.29 2.47814608e+00 7.43443817e-02 
22 189.11 2.45017195e+00 7.35051557e-02 
23 189.92 2.41724730e+00 7.25174174e-02 
24 190.73 2.40047717e+00 7.20143169e-02 
25 191.54 2.39321756e+00 7.17965290e-02 
26 192.36 2.36465454e+00 7.09396377e-02 
27 193.17 2.34479189e+00 7.03437552e-02 
28 193.98 2.32367325e+00 6.97101951e-02 
29 194.79 2.29848814e+00 6.89546466e-02 
30 195.61 2.28613210e+00 6.85839653e-02 
31 196.42 2.27042770e+00 6.81128278e-02 
32 197.23 2.23629618e+00 6.70888871e-02 
33 198.04 2.23400044e+00 6.70200139e-02 
34 198.86 2.21839380e+00 6.65518120e-02 
35 199.67 2.20493722e+00 6.61481172e-02 
36 200.48 2.17772174e+00 6.53316528e-02 
37 201.29 2.15950155e+00 6.47850484e-02 
38 202.11 2.15456033e+00 6.46368116e-02 
39 202.92 2.14075184e+00 6.42225519e-02 
40 203.73 2.13353467e+00 6.40060380e-02 
41 204.54 2.11223269e+00 6.33669794e-02 
42 205.36 2.10438919e+00 6.31316751e-02 
43 206.17 2.09440446e+00 6.28321320e-02 
44 206.98 2.09257364e+00 6.27772063e-02 
45 207.79 2.07779646e+00 6.23338930e-02 
46 208.61 2.09629083e+00 6.28887266e-02 
47 209.42 2.10639906e+00 6.31919727e-02 
48 210.23 2.17511892e+00 6.52535707e-02 
49 211.04 2.28487444e+00 6.85462356e-02 
50 211.86 2.45399070e+00 7.36197233e-02 
51 212.67 2.71134067e+00 8.13402236e-02 
52 213.48 3.10393715e+00 9.31181163e-02 
53 214.29 3.58288002e+00 1.07486397e-01 
54 215.11 4.12007999e+00 1.23602398e-01 
55 215.92 4.73283052e+00 1.41984910e-01 
56 216.73 5.34698439e+00 1.60409525e-01 
57 217.54 6.02585077e+00 1.80775523e-01 
58 218.35 6.77150631e+00 2.03145191e-01 
59 219.17 7.65543365e+00 2.29663014e-01 
60 219.98 8.69651127e+00 2.60895342e-01 
61 220.79 9.95627022e+00 2.98688114e-01 
62 221.60 1.14816942e+01 3.44450831e-01 
63 222.42 8.66683769e+00 2.60005116e-01 
64 223.23 7.60478830e+00 2.28143647e-01 
65 224.04 8.17307568e+00 2.45192274e-01 
66 224.85 9.24031162e+00 2.77209342e-01 
67 225.67 8.39454842e+00 2.51836449e-01 
68 226.48 7.65505362e+00 2.29651615e-01 
69 227.29 6.60738134e+00 1.98221445e-01 
70 228.10 6.30218601e+00 1.89065576e-01 
71 228.91 5.98151207e+00 1.79445356e-01 
72 229.73 5.74319887e+00 1.72295973e-01 
73 230.54 5.42727280e+00 1.62818179e-01 
74 231.35 5.22585201e+00 1.56775564e-01 
75 232.16 5.10136890e+00 1.53041065e-01 
76 232.97 5.01848793e+00 1.50554642e-01 
77 233.79 4.89214706e+00 1.46764413e-01 
78 234.60 4.32551384e+00 1.29765421e-01 
79 235.41 4.69404745e+00 1.40821427e-01 
80 236.22 4.05211353e+00 1.21563405e-01 
81 237.04 3.85518360e+00 1.15655512e-01 
82 237.85 4.10874033e+00 1.23262212e-01 
83 238.66 4.59028006e+00 1.37708396e-01 
84 239.47 5.28648472e+00 1.58594549e-01 
85 240.28 3.42766809e+00 1.02830045e-01 
86 241.10 -1.00000000e+00 -1.00000000e+00 
87 241.91 -1.00000000e+00 -1.00000000e+00 
88 242.72 -1.00000000e+00 -1.00000000e+00 
89 243.53 -1.00000000e+00 -1.00000000e+00 
90 244.34 -1.00000000e+00 -1.00000000e+00 
91 245.16 -1.00000000e+00 -1.00000000e+00 
92 245.97 -1.00000000e+00 -1.00000000e+00 
93 246.78 -1.00000000e+00 -1.00000000e+00 
94 247.59 -1.00000000e+00 -1.00000000e+00 
95 248.40 -1.00000000e+00 -1.00000000e+00 
96 249.22 -1.00000000e+00 -1.00000000e+00 
97 250.03 -1.00000000e+00 -1.00000000e+00 
98 250.84 -1.00000000e+00 -1.00000000e+00 
99 251.65 -1.00000000e+00 -1.00000000e+00 
100 252.46 -1.00000000e+00 -1.00000000e+00 
101 253.27 -1.00000000e+00 -1.00000000e+00 
102 254.09 -1.00000000e+00 -1.00000000e+00 
103 254.90 -1.00000000e+00 -1.00000000e+00 
104 255.71 -1.00000000e+00 -1.00000000e+00 
105 256.52 -1.00000000e+00 -1.00000000e+00 
106 257.33 -1.00000000e+00 -1.00000000e+00 
107 258.15 -1.00000000e+00 -1.00000000e+00 
108 258.96 -1.00000000e+00 -1.00000000e+00 
109 259.77 -1.00000000e+00 -1.00000000e+00 
110 260.58 -1.00000000e+00 -1.00000000e+00 
111 261.39 -1.00000000e+00 -1.00000000e+00 
112 262.20 -1.00000000e+00 -1.00000000e+00 
113 263.02 -1.00000000e+00 -1.00000000e+00 
114 263.83 -1.00000000e+00 -1.00000000e+00 
115 264.64 -1.00000000e+00 -1.00000000e+00 
116 265.45 -1.00000000e+00 -1.00000000e+00 
117 266.26 -1.00000000e+00 -1.00000000e+00 
118 267.07 -1.00000000e+00 -1.00000000e+00 
119 267.89 0.00000000e+00 0.00000000e+00 
120 268.70 4.36559677e+00 1.30967900e-01 
121 269.51 4.06081009e+00 1.21824302e-01 
122 270.32 3.98999143e+00 1.19699746e-01 
123 271.13 3.95667624e+00 1.18700288e-01 
124 271.94 4.09356499e+00 1.22806951e-01 
125 272.75 3.86257339e+00 1.15877204e-01 
126 273.57 4.78816319e+00 1.43644899e-01 
127 274.38 4.93800783e+00 1.48140237e-01 
128 275.19 5.08508778e+00 1.52552634e-01 
129 276.00 5.17735720e+00 1.55320719e-01 
130 276.81 5.34304905e+00 1.60291478e-01 
131 277.62 5.67576885e+00 1.70273066e-01 
132 278.43 6.04099512e+00 1.81229860e-01 
133 279.25 6.42658377e+00 1.92797512e-01 
134 280.06 6.87869263e+00 2.06360772e-01 
135 280.87 7.75983953e+00 2.32795179e-01 
136 281.68 8.86620808e+00 2.65986234e-01 
137 282.49 1.00651035e+01 3.01953107e-01 
138 283.30 9.05505657e+00 2.71651685e-01 
139 284.11 8.08935833e+00 2.42680743e-01 
140 284.93 1.36242428e+01 4.08727288e-01 
141 285.74 1.21761751e+01 3.65285248e-01 
142 286.55 1.03834162e+01 3.11502486e-01 
143 287.36 8.86681652e+00 2.66004503e-01 
144 288.17 7.60088730e+00 2.28026614e-01 
145 288.98 6.68923378e+00 2.00677007e-01 
146 289.79 5.91750002e+00 1.77524999e-01 
147 290.60 5.29973030e+00 1.58991903e-01 
148 291.42 4.76466751e+00 1.42940030e-01 
149 292.23 4.31685162e+00 1.29505545e-01 
150 293.04 3.95561242e+00 1.18668370e-01 
151 293.85 3.69822764e+00 1.10946827e-01 
152 294.66 3.44205856e+00 1.03261754e-01 
153 295.47 3.25145602e+00 9.75436792e-02 
154 296.28 3.11586571e+00 9.34759676e-02 
155 297.09 2.98130322e+00 8.94390941e-02 
156 297.90 2.89207578e+00 8.67622718e-02 
157 298.71 2.83634615e+00 8.50903839e-02 
158 299.53 2.82449913e+00 8.47349763e-02 
159 300.34 2.86908102e+00 8.60724300e-02 
160 301.15 2.97589302e+00 8.92767906e-02 
161 301.96 3.23238158e+00 9.69714448e-02 
162 302.77 3.66281009e+00 1.09884299e-01 
163 303.58 4.23542356e+00 1.27062708e-01 
164 304.39 5.00806999e+00 1.50242105e-01 
165 305.20 5.90305805e+00 1.77091748e-01 
166 306.01 7.10320616e+00 2.13096187e-01 
167 306.82 9.10406399e+00 2.73121923e-01 
168 307.63 1.13257351e+01 3.39772046e-01 
169 308.44 1.29842138e+01 3.89526427e-01 
170 309.26 1.53260670e+01 4.59782004e-01 
171 310.07 2.07520733e+01 6.22562170e-01 
172 310.88 2.74330769e+01 8.22992325e-01 
173 311.69 3.22098007e+01 9.66294050e-01 
174 312.50 3.66243744e+01 1.09873128e+00 
175 313.31 4.13996658e+01 1.24198997e+00 
176 314.12 4.54224701e+01 1.36267412e+00 
177 314.93 4.72920761e+01 1.41876233e+00 
178 315.74 5.05355606e+01 1.51606679e+00 
179 316.55 5.89428368e+01 1.76828516e+00 
180 317.36 6.49414597e+01 1.94824374e+00 
181 318.17 6.65251389e+01 1.99575412e+00 
182 318.98 7.11462479e+01 2.13438749e+00 
183 319.79 7.83585205e+01 2.35075569e+00 
184 320.60 8.13740082e+01 2.44122028e+00 
185 321.41 7.99651031e+01 2.39895320e+00 
186 322.22 7.88863068e+01 2.36658931e+00 
187 323.04 8.12486572e+01 2.43745971e+00 
188 323.85 8.96475525e+01 2.68942666e+00 
189 324.66 1.01383446e+02 3.04150343e+00 
190 325.47 1.15467834e+02 3.46403503e+00 
191 326.28 1.25526115e+02 3.76578355e+00 
192 327.09 1.27511375e+02 3.82534122e+00 
193 327.90 1.27886772e+02 3.83660316e+00 
194 328.71 1.35484970e+02 4.06454897e+00 
195 329.52 1.44654556e+02 4.33963680e+00 
196 330.33 1.43888336e+02 4.31664991e+00 
197 331.14 1.40577286e+02 4.21731853e+00 
198 331.95 1.40297363e+02 4.20892096e+00 
199 332.76 1.39753799e+02 4.19261408e+00 
200 333.57 1.41171982e+02 4.23515940e+00 
201 334.38 1.45125061e+02 4.35375166e+00 
202 335.19 1.43500656e+02 4.30501986e+00 
203 336.00 1.35127014e+02 4.05381060e+00 
204 336.81 1.33455154e+02 4.00365448e+00 
205 337.62 1.41096268e+02 4.23288822e+00 
206 338.43 1.50139557e+02 4.50418663e+00 
207 339.24 1.58563477e+02 4.75690413e+00 
208 340.05 1.63345200e+02 4.90035582e+00 
209 340.86 1.61367981e+02 4.84103966e+00 
210 341.67 1.62441620e+02 4.87324858e+00 
211 342.48 1.65755875e+02 4.97267628e+00 
212 343.29 1.58767746e+02 4.76303244e+00 
213 344.10 1.49458832e+02 4.48376513e+00 
214 344.91 1.54054413e+02 4.62163258e+00 
215 345.72 1.60945709e+02 4.82837105e+00 
216 346.53 1.62738632e+02 4.88215876e+00 
217 347.34 1.62065613e+02 4.86196852e+00 
218 348.15 1.61229141e+02 4.83687401e+00 
219 348.96 1.63719955e+02 4.91159868e+00 
220 349.77 1.73768158e+02 5.21304464e+00 
221 350.58 1.81676407e+02 5.45029211e+00 
222 351.39 1.78601959e+02 5.35805893e+00 
223 352.19 1.75207550e+02 5.25622654e+00 
224 353.00 1.83248840e+02 5.49746513e+00 
225 353.81 1.96956573e+02 5.90869713e+00 
226 354.62 2.01219757e+02 6.03659248e+00 
227 355.43 1.93546570e+02 5.80639696e+00 
228 356.24 1.77592987e+02 5.32778978e+00 
229 357.05 1.61353973e+02 4.84061909e+00 
230 357.86 1.52076187e+02 4.56228542e+00 
231 358.67 1.61929504e+02 4.85788536e+00 
232 359.48 1.85240036e+02 5.55720091e+00 
233 360.29 1.88914917e+02 5.66744757e+00 
234 361.10 1.81726395e+02 5.45179176e+00 
235 361.91 1.87086426e+02 5.61259270e+00 
236 362.72 1.96499542e+02 5.89498615e+00 
237 363.53 2.01341736e+02 6.04025221e+00 
238 364.34 2.08077011e+02 6.24231052e+00 
239 365.14 2.23805649e+02 6.71416950e+00 
240 365.95 2.39872787e+02 7.19618368e+00 
241 366.76 2.41993332e+02 7.25979996e+00 
242 367.57 2.36639740e+02 7.09919214e+00 
243 368.38 2.36685669e+02 7.10057020e+00 
244 369.19 2.45655487e+02 7.36966467e+00 
245 370.00 2.48443604e+02 7.45330811e+00 
246 370.81 2.45370193e+02 7.36110592e+00 
247 371.62 2.40019119e+02 7.20057344e+00 
248 372.43 2.27584412e+02 6.82753229e+00 
249 373.24 2.14604614e+02 6.43813848e+00 
250 374.04 2.11548447e+02 6.34645319e+00 
251 374.85 2.24485947e+02 6.73457861e+00 
252 375.66 2.44546127e+02 7.33638382e+00 
253 376.47 2.65719269e+02 7.97157812e+00 
254 377.28 2.92071899e+02 8.76215744e+00 
255 378.09 3.03322632e+02 9.09967899e+00 
256 378.90 2.90166931e+02 8.70500755e+00 
257 379.71 2.83272949e+02 8.49818802e+00 
258 380.51 2.85146942e+02 8.55440807e+00 
259 381.32 2.64907318e+02 7.94721937e+00 
260 382.13 2.28228638e+02 6.84685898e+00 
261 382.94 2.07748062e+02 6.23244190e+00 
262 383.75 2.22268341e+02 6.66805029e+00 
263 384.56 2.52265182e+02 7.56795549e+00 
264 385.37 2.67523193e+02 8.02569580e+00 
265 386.17 2.71679962e+02 8.15039921e+00 
266 386.98 2.74908661e+02 8.24726009e+00 
267 387.79 2.79532654e+02 8.38597965e+00 
268 388.60 2.96375427e+02 8.89126301e+00 
269 389.41 3.24675568e+02 9.74026680e+00 
270 390.22 3.49613495e+02 1.04884052e+01 
271 391.02 3.56660492e+02 1.06998148e+01 
272 391.83 3.25144226e+02 9.75432682e+00 
273 392.64 2.67475342e+02 8.02426052e+00 
274 393.45 2.49837708e+02 7.49513102e+00 
275 394.26 2.95160706e+02 8.85482121e+00 
276 395.07 3.34868317e+02 1.00460491e+01 
277 395.87 3.18046631e+02 9.54139900e+00 
278 396.68 3.00218536e+02 9.00655651e+00 
279 397.49 3.49105713e+02 1.04731712e+01 
280 398.30 4.30324036e+02 1.29097214e+01 
281 399.11 4.85914764e+02 1.45774431e+01 
282 399.91 5.13739990e+02 1.54122000e+01 
283 400.72 5.32419617e+02 1.59725885e+01 
284 401.53 5.46798035e+02 1.64039402e+01 
285 402.34 5.50899597e+02 1.65269871e+01 
286 403.15 5.47583130e+02 1.64274940e+01 
287 403.95 5.43913879e+02 1.63174171e+01 
288 404.76 5.40579956e+02 1.62173996e+01 
289 405.57 5.37067505e+02 1.61120243e+01 
290 406.38 5.37126892e+02 1.61138077e+01 
291 407.18 5.47909363e+02 1.64372807e+01 
292 407.99 5.67005615e+02 1.70101681e+01 
293 408.80 5.75108093e+02 1.72532425e+01 
294 409.61 5.68660278e+02 1.70598087e+01 
295 410.41 5.75073242e+02 1.72521973e+01 
296 411.22 5.99165222e+02 1.79749565e+01 
297 412.03 6.16468018e+02 1.84940414e+01 
298 412.84 6.21069946e+02 1.86320992e+01 
299 413.64 6.23347046e+02 1.87004108e+01 
300 414.45 6.27508484e+02 1.88252544e+01 
301 415.26 6.34295898e+02 1.90288773e+01 
302 416.07 6.39398499e+02 1.91819553e+01 
303 416.87 6.36169983e+02 1.90851002e+01 
304 417.68 6.30819702e+02 1.89245911e+01 
305 418.49 6.30943298e+02 1.89282990e+01 
306 419.30 6.37378174e+02 1.91213455e+01 
307 420.10 6.50724609e+02 1.95217381e+01 
308 420.91 6.62892944e+02 1.98867874e+01 
309 421.72 6.61074768e+02 1.98322430e+01 
310 422.52 6.53512268e+02 1.96053677e+01 
311 423.33 6.54299255e+02 1.96289768e+01 
312 424.14 6.60799622e+02 1.98239880e+01 
313 424.95 6.64326050e+02 1.99297810e+01 
314 425.75 6.62890137e+02 1.98867035e+01 
315 426.56 6.57713257e+02 1.97313976e+01 
316 427.37 6.52001099e+02 1.95600338e+01 
317 428.17 6.38743042e+02 1.91622906e+01 
318 428.98 6.08077087e+02 1.82423134e+01 
319 429.79 5.75291565e+02 1.72587471e+01 
320 430.59 5.81839539e+02 1.74551868e+01 
321 431.40 6.30403503e+02 1.89121056e+01 
322 432.21 6.79583496e+02 2.03875046e+01 
323 433.01 6.99634888e+02 2.09890461e+01 
324 433.82 7.06231567e+02 2.11869469e+01 
325 434.63 7.23925964e+02 2.17177792e+01 
326 435.43 7.51626221e+02 2.25487862e+01 
327 436.24 7.68591309e+02 2.30577393e+01 
328 437.05 7.61456055e+02 2.28436813e+01 
329 437.85 7.44986511e+02 2.23495960e+01 
330 438.66 7.42048462e+02 2.22614536e+01 
331 439.47 7.55906189e+02 2.26771851e+01 
332 440.27 7.79997192e+02 2.33999157e+01 
333 441.08 8.06959167e+02 2.42087746e+01 
334 441.89 8.29742249e+02 2.48922672e+01 
335 442.69 8.44464600e+02 2.53339386e+01 
336 443.50 8.52545959e+02 2.55763779e+01 
337 444.30 8.53047729e+02 2.55914326e+01 
338 445.11 8.48487183e+02 2.54546146e+01 
339 445.92 8.52268738e+02 2.55680618e+01 
340 446.72 8.69032227e+02 2.60709667e+01 
341 447.53 8.89566528e+02 2.66869965e+01 
342 448.33 9.06038696e+02 2.71811600e+01 
343 449.14 9.22218079e+02 2.76665421e+01 
344 449.95 9.39914978e+02 2.81974487e+01 
345 450.75 9.48697205e+02 2.84609165e+01 
346 451.56 9.39108154e+02 2.81732445e+01 
347 452.36 9.20943726e+02 2.76283112e+01 
348 453.17 9.12133484e+02 2.73640041e+01 
349 453.98 9.15240356e+02 2.74572105e+01 
350 454.78 9.26147705e+02 2.77844315e+01 
351 455.59 9.40059326e+02 2.82017803e+01 
352 456.39 9.51076477e+02 2.85322952e+01 
353 457.20 9.55281189e+02 2.86584358e+01 
354 458.00 9.52445251e+02 2.85733566e+01 
355 458.81 9.50411865e+02 2.85123558e+01 
356 459.61 9.55687134e+02 2.86706142e+01 
357 460.42 9.66926636e+02 2.90077991e+01 
358 461.23 9.78383728e+02 2.93515110e+01 
359 462.03 9.84777771e+02 2.95433331e+01 
360 462.84 9.82286072e+02 2.94685822e+01 
361 463.64 9.74055969e+02 2.92216797e+01 
362 464.45 9.67692322e+02 2.90307693e+01 
363 465.25 9.63027893e+02 2.88908367e+01 
364 466.06 9.60433655e+02 2.88130093e+01 
365 466.86 9.61156128e+02 2.88346844e+01 
366 467.67 9.65142090e+02 2.89542618e+01 
367 468.47 9.69289246e+02 2.90786781e+01 
368 469.28 9.69028625e+02 2.90708580e+01 
369 470.08 9.69789917e+02 2.90936966e+01 
370 470.89 9.79014160e+02 2.93704243e+01 
371 471.69 9.91613586e+02 2.97484074e+01 
372 472.50 1.00159302e+03 3.00477905e+01 
373 473.30 1.00915698e+03 3.02747097e+01 
374 474.11 1.01482361e+03 3.04447079e+01 
375 474.91 1.01820251e+03 3.05460758e+01 
376 475.72 1.02141345e+03 3.06424026e+01 
377 476.52 1.02772156e+03 3.08316460e+01 
378 477.33 1.03680054e+03 3.11040154e+01 
379 478.13 1.04567395e+03 3.13702183e+01 
380 478.93 1.05191479e+03 3.15574436e+01 
381 479.74 1.05679443e+03 3.17038326e+01 
382 480.54 1.06126819e+03 3.18380451e+01 
383 481.35 1.06302454e+03 3.18907356e+01 
384 482.15 1.06037988e+03 3.18113956e+01 
385 482.96 1.05251636e+03 3.15754910e+01 
386 483.76 1.03517773e+03 3.10553322e+01 
387 484.57 1.00263855e+03 3.00791569e+01 
388 485.37 9.64831970e+02 2.89449596e+01 
389 486.17 9.46516968e+02 2.83955097e+01 
390 486.98 9.55108093e+02 2.86532421e+01 
391 487.78 9.80833252e+02 2.94249973e+01 
392 488.59 1.01090094e+03 3.03270283e+01 
393 489.39 1.03316284e+03 3.09948845e+01 
394 490.19 1.04020300e+03 3.12060909e+01 
395 491.00 1.03627124e+03 3.10881367e+01 
396 491.80 1.03106580e+03 3.09319744e+01 
397 492.61 1.03394104e+03 3.10182304e+01 
398 493.41 1.04623804e+03 3.13871403e+01 
399 494.21 1.05964697e+03 3.17894096e+01 
400 495.02 1.06804443e+03 3.20413322e+01 
401 495.82 1.07185657e+03 3.21556969e+01 
402 496.63 1.06867004e+03 3.20601006e+01 
403 497.43 1.06188269e+03 3.18564816e+01 
404 498.23 1.05518420e+03 3.16555252e+01 
405 499.04 1.04732324e+03 3.14196968e+01 
406 499.84 1.03808228e+03 3.11424675e+01 
407 500.64 1.03083716e+03 3.09251156e+01 
408 501.45 1.03068628e+03 3.09205875e+01 
409 502.25 1.03681042e+03 3.11043129e+01 
410 503.05 1.04544263e+03 3.13632793e+01 
411 503.86 1.05699402e+03 3.17098198e+01 
412 504.66 1.07067249e+03 3.21201744e+01 
413 505.46 1.07950330e+03 3.23850975e+01 
414 506.27 1.08135181e+03 3.24405556e+01 
415 507.07 1.07691357e+03 3.23074074e+01 
416 507.87 1.07310498e+03 3.21931496e+01 
417 508.68 1.07239294e+03 3.21717873e+01 
418 509.48 1.07554077e+03 3.22662239e+01 
419 510.28 1.07929272e+03 3.23787804e+01 
420 511.08 1.07942810e+03 3.23828430e+01 
421 511.89 1.07355273e+03 3.22065811e+01 
422 512.69 1.06275903e+03 3.18827705e+01 
423 513.49 1.05159875e+03 3.15479622e+01 
424 514.30 1.04241907e+03 3.12725716e+01 
425 515.10 1.02585229e+03 3.07755680e+01 
426 515.90 9.98764404e+02 2.99629326e+01 
427 516.70 9.73574463e+02 2.92072334e+01 
428 517.51 9.62759277e+02 2.88827782e+01 
429 518.31 9.73154846e+02 2.91946449e+01 
430 519.11 9.97265869e+02 2.99179764e+01 
431 519.91 1.02132483e+03 3.06397457e+01 
432 520.72 1.03824963e+03 3.11474895e+01 
433 521.52 1.04576526e+03 3.13729572e+01 
434 522.32 1.05116467e+03 3.15349407e+01 
435 523.12 1.06037378e+03 3.18112125e+01 
436 523.93 1.06818250e+03 3.20454750e+01 
437 524.73 1.06524866e+03 3.19574604e+01 
438 525.53 1.04863196e+03 3.14589596e+01 
439 526.33 1.03264221e+03 3.09792671e+01 
440 527.13 1.03311707e+03 3.09935112e+01 
441 527.94 1.04900000e+03 3.14699993e+01 
442 528.74 1.07031421e+03 3.21094246e+01 
443 529.54 1.08756482e+03 3.26269455e+01 
444 530.34 1.09443018e+03 3.28329048e+01 
445 531.14 1.08929358e+03 3.26788063e+01 
446 531.95 1.07802075e+03 3.23406219e+01 
447 532.75 1.06999634e+03 3.20998917e+01 
448 533.55 1.06984680e+03 3.20954056e+01 
449 534.35 1.07686841e+03 3.23060532e+01 
450 535.15 1.08206567e+03 3.24619713e+01 
451 535.95 1.08123157e+03 3.24369469e+01 
452 536.76 1.07732605e+03 3.23197823e+01 
453 537.56 1.07301587e+03 3.21904755e+01 
454 538.36 1.06575916e+03 3.19727745e+01 
455 539.16 1.05589587e+03 3.16768761e+01 
456 539.96 1.04822998e+03 3.14468994e+01 
457 540.76 1.04661328e+03 3.13983994e+01 
458 541.56 1.05117114e+03 3.15351334e+01 
459 542.36 1.05965710e+03 3.17897129e+01 
460 543.17 1.06734290e+03 3.20202866e+01 
461 543.97 1.07142017e+03 3.21426048e+01 
462 544.77 1.07387793e+03 3.22163391e+01 
463 545.57 1.07238159e+03 3.21714478e+01 
464 546.37 1.06791309e+03 3.20373917e+01 
465 547.17 1.06268909e+03 3.18806725e+01 
466 547.97 1.06077332e+03 3.18232002e+01 
467 548.77 1.06119482e+03 3.18358440e+01 
468 549.57 1.06259888e+03 3.18779659e+01 
469 550.37 1.06273010e+03 3.18819027e+01 
470 551.17 1.06148425e+03 3.18445282e+01 
471 551.97 1.06065295e+03 3.18195877e+01 
472 552.78 1.06026611e+03 3.18079834e+01 
473 553.58 1.06172119e+03 3.18516350e+01 
474 554.38 1.06141797e+03 3.18425388e+01 
475 555.18 1.05712561e+03 3.17137680e+01 
476 555.98 1.05012854e+03 3.15038567e+01 
477 556.78 1.04138867e+03 3.12416611e+01 
478 557.58 1.03001074e+03 3.09003220e+01 
479 558.38 1.02089099e+03 3.06267300e+01 
480 559.18 1.01914001e+03 3.05741997e+01 
481 559.98 1.02088416e+03 3.06265240e+01 
482 560.78 1.02598828e+03 3.07796478e+01 
483 561.58 1.03481848e+03 3.10445538e+01 
484 562.38 1.04107886e+03 3.12323666e+01 
485 563.18 1.04456311e+03 3.13368931e+01 
486 563.98 1.04640820e+03 3.13922462e+01 
487 564.78 1.04583203e+03 3.13749619e+01 
488 565.58 1.04373071e+03 3.13119221e+01 
489 566.38 1.04271191e+03 3.12813568e+01 
490 567.18 1.04607886e+03 3.13823662e+01 
491 567.98 1.05078625e+03 3.15235882e+01 
492 568.78 1.05159277e+03 3.15477829e+01 
493 569.58 1.04873950e+03 3.14621849e+01 
494 570.38 1.04552234e+03 3.13656693e+01 
495 571.17 1.04958398e+03 3.14875202e+01 
496 571.97 1.06116699e+03 3.18350105e+01 
497 572.77 1.07320325e+03 3.21960983e+01 
498 573.57 1.07934631e+03 3.23803902e+01 
499 574.37 1.07586914e+03 3.22760735e+01 
500 575.17 1.06941992e+03 3.20825958e+01 
501 575.97 1.06586292e+03 3.19758873e+01 
502 576.77 1.06089075e+03 3.18267231e+01 
503 577.57 1.05303589e+03 3.15910759e+01 
504 578.37 1.04530859e+03 3.13592587e+01 
505 579.17 1.04092993e+03 3.12278976e+01 
506 579.96 1.03978992e+03 3.11936970e+01 
507 580.76 1.03980884e+03 3.11942654e+01 
508 581.56 1.03899255e+03 3.11697769e+01 
509 582.36 1.03709082e+03 3.11127243e+01 
510 583.16 1.03277869e+03 3.09833603e+01 
511 583.96 1.02403467e+03 3.07210407e+01 
512 584.76 1.01265320e+03 3.03795967e+01 
513 585.56 1.00218451e+03 3.00655346e+01 
514 586.35 9.95000122e+02 2.98500042e+01 
515 587.15 9.84182495e+02 2.95254745e+01 
516 587.95 9.65508972e+02 2.89652691e+01 
517 588.75 9.49099426e+02 2.84729824e+01 
518 589.55 9.45273926e+02 2.83582172e+01 
519 590.35 9.53393555e+02 2.86018066e+01 
520 591.14 9.66685547e+02 2.90005665e+01 
521 591.94 9.75783936e+02 2.92735176e+01 
522 592.74 9.79136963e+02 2.93741093e+01 
523 593.54 9.79565186e+02 2.93869553e+01 
524 594.34 9.79964661e+02 2.93989391e+01 
525 595.13 9.82937805e+02 2.94881344e+01 
526 595.93 9.87031006e+02 2.96109295e+01 
527 596.73 9.89121521e+02 2.96736450e+01 
528 597.53 9.88260681e+02 2.96478195e+01 
529 598.32 9.85906372e+02 2.95771904e+01 
530 599.12 9.82982788e+02 2.94894829e+01 
531 599.92 9.81170044e+02 2.94351006e+01 
532 600.72 9.79452637e+02 2.93835793e+01 
533 601.51 9.80684082e+02 2.94205227e+01 
534 602.31 9.87048950e+02 2.96114693e+01 
535 603.11 9.96494812e+02 2.98948441e+01 
536 603.91 1.00409589e+03 3.01228771e+01 
537 604.70 1.00811957e+03 3.02435875e+01 
538 605.50 1.00835803e+03 3.02507401e+01 
539 606.30 1.00678790e+03 3.02036362e+01 
540 607.10 1.00372394e+03 3.01117172e+01 
541 607.89 9.99393738e+02 2.99818115e+01 
542 608.69 9.95420105e+02 2.98626022e+01 
543 609.49 9.93410583e+02 2.98023167e+01 
544 610.28 9.93965881e+02 2.98189774e+01 
545 611.08 9.94466064e+02 2.98339825e+01 
546 611.88 9.91405518e+02 2.97421646e+01 
547 612.67 9.86140503e+02 2.95842152e+01 
548 613.47 9.80814514e+02 2.94244347e+01 
549 614.27 9.75728088e+02 2.92718430e+01 
550 615.06 9.68284058e+02 2.90485210e+01 
551 615.86 9.61394531e+02 2.88418350e+01 
552 616.66 9.60413025e+02 2.88123913e+01 
553 617.45 9.64780884e+02 2.89434261e+01 
554 618.25 9.70741150e+02 2.91222343e+01 
555 619.04 9.75579712e+02 2.92673912e+01 
556 619.84 9.76689331e+02 2.93006802e+01 
557 620.64 9.75025330e+02 2.92507591e+01 
558 621.43 9.71046265e+02 2.91313877e+01 
559 622.23 9.65206055e+02 2.89561825e+01 
560 623.02 9.58492004e+02 2.87547607e+01 
561 623.82 9.50473999e+02 2.85142193e+01 
562 624.62 9.43791260e+02 2.83137379e+01 
563 625.41 9.42047607e+02 2.82614288e+01 
564 626.21 9.44378723e+02 2.83313618e+01 
565 627.00 9.46979736e+02 2.84093914e+01 
566 627.80 9.48424927e+02 2.84527473e+01 
567 628.59 9.47103882e+02 2.84131165e+01 
568 629.39 9.44574646e+02 2.83372402e+01 
569 630.19 9.41916016e+02 2.82574806e+01 
570 630.98 9.39441406e+02 2.81832428e+01 
571 631.78 9.39623291e+02 2.81886978e+01 
572 632.57 9.40757080e+02 2.82227116e+01 
573 633.37 9.41978027e+02 2.82593403e+01 
574 634.16 9.43276550e+02 2.82982960e+01 
575 634.96 9.42850708e+02 2.82855206e+01 
576 635.75 9.42080444e+02 2.82624130e+01 
577 636.55 9.42337891e+02 2.82701359e+01 
578 637.34 9.43053955e+02 2.82916183e+01 
579 638.14 9.40706787e+02 2.82212029e+01 
580 638.93 9.33130310e+02 2.79939098e+01 
581 639.73 9.23932495e+02 2.77179756e+01 
582 640.52 9.15756348e+02 2.74726906e+01 
583 641.32 9.10847412e+02 2.73254223e+01 
584 642.11 9.08856079e+02 2.72656822e+01 
585 642.90 9.07831665e+02 2.72349491e+01 
586 643.70 9.05704834e+02 2.71711445e+01 
587 644.49 9.01904541e+02 2.70571365e+01 
588 645.29 8.96917175e+02 2.69075146e+01 
589 646.08 8.92805054e+02 2.67841511e+01 
590 646.88 8.89619568e+02 2.66885872e+01 
591 647.67 8.85625732e+02 2.65687714e+01 
592 648.46 8.76534607e+02 2.62960377e+01 
593 649.26 8.66687927e+02 2.60006371e+01 
594 650.05 8.63114319e+02 2.58934288e+01 
595 650.85 8.63975769e+02 2.59192734e+01 
596 651.64 8.62774048e+02 2.58832207e+01 
597 652.43 8.58759460e+02 2.57627831e+01 
598 653.23 8.52804565e+02 2.55841370e+01 
599 654.02 8.39157166e+02 2.51747150e+01 
600 654.81 8.09298218e+02 2.42789459e+01 
601 655.61 7.71799683e+02 2.31539898e+01 
602 656.40 7.55893555e+02 2.26768074e+01 
603 657.20 7.71353394e+02 2.31406021e+01 
604 657.99 7.97654785e+02 2.39296436e+01 
605 658.78 8.13572144e+02 2.44071636e+01 
606 659.58 8.18560425e+02 2.45568123e+01 
607 660.37 8.21047791e+02 2.46314335e+01 
608 661.16 8.22980164e+02 2.46894054e+01 
609 661.95 8.21980896e+02 2.46594276e+01 
610 662.75 8.17676025e+02 2.45302811e+01 
611 663.54 8.14177551e+02 2.44253273e+01 
612 664.33 8.13926392e+02 2.44177914e+01 
613 665.13 8.14760498e+02 2.44428158e+01 
614 665.92 8.14481567e+02 2.44344463e+01 
615 666.71 8.13590759e+02 2.44077225e+01 
616 667.50 8.14497925e+02 2.44349384e+01 
617 668.30 8.16729126e+02 2.45018730e+01 
618 669.09 8.17219971e+02 2.45165997e+01 
619 669.88 8.14861145e+02 2.44458351e+01 
620 670.67 8.11035095e+02 2.43310528e+01 
621 671.47 8.07694092e+02 2.42308235e+01 
622 672.26 8.07672852e+02 2.42301865e+01 
623 673.05 8.10084290e+02 2.43025284e+01 
624 673.84 8.11298889e+02 2.43389664e+01 
625 674.64 8.10411560e+02 2.43123474e+01 
626 675.43 8.09371521e+02 2.42811451e+01 
627 676.22 8.09477295e+02 2.42843189e+01 
628 677.01 8.09330627e+02 2.42799187e+01 
629 677.80 8.08385315e+02 2.42515602e+01 
630 678.59 8.07180420e+02 2.42154121e+01 
631 679.39 8.06412964e+02 2.41923885e+01 
632 680.18 8.05617737e+02 2.41685314e+01 
633 680.97 8.05263306e+02 2.41578999e+01 
634 681.76 8.05220276e+02 2.41566086e+01 
635 682.55 8.02042725e+02 2.40612812e+01 
636 683.34 7.95449158e+02 2.38634739e+01 
637 684.14 7.88987610e+02 2.36696281e+01 
638 684.93 7.82009338e+02 2.34602795e+01 
639 685.72 7.62150208e+02 2.28645058e+01 
640 686.51 7.28991394e+02 2.18697414e+01 
641 687.30 7.08501953e+02 2.12550583e+01 
642 688.09 7.12617920e+02 2.13785381e+01 
643 688.88 7.23392151e+02 2.17017651e+01 
644 689.67 7.29536987e+02 2.18861103e+01 
645 690.46 7.34154236e+02 2.20246277e+01 
646 691.25 7.39358154e+02 2.21807442e+01 
647 692.04 7.46304199e+02 2.23891258e+01 
648 692.84 7.52053528e+02 2.25616055e+01 
649 693.63 7.52682800e+02 2.25804844e+01 
650 694.42 7.49040466e+02 2.24712143e+01 
651 695.21 7.45949097e+02 2.23784733e+01 
652 696.00 7.44604370e+02 2.23381310e+01 
653 696.79 7.41173218e+02 2.22351971e+01 
654 697.58 7.35089172e+02 2.20526752e+01 
655 698.37 7.30967102e+02 2.19290123e+01 
656 699.16 7.26279541e+02 2.17883854e+01 
657 699.95 7.17574829e+02 2.15272446e+01 
658 700.74 7.08493835e+02 2.12548141e+01 
659 701.53 7.02543335e+02 2.10762997e+01 
660 702.32 7.00798828e+02 2.10239639e+01 
661 703.11 7.02654907e+02 2.10796471e+01 
662 703.90 7.05340759e+02 2.11602230e+01 
663 704.69 7.05674133e+02 2.11702232e+01 
664 705.48 7.02100220e+02 2.10630074e+01 
665 706.27 6.98317017e+02 2.09495106e+01 
666 707.05 6.95756714e+02 2.08727016e+01 
667 707.84 6.93054138e+02 2.07916241e+01 
668 708.63 6.89504761e+02 2.06851425e+01 
669 709.42 6.87775513e+02 2.06332645e+01 
670 710.21 6.86694458e+02 2.06008339e+01 
671 711.00 6.83413818e+02 2.05024147e+01 
672 711.79 6.79381958e+02 2.03814583e+01 
673 712.58 6.77722107e+02 2.03316631e+01 
674 713.37 6.77160645e+02 2.03148193e+01 
675 714.16 6.74676025e+02 2.02402802e+01 
676 714.95 6.71243469e+02 2.01373043e+01 
677 715.73 6.67530334e+02 2.00259094e+01 
678 716.52 6.60349487e+02 1.98104839e+01 
679 717.31 6.49128540e+02 1.94738560e+01 
680 718.10 6.34593628e+02 1.90378094e+01 
681 718.89 6.25770020e+02 1.87730999e+01 
682 719.68 6.25693970e+02 1.87708187e+01 
683 720.46 6.31132263e+02 1.89339676e+01 
684 721.25 6.40554810e+02 1.92166443e+01 
685 722.04 6.45873047e+02 1.93761921e+01 
686 722.83 6.43366089e+02 1.93009834e+01 
687 723.62 6.37325867e+02 1.91197758e+01 
688 724.40 6.34248718e+02 1.90274620e+01 
689 725.19 6.35606018e+02 1.90681801e+01 
690 725.98 6.38127197e+02 1.91438160e+01 
691 726.77 6.38159424e+02 1.91447830e+01 
692 727.56 6.35493896e+02 1.90648174e+01 
693 728.34 6.32584229e+02 1.89775276e+01 
694 729.13 6.35397522e+02 1.90619259e+01 
695 729.92 6.43776978e+02 1.93133087e+01 
696 730.71 6.48485046e+02 1.94545517e+01 
697 731.49 6.51309448e+02 1.95392838e+01 
698 732.28 6.55687561e+02 1.96706276e+01 
699 733.07 6.61148804e+02 1.98344650e+01 
700 733.85 6.65132751e+02 1.99539833e+01 
701 734.64 6.62910339e+02 1.98873100e+01 
702 735.43 6.58232788e+02 1.97469845e+01 
703 736.22 6.57018616e+02 1.97105579e+01 
704 737.00 6.57117310e+02 1.97135201e+01 
705 737.79 6.52875977e+02 1.95862789e+01 
706 738.58 6.46420532e+02 1.93926163e+01 
707 739.36 6.44093262e+02 1.93227978e+01 
708 740.15 6.42016479e+02 1.92604942e+01 
709 740.94 6.36241577e+02 1.90872478e+01 
710 741.72 6.32219055e+02 1.89665718e+01 
711 742.51 6.33567993e+02 1.90070400e+01 
712 743.29 6.35966431e+02 1.90789928e+01 
713 744.08 6.34282288e+02 1.90284691e+01 
714 744.87 6.32408997e+02 1.89722691e+01 
715 745.65 6.32314941e+02 1.89694481e+01 
716 746.44 6.30760437e+02 1.89228134e+01 
717 747.22 6.30221680e+02 1.89066505e+01 
718 748.01 6.27490540e+02 1.88247166e+01 
719 748.80 6.20837769e+02 1.86251335e+01 
720 749.58 6.14452759e+02 1.84335823e+01 
721 750.37 6.09669861e+02 1.82900963e+01 
722 751.15 6.06120483e+02 1.81836147e+01 
723 751.94 6.03656067e+02 1.81096821e+01 
724 752.72 6.00842346e+02 1.80252705e+01 
725 753.51 6.00020081e+02 1.80006027e+01 
726 754.29 5.97811951e+02 1.79343586e+01 
727 755.08 5.92042114e+02 1.77612629e+01 
728 755.86 5.86528564e+02 1.75958576e+01 
729 756.65 5.82010193e+02 1.74603062e+01 
730 757.43 5.75624390e+02 1.72687321e+01 
731 758.22 5.53727844e+02 1.66118355e+01 
732 759.00 4.80869415e+02 1.44260826e+01 
733 759.79 3.70372498e+02 1.11111746e+01 
734 760.57 3.23860229e+02 9.71580696e+00 
735 761.36 3.57168152e+02 1.07150450e+01 
736 762.14 3.94139008e+02 1.18241701e+01 
737 762.93 4.02176300e+02 1.20652885e+01 
738 763.71 4.11691467e+02 1.23507442e+01 
739 764.50 4.32693359e+02 1.29808006e+01 
740 765.28 4.55787384e+02 1.36736212e+01 
741 766.06 4.77280182e+02 1.43184052e+01 
742 766.85 4.98901428e+02 1.49670429e+01 
743 767.63 5.15115417e+02 1.54534626e+01 
744 768.42 5.22122681e+02 1.56636801e+01 
745 769.20 5.24686890e+02 1.57406063e+01 
746 769.98 5.26061218e+02 1.57818365e+01 
747 770.77 5.24708374e+02 1.57412510e+01 
748 771.55 5.21479492e+02 1.56443844e+01 
749 772.33 5.20478638e+02 1.56143589e+01 
750 773.12 5.20952637e+02 1.56285791e+01 
751 773.90 5.18903320e+02 1.55670996e+01 
752 774.68 5.16439331e+02 1.54931803e+01 
753 775.47 5.17554810e+02 1.55266447e+01 
754 776.25 5.19066895e+02 1.55720072e+01 
755 777.03 5.17375427e+02 1.55212631e+01 
756 777.82 5.14976624e+02 1.54492989e+01 
757 778.60 5.13479187e+02 1.54043760e+01 
758 779.38 5.11488800e+02 1.53446636e+01 
759 780.17 5.10018738e+02 1.53005619e+01 
760 780.95 5.10078094e+02 1.53023424e+01 
761 781.73 5.10457184e+02 1.53137159e+01 
762 782.51 5.08333984e+02 1.52500191e+01 
763 783.30 5.03851440e+02 1.51155434e+01 
764 784.08 5.01110870e+02 1.50333261e+01 
765 784.86 5.01014099e+02 1.50304232e+01 
766 785.64 5.01598083e+02 1.50479422e+01 
767 786.43 5.01399384e+02 1.50419817e+01 
768 787.21 4.99175568e+02 1.49752674e+01 
769 787.99 4.96976776e+02 1.49093037e+01 
770 788.77 4.96781311e+02 1.49034395e+01 
771 789.55 4.97059265e+02 1.49117775e+01 
772 790.34 4.94858948e+02 1.48457680e+01 
773 791.12 4.90173706e+02 1.47052116e+01 
774 791.90 4.84442932e+02 1.45332880e+01 
775 792.68 4.79239136e+02 1.43771744e+01 
776 793.46 4.76292114e+02 1.42887630e+01 
777 794.24 4.77072449e+02 1.43121738e+01 
778 795.02 4.79957916e+02 1.43987379e+01 
779 795.81 4.80934540e+02 1.44280357e+01 
780 796.59 4.79485107e+02 1.43845530e+01 
781 797.37 4.78953339e+02 1.43685999e+01 
782 798.15 4.78453674e+02 1.43536100e+01 
783 798.93 4.76005798e+02 1.42801743e+01 
784 799.71 4.72273346e+02 1.41682005e+01 
785 800.49 4.69863159e+02 1.40958948e+01 
786 801.27 4.69507294e+02 1.40852184e+01 
787 802.05 4.69661346e+02 1.40898399e+01 
788 802.83 4.69008087e+02 1.40702429e+01 
789 803.61 4.66656830e+02 1.39997053e+01 
790 804.39 4.64057281e+02 1.39217186e+01 
791 805.18 4.63004730e+02 1.38901415e+01 
792 805.96 4.63439209e+02 1.39031763e+01 
793 806.74 4.62478485e+02 1.38743544e+01 
794 807.52 4.58664825e+02 1.37599449e+01 
795 808.30 4.53505646e+02 1.36051693e+01 
796 809.08 4.48898468e+02 1.34669542e+01 
797 809.86 4.47506714e+02 1.34252014e+01 
798 810.64 4.49618683e+02 1.34885607e+01 
799 811.41 4.51045166e+02 1.35313549e+01 
800 812.19 4.48435944e+02 1.34530783e+01 
801 812.97 4.41356018e+02 1.32406807e+01 
802 813.75 4.32849976e+02 1.29854994e+01 
803 814.53 4.25719055e+02 1.27715721e+01 
804 815.31 4.21208313e+02 1.26362495e+01 
805 816.09 4.17721649e+02 1.25316496e+01 
806 816.87 4.13238342e+02 1.23971500e+01 
807 817.65 4.07308197e+02 1.22192459e+01 
808 818.43 4.02245361e+02 1.20673609e+01 
809 819.21 4.02049927e+02 1.20614977e+01 
810 819.99 4.06134857e+02 1.21840458e+01 
811 820.77 4.08025482e+02 1.22407646e+01 
812 821.54 4.04301178e+02 1.21290350e+01 
813 822.32 3.98168396e+02 1.19450521e+01 
814 823.10 3.96609680e+02 1.18982906e+01 
815 823.88 4.00940491e+02 1.20282145e+01 
816 824.66 4.07232239e+02 1.22169676e+01 
817 825.44 4.11001801e+02 1.23300543e+01 
818 826.21 4.09384827e+02 1.22815447e+01 
819 826.99 4.03759430e+02 1.21127825e+01 
820 827.77 3.98271912e+02 1.19481573e+01 
821 828.55 3.95291260e+02 1.18587379e+01 
822 829.33 3.95198334e+02 1.18559504e+01 
823 830.10 3.95745392e+02 1.18723621e+01 
824 830.88 3.94369476e+02 1.18310843e+01 
825 831.66 3.90000061e+02 1.17000017e+01 
826 832.44 3.84670044e+02 1.15401011e+01 
827 833.21 3.81917175e+02 1.14575157e+01 
828 833.99 3.83308136e+02 1.14992437e+01 
829 834.77 3.86322205e+02 1.15896664e+01 
830 835.55 3.87826996e+02 1.16348095e+01 
831 836.32 3.86651703e+02 1.15995512e+01 
832 837.10 3.83697266e+02 1.15109177e+01 
833 837.88 3.81362671e+02 1.14408798e+01 
834 838.65 3.81477631e+02 1.14443293e+01 
835 839.43 3.82626434e+02 1.14787931e+01 
836 840.21 3.82444946e+02 1.14733486e+01 
837 840.98 3.79507629e+02 1.13852291e+01 
838 841.76 3.74219421e+02 1.12265825e+01 
839 842.54 3.69471130e+02 1.10841341e+01 
840 843.31 3.67614502e+02 1.10284348e+01 
841 844.09 3.68375916e+02 1.10512772e+01 
842 844.87 3.69467285e+02 1.10840187e+01 
843 845.64 3.68562317e+02 1.10568695e+01 
844 846.42 3.65410187e+02 1.09623060e+01 
845 847.19 3.60822205e+02 1.08246660e+01 
846 847.97 3.55753479e+02 1.06726046e+01 
847 848.75 3.52303619e+02 1.05691090e+01 
848 849.52 3.49850952e+02 1.04955282e+01 
849 850.30 3.48099731e+02 1.04429922e+01 
850 851.07 3.44903320e+02 1.03470993e+01 
851 851.85 3.38632965e+02 1.01589890e+01 
852 852.62 3.30830505e+02 9.92491531e+00 
853 853.40 3.24238647e+02 9.72715950e+00 
854 854.17 3.21860260e+02 9.65580750e+00 
855 854.95 3.24513977e+02 9.73541927e+00 
856 855.72 3.30536591e+02 9.91609764e+00 
857 856.50 3.35661591e+02 1.00698481e+01 
858 857.27 3.38136169e+02 1.01440849e+01 
859 858.05 3.38513672e+02 1.01554098e+01 
860 858.82 3.38824219e+02 1.01647263e+01 
861 859.60 3.39496338e+02 1.01848898e+01 
862 860.37 3.39653870e+02 1.01896162e+01 
863 861.15 3.38203552e+02 1.01461067e+01 
864 861.92 3.34958069e+02 1.00487423e+01 
865 862.69 3.30477020e+02 9.91431046e+00 
866 863.47 3.25279755e+02 9.75839233e+00 
867 864.24 3.19787384e+02 9.59362125e+00 
868 865.02 3.14633240e+02 9.43899727e+00 
869 865.79 3.09838745e+02 9.29516220e+00 
870 866.56 3.06068298e+02 9.18204880e+00 
871 867.34 3.05079224e+02 9.15237713e+00 
872 868.11 3.06963379e+02 9.20890141e+00 
873 868.89 3.10356873e+02 9.31070614e+00 
874 869.66 3.13521973e+02 9.40565872e+00 
875 870.43 3.15499329e+02 9.46498013e+00 
876 871.21 3.15571411e+02 9.46714211e+00 
877 871.98 3.13561310e+02 9.40683937e+00 
878 872.75 3.09985504e+02 9.29956532e+00 
879 873.53 3.06548096e+02 9.19644260e+00 
880 874.30 3.04100159e+02 9.12300491e+00 
881 875.07 3.03407257e+02 9.10221767e+00 
882 875.84 3.03343445e+02 9.10030365e+00 
883 876.62 3.02709839e+02 9.08129501e+00 
884 877.39 3.00322205e+02 9.00966644e+00 
885 878.16 2.96969452e+02 8.90908337e+00 
886 878.93 2.93511749e+02 8.80535221e+00 
887 879.71 2.90944763e+02 8.72834301e+00 
888 880.48 2.89742188e+02 8.69226551e+00 
889 881.25 2.89788086e+02 8.69364262e+00 
890 882.02 2.90108154e+02 8.70324421e+00 
891 882.80 2.89121277e+02 8.67363834e+00 
892 883.57 2.86914154e+02 8.60742474e+00 
893 884.34 2.84147430e+02 8.52442265e+00 
894 885.11 2.81596802e+02 8.44790363e+00 
895 885.88 2.80067932e+02 8.40203762e+00 
896 886.65 2.79475891e+02 8.38427639e+00 
897 887.43 2.79411926e+02 8.38235760e+00 
898 888.20 2.79155304e+02 8.37465954e+00 
899 888.97 2.78347137e+02 8.35041428e+00 
900 889.74 2.76713989e+02 8.30141926e+00 
901 890.51 2.74927399e+02 8.24782181e+00 
902 891.28 2.73622955e+02 8.20868874e+00 
903 892.05 2.72544495e+02 8.17633438e+00 
904 892.82 2.71617401e+02 8.14852238e+00 
905 893.59 2.70035828e+02 8.10107517e+00 
906 894.36 2.67568848e+02 8.02706528e+00 
907 895.13 2.64188171e+02 7.92564535e+00 
908 895.91 2.60162628e+02 7.80487871e+00 
909 896.68 2.56115143e+02 7.68345451e+00 
910 897.45 2.52528763e+02 7.57586288e+00 
911 898.22 2.49466766e+02 7.48400307e+00 
912 898.99 2.46987778e+02 7.40963316e+00 
913 899.76 2.44734756e+02 7.34204292e+00 
914 900.53 2.42635422e+02 7.27906275e+00 
915 901.30 2.41069901e+02 7.23209715e+00 
916 902.07 2.40436996e+02 7.21310997e+00 
917 902.84 2.40661713e+02 7.21985149e+00 
918 903.61 2.41448608e+02 7.24345827e+00 
919 904.37 2.41855026e+02 7.25565100e+00 
920 905.14 2.41222595e+02 7.23667765e+00 
921 905.91 2.38999039e+02 7.16997099e+00 
922 906.68 2.35702454e+02 7.07107353e+00 
923 907.45 2.32219009e+02 6.96657038e+00 
924 908.22 2.29154465e+02 6.87463379e+00 
925 908.99 2.26999161e+02 6.80997467e+00 
926 909.76 2.25820557e+02 6.77461672e+00 
927 910.53 2.25374771e+02 6.76124334e+00 
928 911.30 2.25208038e+02 6.75624132e+00 
929 912.06 2.24626221e+02 6.73878670e+00 
930 912.83 2.23324554e+02 6.69973660e+00 
931 913.60 2.21874420e+02 6.65623283e+00 
932 914.37 2.20726105e+02 6.62178326e+00 
933 915.14 2.19778687e+02 6.59336042e+00 
934 915.91 2.19151001e+02 6.57453012e+00 
935 916.67 2.18913803e+02 6.56741428e+00 
936 917.44 2.18215225e+02 6.54645681e+00 
937 918.21 2.16935287e+02 6.50805855e+00 
938 918.98 2.15240509e+02 6.45721531e+00 
939 919.75 2.13383698e+02 6.40151072e+00 
940 920.51 2.11471191e+02 6.34413576e+00 
941 921.28 2.09769989e+02 6.29309988e+00 
942 922.05 2.07995972e+02 6.23987913e+00 
943 922.81 2.06194077e+02 6.18582249e+00 
944 923.58 2.04096817e+02 6.12290430e+00 
945 924.35 2.01631790e+02 6.04895353e+00 
946 925.12 1.98822754e+02 5.96468258e+00 
947 925.88 1.95712662e+02 5.87137985e+00 
948 926.65 1.92110352e+02 5.76331043e+00 
949 927.42 1.88109772e+02 5.64329338e+00 
950 928.18 1.83548004e+02 5.50644016e+00 
951 928.95 1.77886917e+02 5.33660746e+00 
952 929.72 1.71445709e+02 5.14337111e+00 
953 930.48 1.64308563e+02 4.92925692e+00 
954 931.25 1.56676392e+02 4.70029163e+00 
955 932.01 1.49235641e+02 4.47706938e+00 
956 932.78 1.42523102e+02 4.27569294e+00 
957 933.55 1.36776184e+02 4.10328531e+00 
958 934.31 1.32251709e+02 3.96755123e+00 
959 935.08 1.28706970e+02 3.86120915e+00 
960 935.84 1.26007072e+02 3.78021216e+00 
961 936.61 1.23759399e+02 3.71278191e+00 
962 937.38 1.21815361e+02 3.65446091e+00 
963 938.14 1.20179008e+02 3.60537028e+00 
964 938.91 1.18858032e+02 3.56574106e+00 
965 939.67 1.17515984e+02 3.52547956e+00 
966 940.44 1.16056976e+02 3.48170924e+00 
967 941.20 1.14405693e+02 3.43217087e+00 
968 941.97 1.12620399e+02 3.37861204e+00 
969 942.73 1.10682899e+02 3.32048702e+00 
970 943.50 1.08863358e+02 3.26590061e+00 
971 944.26 1.07457909e+02 3.22373724e+00 
972 945.02 1.06720291e+02 3.20160866e+00 
973 945.79 1.06659653e+02 3.19978952e+00 
974 946.55 1.06992020e+02 3.20976067e+00 
975 947.32 1.07671432e+02 3.23014307e+00 
976 948.08 1.08391380e+02 3.25174141e+00 
977 948.85 1.08979179e+02 3.26937532e+00 
978 949.61 1.09384537e+02 3.28153610e+00 
979 950.37 1.09924400e+02 3.29773211e+00 
980 951.14 1.10493484e+02 3.31480455e+00 
981 951.90 1.11173340e+02 3.33520031e+00 
982 952.66 1.11925026e+02 3.35775089e+00 
983 953.43 1.12590225e+02 3.37770677e+00 
984 954.19 1.13176987e+02 3.39530969e+00 
985 954.96 1.13825096e+02 3.41475296e+00 
986 955.72 1.14266724e+02 3.42800164e+00 
987 956.48 1.14859329e+02 3.44577980e+00 
988 957.24 1.15709908e+02 3.47129726e+00 
989 958.01 1.16596191e+02 3.49788570e+00 
990 958.77 1.17383316e+02 3.52149940e+00 
991 959.53 1.18161720e+02 3.54485154e+00 
992 960.30 1.18735107e+02 3.56205320e+00 
993 961.06 1.19221146e+02 3.57663441e+00 
994 961.82 1.19525162e+02 3.58575487e+00 
995 962.58 1.19802475e+02 3.59407425e+00 
996 963.34 1.20227097e+02 3.60681295e+00 
997 964.11 1.20771057e+02 3.62313175e+00 
998 964.87 1.21295380e+02 3.63886142e+00 
999 965.63 1.21626320e+02 3.64878964e+00 
1000 966.39 1.21750381e+02 3.65251136e+00 
1001 967.15 1.21792534e+02 3.65377593e+00 
1002 967.92 1.21798164e+02 3.65394497e+00 
1003 968.68 1.21647720e+02 3.64943171e+00 
1004 969.44 1.21499893e+02 3.64499688e+00 
1005 970.20 1.21246864e+02 3.63740587e+00 
1006 970.96 1.20792137e+02 3.62376404e+00 
1007 971.72 1.20123039e+02 3.60369110e+00 
1008 972.48 1.19225975e+02 3.57677937e+00 
1009 973.24 1.18100204e+02 3.54300618e+00 
1010 974.01 1.16916588e+02 3.50749755e+00 
1011 974.77 1.15770340e+02 3.47311020e+00 
1012 975.53 1.14924026e+02 3.44772077e+00 
1013 976.29 1.14196022e+02 3.42588067e+00 
1014 977.05 1.13406097e+02 3.40218282e+00 
1015 977.81 1.12663475e+02 3.37990427e+00 
1016 978.57 1.11784218e+02 3.35352659e+00 
1017 979.33 1.10896378e+02 3.32689142e+00 
1018 980.09 1.10137466e+02 3.30412388e+00 
1019 980.85 1.09467705e+02 3.28403115e+00 
1020 981.61 1.08870422e+02 3.26611257e+00 
1021 982.37 1.08182411e+02 3.24547243e+00 
1022 983.13 1.07307724e+02 3.21923161e+00 
1023 983.89 1.06253349e+02 3.18760037e+00 
1024 984.65 1.05119820e+02 3.15359449e+00 
1025 985.41 1.04135490e+02 3.12406468e+00 
1026 986.16 1.03305389e+02 3.09916162e+00 
1027 986.92 1.02451721e+02 3.07355165e+00 
1028 987.68 1.01456863e+02 3.04370594e+00 
1029 988.44 1.00196129e+02 3.00588393e+00 
1030 989.20 9.88126373e+01 2.96437907e+00 
1031 989.96 9.76066360e+01 2.92819905e+00 
1032 990.72 9.66085052e+01 2.89825511e+00 
1033 991.48 9.55969238e+01 2.86790776e+00 
1034 992.23 9.42838135e+01 2.82851434e+00 
1035 992.99 9.28083115e+01 2.78424931e+00 
1036 993.75 9.11315765e+01 2.73394728e+00 
1037 994.51 8.95866547e+01 2.68759966e+00 
1038 995.27 8.80904388e+01 2.64271307e+00 
1039 996.03 8.62242203e+01 2.58672667e+00 
1040 996.78 5.55240679e+00 1.66572198e-01 
1041 997.54 2.70742208e-01 8.12226627e-03 
1042 998.30 1.43917397e-01 4.31752205e-03 
1043 999.06 1.37781709e-01 4.13345126e-03 
