% C0 (TOA Count Rate, /ms) for 4STAR VIS spectrometer (1044 channels) derived from /data/sunsat/MLO/May_2022/data_processed/starsuns/4STARB_20220508starsun.mat and recorded on 2022-07-12 18:15:51.
% Data outside 1.8x the STD of 501 nm Langley residuals were screened out. For instrument:4STARB
Pix Wavelength C0 C0err
0 171.23 -1.00000000e+00 -1.00000000e+00 
1 172.04 1.70472115e-02 5.11416350e-04 
2 172.86 1.93926618e-02 5.81779866e-04 
3 173.67 1.46764945e-02 4.40294825e-04 
4 174.48 2.16380191e+00 6.49140552e-02 
5 175.29 2.28590775e+00 6.85772300e-02 
6 176.11 2.28457379e+00 6.85372129e-02 
7 176.92 2.27296257e+00 6.81888759e-02 
8 177.73 2.26480293e+00 6.79440871e-02 
9 178.54 2.25350904e+00 6.76052719e-02 
10 179.36 2.23782587e+00 6.71347752e-02 
11 180.17 2.22517633e+00 6.67552873e-02 
12 180.98 2.20832109e+00 6.62496313e-02 
13 181.79 2.19831920e+00 6.59495741e-02 
14 182.61 2.18755698e+00 6.56267107e-02 
15 183.42 2.17398047e+00 6.52194172e-02 
16 184.23 2.16228580e+00 6.48685768e-02 
17 185.04 2.15173912e+00 6.45521730e-02 
18 185.86 2.13958430e+00 6.41875267e-02 
19 186.67 2.12593031e+00 6.37779087e-02 
20 187.48 2.11599088e+00 6.34797290e-02 
21 188.29 2.11016893e+00 6.33050650e-02 
22 189.11 2.10460997e+00 6.31382987e-02 
23 189.92 2.08622527e+00 6.25867546e-02 
24 190.73 2.07900357e+00 6.23701066e-02 
25 191.54 2.06461167e+00 6.19383492e-02 
26 192.36 2.05444169e+00 6.16332516e-02 
27 193.17 2.04231048e+00 6.12693131e-02 
28 193.98 2.03513026e+00 6.10539094e-02 
29 194.79 2.02197337e+00 6.06592000e-02 
30 195.61 2.00857949e+00 6.02573864e-02 
31 196.42 1.99657166e+00 5.98971508e-02 
32 197.23 1.98713076e+00 5.96139245e-02 
33 198.04 1.97424734e+00 5.92274219e-02 
34 198.86 1.97052288e+00 5.91156855e-02 
35 199.67 1.96356606e+00 5.89069836e-02 
36 200.48 1.95171285e+00 5.85513860e-02 
37 201.29 1.94822979e+00 5.84468953e-02 
38 202.11 1.94300377e+00 5.82901128e-02 
39 202.92 1.93042123e+00 5.79126365e-02 
40 203.73 1.93087232e+00 5.79261705e-02 
41 204.54 1.92287779e+00 5.76863326e-02 
42 205.36 1.91703677e+00 5.75111024e-02 
43 206.17 1.90679240e+00 5.72037734e-02 
44 206.98 1.90344942e+00 5.71034811e-02 
45 207.79 1.90011036e+00 5.70033118e-02 
46 208.61 1.90049911e+00 5.70149720e-02 
47 209.42 1.90525007e+00 5.71575016e-02 
48 210.23 1.91734862e+00 5.75204603e-02 
49 211.04 1.94626963e+00 5.83880879e-02 
50 211.86 2.00055790e+00 6.00167364e-02 
51 212.67 2.07036138e+00 6.21108413e-02 
52 213.48 2.16186094e+00 6.48558289e-02 
53 214.29 2.27017212e+00 6.81051612e-02 
54 215.11 2.37246776e+00 7.11740330e-02 
55 215.92 2.49305868e+00 7.47917593e-02 
56 216.73 2.59616852e+00 7.78850541e-02 
57 217.54 2.70116425e+00 8.10349286e-02 
58 218.35 2.79885149e+00 8.39655474e-02 
59 219.17 2.91706944e+00 8.75120834e-02 
60 219.98 3.05649137e+00 9.16947424e-02 
61 220.79 3.19361591e+00 9.58084762e-02 
62 221.60 3.35341120e+00 1.00602336e-01 
63 222.42 3.53678417e+00 1.06103525e-01 
64 223.23 3.74986601e+00 1.12495981e-01 
65 224.04 3.88268661e+00 1.16480596e-01 
66 224.85 3.75241327e+00 1.12572402e-01 
67 225.67 3.13656235e+00 9.40968692e-02 
68 226.48 3.07636523e+00 9.22909603e-02 
69 227.29 3.18470454e+00 9.55411345e-02 
70 228.10 3.30678439e+00 9.92035344e-02 
71 228.91 3.40891695e+00 1.02267511e-01 
72 229.73 3.46118665e+00 1.03835598e-01 
73 230.54 3.48130083e+00 1.04439028e-01 
74 231.35 3.41045189e+00 1.02313556e-01 
75 232.16 2.91713619e+00 8.75140876e-02 
76 232.97 2.38866615e+00 7.16599822e-02 
77 233.79 2.39566541e+00 7.18699619e-02 
78 234.60 2.40360188e+00 7.21080601e-02 
79 235.41 2.44007516e+00 7.32022524e-02 
80 236.22 2.47951245e+00 7.43853748e-02 
81 237.04 2.50262284e+00 7.50786886e-02 
82 237.85 2.57331324e+00 7.71993995e-02 
83 238.66 2.62312651e+00 7.86937922e-02 
84 239.47 2.66830993e+00 8.00492987e-02 
85 240.28 2.69990730e+00 8.09972212e-02 
86 241.10 2.69207072e+00 8.07621181e-02 
87 241.91 2.74942207e+00 8.24826658e-02 
88 242.72 2.69048977e+00 8.07146952e-02 
89 243.53 2.67989826e+00 8.03969502e-02 
90 244.34 2.67734361e+00 8.03203061e-02 
91 245.16 2.62471795e+00 7.87415355e-02 
92 245.97 2.61570215e+00 7.84710646e-02 
93 246.78 2.64833307e+00 7.94499889e-02 
94 247.59 2.55312204e+00 7.65936598e-02 
95 248.40 2.61763859e+00 7.85291567e-02 
96 249.22 2.62583971e+00 7.87751898e-02 
97 250.03 2.73500705e+00 8.20502117e-02 
98 250.84 2.70046353e+00 8.10139030e-02 
99 251.65 2.59514856e+00 7.78544545e-02 
100 252.46 2.54996824e+00 7.64990449e-02 
101 253.27 2.60468960e+00 7.81406909e-02 
102 254.09 2.53418112e+00 7.60254338e-02 
103 254.90 2.67728233e+00 8.03184733e-02 
104 255.71 2.70289588e+00 8.10868740e-02 
105 256.52 2.76749992e+00 8.30250010e-02 
106 257.33 2.74420381e+00 8.23261142e-02 
107 258.15 2.66572571e+00 7.99717680e-02 
108 258.96 2.69760132e+00 8.09280425e-02 
109 259.77 2.59501004e+00 7.78503045e-02 
110 260.58 2.68493271e+00 8.05479810e-02 
111 261.39 2.71784639e+00 8.15353915e-02 
112 262.20 2.68255758e+00 8.04767311e-02 
113 263.02 2.68936086e+00 8.06808248e-02 
114 263.83 2.67434263e+00 8.02302808e-02 
115 264.64 2.67059112e+00 8.01177323e-02 
116 265.45 2.70225668e+00 8.10677037e-02 
117 266.26 2.74835229e+00 8.24505687e-02 
118 267.07 2.74654961e+00 8.23964849e-02 
119 267.89 2.69572902e+00 8.08718726e-02 
120 268.70 2.64076686e+00 7.92230070e-02 
121 269.51 2.63055182e+00 7.89165571e-02 
122 270.32 2.58255720e+00 7.74767175e-02 
123 271.13 2.52345419e+00 7.57036284e-02 
124 271.94 2.52575588e+00 7.57726729e-02 
125 272.75 2.46891332e+00 7.40673989e-02 
126 273.57 2.43954468e+00 7.31863379e-02 
127 274.38 2.37592530e+00 7.12777600e-02 
128 275.19 2.39339089e+00 7.18017295e-02 
129 276.00 2.87137365e+00 8.61412063e-02 
130 276.81 3.46377540e+00 1.03913262e-01 
131 277.62 3.54706645e+00 1.06411994e-01 
132 278.43 3.49811411e+00 1.04943424e-01 
133 279.25 3.50333548e+00 1.05100065e-01 
134 280.06 3.35545206e+00 1.00663565e-01 
135 280.87 3.20598698e+00 9.61796120e-02 
136 281.68 3.25268722e+00 9.75806192e-02 
137 282.49 3.95375681e+00 1.18612707e-01 
138 283.30 4.15227556e+00 1.24568269e-01 
139 284.11 3.92691875e+00 1.17807560e-01 
140 284.93 3.69664097e+00 1.10899232e-01 
141 285.74 3.49191451e+00 1.04757436e-01 
142 286.55 3.32413673e+00 9.97240990e-02 
143 287.36 3.15143418e+00 9.45430249e-02 
144 288.17 3.01744986e+00 9.05234963e-02 
145 288.98 2.89660811e+00 8.68982449e-02 
146 289.79 2.78746390e+00 8.36239159e-02 
147 290.60 2.70593405e+00 8.11780244e-02 
148 291.42 2.62952590e+00 7.88857788e-02 
149 292.23 2.56333208e+00 7.68999606e-02 
150 293.04 2.51795626e+00 7.55386874e-02 
151 293.85 2.47928071e+00 7.43784234e-02 
152 294.66 2.46488428e+00 7.39465281e-02 
153 295.47 2.46827292e+00 7.40481913e-02 
154 296.28 2.50565696e+00 7.51697123e-02 
155 297.09 2.58609629e+00 7.75828883e-02 
156 297.90 2.71084285e+00 8.13252851e-02 
157 298.71 2.91244698e+00 8.73734057e-02 
158 299.53 3.17970014e+00 9.53910053e-02 
159 300.34 3.59893322e+00 1.07967995e-01 
160 301.15 4.25233316e+00 1.27569988e-01 
161 301.96 5.38920927e+00 1.61676273e-01 
162 302.77 7.13120651e+00 2.13936195e-01 
163 303.58 9.15420723e+00 2.74626225e-01 
164 304.39 1.14402905e+01 3.43208700e-01 
165 305.20 1.37689762e+01 4.13069278e-01 
166 306.01 1.65432987e+01 4.96298969e-01 
167 306.82 2.06961708e+01 6.20885134e-01 
168 307.63 2.48398228e+01 7.45194674e-01 
169 308.44 2.70407352e+01 8.11222076e-01 
170 309.26 2.96845284e+01 8.90535831e-01 
171 310.07 3.71951561e+01 1.11585474e+00 
172 310.88 4.61304855e+01 1.38391459e+00 
173 311.69 5.05615196e+01 1.51684558e+00 
174 312.50 5.39595413e+01 1.61878622e+00 
175 313.31 5.79996643e+01 1.73998988e+00 
176 314.12 6.04507256e+01 1.81352174e+00 
177 314.93 6.08935356e+01 1.82680607e+00 
178 315.74 6.29403000e+01 1.88820899e+00 
179 316.55 7.05746765e+01 2.11724019e+00 
180 317.36 7.59565582e+01 2.27869678e+00 
181 318.17 7.61337662e+01 2.28401303e+00 
182 318.98 7.99332352e+01 2.39799714e+00 
183 319.79 8.67606201e+01 2.60281849e+00 
184 320.60 8.88032303e+01 2.66409683e+00 
185 321.41 8.68618317e+01 2.60585499e+00 
186 322.22 8.53945160e+01 2.56183553e+00 
187 323.04 8.69590988e+01 2.60877299e+00 
188 323.85 9.50000458e+01 2.85000134e+00 
189 324.66 1.06826653e+02 3.20479965e+00 
190 325.47 1.20783554e+02 3.62350655e+00 
191 326.28 1.30571518e+02 3.91714549e+00 
192 327.09 1.32370941e+02 3.97112823e+00 
193 327.90 1.32802567e+02 3.98407698e+00 
194 328.71 1.40228470e+02 4.20685387e+00 
195 329.52 1.49188828e+02 4.47566462e+00 
196 330.33 1.48219101e+02 4.44657326e+00 
197 331.14 1.44883255e+02 4.34649754e+00 
198 331.95 1.44430206e+02 4.33290625e+00 
199 332.76 1.43750015e+02 4.31250048e+00 
200 333.57 1.45071640e+02 4.35214901e+00 
201 334.38 1.48933578e+02 4.46800756e+00 
202 335.19 1.46891769e+02 4.40675306e+00 
203 336.00 1.38357391e+02 4.15072155e+00 
204 336.81 1.36729034e+02 4.10187101e+00 
205 337.62 1.44465485e+02 4.33396435e+00 
206 338.43 1.53582642e+02 4.60747910e+00 
207 339.24 1.62002335e+02 4.86007023e+00 
208 340.05 1.66706894e+02 5.00120687e+00 
209 340.86 1.64470428e+02 4.93411303e+00 
210 341.67 1.65563690e+02 4.96691084e+00 
211 342.48 1.69024796e+02 5.07074404e+00 
212 343.29 1.61792587e+02 4.85377741e+00 
213 344.10 1.52224335e+02 4.56673002e+00 
214 344.91 1.56985397e+02 4.70956182e+00 
215 345.72 1.63874451e+02 4.91623354e+00 
216 346.53 1.65641312e+02 4.96923923e+00 
217 347.34 1.64827408e+02 4.94482231e+00 
218 348.15 1.64013672e+02 4.92041016e+00 
219 348.96 1.66535995e+02 4.99607992e+00 
220 349.77 1.76762177e+02 5.30286551e+00 
221 350.58 1.84844833e+02 5.54534483e+00 
222 351.39 1.81576813e+02 5.44730425e+00 
223 352.19 1.78045441e+02 5.34136343e+00 
224 353.00 1.86153046e+02 5.58459139e+00 
225 353.81 2.00036835e+02 6.00110483e+00 
226 354.62 2.04173126e+02 6.12519360e+00 
227 355.43 1.96321136e+02 5.88963413e+00 
228 356.24 1.80062683e+02 5.40188026e+00 
229 357.05 1.63591202e+02 4.90773582e+00 
230 357.86 1.54181107e+02 4.62543297e+00 
231 358.67 1.64292419e+02 4.92877245e+00 
232 359.48 1.88103149e+02 5.64309454e+00 
233 360.29 1.91582703e+02 5.74748087e+00 
234 361.10 1.84132721e+02 5.52398157e+00 
235 361.91 1.89601318e+02 5.68803978e+00 
236 362.72 1.99175552e+02 5.97526646e+00 
237 363.53 2.03931335e+02 6.11793995e+00 
238 364.34 2.10658096e+02 6.31974268e+00 
239 365.14 2.26585724e+02 6.79757166e+00 
240 365.95 2.42820145e+02 7.28460455e+00 
241 366.76 2.44796738e+02 7.34390211e+00 
242 367.57 2.39280579e+02 7.17841721e+00 
243 368.38 2.39327011e+02 7.17981052e+00 
244 369.19 2.48658356e+02 7.45975065e+00 
245 370.00 2.51310699e+02 7.53932095e+00 
246 370.81 2.48083847e+02 7.44251537e+00 
247 371.62 2.42709595e+02 7.28128767e+00 
248 372.43 2.29986420e+02 6.89959240e+00 
249 373.24 2.16899185e+02 6.50697565e+00 
250 374.04 2.13782318e+02 6.41346931e+00 
251 374.85 2.27027740e+02 6.81083202e+00 
252 375.66 2.47353973e+02 7.42061901e+00 
253 376.47 2.68537964e+02 8.05613899e+00 
254 377.28 2.95406433e+02 8.86219311e+00 
255 378.09 3.06660828e+02 9.19982529e+00 
256 378.90 2.92744537e+02 8.78233624e+00 
257 379.71 2.85963104e+02 8.57889271e+00 
258 380.51 2.88481628e+02 8.65444851e+00 
259 381.32 2.67769226e+02 8.03307724e+00 
260 382.13 2.30119370e+02 6.90358114e+00 
261 382.94 2.09310181e+02 6.27930546e+00 
262 383.75 2.24301804e+02 6.72905397e+00 
263 384.56 2.55062393e+02 7.65187168e+00 
264 385.37 2.70193207e+02 8.10579586e+00 
265 386.17 2.74266541e+02 8.22799587e+00 
266 386.98 2.77508514e+02 8.32525539e+00 
267 387.79 2.81886444e+02 8.45659351e+00 
268 388.60 2.99026703e+02 8.97080135e+00 
269 389.41 3.28122467e+02 9.84367371e+00 
270 390.22 3.53394562e+02 1.06018372e+01 
271 391.02 3.60801392e+02 1.08240414e+01 
272 391.83 3.28660217e+02 9.85980606e+00 
273 392.64 2.68853394e+02 8.06560135e+00 
274 393.45 2.50683914e+02 7.52051735e+00 
275 394.26 2.98213501e+02 8.94640541e+00 
276 395.07 3.39312805e+02 1.01793842e+01 
277 395.87 3.20675629e+02 9.62026882e+00 
278 396.68 3.01144592e+02 9.03433800e+00 
279 397.49 3.52110321e+02 1.05633097e+01 
280 398.30 4.35642639e+02 1.30692787e+01 
281 399.11 4.91676117e+02 1.47502832e+01 
282 399.91 5.19321899e+02 1.55796566e+01 
283 400.72 5.38110046e+02 1.61433010e+01 
284 401.53 5.52776001e+02 1.65832806e+01 
285 402.34 5.56679443e+02 1.67003841e+01 
286 403.15 5.53010925e+02 1.65903282e+01 
287 403.95 5.49463745e+02 1.64839115e+01 
288 404.76 5.46322937e+02 1.63896885e+01 
289 405.57 5.42689819e+02 1.62806950e+01 
290 406.38 5.42453064e+02 1.62735920e+01 
291 407.18 5.53102661e+02 1.65930805e+01 
292 407.99 5.72633545e+02 1.71790066e+01 
293 408.80 5.80845764e+02 1.74253731e+01 
294 409.61 5.73392029e+02 1.72017612e+01 
295 410.41 5.79893250e+02 1.73967972e+01 
296 411.22 6.05123596e+02 1.81537075e+01 
297 412.03 6.22564331e+02 1.86769295e+01 
298 412.84 6.27046082e+02 1.88113823e+01 
299 413.64 6.29479858e+02 1.88843956e+01 
300 414.45 6.33520874e+02 1.90056267e+01 
301 415.26 6.40322998e+02 1.92096901e+01 
302 416.07 6.45760010e+02 1.93728008e+01 
303 416.87 6.42120544e+02 1.92636166e+01 
304 417.68 6.36396912e+02 1.90919075e+01 
305 418.49 6.36639771e+02 1.90991936e+01 
306 419.30 6.42816895e+02 1.92845078e+01 
307 420.10 6.56179565e+02 1.96853867e+01 
308 420.91 6.68660950e+02 2.00598278e+01 
309 421.72 6.66371155e+02 1.99911346e+01 
310 422.52 6.58275513e+02 1.97482662e+01 
311 423.33 6.59682007e+02 1.97904606e+01 
312 424.14 6.66713135e+02 2.00013943e+01 
313 424.95 6.70002075e+02 2.01000614e+01 
314 425.75 6.68468750e+02 2.00540619e+01 
315 426.56 6.63214844e+02 1.98964462e+01 
316 427.37 6.57640198e+02 1.97292061e+01 
317 428.17 6.44921814e+02 1.93476543e+01 
318 428.98 6.13511169e+02 1.84053345e+01 
319 429.79 5.78726685e+02 1.73618011e+01 
320 430.59 5.85389404e+02 1.75616817e+01 
321 431.40 6.36615723e+02 1.90984726e+01 
322 432.21 6.87064880e+02 2.06119461e+01 
323 433.01 7.06460938e+02 2.11938286e+01 
324 433.82 7.12178711e+02 2.13653622e+01 
325 434.63 7.30496338e+02 2.19148903e+01 
326 435.43 7.59491333e+02 2.27847404e+01 
327 436.24 7.77142273e+02 2.33142681e+01 
328 437.05 7.69206177e+02 2.30761852e+01 
329 437.85 7.51342773e+02 2.25402832e+01 
330 438.66 7.48426758e+02 2.24528027e+01 
331 439.47 7.63271851e+02 2.28981552e+01 
332 440.27 7.87769226e+02 2.36330776e+01 
333 441.08 8.15353210e+02 2.44605961e+01 
334 441.89 8.38554810e+02 2.51566448e+01 
335 442.69 8.53124268e+02 2.55937271e+01 
336 443.50 8.61066345e+02 2.58319912e+01 
337 444.30 8.61684082e+02 2.58505230e+01 
338 445.11 8.56604614e+02 2.56981392e+01 
339 445.92 8.59839172e+02 2.57951756e+01 
340 446.72 8.77046326e+02 2.63113899e+01 
341 447.53 8.98022156e+02 2.69406643e+01 
342 448.33 9.13961182e+02 2.74188347e+01 
343 449.14 9.30029236e+02 2.79008770e+01 
344 449.95 9.48279297e+02 2.84483795e+01 
345 450.75 9.57393005e+02 2.87217903e+01 
346 451.56 9.47261536e+02 2.84178467e+01 
347 452.36 9.28234924e+02 2.78470478e+01 
348 453.17 9.19683350e+02 2.75904999e+01 
349 453.98 9.23468262e+02 2.77040482e+01 
350 454.78 9.34660400e+02 2.80398121e+01 
351 455.59 9.48684509e+02 2.84605350e+01 
352 456.39 9.59729126e+02 2.87918739e+01 
353 457.20 9.63520752e+02 2.89056225e+01 
354 458.00 9.60261475e+02 2.88078442e+01 
355 458.81 9.58202759e+02 2.87460823e+01 
356 459.61 9.63994080e+02 2.89198227e+01 
357 460.42 9.75756958e+02 2.92727089e+01 
358 461.23 9.87418945e+02 2.96225681e+01 
359 462.03 9.93820374e+02 2.98146114e+01 
360 462.84 9.90997620e+02 2.97299290e+01 
361 463.64 9.82214417e+02 2.94664326e+01 
362 464.45 9.75425720e+02 2.92627716e+01 
363 465.25 9.70764771e+02 2.91229439e+01 
364 466.06 9.67945679e+02 2.90383701e+01 
365 466.86 9.68593445e+02 2.90578041e+01 
366 467.67 9.72790222e+02 2.91837063e+01 
367 468.47 9.77215271e+02 2.93164577e+01 
368 469.28 9.76814148e+02 2.93044243e+01 
369 470.08 9.77378357e+02 2.93213501e+01 
370 470.89 9.87187317e+02 2.96156197e+01 
371 471.69 1.00057245e+03 3.00171738e+01 
372 472.50 1.01000714e+03 3.03002148e+01 
373 473.30 1.01693610e+03 3.05080833e+01 
374 474.11 1.02264886e+03 3.06794662e+01 
375 474.91 1.02633423e+03 3.07900276e+01 
376 475.72 1.02962231e+03 3.08886700e+01 
377 476.52 1.03621985e+03 3.10865955e+01 
378 477.33 1.04548157e+03 3.13644466e+01 
379 478.13 1.05395068e+03 3.16185207e+01 
380 478.93 1.05976624e+03 3.17929878e+01 
381 479.74 1.06439868e+03 3.19319611e+01 
382 480.54 1.06907825e+03 3.20723457e+01 
383 481.35 1.07138391e+03 3.21415176e+01 
384 482.15 1.06908337e+03 3.20725021e+01 
385 482.96 1.06163354e+03 3.18490067e+01 
386 483.76 1.04458899e+03 3.13376694e+01 
387 484.57 1.01127026e+03 3.03381081e+01 
388 485.37 9.71251831e+02 2.91375542e+01 
389 486.17 9.51848694e+02 2.85554600e+01 
390 486.98 9.61645752e+02 2.88493729e+01 
391 487.78 9.88432678e+02 2.96529808e+01 
392 488.59 1.01880817e+03 3.05642452e+01 
393 489.39 1.04149841e+03 3.12449532e+01 
394 490.19 1.04886353e+03 3.14659061e+01 
395 491.00 1.04455859e+03 3.13367577e+01 
396 491.80 1.03918274e+03 3.11754818e+01 
397 492.61 1.04214026e+03 3.12642078e+01 
398 493.41 1.05449512e+03 3.16348534e+01 
399 494.21 1.06788818e+03 3.20366440e+01 
400 495.02 1.07603174e+03 3.22809525e+01 
401 495.82 1.07998779e+03 3.23996353e+01 
402 496.63 1.07750940e+03 3.23252831e+01 
403 497.43 1.07091614e+03 3.21274834e+01 
404 498.23 1.06415552e+03 3.19246655e+01 
405 499.04 1.05634656e+03 3.16903973e+01 
406 499.84 1.04656433e+03 3.13969307e+01 
407 500.64 1.03847534e+03 3.11542606e+01 
408 501.45 1.03829370e+03 3.11488113e+01 
409 502.25 1.04520386e+03 3.13561153e+01 
410 503.05 1.05428943e+03 3.16286831e+01 
411 503.86 1.06590198e+03 3.19770584e+01 
412 504.66 1.08031226e+03 3.24093666e+01 
413 505.46 1.09022900e+03 3.27068710e+01 
414 506.27 1.09182666e+03 3.27547989e+01 
415 507.07 1.08636230e+03 3.25908699e+01 
416 507.87 1.08203564e+03 3.24610710e+01 
417 508.68 1.08131201e+03 3.24393616e+01 
418 509.48 1.08403174e+03 3.25209503e+01 
419 510.28 1.08754663e+03 3.26264000e+01 
420 511.08 1.08765613e+03 3.26296844e+01 
421 511.89 1.08169678e+03 3.24509048e+01 
422 512.69 1.07073279e+03 3.21219826e+01 
423 513.49 1.05951868e+03 3.17855606e+01 
424 514.30 1.05081738e+03 3.15245209e+01 
425 515.10 1.03468530e+03 3.10405598e+01 
426 515.90 1.00669434e+03 3.02008305e+01 
427 516.70 9.80307678e+02 2.94092312e+01 
428 517.51 9.69262451e+02 2.90778732e+01 
429 518.31 9.80269348e+02 2.94080811e+01 
430 519.11 1.00521545e+03 3.01564636e+01 
431 519.91 1.02925562e+03 3.08776684e+01 
432 520.72 1.04624756e+03 3.13874264e+01 
433 521.52 1.05358740e+03 3.16076221e+01 
434 522.32 1.05897974e+03 3.17693920e+01 
435 523.12 1.06902014e+03 3.20706024e+01 
436 523.93 1.07777771e+03 3.23333321e+01 
437 524.73 1.07538086e+03 3.22614250e+01 
438 525.53 1.05795264e+03 3.17385788e+01 
439 526.33 1.04063708e+03 3.12191124e+01 
440 527.13 1.04111060e+03 3.12333183e+01 
441 527.94 1.05817053e+03 3.17451153e+01 
442 528.74 1.08031177e+03 3.24093513e+01 
443 529.54 1.09778308e+03 3.29334908e+01 
444 530.34 1.10498169e+03 3.31494522e+01 
445 531.14 1.09972266e+03 3.29916801e+01 
446 531.95 1.08761414e+03 3.26284256e+01 
447 532.75 1.07889343e+03 3.23668022e+01 
448 533.55 1.07901794e+03 3.23705368e+01 
449 534.35 1.08693542e+03 3.26080627e+01 
450 535.15 1.09286157e+03 3.27858467e+01 
451 535.95 1.09156067e+03 3.27468185e+01 
452 536.76 1.08740869e+03 3.26222610e+01 
453 537.56 1.08353503e+03 3.25060501e+01 
454 538.36 1.07665686e+03 3.22997055e+01 
455 539.16 1.06642261e+03 3.19926777e+01 
456 539.96 1.05842896e+03 3.17528687e+01 
457 540.76 1.05688269e+03 3.17064800e+01 
458 541.56 1.06138660e+03 3.18415985e+01 
459 542.36 1.06928882e+03 3.20786629e+01 
460 543.17 1.07677747e+03 3.23033257e+01 
461 543.97 1.08106042e+03 3.24318123e+01 
462 544.77 1.08339917e+03 3.25019760e+01 
463 545.57 1.08154102e+03 3.24462318e+01 
464 546.37 1.07638428e+03 3.22915268e+01 
465 547.17 1.07057043e+03 3.21171112e+01 
466 547.97 1.06848401e+03 3.20545197e+01 
467 548.77 1.06919763e+03 3.20759277e+01 
468 549.57 1.07098401e+03 3.21295204e+01 
469 550.37 1.07130371e+03 3.21391106e+01 
470 551.17 1.07035913e+03 3.21107750e+01 
471 551.97 1.06951318e+03 3.20853958e+01 
472 552.78 1.06926282e+03 3.20778847e+01 
473 553.58 1.07111731e+03 3.21335182e+01 
474 554.38 1.07146057e+03 3.21438179e+01 
475 555.18 1.06713525e+03 3.20140572e+01 
476 555.98 1.05962024e+03 3.17886066e+01 
477 556.78 1.05050720e+03 3.15152168e+01 
478 557.58 1.03877063e+03 3.11631184e+01 
479 558.38 1.02962573e+03 3.08887711e+01 
480 559.18 1.02804956e+03 3.08414860e+01 
481 559.98 1.02998816e+03 3.08996449e+01 
482 560.78 1.03518616e+03 3.10555840e+01 
483 561.58 1.04389490e+03 3.13168468e+01 
484 562.38 1.04978918e+03 3.14936752e+01 
485 563.18 1.05311267e+03 3.15933800e+01 
486 563.98 1.05494019e+03 3.16482048e+01 
487 564.78 1.05422705e+03 3.16268120e+01 
488 565.58 1.05233362e+03 3.15700092e+01 
489 566.38 1.05203870e+03 3.15611610e+01 
490 567.18 1.05575293e+03 3.16725883e+01 
491 567.98 1.05970605e+03 3.17911816e+01 
492 568.78 1.05994971e+03 3.17984905e+01 
493 569.58 1.05724915e+03 3.17174740e+01 
494 570.38 1.05427844e+03 3.16283531e+01 
495 571.17 1.05919836e+03 3.17759514e+01 
496 571.97 1.07208972e+03 3.21626930e+01 
497 572.77 1.08493408e+03 3.25480232e+01 
498 573.57 1.09148572e+03 3.27445717e+01 
499 574.37 1.08856409e+03 3.26569214e+01 
500 575.17 1.08241650e+03 3.24724960e+01 
501 575.97 1.07886316e+03 3.23658943e+01 
502 576.77 1.07384863e+03 3.22154579e+01 
503 577.57 1.06546960e+03 3.19640884e+01 
504 578.37 1.05714172e+03 3.17142525e+01 
505 579.17 1.05246814e+03 3.15740433e+01 
506 579.96 1.05117468e+03 3.15352402e+01 
507 580.76 1.05107141e+03 3.15321426e+01 
508 581.56 1.05081287e+03 3.15243855e+01 
509 582.36 1.04959290e+03 3.14877872e+01 
510 583.16 1.04552893e+03 3.13658676e+01 
511 583.96 1.03663196e+03 3.10989590e+01 
512 584.76 1.02455139e+03 3.07365417e+01 
513 585.56 1.01384369e+03 3.04153099e+01 
514 586.35 1.00749481e+03 3.02248440e+01 
515 587.15 9.97760498e+02 2.99328156e+01 
516 587.95 9.79192078e+02 2.93757629e+01 
517 588.75 9.61754883e+02 2.88526459e+01 
518 589.55 9.57581543e+02 2.87274456e+01 
519 590.35 9.65926147e+02 2.89777851e+01 
520 591.14 9.79351746e+02 2.93805523e+01 
521 591.94 9.88042053e+02 2.96412621e+01 
522 592.74 9.91182922e+02 2.97354870e+01 
523 593.54 9.91336975e+02 2.97401085e+01 
524 594.34 9.91269897e+02 2.97380962e+01 
525 595.13 9.93373108e+02 2.98011932e+01 
526 595.93 9.96333252e+02 2.98899975e+01 
527 596.73 9.97852356e+02 2.99355698e+01 
528 597.53 9.97195007e+02 2.99158497e+01 
529 598.32 9.95175659e+02 2.98552704e+01 
530 599.12 9.92415344e+02 2.97724609e+01 
531 599.92 9.90499695e+02 2.97149906e+01 
532 600.72 9.88305420e+02 2.96491623e+01 
533 601.51 9.88786255e+02 2.96635876e+01 
534 602.31 9.94607361e+02 2.98382206e+01 
535 603.11 1.00398676e+03 3.01196022e+01 
536 603.91 1.01180756e+03 3.03542271e+01 
537 604.70 1.01605835e+03 3.04817505e+01 
538 605.50 1.01671698e+03 3.05015087e+01 
539 606.30 1.01595996e+03 3.04787979e+01 
540 607.10 1.01357104e+03 3.04071312e+01 
541 607.89 1.00950446e+03 3.02851334e+01 
542 608.69 1.00540002e+03 3.01620007e+01 
543 609.49 1.00274182e+03 3.00822544e+01 
544 610.28 1.00264001e+03 3.00792007e+01 
545 611.08 1.00307275e+03 3.00921822e+01 
546 611.88 1.00018561e+03 3.00055676e+01 
547 612.67 9.94907593e+02 2.98472271e+01 
548 613.47 9.89696655e+02 2.96908989e+01 
549 614.27 9.84987671e+02 2.95496292e+01 
550 615.06 9.77679932e+02 2.93303986e+01 
551 615.86 9.70711548e+02 2.91213455e+01 
552 616.66 9.69467651e+02 2.90840302e+01 
553 617.45 9.74407166e+02 2.92322159e+01 
554 618.25 9.80820618e+02 2.94246178e+01 
555 619.04 9.85796326e+02 2.95738907e+01 
556 619.84 9.87234375e+02 2.96170311e+01 
557 620.64 9.85706543e+02 2.95711956e+01 
558 621.43 9.81426941e+02 2.94428082e+01 
559 622.23 9.75169922e+02 2.92550983e+01 
560 623.02 9.68132629e+02 2.90439796e+01 
561 623.82 9.60240417e+02 2.88072128e+01 
562 624.62 9.53728210e+02 2.86118469e+01 
563 625.41 9.52724609e+02 2.85817375e+01 
564 626.21 9.56334412e+02 2.86900330e+01 
565 627.00 9.60017883e+02 2.88005371e+01 
566 627.80 9.62146179e+02 2.88643856e+01 
567 628.59 9.60682373e+02 2.88204708e+01 
568 629.39 9.57194885e+02 2.87158470e+01 
569 630.19 9.53107178e+02 2.85932159e+01 
570 630.98 9.49194946e+02 2.84758492e+01 
571 631.78 9.48320007e+02 2.84496002e+01 
572 632.57 9.48789490e+02 2.84636841e+01 
573 633.37 9.49415833e+02 2.84824753e+01 
574 634.16 9.50456299e+02 2.85136890e+01 
575 634.96 9.49982361e+02 2.84994717e+01 
576 635.75 9.49316223e+02 2.84794865e+01 
577 636.55 9.49853271e+02 2.84955978e+01 
578 637.34 9.51163574e+02 2.85349064e+01 
579 638.14 9.49927979e+02 2.84978390e+01 
580 638.93 9.43390808e+02 2.83017235e+01 
581 639.73 9.34115051e+02 2.80234509e+01 
582 640.52 9.25344299e+02 2.77603283e+01 
583 641.32 9.20258484e+02 2.76077538e+01 
584 642.11 9.18884705e+02 2.75665417e+01 
585 642.90 9.18708130e+02 2.75612431e+01 
586 643.70 9.16807556e+02 2.75042267e+01 
587 644.49 9.12386230e+02 2.73715878e+01 
588 645.29 9.06961121e+02 2.72088337e+01 
589 646.08 9.03123718e+02 2.70937119e+01 
590 646.88 9.00684448e+02 2.70205326e+01 
591 647.67 8.96920166e+02 2.69076042e+01 
592 648.46 8.87508667e+02 2.66252594e+01 
593 649.26 8.77266785e+02 2.63180027e+01 
594 650.05 8.74143372e+02 2.62243004e+01 
595 650.85 8.75866943e+02 2.62760086e+01 
596 651.64 8.75005737e+02 2.62501717e+01 
597 652.43 8.70460144e+02 2.61138039e+01 
598 653.23 8.63882202e+02 2.59164658e+01 
599 654.02 8.49882080e+02 2.54964619e+01 
600 654.81 8.19460938e+02 2.45838280e+01 
601 655.61 7.80213684e+02 2.34064102e+01 
602 656.40 7.63447998e+02 2.29034405e+01 
603 657.20 7.80720947e+02 2.34216290e+01 
604 657.99 8.08211487e+02 2.42463455e+01 
605 658.78 8.23549011e+02 2.47064705e+01 
606 659.58 8.27728027e+02 2.48318405e+01 
607 660.37 8.29051331e+02 2.48715401e+01 
608 661.16 8.29952759e+02 2.48985825e+01 
609 661.95 8.28402466e+02 2.48520737e+01 
610 662.75 8.23600037e+02 2.47080002e+01 
611 663.54 8.19898743e+02 2.45969620e+01 
612 664.33 8.20384460e+02 2.46115341e+01 
613 665.13 8.22190613e+02 2.46657181e+01 
614 665.92 8.22588257e+02 2.46776485e+01 
615 666.71 8.21482056e+02 2.46444626e+01 
616 667.50 8.21590576e+02 2.46477165e+01 
617 668.30 8.22993896e+02 2.46898174e+01 
618 669.09 8.22868713e+02 2.46860619e+01 
619 669.88 8.20584778e+02 2.46175442e+01 
620 670.67 8.17284668e+02 2.45185394e+01 
621 671.47 8.13674927e+02 2.44102478e+01 
622 672.26 8.12562561e+02 2.43768768e+01 
623 673.05 8.13952026e+02 2.44185600e+01 
624 673.84 8.15043396e+02 2.44513016e+01 
625 674.64 8.14787720e+02 2.44436321e+01 
626 675.43 8.14450928e+02 2.44335270e+01 
627 676.22 8.14832397e+02 2.44449711e+01 
628 677.01 8.15318237e+02 2.44595470e+01 
629 677.80 8.15109863e+02 2.44532967e+01 
630 678.59 8.14355774e+02 2.44306736e+01 
631 679.39 8.13545776e+02 2.44063740e+01 
632 680.18 8.12861328e+02 2.43858395e+01 
633 680.97 8.12588501e+02 2.43776550e+01 
634 681.76 8.12374268e+02 2.43712273e+01 
635 682.55 8.09541016e+02 2.42862301e+01 
636 683.34 8.03508057e+02 2.41052418e+01 
637 684.14 7.97433105e+02 2.39229927e+01 
638 684.93 7.91474182e+02 2.37442245e+01 
639 685.72 7.75434692e+02 2.32630405e+01 
640 686.51 7.48401062e+02 2.24520321e+01 
641 687.30 7.31008911e+02 2.19302673e+01 
642 688.09 7.33347412e+02 2.20004215e+01 
643 688.88 7.41804016e+02 2.22541199e+01 
644 689.67 7.48016479e+02 2.24404945e+01 
645 690.46 7.53285645e+02 2.25985699e+01 
646 691.25 7.57498535e+02 2.27249565e+01 
647 692.04 7.62097168e+02 2.28629150e+01 
648 692.84 7.65801880e+02 2.29740562e+01 
649 693.63 7.64669250e+02 2.29400768e+01 
650 694.42 7.59981506e+02 2.27994461e+01 
651 695.21 7.56420044e+02 2.26926022e+01 
652 696.00 7.55253723e+02 2.26576118e+01 
653 696.79 7.51923340e+02 2.25577011e+01 
654 697.58 7.45948425e+02 2.23784523e+01 
655 698.37 7.41862366e+02 2.22558708e+01 
656 699.16 7.37945068e+02 2.21383514e+01 
657 699.95 7.29803833e+02 2.18941154e+01 
658 700.74 7.20141174e+02 2.16042347e+01 
659 701.53 7.13584656e+02 2.14075394e+01 
660 702.32 7.11660645e+02 2.13498192e+01 
661 703.11 7.13181213e+02 2.13954372e+01 
662 703.90 7.15525391e+02 2.14657612e+01 
663 704.69 7.16607117e+02 2.14982128e+01 
664 705.48 7.13429810e+02 2.14028950e+01 
665 706.27 7.08974060e+02 2.12692223e+01 
666 707.05 7.05333008e+02 2.11599903e+01 
667 707.84 7.01671143e+02 2.10501347e+01 
668 708.63 6.97138245e+02 2.09141464e+01 
669 709.42 6.95029541e+02 2.08508854e+01 
670 710.21 6.93634399e+02 2.08090324e+01 
671 711.00 6.89876343e+02 2.06962910e+01 
672 711.79 6.85246704e+02 2.05574017e+01 
673 712.58 6.82863281e+02 2.04858990e+01 
674 713.37 6.81937256e+02 2.04581184e+01 
675 714.16 6.80103455e+02 2.04031029e+01 
676 714.95 6.77547974e+02 2.03264389e+01 
677 715.73 6.73819885e+02 2.02145958e+01 
678 716.52 6.65597900e+02 1.99679375e+01 
679 717.31 6.52105591e+02 1.95631676e+01 
680 718.10 6.34503418e+02 1.90351028e+01 
681 718.89 6.24602356e+02 1.87380714e+01 
682 719.68 6.25996277e+02 1.87798882e+01 
683 720.46 6.33071838e+02 1.89921551e+01 
684 721.25 6.44348511e+02 1.93304558e+01 
685 722.04 6.50547729e+02 1.95164318e+01 
686 722.83 6.46674622e+02 1.94002380e+01 
687 723.62 6.40109863e+02 1.92032967e+01 
688 724.40 6.38193176e+02 1.91457958e+01 
689 725.19 6.41940186e+02 1.92582054e+01 
690 725.98 6.46359863e+02 1.93907967e+01 
691 726.77 6.47187012e+02 1.94156113e+01 
692 727.56 6.44947632e+02 1.93484287e+01 
693 728.34 6.42040649e+02 1.92612190e+01 
694 729.13 6.44737305e+02 1.93421192e+01 
695 729.92 6.52712219e+02 1.95813675e+01 
696 730.71 6.57215698e+02 1.97164707e+01 
697 731.49 6.59955383e+02 1.97986622e+01 
698 732.28 6.63171509e+02 1.98951454e+01 
699 733.07 6.67715942e+02 2.00314789e+01 
700 733.85 6.71195801e+02 2.01358738e+01 
701 734.64 6.68945435e+02 2.00683632e+01 
702 735.43 6.64587158e+02 1.99376144e+01 
703 736.22 6.64140747e+02 1.99242229e+01 
704 737.00 6.64580505e+02 1.99374161e+01 
705 737.79 6.59684814e+02 1.97905445e+01 
706 738.58 6.52765747e+02 1.95829716e+01 
707 739.36 6.50131897e+02 1.95039577e+01 
708 740.15 6.48189819e+02 1.94456940e+01 
709 740.94 6.42909790e+02 1.92872944e+01 
710 741.72 6.40382202e+02 1.92114658e+01 
711 742.51 6.42506775e+02 1.92752037e+01 
712 743.29 6.44732727e+02 1.93419819e+01 
713 744.08 6.43091553e+02 1.92927475e+01 
714 744.87 6.41536621e+02 1.92460995e+01 
715 745.65 6.41371094e+02 1.92411327e+01 
716 746.44 6.39409485e+02 1.91822853e+01 
717 747.22 6.37949463e+02 1.91384830e+01 
718 748.01 6.34670776e+02 1.90401230e+01 
719 748.80 6.28736206e+02 1.88620853e+01 
720 749.58 6.23092651e+02 1.86927795e+01 
721 750.37 6.18553345e+02 1.85566006e+01 
722 751.15 6.14494934e+02 1.84348488e+01 
723 751.94 6.11191345e+02 1.83357410e+01 
724 752.72 6.07731262e+02 1.82319374e+01 
725 753.51 6.06257751e+02 1.81877327e+01 
726 754.29 6.03592163e+02 1.81077652e+01 
727 755.08 5.97945374e+02 1.79383621e+01 
728 755.86 5.93143616e+02 1.77943077e+01 
729 756.65 5.89562744e+02 1.76868820e+01 
730 757.43 5.84081421e+02 1.75224419e+01 
731 758.22 5.65493286e+02 1.69647980e+01 
732 759.00 5.04084534e+02 1.51225357e+01 
733 759.79 4.13592590e+02 1.24077778e+01 
734 760.57 3.77156616e+02 1.13146982e+01 
735 761.36 4.02871704e+02 1.20861511e+01 
736 762.14 4.31659851e+02 1.29497957e+01 
737 762.93 4.37611176e+02 1.31283350e+01 
738 763.71 4.45082184e+02 1.33524656e+01 
739 764.50 4.61952820e+02 1.38585844e+01 
740 765.28 4.79253082e+02 1.43775921e+01 
741 766.06 4.94773285e+02 1.48431988e+01 
742 766.85 5.11784241e+02 1.53535271e+01 
743 767.63 5.25195007e+02 1.57558498e+01 
744 768.42 5.30483276e+02 1.59144983e+01 
745 769.20 5.31948120e+02 1.59584436e+01 
746 769.98 5.32790161e+02 1.59837046e+01 
747 770.77 5.31536133e+02 1.59460840e+01 
748 771.55 5.28537842e+02 1.58561354e+01 
749 772.33 5.27302612e+02 1.58190784e+01 
750 773.12 5.27270691e+02 1.58181210e+01 
751 773.90 5.24954407e+02 1.57486324e+01 
752 774.68 5.21801880e+02 1.56540565e+01 
753 775.47 5.21706360e+02 1.56511908e+01 
754 776.25 5.22531433e+02 1.56759434e+01 
755 777.03 5.20911621e+02 1.56273489e+01 
756 777.82 5.19020630e+02 1.55706186e+01 
757 778.60 5.17971069e+02 1.55391321e+01 
758 779.38 5.15852295e+02 1.54755688e+01 
759 780.17 5.14269653e+02 1.54280891e+01 
760 780.95 5.14608948e+02 1.54382687e+01 
761 781.73 5.15171875e+02 1.54551563e+01 
762 782.51 5.13334534e+02 1.54000359e+01 
763 783.30 5.09749603e+02 1.52924881e+01 
764 784.08 5.08069611e+02 1.52420883e+01 
765 784.86 5.08757629e+02 1.52627287e+01 
766 785.64 5.09934357e+02 1.52980309e+01 
767 786.43 5.09845612e+02 1.52953682e+01 
768 787.21 5.07250458e+02 1.52175140e+01 
769 787.99 5.04370667e+02 1.51311197e+01 
770 788.77 5.02852722e+02 1.50855818e+01 
771 789.55 5.02160950e+02 1.50648289e+01 
772 790.34 4.99843658e+02 1.49953098e+01 
773 791.12 4.95389923e+02 1.48616982e+01 
774 791.90 4.89356812e+02 1.46807041e+01 
775 792.68 4.83584351e+02 1.45075302e+01 
776 793.46 4.80333862e+02 1.44100161e+01 
777 794.24 4.81094177e+02 1.44328251e+01 
778 795.02 4.84236694e+02 1.45271006e+01 
779 795.81 4.86004700e+02 1.45801411e+01 
780 796.59 4.85337708e+02 1.45601311e+01 
781 797.37 4.84589844e+02 1.45376949e+01 
782 798.15 4.83412842e+02 1.45023851e+01 
783 798.93 4.80493073e+02 1.44147921e+01 
784 799.71 4.76706329e+02 1.43011894e+01 
785 800.49 4.74604919e+02 1.42381477e+01 
786 801.27 4.75099457e+02 1.42529840e+01 
787 802.05 4.76073914e+02 1.42822170e+01 
788 802.83 4.75616241e+02 1.42684870e+01 
789 803.61 4.72859009e+02 1.41857700e+01 
790 804.39 4.69365143e+02 1.40809546e+01 
791 805.18 4.67573822e+02 1.40272150e+01 
792 805.96 4.67629791e+02 1.40288935e+01 
793 806.74 4.67048401e+02 1.40114517e+01 
794 807.52 4.63915894e+02 1.39174767e+01 
795 808.30 4.58625244e+02 1.37587576e+01 
796 809.08 4.53648193e+02 1.36094456e+01 
797 809.86 4.51885834e+02 1.35565748e+01 
798 810.64 4.54041626e+02 1.36212492e+01 
799 811.41 4.55758698e+02 1.36727610e+01 
800 812.19 4.53308258e+02 1.35992479e+01 
801 812.97 4.45681519e+02 1.33704453e+01 
802 813.75 4.36211365e+02 1.30863409e+01 
803 814.53 4.28340485e+02 1.28502150e+01 
804 815.31 4.23186096e+02 1.26955833e+01 
805 816.09 4.19681030e+02 1.25904312e+01 
806 816.87 4.15535156e+02 1.24660549e+01 
807 817.65 4.09972046e+02 1.22991610e+01 
808 818.43 4.05236298e+02 1.21570892e+01 
809 819.21 4.05097382e+02 1.21529217e+01 
810 819.99 4.09035736e+02 1.22710724e+01 
811 820.77 4.10327789e+02 1.23098335e+01 
812 821.54 4.05499939e+02 1.21649981e+01 
813 822.32 3.98258240e+02 1.19477472e+01 
814 823.10 3.95914124e+02 1.18774233e+01 
815 823.88 4.00261414e+02 1.20078421e+01 
816 824.66 4.07524231e+02 1.22257271e+01 
817 825.44 4.12189575e+02 1.23656874e+01 
818 826.21 4.11346283e+02 1.23403883e+01 
819 826.99 4.06118408e+02 1.21835518e+01 
820 827.77 4.00374420e+02 1.20112324e+01 
821 828.55 3.97046021e+02 1.19113808e+01 
822 829.33 3.96784271e+02 1.19035282e+01 
823 830.10 3.97352264e+02 1.19205675e+01 
824 830.88 3.96122620e+02 1.18836784e+01 
825 831.66 3.92107361e+02 1.17632208e+01 
826 832.44 3.87323944e+02 1.16197186e+01 
827 833.21 3.85080566e+02 1.15524168e+01 
828 833.99 3.86783569e+02 1.16035070e+01 
829 834.77 3.90066284e+02 1.17019882e+01 
830 835.55 3.91620422e+02 1.17486124e+01 
831 836.32 3.90260529e+02 1.17078161e+01 
832 837.10 3.86944580e+02 1.16083374e+01 
833 837.88 3.84582733e+02 1.15374823e+01 
834 838.65 3.84464111e+02 1.15339231e+01 
835 839.43 3.85353516e+02 1.15606050e+01 
836 840.21 3.84874786e+02 1.15462437e+01 
837 840.98 3.81959778e+02 1.14587936e+01 
838 841.76 3.77192261e+02 1.13157682e+01 
839 842.54 3.72917297e+02 1.11875191e+01 
840 843.31 3.71449951e+02 1.11434984e+01 
841 844.09 3.72393982e+02 1.11718197e+01 
842 844.87 3.73476257e+02 1.12042875e+01 
843 845.64 3.72389709e+02 1.11716909e+01 
844 846.42 3.68668121e+02 1.10600433e+01 
845 847.19 3.63538757e+02 1.09061623e+01 
846 847.97 3.58140778e+02 1.07442236e+01 
847 848.75 3.54749451e+02 1.06424837e+01 
848 849.52 3.52392334e+02 1.05717697e+01 
849 850.30 3.50470917e+02 1.05141277e+01 
850 851.07 3.47088837e+02 1.04126654e+01 
851 851.85 3.40879517e+02 1.02263851e+01 
852 852.62 3.33255157e+02 9.99765491e+00 
853 853.40 3.27127014e+02 9.81381035e+00 
854 854.17 3.24900604e+02 9.74701786e+00 
855 854.95 3.27357025e+02 9.82071114e+00 
856 855.72 3.33009735e+02 9.99029160e+00 
857 856.50 3.38082306e+02 1.01424694e+01 
858 857.27 3.40578796e+02 1.02173643e+01 
859 858.05 3.41055603e+02 1.02316685e+01 
860 858.82 3.41414398e+02 1.02424316e+01 
861 859.60 3.42227234e+02 1.02668171e+01 
862 860.37 3.42518311e+02 1.02755489e+01 
863 861.15 3.41137268e+02 1.02341185e+01 
864 861.92 3.37897949e+02 1.01369381e+01 
865 862.69 3.33358002e+02 1.00007401e+01 
866 863.47 3.28086975e+02 9.84260941e+00 
867 864.24 3.22457367e+02 9.67372131e+00 
868 865.02 3.17284851e+02 9.51854515e+00 
869 865.79 3.12628357e+02 9.37885094e+00 
870 866.56 3.08775940e+02 9.26327801e+00 
871 867.34 3.07407654e+02 9.22222996e+00 
872 868.11 3.08856934e+02 9.26570797e+00 
873 868.89 3.11903381e+02 9.35710144e+00 
874 869.66 3.15090851e+02 9.45272541e+00 
875 870.43 3.17056030e+02 9.51168060e+00 
876 871.21 3.17204681e+02 9.51613998e+00 
877 871.98 3.15253754e+02 9.45761299e+00 
878 872.75 3.11634003e+02 9.34902000e+00 
879 873.53 3.08176117e+02 9.24528313e+00 
880 874.30 3.05544800e+02 9.16634369e+00 
881 875.07 3.04533020e+02 9.13599014e+00 
882 875.84 3.04189789e+02 9.12569332e+00 
883 876.62 3.03483643e+02 9.10450935e+00 
884 877.39 3.01358063e+02 9.04074192e+00 
885 878.16 2.98441528e+02 8.95324612e+00 
886 878.93 2.95592834e+02 8.86778545e+00 
887 879.71 2.93569153e+02 8.80707455e+00 
888 880.48 2.92578461e+02 8.77735424e+00 
889 881.25 2.92602448e+02 8.77807331e+00 
890 882.02 2.92786957e+02 8.78360844e+00 
891 882.80 2.91710175e+02 8.75130558e+00 
892 883.57 2.89534607e+02 8.68603802e+00 
893 884.34 2.86753571e+02 8.60260677e+00 
894 885.11 2.84314667e+02 8.52943993e+00 
895 885.88 2.82851013e+02 8.48553085e+00 
896 886.65 2.82334930e+02 8.47004795e+00 
897 887.43 2.82270721e+02 8.46812153e+00 
898 888.20 2.82081268e+02 8.46243763e+00 
899 888.97 2.81225494e+02 8.43676472e+00 
900 889.74 2.79755341e+02 8.39266014e+00 
901 890.51 2.78114044e+02 8.34342098e+00 
902 891.28 2.76829468e+02 8.30488396e+00 
903 892.05 2.75514008e+02 8.26541996e+00 
904 892.82 2.74236725e+02 8.22710133e+00 
905 893.59 2.72182556e+02 8.16547680e+00 
906 894.36 2.69154724e+02 8.07464218e+00 
907 895.13 2.65224945e+02 7.95674849e+00 
908 895.91 2.60610596e+02 7.81831789e+00 
909 896.68 2.56081207e+02 7.68243599e+00 
910 897.45 2.52169693e+02 7.56509066e+00 
911 898.22 2.48914001e+02 7.46742010e+00 
912 898.99 2.46354507e+02 7.39063501e+00 
913 899.76 2.44251755e+02 7.32755280e+00 
914 900.53 2.42459167e+02 7.27377510e+00 
915 901.30 2.41223755e+02 7.23671246e+00 
916 902.07 2.41003815e+02 7.23011446e+00 
917 902.84 2.41646378e+02 7.24939156e+00 
918 903.61 2.42735519e+02 7.28206539e+00 
919 904.37 2.43444916e+02 7.30334759e+00 
920 905.14 2.42825470e+02 7.28476429e+00 
921 905.91 2.40558105e+02 7.21674299e+00 
922 906.68 2.37182999e+02 7.11548996e+00 
923 907.45 2.33477097e+02 7.00431299e+00 
924 908.22 2.30217926e+02 6.90653801e+00 
925 908.99 2.27920868e+02 6.83762598e+00 
926 909.76 2.26716385e+02 6.80149174e+00 
927 910.53 2.26223419e+02 6.78670263e+00 
928 911.30 2.26021576e+02 6.78064728e+00 
929 912.06 2.25492691e+02 6.76478052e+00 
930 912.83 2.24324478e+02 6.72973442e+00 
931 913.60 2.23026367e+02 6.69079113e+00 
932 914.37 2.22008606e+02 6.66025829e+00 
933 915.14 2.21207092e+02 6.63621283e+00 
934 915.91 2.20729263e+02 6.62187767e+00 
935 916.67 2.20484482e+02 6.61453438e+00 
936 917.44 2.19791565e+02 6.59374714e+00 
937 918.21 2.18519897e+02 6.55559683e+00 
938 918.98 2.16882751e+02 6.50648260e+00 
939 919.75 2.15099548e+02 6.45298624e+00 
940 920.51 2.13282791e+02 6.39848375e+00 
941 921.28 2.11674683e+02 6.35024071e+00 
942 922.05 2.10120468e+02 6.30361414e+00 
943 922.81 2.08402115e+02 6.25206327e+00 
944 923.58 2.06346237e+02 6.19038725e+00 
945 924.35 2.03928802e+02 6.11786413e+00 
946 925.12 2.00976562e+02 6.02929688e+00 
947 925.88 1.97564209e+02 5.92692614e+00 
948 926.65 1.93426453e+02 5.80279350e+00 
949 927.42 1.88820007e+02 5.66460037e+00 
950 928.18 1.83496201e+02 5.50488615e+00 
951 928.95 1.77006180e+02 5.31018543e+00 
952 929.72 1.69818604e+02 5.09455824e+00 
953 930.48 1.61987030e+02 4.85961103e+00 
954 931.25 1.53942719e+02 4.61828136e+00 
955 932.01 1.46330734e+02 4.38992214e+00 
956 932.78 1.39562210e+02 4.18686628e+00 
957 933.55 1.33909454e+02 4.01728344e+00 
958 934.31 1.29503952e+02 3.88511848e+00 
959 935.08 1.26120743e+02 3.78362226e+00 
960 935.84 1.23592621e+02 3.70777869e+00 
961 936.61 1.21617676e+02 3.64853024e+00 
962 937.38 1.19948349e+02 3.59845042e+00 
963 938.14 1.18563683e+02 3.55691051e+00 
964 938.91 1.17522659e+02 3.52567983e+00 
965 939.67 1.16460831e+02 3.49382496e+00 
966 940.44 1.15291061e+02 3.45873189e+00 
967 941.20 1.13848763e+02 3.41546297e+00 
968 941.97 1.12184647e+02 3.36553931e+00 
969 942.73 1.10259583e+02 3.30778742e+00 
970 943.50 1.08316360e+02 3.24949074e+00 
971 944.26 1.06706039e+02 3.20118117e+00 
972 945.02 1.05747849e+02 3.17243552e+00 
973 945.79 1.05468712e+02 3.16406131e+00 
974 946.55 1.05666595e+02 3.16999793e+00 
975 947.32 1.06253952e+02 3.18761849e+00 
976 948.08 1.06950653e+02 3.20851970e+00 
977 948.85 1.07624565e+02 3.22873688e+00 
978 949.61 1.08109390e+02 3.24328160e+00 
979 950.37 1.08671928e+02 3.26015782e+00 
980 951.14 1.09292618e+02 3.27877855e+00 
981 951.90 1.10083389e+02 3.30250168e+00 
982 952.66 1.10823692e+02 3.32471085e+00 
983 953.43 1.11487022e+02 3.34461069e+00 
984 954.19 1.12093430e+02 3.36280298e+00 
985 954.96 1.12748497e+02 3.38245487e+00 
986 955.72 1.13177963e+02 3.39533901e+00 
987 956.48 1.13735733e+02 3.41207194e+00 
988 957.24 1.14586624e+02 3.43759871e+00 
989 958.01 1.15500870e+02 3.46502614e+00 
990 958.77 1.16376564e+02 3.49129701e+00 
991 959.53 1.17246933e+02 3.51740789e+00 
992 960.30 1.17955063e+02 3.53865194e+00 
993 961.06 1.18556671e+02 3.55670023e+00 
994 961.82 1.19017288e+02 3.57051873e+00 
995 962.58 1.19470856e+02 3.58412576e+00 
996 963.34 1.20037605e+02 3.60112810e+00 
997 964.11 1.20706924e+02 3.62120771e+00 
998 964.87 1.21375862e+02 3.64127588e+00 
999 965.63 1.21829880e+02 3.65489650e+00 
1000 966.39 1.22071732e+02 3.66215205e+00 
1001 967.15 1.22218155e+02 3.66654468e+00 
1002 967.92 1.22327415e+02 3.66982245e+00 
1003 968.68 1.22254761e+02 3.66764283e+00 
1004 969.44 1.22188667e+02 3.66565990e+00 
1005 970.20 1.22018013e+02 3.66054034e+00 
1006 970.96 1.21563118e+02 3.64689350e+00 
1007 971.72 1.20899948e+02 3.62699842e+00 
1008 972.48 1.20012077e+02 3.60036230e+00 
1009 973.24 1.18895676e+02 3.56687021e+00 
1010 974.01 1.17753708e+02 3.53261113e+00 
1011 974.77 1.16622040e+02 3.49866128e+00 
1012 975.53 1.15828148e+02 3.47484446e+00 
1013 976.29 1.15146729e+02 3.45440197e+00 
1014 977.05 1.14400238e+02 3.43200707e+00 
1015 977.81 1.13598610e+02 3.40795827e+00 
1016 978.57 1.12715225e+02 3.38145685e+00 
1017 979.33 1.11799782e+02 3.35399342e+00 
1018 980.09 1.11035110e+02 3.33105326e+00 
1019 980.85 1.10339165e+02 3.31017494e+00 
1020 981.61 1.09720276e+02 3.29160833e+00 
1021 982.37 1.09037552e+02 3.27112651e+00 
1022 983.13 1.08161110e+02 3.24483323e+00 
1023 983.89 1.07045456e+02 3.21136379e+00 
1024 984.65 1.05891556e+02 3.17674661e+00 
1025 985.41 1.04886948e+02 3.14660835e+00 
1026 986.16 1.04027443e+02 3.12082338e+00 
1027 986.92 1.03140060e+02 3.09420180e+00 
1028 987.68 1.02082962e+02 3.06248879e+00 
1029 988.44 1.00799988e+02 3.02399969e+00 
1030 989.20 9.94316635e+01 2.98294997e+00 
1031 989.96 9.82027969e+01 2.94608402e+00 
1032 990.72 9.72011185e+01 2.91603351e+00 
1033 991.48 9.61716766e+01 2.88515019e+00 
1034 992.23 9.48744202e+01 2.84623265e+00 
1035 992.99 9.33538818e+01 2.80061650e+00 
1036 993.75 9.16868744e+01 2.75060630e+00 
1037 994.51 9.00998383e+01 2.70299506e+00 
1038 995.27 8.85623627e+01 2.65687084e+00 
1039 996.03 8.66606064e+01 2.59981823e+00 
1040 996.78 5.57701492e+00 1.67310447e-01 
1041 997.54 2.72331804e-01 8.16995371e-03 
1042 998.30 1.41227037e-01 4.23681131e-03 
1043 999.06 1.39073372e-01 4.17220127e-03 
