% C0 (TOA Count Rate, /ms) for 4STAR VIS spectrometer (1044 channels) derived from C:\Users\lebla\Research\MLO\2022_May\4STARB_20220508starsun.mat and recorded on 2022-05-10 07:05:08.
% Data outside 1.8x the STD of 501 nm Langley residuals were screened out. For instrument:4STARB
Pix Wavelength C0 C0err
0 171.23 -1.00000000e+00 -1.00000000e+00 
1 172.04 -1.00000000e+00 -1.00000000e+00 
2 172.86 -1.00000000e+00 -1.00000000e+00 
3 173.67 -1.00000000e+00 -1.00000000e+00 
4 174.48 -1.00000000e+00 -1.00000000e+00 
5 175.29 -1.00000000e+00 -1.00000000e+00 
6 176.11 -1.00000000e+00 -1.00000000e+00 
7 176.92 -1.00000000e+00 -1.00000000e+00 
8 177.73 -1.00000000e+00 -1.00000000e+00 
9 178.54 -1.00000000e+00 -1.00000000e+00 
10 179.36 -1.00000000e+00 -1.00000000e+00 
11 180.17 -1.00000000e+00 -1.00000000e+00 
12 180.98 -1.00000000e+00 -1.00000000e+00 
13 181.79 -1.00000000e+00 -1.00000000e+00 
14 182.61 -1.00000000e+00 -1.00000000e+00 
15 183.42 -1.00000000e+00 -1.00000000e+00 
16 184.23 -1.00000000e+00 -1.00000000e+00 
17 185.04 -1.00000000e+00 -1.00000000e+00 
18 185.86 -1.00000000e+00 -1.00000000e+00 
19 186.67 -1.00000000e+00 -1.00000000e+00 
20 187.48 -1.00000000e+00 -1.00000000e+00 
21 188.29 -1.00000000e+00 -1.00000000e+00 
22 189.11 -1.00000000e+00 -1.00000000e+00 
23 189.92 -1.00000000e+00 -1.00000000e+00 
24 190.73 -1.00000000e+00 -1.00000000e+00 
25 191.54 -1.00000000e+00 -1.00000000e+00 
26 192.36 -1.00000000e+00 -1.00000000e+00 
27 193.17 -1.00000000e+00 -1.00000000e+00 
28 193.98 -1.00000000e+00 -1.00000000e+00 
29 194.79 -1.00000000e+00 -1.00000000e+00 
30 195.61 -1.00000000e+00 -1.00000000e+00 
31 196.42 -1.00000000e+00 -1.00000000e+00 
32 197.23 -1.00000000e+00 -1.00000000e+00 
33 198.04 -1.00000000e+00 -1.00000000e+00 
34 198.86 -1.00000000e+00 -1.00000000e+00 
35 199.67 -1.00000000e+00 -1.00000000e+00 
36 200.48 -1.00000000e+00 -1.00000000e+00 
37 201.29 -1.00000000e+00 -1.00000000e+00 
38 202.11 -1.00000000e+00 -1.00000000e+00 
39 202.92 -1.00000000e+00 -1.00000000e+00 
40 203.73 -1.00000000e+00 -1.00000000e+00 
41 204.54 -1.00000000e+00 -1.00000000e+00 
42 205.36 -1.00000000e+00 -1.00000000e+00 
43 206.17 -1.00000000e+00 -1.00000000e+00 
44 206.98 -1.00000000e+00 -1.00000000e+00 
45 207.79 -1.00000000e+00 -1.00000000e+00 
46 208.61 -1.00000000e+00 -1.00000000e+00 
47 209.42 -1.00000000e+00 -1.00000000e+00 
48 210.23 -1.00000000e+00 -1.00000000e+00 
49 211.04 -1.00000000e+00 -1.00000000e+00 
50 211.86 -1.00000000e+00 -1.00000000e+00 
51 212.67 -1.00000000e+00 -1.00000000e+00 
52 213.48 -1.00000000e+00 -1.00000000e+00 
53 214.29 -1.00000000e+00 -1.00000000e+00 
54 215.11 -1.00000000e+00 -1.00000000e+00 
55 215.92 -1.00000000e+00 -1.00000000e+00 
56 216.73 -1.00000000e+00 -1.00000000e+00 
57 217.54 -1.00000000e+00 -1.00000000e+00 
58 218.35 -1.00000000e+00 -1.00000000e+00 
59 219.17 -1.00000000e+00 -1.00000000e+00 
60 219.98 -1.00000000e+00 -1.00000000e+00 
61 220.79 -1.00000000e+00 -1.00000000e+00 
62 221.60 -1.00000000e+00 -1.00000000e+00 
63 222.42 -1.00000000e+00 -1.00000000e+00 
64 223.23 -1.00000000e+00 -1.00000000e+00 
65 224.04 -1.00000000e+00 -1.00000000e+00 
66 224.85 -1.00000000e+00 -1.00000000e+00 
67 225.67 -1.00000000e+00 -1.00000000e+00 
68 226.48 -1.00000000e+00 -1.00000000e+00 
69 227.29 -1.00000000e+00 -1.00000000e+00 
70 228.10 -1.00000000e+00 -1.00000000e+00 
71 228.91 -1.00000000e+00 -1.00000000e+00 
72 229.73 -1.00000000e+00 -1.00000000e+00 
73 230.54 -1.00000000e+00 -1.00000000e+00 
74 231.35 -1.00000000e+00 -1.00000000e+00 
75 232.16 -1.00000000e+00 -1.00000000e+00 
76 232.97 -1.00000000e+00 -1.00000000e+00 
77 233.79 -1.00000000e+00 -1.00000000e+00 
78 234.60 -1.00000000e+00 -1.00000000e+00 
79 235.41 -1.00000000e+00 -1.00000000e+00 
80 236.22 -1.00000000e+00 -1.00000000e+00 
81 237.04 -1.00000000e+00 -1.00000000e+00 
82 237.85 -1.00000000e+00 -1.00000000e+00 
83 238.66 -1.00000000e+00 -1.00000000e+00 
84 239.47 -1.00000000e+00 -1.00000000e+00 
85 240.28 -1.00000000e+00 -1.00000000e+00 
86 241.10 -1.00000000e+00 -1.00000000e+00 
87 241.91 -1.00000000e+00 -1.00000000e+00 
88 242.72 -1.00000000e+00 -1.00000000e+00 
89 243.53 -1.00000000e+00 -1.00000000e+00 
90 244.34 -1.00000000e+00 -1.00000000e+00 
91 245.16 -1.00000000e+00 -1.00000000e+00 
92 245.97 -1.00000000e+00 -1.00000000e+00 
93 246.78 -1.00000000e+00 -1.00000000e+00 
94 247.59 -1.00000000e+00 -1.00000000e+00 
95 248.40 -1.00000000e+00 -1.00000000e+00 
96 249.22 -1.00000000e+00 -1.00000000e+00 
97 250.03 -1.00000000e+00 -1.00000000e+00 
98 250.84 -1.00000000e+00 -1.00000000e+00 
99 251.65 -1.00000000e+00 -1.00000000e+00 
100 252.46 -1.00000000e+00 -1.00000000e+00 
101 253.27 -1.00000000e+00 -1.00000000e+00 
102 254.09 -1.00000000e+00 -1.00000000e+00 
103 254.90 -1.00000000e+00 -1.00000000e+00 
104 255.71 -1.00000000e+00 -1.00000000e+00 
105 256.52 -1.00000000e+00 -1.00000000e+00 
106 257.33 -1.00000000e+00 -1.00000000e+00 
107 258.15 -1.00000000e+00 -1.00000000e+00 
108 258.96 -1.00000000e+00 -1.00000000e+00 
109 259.77 -1.00000000e+00 -1.00000000e+00 
110 260.58 -1.00000000e+00 -1.00000000e+00 
111 261.39 -1.00000000e+00 -1.00000000e+00 
112 262.20 -1.00000000e+00 -1.00000000e+00 
113 263.02 -1.00000000e+00 -1.00000000e+00 
114 263.83 -1.00000000e+00 -1.00000000e+00 
115 264.64 -1.00000000e+00 -1.00000000e+00 
116 265.45 4.30290127e+00 1.29087031e-01 
117 266.26 2.72372079e+00 8.17116201e-02 
118 267.07 2.97985077e+00 8.93955231e-02 
119 267.89 3.75136828e+00 1.12541050e-01 
120 268.70 3.65938330e+00 1.09781496e-01 
121 269.51 3.86289740e+00 1.15886919e-01 
122 270.32 3.89673090e+00 1.16901927e-01 
123 271.13 3.97052622e+00 1.19115785e-01 
124 271.94 4.11535978e+00 1.23460792e-01 
125 272.75 4.15393877e+00 1.24618165e-01 
126 273.57 4.28926659e+00 1.28677994e-01 
127 274.38 4.39004564e+00 1.31701365e-01 
128 275.19 4.61046124e+00 1.38313830e-01 
129 276.00 4.60996914e+00 1.38299078e-01 
130 276.81 4.83784533e+00 1.45135358e-01 
131 277.62 5.05686426e+00 1.51705921e-01 
132 278.43 5.18259335e+00 1.55477807e-01 
133 279.25 5.39258194e+00 1.61777452e-01 
134 280.06 5.65206718e+00 1.69562012e-01 
135 280.87 5.61011505e+00 1.68303445e-01 
136 281.68 5.14879894e+00 1.54463962e-01 
137 282.49 4.79406643e+00 1.43821999e-01 
138 283.30 4.42964458e+00 1.32889330e-01 
139 284.11 4.16120291e+00 1.24836087e-01 
140 284.93 3.86916518e+00 1.16074957e-01 
141 285.74 3.67380381e+00 1.10214114e-01 
142 286.55 3.46731853e+00 1.04019552e-01 
143 287.36 3.27261329e+00 9.81784016e-02 
144 288.17 3.11211777e+00 9.33635309e-02 
145 288.98 2.97275448e+00 8.91826376e-02 
146 289.79 2.86899233e+00 8.60697702e-02 
147 290.60 2.76533651e+00 8.29600990e-02 
148 291.42 2.67371035e+00 8.02113116e-02 
149 292.23 2.58986259e+00 7.76958764e-02 
150 293.04 2.53635001e+00 7.60904998e-02 
151 293.85 2.49314666e+00 7.47943968e-02 
152 294.66 2.46259713e+00 7.38779157e-02 
153 295.47 2.42743492e+00 7.28230476e-02 
154 296.28 2.41154838e+00 7.23464489e-02 
155 297.09 2.44061971e+00 7.32185915e-02 
156 297.90 2.46860003e+00 7.40580037e-02 
157 298.71 2.53957748e+00 7.61873275e-02 
158 299.53 2.65603089e+00 7.96809271e-02 
159 300.34 2.88120866e+00 8.64362568e-02 
160 301.15 3.22016811e+00 9.66050401e-02 
161 301.96 3.89860797e+00 1.16958238e-01 
162 302.77 4.95920610e+00 1.48776188e-01 
163 303.58 6.31233692e+00 1.89370111e-01 
164 304.39 8.07482815e+00 2.42244840e-01 
165 305.20 1.01609211e+01 3.04827631e-01 
166 306.01 1.27291880e+01 3.81875634e-01 
167 306.82 1.67619686e+01 5.02859056e-01 
168 307.63 2.10294724e+01 6.30884171e-01 
169 308.44 2.36811428e+01 7.10434258e-01 
170 309.26 2.68394642e+01 8.05183947e-01 
171 310.07 3.48196487e+01 1.04458952e+00 
172 310.88 4.42820587e+01 1.32846177e+00 
173 311.69 4.91184235e+01 1.47355270e+00 
174 312.50 5.29459038e+01 1.58837712e+00 
175 313.31 5.73778458e+01 1.72133541e+00 
176 314.12 6.00129662e+01 1.80038893e+00 
177 314.93 6.07170792e+01 1.82151234e+00 
178 315.74 6.29154243e+01 1.88746274e+00 
179 316.55 7.07932510e+01 2.12379742e+00 
180 317.36 7.62888336e+01 2.28866506e+00 
181 318.17 7.64776459e+01 2.29432940e+00 
182 318.98 8.04035797e+01 2.41210747e+00 
183 319.79 8.73876572e+01 2.62162971e+00 
184 320.60 8.92986450e+01 2.67895937e+00 
185 321.41 8.74575272e+01 2.62372589e+00 
186 322.22 8.60296783e+01 2.58089042e+00 
187 323.04 8.76501541e+01 2.62950468e+00 
188 323.85 9.57786102e+01 2.87335825e+00 
189 324.66 1.07625389e+02 3.22876167e+00 
190 325.47 1.21620522e+02 3.64861560e+00 
191 326.28 1.31545654e+02 3.94636965e+00 
192 327.09 1.33312546e+02 3.99937630e+00 
193 327.90 1.33602737e+02 4.00808191e+00 
194 328.71 1.41001770e+02 4.23005295e+00 
195 329.52 1.50124878e+02 4.50374651e+00 
196 330.33 1.49226318e+02 4.47678947e+00 
197 331.14 1.45534256e+02 4.36602783e+00 
198 331.95 1.44944336e+02 4.34833002e+00 
199 332.76 1.44256287e+02 4.32768869e+00 
200 333.57 1.45660553e+02 4.36981678e+00 
201 334.38 1.49703690e+02 4.49111080e+00 
202 335.19 1.47763519e+02 4.43290567e+00 
203 336.00 1.39212997e+02 4.17638969e+00 
204 336.81 1.37422348e+02 4.12267065e+00 
205 337.62 1.45097992e+02 4.35293961e+00 
206 338.43 1.54271698e+02 4.62815094e+00 
207 339.24 1.62959167e+02 4.88877487e+00 
208 340.05 1.67890106e+02 5.03670311e+00 
209 340.86 1.65799118e+02 4.97397375e+00 
210 341.67 1.66709518e+02 5.00128555e+00 
211 342.48 1.69996674e+02 5.09990025e+00 
212 343.29 1.62697433e+02 4.88092279e+00 
213 344.10 1.53081223e+02 4.59243679e+00 
214 344.91 1.57906204e+02 4.73718596e+00 
215 345.72 1.64989868e+02 4.94969606e+00 
216 346.53 1.66781631e+02 5.00344896e+00 
217 347.34 1.65981049e+02 4.97943163e+00 
218 348.15 1.65016785e+02 4.95050335e+00 
219 348.96 1.67368713e+02 5.02106142e+00 
220 349.77 1.77670319e+02 5.33010960e+00 
221 350.58 1.85849014e+02 5.57547045e+00 
222 351.39 1.82537994e+02 5.47614002e+00 
223 352.19 1.78791214e+02 5.36373663e+00 
224 353.00 1.86899902e+02 5.60699701e+00 
225 353.81 2.00914185e+02 6.02742577e+00 
226 354.62 2.05164780e+02 6.15494347e+00 
227 355.43 1.97380692e+02 5.92142057e+00 
228 356.24 1.81267792e+02 5.43803358e+00 
229 357.05 1.64715530e+02 4.94146585e+00 
230 357.86 1.55098328e+02 4.65294981e+00 
231 358.67 1.65109421e+02 4.95328283e+00 
232 359.48 1.89049011e+02 5.67147017e+00 
233 360.29 1.92647095e+02 5.77941275e+00 
234 361.10 1.85160126e+02 5.55480385e+00 
235 361.91 1.90760101e+02 5.72280312e+00 
236 362.72 2.00486313e+02 6.01458931e+00 
237 363.53 2.05188644e+02 6.15565920e+00 
238 364.34 2.11819275e+02 6.35457802e+00 
239 365.14 2.27780930e+02 6.83342791e+00 
240 365.95 2.44236267e+02 7.32708788e+00 
241 366.76 2.46278397e+02 7.38835192e+00 
242 367.57 2.40676392e+02 7.22029161e+00 
243 368.38 2.40720123e+02 7.22160387e+00 
244 369.19 2.50097672e+02 7.50293016e+00 
245 370.00 2.52843475e+02 7.58530426e+00 
246 370.81 2.49694321e+02 7.49082947e+00 
247 371.62 2.44428040e+02 7.33284140e+00 
248 372.43 2.31499603e+02 6.94498825e+00 
249 373.24 2.18266632e+02 6.54799891e+00 
250 374.04 2.15154007e+02 6.45462036e+00 
251 374.85 2.28636017e+02 6.85908031e+00 
252 375.66 2.49175262e+02 7.47525787e+00 
253 376.47 2.70251190e+02 8.10753536e+00 
254 377.28 2.96977386e+02 8.90932178e+00 
255 378.09 3.08214020e+02 9.24642086e+00 
256 378.90 2.94444214e+02 8.83332634e+00 
257 379.71 2.87825653e+02 8.63476944e+00 
258 380.51 2.90477173e+02 8.71431541e+00 
259 381.32 2.69646210e+02 8.08938599e+00 
260 382.13 2.31703583e+02 6.95110750e+00 
261 382.94 2.10666840e+02 6.32000542e+00 
262 383.75 2.25524200e+02 6.76572609e+00 
263 384.56 2.56359009e+02 7.69077015e+00 
264 385.37 2.71608185e+02 8.14824581e+00 
265 386.17 2.75603516e+02 8.26810551e+00 
266 386.98 2.78753174e+02 8.36259556e+00 
267 387.79 2.83337250e+02 8.50011730e+00 
268 388.60 3.00779663e+02 9.02338982e+00 
269 389.41 3.30029785e+02 9.90089321e+00 
270 390.22 3.55218170e+02 1.06565447e+01 
271 391.02 3.62700012e+02 1.08810005e+01 
272 391.83 3.30583252e+02 9.91749763e+00 
273 392.64 2.70625031e+02 8.11875057e+00 
274 393.45 2.52213104e+02 7.56639290e+00 
275 394.26 2.99725494e+02 8.99176502e+00 
276 395.07 3.41001465e+02 1.02300444e+01 
277 395.87 3.22422302e+02 9.67266941e+00 
278 396.68 3.02712585e+02 9.08137798e+00 
279 397.49 3.53669189e+02 1.06100760e+01 
280 398.30 4.37518311e+02 1.31255493e+01 
281 399.11 4.93940460e+02 1.48182135e+01 
282 399.91 5.21828979e+02 1.56548691e+01 
283 400.72 5.41056030e+02 1.62316818e+01 
284 401.53 5.56038452e+02 1.66811543e+01 
285 402.34 5.60256592e+02 1.68076973e+01 
286 403.15 5.56406616e+02 1.66921978e+01 
287 403.95 5.52612305e+02 1.65783691e+01 
288 404.76 5.49056213e+02 1.64716873e+01 
289 405.57 5.45075989e+02 1.63522797e+01 
290 406.38 5.44454163e+02 1.63336258e+01 
291 407.18 5.55076599e+02 1.66522980e+01 
292 407.99 5.74681274e+02 1.72404385e+01 
293 408.80 5.82806396e+02 1.74841919e+01 
294 409.61 5.75349976e+02 1.72605000e+01 
295 410.41 5.81876465e+02 1.74562931e+01 
296 411.22 6.07480103e+02 1.82244034e+01 
297 412.03 6.25458313e+02 1.87637501e+01 
298 412.84 6.30188904e+02 1.89056664e+01 
299 413.64 6.32623108e+02 1.89786930e+01 
300 414.45 6.36822510e+02 1.91046753e+01 
301 415.26 6.43828552e+02 1.93148575e+01 
302 416.07 6.49556458e+02 1.94866943e+01 
303 416.87 6.46092407e+02 1.93827724e+01 
304 417.68 6.40256409e+02 1.92076931e+01 
305 418.49 6.40267090e+02 1.92080135e+01 
306 419.30 6.46113953e+02 1.93834190e+01 
307 420.10 6.59408997e+02 1.97822704e+01 
308 420.91 6.71798401e+02 2.01539516e+01 
309 421.72 6.69624878e+02 2.00887470e+01 
310 422.52 6.61337036e+02 1.98401108e+01 
311 423.33 6.62304016e+02 1.98691196e+01 
312 424.14 6.69125977e+02 2.00737801e+01 
313 424.95 6.72358582e+02 2.01707573e+01 
314 425.75 6.70857544e+02 2.01257267e+01 
315 426.56 6.65901062e+02 1.99770317e+01 
316 427.37 6.60903931e+02 1.98271179e+01 
317 428.17 6.48395386e+02 1.94518623e+01 
318 428.98 6.16602661e+02 1.84980793e+01 
319 429.79 5.81288269e+02 1.74386482e+01 
320 430.59 5.87615234e+02 1.76284561e+01 
321 431.40 6.38824951e+02 1.91647491e+01 
322 432.21 6.89649719e+02 2.06894913e+01 
323 433.01 7.09106934e+02 2.12732086e+01 
324 433.82 7.14824280e+02 2.14447289e+01 
325 434.63 7.33357178e+02 2.20007153e+01 
326 435.43 7.62966553e+02 2.28889961e+01 
327 436.24 7.80798706e+02 2.34239616e+01 
328 437.05 7.72781799e+02 2.31834545e+01 
329 437.85 7.54977173e+02 2.26493149e+01 
330 438.66 7.52310303e+02 2.25693092e+01 
331 439.47 7.67493347e+02 2.30248013e+01 
332 440.27 7.91863770e+02 2.37559128e+01 
333 441.08 8.19193726e+02 2.45758114e+01 
334 441.89 8.42501404e+02 2.52750416e+01 
335 442.69 8.57360596e+02 2.57208176e+01 
336 443.50 8.65590149e+02 2.59677048e+01 
337 444.30 8.66364380e+02 2.59909306e+01 
338 445.11 8.61433105e+02 2.58429928e+01 
339 445.92 8.64420410e+02 2.59326115e+01 
340 446.72 8.81302734e+02 2.64390812e+01 
341 447.53 9.02218994e+02 2.70665703e+01 
342 448.33 9.18549133e+02 2.75564747e+01 
343 449.14 9.34897522e+02 2.80469265e+01 
344 449.95 9.53255798e+02 2.85976734e+01 
345 450.75 9.62364136e+02 2.88709240e+01 
346 451.56 9.51838684e+02 2.85551605e+01 
347 452.36 9.32295532e+02 2.79688663e+01 
348 453.17 9.23286865e+02 2.76986065e+01 
349 453.98 9.27162659e+02 2.78148804e+01 
350 454.78 9.38512756e+02 2.81553822e+01 
351 455.59 9.52555603e+02 2.85766678e+01 
352 456.39 9.63359009e+02 2.89007702e+01 
353 457.20 9.67294189e+02 2.90188255e+01 
354 458.00 9.64394104e+02 2.89318237e+01 
355 458.81 9.62443481e+02 2.88733044e+01 
356 459.61 9.68392578e+02 2.90517769e+01 
357 460.42 9.80238525e+02 2.94071560e+01 
358 461.23 9.92030701e+02 2.97609215e+01 
359 462.03 9.98329224e+02 2.99498768e+01 
360 462.84 9.95386902e+02 2.98616066e+01 
361 463.64 9.86224670e+02 2.95867405e+01 
362 464.45 9.79253723e+02 2.93776112e+01 
363 465.25 9.74671143e+02 2.92401352e+01 
364 466.06 9.72103943e+02 2.91631184e+01 
365 466.86 9.72843994e+02 2.91853199e+01 
366 467.67 9.77029846e+02 2.93108959e+01 
367 468.47 9.81538818e+02 2.94461651e+01 
368 469.28 9.81190186e+02 2.94357052e+01 
369 470.08 9.81735840e+02 2.94520760e+01 
370 470.89 9.91362549e+02 2.97408772e+01 
371 471.69 1.00484839e+03 3.01454525e+01 
372 472.50 1.01469006e+03 3.04407024e+01 
373 473.30 1.02203802e+03 3.06611404e+01 
374 474.11 1.02795093e+03 3.08385277e+01 
375 474.91 1.03150195e+03 3.09450588e+01 
376 475.72 1.03458459e+03 3.10375385e+01 
377 476.52 1.04104565e+03 3.12313690e+01 
378 477.33 1.05014209e+03 3.15042629e+01 
379 478.13 1.05839709e+03 3.17519131e+01 
380 478.93 1.06401599e+03 3.19204788e+01 
381 479.74 1.06867969e+03 3.20603905e+01 
382 480.54 1.07348059e+03 3.22044182e+01 
383 481.35 1.07575415e+03 3.22726250e+01 
384 482.15 1.07359167e+03 3.22077484e+01 
385 482.96 1.06622839e+03 3.19868526e+01 
386 483.76 1.04915564e+03 3.14746685e+01 
387 484.57 1.01558215e+03 3.04674644e+01 
388 485.37 9.75305237e+02 2.92591572e+01 
389 486.17 9.55922729e+02 2.86776810e+01 
390 486.98 9.65640625e+02 2.89692192e+01 
391 487.78 9.92529846e+02 2.97758961e+01 
392 488.59 1.02296735e+03 3.06890202e+01 
393 489.39 1.04567749e+03 3.13703251e+01 
394 490.19 1.05294800e+03 3.15884399e+01 
395 491.00 1.04859644e+03 3.14578934e+01 
396 491.80 1.04298584e+03 3.12895756e+01 
397 492.61 1.04565405e+03 3.13696213e+01 
398 493.41 1.05791528e+03 3.17374592e+01 
399 494.21 1.07163171e+03 3.21489525e+01 
400 495.02 1.08015198e+03 3.24045601e+01 
401 495.82 1.08447888e+03 3.25343666e+01 
402 496.63 1.08198157e+03 3.24594460e+01 
403 497.43 1.07522705e+03 3.22568130e+01 
404 498.23 1.06810156e+03 3.20430450e+01 
405 499.04 1.06021753e+03 3.18065262e+01 
406 499.84 1.05046362e+03 3.15139084e+01 
407 500.64 1.04241711e+03 3.12725143e+01 
408 501.45 1.04208264e+03 3.12624798e+01 
409 502.25 1.04872192e+03 3.14616585e+01 
410 503.05 1.05767920e+03 3.17303753e+01 
411 503.86 1.06905542e+03 3.20716629e+01 
412 504.66 1.08323901e+03 3.24971695e+01 
413 505.46 1.09306592e+03 3.27919769e+01 
414 506.27 1.09478625e+03 3.28435860e+01 
415 507.07 1.08945361e+03 3.26836090e+01 
416 507.87 1.08524768e+03 3.25574303e+01 
417 508.68 1.08453833e+03 3.25361481e+01 
418 509.48 1.08727600e+03 3.26182785e+01 
419 510.28 1.09078174e+03 3.27234535e+01 
420 511.08 1.09092993e+03 3.27278976e+01 
421 511.89 1.08506396e+03 3.25519180e+01 
422 512.69 1.07434802e+03 3.22304420e+01 
423 513.49 1.06348145e+03 3.19044437e+01 
424 514.30 1.05505640e+03 3.16516914e+01 
425 515.10 1.03871167e+03 3.11613503e+01 
426 515.90 1.01041132e+03 3.03123398e+01 
427 516.70 9.83706299e+02 2.95111885e+01 
428 517.51 9.72446533e+02 2.91733952e+01 
429 518.31 9.83317505e+02 2.94995251e+01 
430 519.11 1.00833350e+03 3.02500057e+01 
431 519.91 1.03264624e+03 3.09793873e+01 
432 520.72 1.04974756e+03 3.14924259e+01 
433 521.52 1.05719824e+03 3.17159481e+01 
434 522.32 1.06237292e+03 3.18711872e+01 
435 523.12 1.07211475e+03 3.21634407e+01 
436 523.93 1.08071106e+03 3.24213333e+01 
437 524.73 1.07874170e+03 3.23622513e+01 
438 525.53 1.06144421e+03 3.18433266e+01 
439 526.33 1.04417871e+03 3.13253613e+01 
440 527.13 1.04451428e+03 3.13354282e+01 
441 527.94 1.06156726e+03 3.18470173e+01 
442 528.74 1.08382800e+03 3.25148392e+01 
443 529.54 1.10164990e+03 3.30494957e+01 
444 530.34 1.10884692e+03 3.32654076e+01 
445 531.14 1.10373218e+03 3.31119652e+01 
446 531.95 1.09181152e+03 3.27543449e+01 
447 532.75 1.08326172e+03 3.24978523e+01 
448 533.55 1.08353552e+03 3.25060654e+01 
449 534.35 1.09154236e+03 3.27462692e+01 
450 535.15 1.09746021e+03 3.29238052e+01 
451 535.95 1.09634766e+03 3.28904305e+01 
452 536.76 1.09199744e+03 3.27599220e+01 
453 537.56 1.08785840e+03 3.26357536e+01 
454 538.36 1.08062549e+03 3.24187660e+01 
455 539.16 1.07039941e+03 3.21119843e+01 
456 539.96 1.06239465e+03 3.18718395e+01 
457 540.76 1.06085522e+03 3.18256569e+01 
458 541.56 1.06501697e+03 3.19505081e+01 
459 542.36 1.07277551e+03 3.21832657e+01 
460 543.17 1.07973755e+03 3.23921280e+01 
461 543.97 1.08414185e+03 3.25242538e+01 
462 544.77 1.08679602e+03 3.26038818e+01 
463 545.57 1.08503857e+03 3.25511589e+01 
464 546.37 1.07996667e+03 3.23990021e+01 
465 547.17 1.07387073e+03 3.22161217e+01 
466 547.97 1.07146265e+03 3.21438789e+01 
467 548.77 1.07188428e+03 3.21565285e+01 
468 549.57 1.07346826e+03 3.22040482e+01 
469 550.37 1.07401611e+03 3.22204819e+01 
470 551.17 1.07322473e+03 3.21967430e+01 
471 551.97 1.07248901e+03 3.21746712e+01 
472 552.78 1.07245117e+03 3.21735344e+01 
473 553.58 1.07475342e+03 3.22426033e+01 
474 554.38 1.07514905e+03 3.22544708e+01 
475 555.18 1.07066687e+03 3.21200066e+01 
476 555.98 1.06309607e+03 3.18928814e+01 
477 556.78 1.05413770e+03 3.16241302e+01 
478 557.58 1.04264832e+03 3.12794495e+01 
479 558.38 1.03374927e+03 3.10124779e+01 
480 559.18 1.03233508e+03 3.09700527e+01 
481 559.98 1.03432422e+03 3.10297260e+01 
482 560.78 1.03938098e+03 3.11814289e+01 
483 561.58 1.04806201e+03 3.14418602e+01 
484 562.38 1.05385474e+03 3.16156425e+01 
485 563.18 1.05713110e+03 3.17139339e+01 
486 563.98 1.05894189e+03 3.17682571e+01 
487 564.78 1.05818616e+03 3.17455845e+01 
488 565.58 1.05615222e+03 3.16845665e+01 
489 566.38 1.05580774e+03 3.16742325e+01 
490 567.18 1.05944543e+03 3.17833633e+01 
491 567.98 1.06322791e+03 3.18968372e+01 
492 568.78 1.06319446e+03 3.18958340e+01 
493 569.58 1.06061255e+03 3.18183765e+01 
494 570.38 1.05810046e+03 3.17430134e+01 
495 571.17 1.06348083e+03 3.19044247e+01 
496 571.97 1.07682422e+03 3.23047256e+01 
497 572.77 1.08961523e+03 3.26884575e+01 
498 573.57 1.09636133e+03 3.28908386e+01 
499 574.37 1.09351636e+03 3.28054924e+01 
500 575.17 1.08744653e+03 3.26233978e+01 
501 575.97 1.08382336e+03 3.25147018e+01 
502 576.77 1.07879004e+03 3.23637009e+01 
503 577.57 1.07030042e+03 3.21090126e+01 
504 578.37 1.06215210e+03 3.18645630e+01 
505 579.17 1.05745789e+03 3.17237358e+01 
506 579.96 1.05596790e+03 3.16790371e+01 
507 580.76 1.05594873e+03 3.16784611e+01 
508 581.56 1.05581531e+03 3.16744595e+01 
509 582.36 1.05485315e+03 3.16455936e+01 
510 583.16 1.05069263e+03 3.15207787e+01 
511 583.96 1.04137976e+03 3.12413921e+01 
512 584.76 1.02875610e+03 3.08626823e+01 
513 585.56 1.01775690e+03 3.05327072e+01 
514 586.35 1.01130542e+03 3.03391628e+01 
515 587.15 1.00149274e+03 3.00447826e+01 
516 587.95 9.82649109e+02 2.94794731e+01 
517 588.75 9.64802979e+02 2.89440899e+01 
518 589.55 9.59885193e+02 2.87965565e+01 
519 590.35 9.67508667e+02 2.90252609e+01 
520 591.14 9.80873474e+02 2.94262047e+01 
521 591.94 9.89642822e+02 2.96892853e+01 
522 592.74 9.92928467e+02 2.97878532e+01 
523 593.54 9.93058655e+02 2.97917595e+01 
524 594.34 9.93111694e+02 2.97933502e+01 
525 595.13 9.94919006e+02 2.98475704e+01 
526 595.93 9.97501282e+02 2.99250393e+01 
527 596.73 9.98737732e+02 2.99621315e+01 
528 597.53 9.97975586e+02 2.99392681e+01 
529 598.32 9.96265320e+02 2.98879604e+01 
530 599.12 9.94117554e+02 2.98235264e+01 
531 599.92 9.92380798e+02 2.97714233e+01 
532 600.72 9.90218262e+02 2.97065487e+01 
533 601.51 9.90745789e+02 2.97223740e+01 
534 602.31 9.96720581e+02 2.99016171e+01 
535 603.11 1.00595776e+03 3.01787338e+01 
536 603.91 1.01345074e+03 3.04035225e+01 
537 604.70 1.01756427e+03 3.05269279e+01 
538 605.50 1.01841425e+03 3.05524273e+01 
539 606.30 1.01834430e+03 3.05503292e+01 
540 607.10 1.01692401e+03 3.05077209e+01 
541 607.89 1.01322119e+03 3.03966351e+01 
542 608.69 1.00873505e+03 3.02620506e+01 
543 609.49 1.00516083e+03 3.01548252e+01 
544 610.28 1.00428217e+03 3.01284657e+01 
545 611.08 1.00426111e+03 3.01278324e+01 
546 611.88 1.00146411e+03 3.00439224e+01 
547 612.67 9.96539978e+02 2.98962002e+01 
548 613.47 9.92005127e+02 2.97601547e+01 
549 614.27 9.87904968e+02 2.96371498e+01 
550 615.06 9.81046082e+02 2.94313831e+01 
551 615.86 9.74316589e+02 2.92294979e+01 
552 616.66 9.73026794e+02 2.91908035e+01 
553 617.45 9.77848755e+02 2.93354626e+01 
554 618.25 9.84576782e+02 2.95373039e+01 
555 619.04 9.90007690e+02 2.97002316e+01 
556 619.84 9.92157471e+02 2.97647247e+01 
557 620.64 9.90948486e+02 2.97284546e+01 
558 621.43 9.86421265e+02 2.95926380e+01 
559 622.23 9.79745972e+02 2.93923798e+01 
560 623.02 9.72492432e+02 2.91747723e+01 
561 623.82 9.65070801e+02 2.89521236e+01 
562 624.62 9.59245483e+02 2.87773647e+01 
563 625.41 9.58562378e+02 2.87568722e+01 
564 626.21 9.61859009e+02 2.88557701e+01 
565 627.00 9.64860474e+02 2.89458141e+01 
566 627.80 9.66481323e+02 2.89944401e+01 
567 628.59 9.64763916e+02 2.89429169e+01 
568 629.39 9.61078247e+02 2.88323479e+01 
569 630.19 9.56854858e+02 2.87056465e+01 
570 630.98 9.52599670e+02 2.85779896e+01 
571 631.78 9.51442566e+02 2.85432777e+01 
572 632.57 9.51647156e+02 2.85494156e+01 
573 633.37 9.52025696e+02 2.85607700e+01 
574 634.16 9.52348083e+02 2.85704422e+01 
575 634.96 9.51156311e+02 2.85346889e+01 
576 635.75 9.50247803e+02 2.85074348e+01 
577 636.55 9.51084656e+02 2.85325394e+01 
578 637.34 9.52848633e+02 2.85854588e+01 
579 638.14 9.52264954e+02 2.85679493e+01 
580 638.93 9.46072083e+02 2.83821621e+01 
581 639.73 9.36892334e+02 2.81067696e+01 
582 640.52 9.28385437e+02 2.78515625e+01 
583 641.32 9.23579224e+02 2.77073765e+01 
584 642.11 9.22419067e+02 2.76725712e+01 
585 642.90 9.22370728e+02 2.76711216e+01 
586 643.70 9.20513000e+02 2.76153908e+01 
587 644.49 9.16062012e+02 2.74818611e+01 
588 645.29 9.10400146e+02 2.73120041e+01 
589 646.08 9.06189514e+02 2.71856861e+01 
590 646.88 9.03158203e+02 2.70947456e+01 
591 647.67 8.99115601e+02 2.69734688e+01 
592 648.46 8.89699280e+02 2.66909790e+01 
593 649.26 8.79700134e+02 2.63910046e+01 
594 650.05 8.76897461e+02 2.63069229e+01 
595 650.85 8.78600525e+02 2.63580151e+01 
596 651.64 8.77622437e+02 2.63286724e+01 
597 652.43 8.73022400e+02 2.61906719e+01 
598 653.23 8.66027771e+02 2.59808331e+01 
599 654.02 8.51868164e+02 2.55560455e+01 
600 654.81 8.21401367e+02 2.46420403e+01 
601 655.61 7.82356201e+02 2.34706860e+01 
602 656.40 7.65526978e+02 2.29658089e+01 
603 657.20 7.82619995e+02 2.34785995e+01 
604 657.99 8.10218750e+02 2.43065624e+01 
605 658.78 8.25717590e+02 2.47715282e+01 
606 659.58 8.29773132e+02 2.48931942e+01 
607 660.37 8.31076660e+02 2.49323006e+01 
608 661.16 8.32258057e+02 2.49677410e+01 
609 661.95 8.31067566e+02 2.49320278e+01 
610 662.75 8.26484497e+02 2.47945347e+01 
611 663.54 8.22641174e+02 2.46792355e+01 
612 664.33 8.22644287e+02 2.46793289e+01 
613 665.13 8.23481812e+02 2.47044544e+01 
614 665.92 8.23358582e+02 2.47007580e+01 
615 666.71 8.22242310e+02 2.46672688e+01 
616 667.50 8.22540771e+02 2.46762238e+01 
617 668.30 8.24108398e+02 2.47232513e+01 
618 669.09 8.23902100e+02 2.47170639e+01 
619 669.88 8.21512207e+02 2.46453667e+01 
620 670.67 8.18087891e+02 2.45426369e+01 
621 671.47 8.14558105e+02 2.44367428e+01 
622 672.26 8.13760315e+02 2.44128094e+01 
623 673.05 8.15072937e+02 2.44521885e+01 
624 673.84 8.15922180e+02 2.44776649e+01 
625 674.64 8.15543335e+02 2.44663010e+01 
626 675.43 8.15194580e+02 2.44558372e+01 
627 676.22 8.15519592e+02 2.44655876e+01 
628 677.01 8.16009338e+02 2.44802799e+01 
629 677.80 8.15936218e+02 2.44780865e+01 
630 678.59 8.15591919e+02 2.44677582e+01 
631 679.39 8.15200806e+02 2.44560242e+01 
632 680.18 8.14637756e+02 2.44391327e+01 
633 680.97 8.14294800e+02 2.44288445e+01 
634 681.76 8.13979614e+02 2.44193878e+01 
635 682.55 8.11456726e+02 2.43437023e+01 
636 683.34 8.06190735e+02 2.41857224e+01 
637 684.14 8.00543457e+02 2.40163040e+01 
638 684.93 7.94532104e+02 2.38359623e+01 
639 685.72 7.77801392e+02 2.33340416e+01 
640 686.51 7.49037598e+02 2.24711285e+01 
641 687.30 7.30276611e+02 2.19082985e+01 
642 688.09 7.32635742e+02 2.19790726e+01 
643 688.88 7.41784180e+02 2.22535248e+01 
644 689.67 7.49335571e+02 2.24800663e+01 
645 690.46 7.55705078e+02 2.26711521e+01 
646 691.25 7.60109070e+02 2.28032722e+01 
647 692.04 7.64057312e+02 2.29217186e+01 
648 692.84 7.66613342e+02 2.29983997e+01 
649 693.63 7.64838440e+02 2.29451523e+01 
650 694.42 7.60059448e+02 2.28017826e+01 
651 695.21 7.56693481e+02 2.27008038e+01 
652 696.00 7.55877686e+02 2.26763306e+01 
653 696.79 7.53356384e+02 2.26006908e+01 
654 697.58 7.47463440e+02 2.24239025e+01 
655 698.37 7.42613770e+02 2.22784138e+01 
656 699.16 7.38539307e+02 2.21561794e+01 
657 699.95 7.30827698e+02 2.19248314e+01 
658 700.74 7.21731812e+02 2.16519547e+01 
659 701.53 7.15477661e+02 2.14643307e+01 
660 702.32 7.13340698e+02 2.14002209e+01 
661 703.11 7.14043823e+02 2.14213142e+01 
662 703.90 7.15598755e+02 2.14679623e+01 
663 704.69 7.16585938e+02 2.14975777e+01 
664 705.48 7.13904907e+02 2.14171467e+01 
665 706.27 7.10217529e+02 2.13065262e+01 
666 707.05 7.06996094e+02 2.12098827e+01 
667 707.84 7.03352478e+02 2.11005745e+01 
668 708.63 6.98591431e+02 2.09577427e+01 
669 709.42 6.96411621e+02 2.08923492e+01 
670 710.21 6.95191956e+02 2.08557587e+01 
671 711.00 6.91574219e+02 2.07472267e+01 
672 711.79 6.86867065e+02 2.06060123e+01 
673 712.58 6.83882568e+02 2.05164776e+01 
674 713.37 6.82252747e+02 2.04675827e+01 
675 714.16 6.80327881e+02 2.04098358e+01 
676 714.95 6.77902466e+02 2.03370743e+01 
677 715.73 6.73520508e+02 2.02056160e+01 
678 716.52 6.63259705e+02 1.98977909e+01 
679 717.31 6.47040710e+02 1.94112206e+01 
680 718.10 6.27746094e+02 1.88323822e+01 
681 718.89 6.16476563e+02 1.84942970e+01 
682 719.68 6.17665894e+02 1.85299759e+01 
683 720.46 6.26497070e+02 1.87949123e+01 
684 721.25 6.40235046e+02 1.92070522e+01 
685 722.04 6.47236694e+02 1.94171009e+01 
686 722.83 6.42820251e+02 1.92846069e+01 
687 723.62 6.35723328e+02 1.90716991e+01 
688 724.40 6.34197327e+02 1.90259190e+01 
689 725.19 6.38799988e+02 1.91639996e+01 
690 725.98 6.43659119e+02 1.93097744e+01 
691 726.77 6.44277893e+02 1.93283367e+01 
692 727.56 6.41843506e+02 1.92553043e+01 
693 728.34 6.39125366e+02 1.91737614e+01 
694 729.13 6.41425537e+02 1.92427654e+01 
695 729.92 6.48821289e+02 1.94646378e+01 
696 730.71 6.53506958e+02 1.96052094e+01 
697 731.49 6.57306946e+02 1.97192078e+01 
698 732.28 6.61351563e+02 1.98405476e+01 
699 733.07 6.66315552e+02 1.99894657e+01 
700 733.85 6.70450806e+02 2.01135235e+01 
701 734.64 6.69171631e+02 2.00751495e+01 
702 735.43 6.65135620e+02 1.99540691e+01 
703 736.22 6.64087891e+02 1.99226360e+01 
704 737.00 6.64451538e+02 1.99335461e+01 
705 737.79 6.60090698e+02 1.98027210e+01 
706 738.58 6.53565857e+02 1.96069756e+01 
707 739.36 6.51376526e+02 1.95412960e+01 
708 740.15 6.49708862e+02 1.94912663e+01 
709 740.94 6.44743469e+02 1.93423042e+01 
710 741.72 6.43018005e+02 1.92905407e+01 
711 742.51 6.45786499e+02 1.93735943e+01 
712 743.29 6.47982117e+02 1.94394627e+01 
713 744.08 6.46739380e+02 1.94021816e+01 
714 744.87 6.45273071e+02 1.93581924e+01 
715 745.65 6.44704102e+02 1.93411236e+01 
716 746.44 6.42763550e+02 1.92829056e+01 
717 747.22 6.41235352e+02 1.92370605e+01 
718 748.01 6.37825073e+02 1.91347523e+01 
719 748.80 6.31595337e+02 1.89478607e+01 
720 749.58 6.26110596e+02 1.87833176e+01 
721 750.37 6.21333862e+02 1.86400166e+01 
722 751.15 6.16917664e+02 1.85075302e+01 
723 751.94 6.13540466e+02 1.84062138e+01 
724 752.72 6.10328979e+02 1.83098698e+01 
725 753.51 6.09111938e+02 1.82733574e+01 
726 754.29 6.06346497e+02 1.81903954e+01 
727 755.08 6.00904236e+02 1.80271263e+01 
728 755.86 5.96653992e+02 1.78996201e+01 
729 756.65 5.92922180e+02 1.77876663e+01 
730 757.43 5.86969727e+02 1.76090927e+01 
731 758.22 5.67124084e+02 1.70137234e+01 
732 759.00 5.01335052e+02 1.50400515e+01 
733 759.79 4.04245850e+02 1.21273756e+01 
734 760.57 3.65762848e+02 1.09728851e+01 
735 761.36 3.93373718e+02 1.18012114e+01 
736 762.14 4.24628296e+02 1.27388487e+01 
737 762.93 4.31511078e+02 1.29453325e+01 
738 763.71 4.39445679e+02 1.31833706e+01 
739 764.50 4.57180023e+02 1.37154007e+01 
740 765.28 4.75972229e+02 1.42791672e+01 
741 766.06 4.93416687e+02 1.48025007e+01 
742 766.85 5.12211243e+02 1.53663368e+01 
743 767.63 5.26590271e+02 1.57977085e+01 
744 768.42 5.32410767e+02 1.59723234e+01 
745 769.20 5.34343445e+02 1.60303040e+01 
746 769.98 5.35548157e+02 1.60664444e+01 
747 770.77 5.34470581e+02 1.60341167e+01 
748 771.55 5.31835022e+02 1.59550505e+01 
749 772.33 5.30561218e+02 1.59168367e+01 
750 773.12 5.30027405e+02 1.59008217e+01 
751 773.90 5.27119324e+02 1.58135796e+01 
752 774.68 5.23724243e+02 1.57117271e+01 
753 775.47 5.23557495e+02 1.57067251e+01 
754 776.25 5.24297974e+02 1.57289391e+01 
755 777.03 5.22924500e+02 1.56877346e+01 
756 777.82 5.21181702e+02 1.56354513e+01 
757 778.60 5.19631775e+02 1.55889530e+01 
758 779.38 5.17087402e+02 1.55126219e+01 
759 780.17 5.15325684e+02 1.54597702e+01 
760 780.95 5.16078430e+02 1.54823532e+01 
761 781.73 5.16980347e+02 1.55094109e+01 
762 782.51 5.15146118e+02 1.54543839e+01 
763 783.30 5.11479034e+02 1.53443708e+01 
764 784.08 5.10217224e+02 1.53065166e+01 
765 784.86 5.11196686e+02 1.53359003e+01 
766 785.64 5.12122070e+02 1.53636618e+01 
767 786.43 5.11570496e+02 1.53471146e+01 
768 787.21 5.08674683e+02 1.52602406e+01 
769 787.99 5.05543732e+02 1.51663122e+01 
770 788.77 5.03793304e+02 1.51137991e+01 
771 789.55 5.02907166e+02 1.50872154e+01 
772 790.34 5.00565643e+02 1.50169697e+01 
773 791.12 4.96015594e+02 1.48804674e+01 
774 791.90 4.90204803e+02 1.47061443e+01 
775 792.68 4.84570435e+02 1.45371132e+01 
776 793.46 4.81345215e+02 1.44403563e+01 
777 794.24 4.81860779e+02 1.44558229e+01 
778 795.02 4.84772888e+02 1.45431862e+01 
779 795.81 4.86415741e+02 1.45924721e+01 
780 796.59 4.85846191e+02 1.45753860e+01 
781 797.37 4.85264343e+02 1.45579300e+01 
782 798.15 4.84006744e+02 1.45202026e+01 
783 798.93 4.80824036e+02 1.44247208e+01 
784 799.71 4.76700653e+02 1.43010197e+01 
785 800.49 4.74277588e+02 1.42283278e+01 
786 801.27 4.74566223e+02 1.42369871e+01 
787 802.05 4.75765503e+02 1.42729654e+01 
788 802.83 4.75879395e+02 1.42763815e+01 
789 803.61 4.73246307e+02 1.41973896e+01 
790 804.39 4.69708374e+02 1.40912514e+01 
791 805.18 4.67903473e+02 1.40371046e+01 
792 805.96 4.68356628e+02 1.40506992e+01 
793 806.74 4.68137573e+02 1.40441275e+01 
794 807.52 4.65196259e+02 1.39558878e+01 
795 808.30 4.59757050e+02 1.37927113e+01 
796 809.08 4.54527069e+02 1.36358118e+01 
797 809.86 4.52406494e+02 1.35721951e+01 
798 810.64 4.54019745e+02 1.36205921e+01 
799 811.41 4.55121094e+02 1.36536331e+01 
800 812.19 4.51875488e+02 1.35562649e+01 
801 812.97 4.43579376e+02 1.33073816e+01 
802 813.75 4.33850922e+02 1.30155277e+01 
803 814.53 4.25848999e+02 1.27754698e+01 
804 815.31 4.20575531e+02 1.26172657e+01 
805 816.09 4.16707642e+02 1.25012293e+01 
806 816.87 4.12331329e+02 1.23699398e+01 
807 817.65 4.06825073e+02 1.22047520e+01 
808 818.43 4.02402649e+02 1.20720797e+01 
809 819.21 4.02552338e+02 1.20765705e+01 
810 819.99 4.06940308e+02 1.22082090e+01 
811 820.77 4.08452209e+02 1.22535667e+01 
812 821.54 4.03311859e+02 1.20993557e+01 
813 822.32 3.95341949e+02 1.18602581e+01 
814 823.10 3.92601471e+02 1.17780437e+01 
815 823.88 3.96893829e+02 1.19068146e+01 
816 824.66 4.04375610e+02 1.21312685e+01 
817 825.44 4.09340881e+02 1.22802267e+01 
818 826.21 4.08562256e+02 1.22568674e+01 
819 826.99 4.03106689e+02 1.20932007e+01 
820 827.77 3.97165894e+02 1.19149771e+01 
821 828.55 3.94005402e+02 1.18201618e+01 
822 829.33 3.94213074e+02 1.18263922e+01 
823 830.10 3.95122009e+02 1.18536606e+01 
824 830.88 3.93941895e+02 1.18182564e+01 
825 831.66 3.90202454e+02 1.17060738e+01 
826 832.44 3.85745483e+02 1.15723648e+01 
827 833.21 3.83914673e+02 1.15174398e+01 
828 833.99 3.86101563e+02 1.15830469e+01 
829 834.77 3.89795380e+02 1.16938610e+01 
830 835.55 3.91480591e+02 1.17444181e+01 
831 836.32 3.89941132e+02 1.16982336e+01 
832 837.10 3.86523224e+02 1.15956964e+01 
833 837.88 3.84172546e+02 1.15251760e+01 
834 838.65 3.84370422e+02 1.15311127e+01 
835 839.43 3.85537872e+02 1.15661364e+01 
836 840.21 3.85342499e+02 1.15602751e+01 
837 840.98 3.82666931e+02 1.14800081e+01 
838 841.76 3.78006622e+02 1.13401985e+01 
839 842.54 3.73772339e+02 1.12131701e+01 
840 843.31 3.72395233e+02 1.11718569e+01 
841 844.09 3.73317261e+02 1.11995182e+01 
842 844.87 3.74259399e+02 1.12277822e+01 
843 845.64 3.73003906e+02 1.11901169e+01 
844 846.42 3.69188477e+02 1.10756540e+01 
845 847.19 3.64034882e+02 1.09210463e+01 
846 847.97 3.58681335e+02 1.07604399e+01 
847 848.75 3.55328461e+02 1.06598539e+01 
848 849.52 3.53005859e+02 1.05901756e+01 
849 850.30 3.51215393e+02 1.05364618e+01 
850 851.07 3.47950867e+02 1.04385262e+01 
851 851.85 3.41673035e+02 1.02501907e+01 
852 852.62 3.34183685e+02 1.00255108e+01 
853 853.40 3.28093689e+02 9.84281063e+00 
854 854.17 3.25871887e+02 9.77615643e+00 
855 854.95 3.28533905e+02 9.85601711e+00 
856 855.72 3.34483398e+02 1.00345020e+01 
857 856.50 3.39592987e+02 1.01877899e+01 
858 857.27 3.41974884e+02 1.02592468e+01 
859 858.05 3.42106354e+02 1.02631903e+01 
860 858.82 3.42180908e+02 1.02654276e+01 
861 859.60 3.42705231e+02 1.02811565e+01 
862 860.37 3.42999512e+02 1.02899857e+01 
863 861.15 3.41755798e+02 1.02526741e+01 
864 861.92 3.38654785e+02 1.01596432e+01 
865 862.69 3.34314545e+02 1.00294361e+01 
866 863.47 3.29173401e+02 9.87520218e+00 
867 864.24 3.23685944e+02 9.71057796e+00 
868 865.02 3.18444061e+02 9.55332184e+00 
869 865.79 3.13571625e+02 9.40714836e+00 
870 866.56 3.09651917e+02 9.28955746e+00 
871 867.34 3.08142914e+02 9.24428749e+00 
872 868.11 3.09387451e+02 9.28162384e+00 
873 868.89 3.12172089e+02 9.36516285e+00 
874 869.66 3.15157715e+02 9.45473099e+00 
875 870.43 3.17006592e+02 9.51019764e+00 
876 871.21 3.17027008e+02 9.51080990e+00 
877 871.98 3.14982086e+02 9.44946289e+00 
878 872.75 3.11179321e+02 9.33537960e+00 
879 873.53 3.07587830e+02 9.22763443e+00 
880 874.30 3.04939606e+02 9.14818859e+00 
881 875.07 3.04048981e+02 9.12146950e+00 
882 875.84 3.03982880e+02 9.11948681e+00 
883 876.62 3.03624634e+02 9.10873890e+00 
884 877.39 3.01919586e+02 9.05758762e+00 
885 878.16 2.99223846e+02 8.97671509e+00 
886 878.93 2.96437927e+02 8.89313793e+00 
887 879.71 2.94478210e+02 8.83434677e+00 
888 880.48 2.93514679e+02 8.80543995e+00 
889 881.25 2.93455780e+02 8.80367374e+00 
890 882.02 2.93624146e+02 8.80872440e+00 
891 882.80 2.92639160e+02 8.77917480e+00 
892 883.57 2.90548645e+02 8.71645927e+00 
893 884.34 2.87934662e+02 8.63803959e+00 
894 885.11 2.85735474e+02 8.57206440e+00 
895 885.88 2.84378265e+02 8.53134823e+00 
896 886.65 2.83926392e+02 8.51779175e+00 
897 887.43 2.83777222e+02 8.51331711e+00 
898 888.20 2.83417664e+02 8.50253010e+00 
899 888.97 2.82442657e+02 8.47327995e+00 
900 889.74 2.80794434e+02 8.42383289e+00 
901 890.51 2.79004517e+02 8.37013531e+00 
902 891.28 2.77566223e+02 8.32698631e+00 
903 892.05 2.76268372e+02 8.28805161e+00 
904 892.82 2.74822662e+02 8.24467945e+00 
905 893.59 2.72501373e+02 8.17504120e+00 
906 894.36 2.69034485e+02 8.07103443e+00 
907 895.13 2.64616180e+02 7.93848562e+00 
908 895.91 2.59499908e+02 7.78499746e+00 
909 896.68 2.54550507e+02 7.63651514e+00 
910 897.45 2.50296799e+02 7.50890398e+00 
911 898.22 2.46776703e+02 7.40330124e+00 
912 898.99 2.44099228e+02 7.32297707e+00 
913 899.76 2.42042618e+02 7.26127863e+00 
914 900.53 2.40333160e+02 7.20999479e+00 
915 901.30 2.39332382e+02 7.17997169e+00 
916 902.07 2.39385345e+02 7.18156052e+00 
917 902.84 2.40283646e+02 7.20850945e+00 
918 903.61 2.41542343e+02 7.24627018e+00 
919 904.37 2.42247452e+02 7.26742363e+00 
920 905.14 2.41591187e+02 7.24773550e+00 
921 905.91 2.39131958e+02 7.17395878e+00 
922 906.68 2.35507416e+02 7.06522226e+00 
923 907.45 2.31626373e+02 6.94879103e+00 
924 908.22 2.28259430e+02 6.84778309e+00 
925 908.99 2.25826050e+02 6.77478170e+00 
926 909.76 2.24485733e+02 6.73457193e+00 
927 910.53 2.23898193e+02 6.71694565e+00 
928 911.30 2.23615448e+02 6.70846367e+00 
929 912.06 2.23014130e+02 6.69042397e+00 
930 912.83 2.21731003e+02 6.65192986e+00 
931 913.60 2.20378525e+02 6.61135578e+00 
932 914.37 2.19351517e+02 6.58054543e+00 
933 915.14 2.18572311e+02 6.55716944e+00 
934 915.91 2.18195770e+02 6.54587317e+00 
935 916.67 2.18170380e+02 6.54511118e+00 
936 917.44 2.17713531e+02 6.53140593e+00 
937 918.21 2.16770157e+02 6.50310469e+00 
938 918.98 2.15437454e+02 6.46312380e+00 
939 919.75 2.13912018e+02 6.41736031e+00 
940 920.51 2.12361038e+02 6.37083101e+00 
941 921.28 2.10976349e+02 6.32929039e+00 
942 922.05 2.09463440e+02 6.28390312e+00 
943 922.81 2.07847549e+02 6.23542643e+00 
944 923.58 2.05737091e+02 6.17211294e+00 
945 924.35 2.03220474e+02 6.09661436e+00 
946 925.12 1.99966446e+02 5.99899340e+00 
947 925.88 1.96252899e+02 5.88758707e+00 
948 926.65 1.91872971e+02 5.75618935e+00 
949 927.42 1.86969513e+02 5.60908556e+00 
950 928.18 1.81337555e+02 5.44012642e+00 
951 928.95 1.74565430e+02 5.23696280e+00 
952 929.72 1.67073044e+02 5.01219130e+00 
953 930.48 1.59006775e+02 4.77020311e+00 
954 931.25 1.50657700e+02 4.51973104e+00 
955 932.01 1.42783768e+02 4.28351307e+00 
956 932.78 1.35734436e+02 4.07203293e+00 
957 933.55 1.29874619e+02 3.89623857e+00 
958 934.31 1.25328506e+02 3.75985527e+00 
959 935.08 1.21899498e+02 3.65698504e+00 
960 935.84 1.19371773e+02 3.58115315e+00 
961 936.61 1.17429558e+02 3.52288675e+00 
962 937.38 1.15838089e+02 3.47514272e+00 
963 938.14 1.14603348e+02 3.43810034e+00 
964 938.91 1.13776962e+02 3.41330886e+00 
965 939.67 1.12950020e+02 3.38850069e+00 
966 940.44 1.11957642e+02 3.35872936e+00 
967 941.20 1.10608398e+02 3.31825185e+00 
968 941.97 1.09002518e+02 3.27007556e+00 
969 942.73 1.07084869e+02 3.21254611e+00 
970 943.50 1.05153107e+02 3.15459323e+00 
971 944.26 1.03542404e+02 3.10627222e+00 
972 945.02 1.02580627e+02 3.07741880e+00 
973 945.79 1.02344299e+02 3.07032895e+00 
974 946.55 1.02586349e+02 3.07759047e+00 
975 947.32 1.03199051e+02 3.09597158e+00 
976 948.08 1.03921890e+02 3.11765671e+00 
977 948.85 1.04588684e+02 3.13766050e+00 
978 949.61 1.05089951e+02 3.15269852e+00 
979 950.37 1.05755264e+02 3.17265797e+00 
980 951.14 1.06420883e+02 3.19262648e+00 
981 951.90 1.07218269e+02 3.21654797e+00 
982 952.66 1.08058426e+02 3.24175286e+00 
983 953.43 1.08715210e+02 3.26145625e+00 
984 954.19 1.09329002e+02 3.27987003e+00 
985 954.96 1.10020050e+02 3.30060148e+00 
986 955.72 1.10416321e+02 3.31248951e+00 
987 956.48 1.10995201e+02 3.32985592e+00 
988 957.24 1.11860306e+02 3.35580921e+00 
989 958.01 1.12845261e+02 3.38535786e+00 
990 958.77 1.13762260e+02 3.41286778e+00 
991 959.53 1.14739502e+02 3.44218516e+00 
992 960.30 1.15552429e+02 3.46657276e+00 
993 961.06 1.16248505e+02 3.48745513e+00 
994 961.82 1.16792725e+02 3.50378180e+00 
995 962.58 1.17350967e+02 3.52052903e+00 
996 963.34 1.18016220e+02 3.54048657e+00 
997 964.11 1.18823181e+02 3.56469536e+00 
998 964.87 1.19609825e+02 3.58829474e+00 
999 965.63 1.20127335e+02 3.60382009e+00 
1000 966.39 1.20505814e+02 3.61517429e+00 
1001 967.15 1.20757698e+02 3.62273097e+00 
1002 967.92 1.20960556e+02 3.62881660e+00 
1003 968.68 1.20989052e+02 3.62967157e+00 
1004 969.44 1.21041046e+02 3.63123131e+00 
1005 970.20 1.20948326e+02 3.62844968e+00 
1006 970.96 1.20562653e+02 3.61687946e+00 
1007 971.72 1.19949150e+02 3.59847450e+00 
1008 972.48 1.19100685e+02 3.57302046e+00 
1009 973.24 1.18013855e+02 3.54041576e+00 
1010 974.01 1.16870102e+02 3.50610304e+00 
1011 974.77 1.15774971e+02 3.47324920e+00 
1012 975.53 1.14970345e+02 3.44911027e+00 
1013 976.29 1.14305740e+02 3.42917228e+00 
1014 977.05 1.13559563e+02 3.40678692e+00 
1015 977.81 1.12822876e+02 3.38468623e+00 
1016 978.57 1.11984550e+02 3.35953641e+00 
1017 979.33 1.11174820e+02 3.33524466e+00 
1018 980.09 1.10509605e+02 3.31528807e+00 
1019 980.85 1.09959625e+02 3.29878879e+00 
1020 981.61 1.09453926e+02 3.28361773e+00 
1021 982.37 1.08842651e+02 3.26527953e+00 
1022 983.13 1.08071411e+02 3.24214244e+00 
1023 983.89 1.07052597e+02 3.21157789e+00 
1024 984.65 1.05986320e+02 3.17958951e+00 
1025 985.41 1.05063339e+02 3.15190029e+00 
1026 986.16 1.04264374e+02 3.12793112e+00 
1027 986.92 1.03428963e+02 3.10286880e+00 
1028 987.68 1.02454063e+02 3.07362199e+00 
1029 988.44 1.01187218e+02 3.03561664e+00 
1030 989.20 9.98333435e+01 2.99500036e+00 
1031 989.96 9.85758667e+01 2.95727611e+00 
1032 990.72 9.76114807e+01 2.92834449e+00 
1033 991.48 9.65964813e+01 2.89789438e+00 
1034 992.23 9.52849045e+01 2.85854721e+00 
1035 992.99 9.37577438e+01 2.81273222e+00 
1036 993.75 9.20494080e+01 2.76148224e+00 
1037 994.51 9.04516602e+01 2.71354985e+00 
1038 995.27 8.88968201e+01 2.66690469e+00 
1039 996.03 8.70115662e+01 2.61034703e+00 
1040 996.78 5.58710480e+00 1.67613149e-01 
1041 997.54 2.75392503e-01 8.26177467e-03 
1042 998.30 1.34595692e-01 4.03787056e-03 
1043 999.06 1.39157251e-01 4.17471770e-03 
