% C0 (TOA Count Rate, /ms) for 4STAR NIR spectrometer (512 channels) derived from /data/sunsat/rooftop/Spring_2022/data_processed/starsuns/4STARB_20220406starsun.mat and recorded on 2022-04-06 22:51:57.
% C0 built to match AOD from 4STARB to AERONET spline fit for NASA_Ames within 200 m [Alt] and 360 seconds, measured on 20220406.
Pix Wavelength C0 C0err
511 946.05 1.15183029e+01 9.23211336e-01 
510 947.95 1.19035463e+01 9.31566715e-01 
509 949.84 1.24073858e+01 9.21607554e-01 
508 951.73 1.28402853e+01 9.07853305e-01 
507 953.62 1.32643795e+01 8.94387066e-01 
506 955.51 1.37760906e+01 8.68941128e-01 
505 957.40 1.43709517e+01 8.40810895e-01 
504 959.28 1.51512585e+01 8.22166920e-01 
503 961.16 1.60202045e+01 7.85106361e-01 
502 963.03 1.69206429e+01 7.41779327e-01 
501 964.90 1.79433041e+01 6.90567732e-01 
500 966.78 1.90960083e+01 5.99652588e-01 
499 968.64 2.03431873e+01 5.03934681e-01 
498 970.51 2.11974030e+01 4.18405294e-01 
497 972.37 2.15274544e+01 4.10077631e-01 
496 974.23 2.15395317e+01 4.21116024e-01 
495 976.09 2.18176785e+01 4.21637326e-01 
494 977.95 2.23154755e+01 3.78824890e-01 
493 979.80 2.30600109e+01 3.13136786e-01 
492 981.65 2.37139339e+01 2.57740378e-01 
491 983.50 2.44149780e+01 2.10381985e-01 
490 985.34 2.49086971e+01 1.81496769e-01 
489 987.18 2.52998123e+01 1.66353762e-01 
488 989.02 2.55363007e+01 1.69946983e-01 
487 990.86 2.57703114e+01 1.85588822e-01 
486 992.70 2.59263363e+01 1.98136598e-01 
485 994.53 2.61602745e+01 2.05190122e-01 
484 996.36 2.62730503e+01 2.09165290e-01 
483 998.19 2.64136505e+01 2.10574090e-01 
482 1000.01 2.64486179e+01 2.17115939e-01 
481 1001.83 2.64561768e+01 2.12975621e-01 
480 1003.65 2.64093456e+01 1.97083548e-01 
479 1005.47 2.65516872e+01 1.90364853e-01 
478 1007.29 2.67005901e+01 1.89979032e-01 
477 1009.10 2.70556107e+01 1.98449269e-01 
476 1010.91 2.72353306e+01 2.00261980e-01 
475 1012.72 2.73312874e+01 1.99783102e-01 
474 1014.53 2.73268967e+01 2.04579085e-01 
473 1016.33 2.74200726e+01 2.05255002e-01 
472 1018.13 2.73751717e+01 2.12910295e-01 
471 1019.93 2.74514427e+01 2.06287399e-01 
470 1021.73 2.73831253e+01 1.98364213e-01 
469 1023.52 2.73406773e+01 1.94168329e-01 
468 1025.31 2.72381191e+01 1.97304338e-01 
467 1027.10 2.72504807e+01 1.99861780e-01 
466 1028.89 2.70715275e+01 1.91602722e-01 
465 1030.67 2.69429436e+01 1.89896867e-01 
464 1032.45 2.66471004e+01 1.99347928e-01 
463 1034.23 2.64509869e+01 2.29575738e-01 
462 1036.01 2.62286968e+01 2.39423305e-01 
461 1037.79 2.61577873e+01 2.41236255e-01 
460 1039.56 2.59814091e+01 2.37788960e-01 
459 1041.33 2.58374252e+01 2.44343951e-01 
458 1043.10 2.55482254e+01 2.43264765e-01 
457 1044.87 2.53623009e+01 2.36704037e-01 
456 1046.63 2.51878490e+01 2.23687842e-01 
455 1048.39 2.51998329e+01 2.05214530e-01 
454 1050.15 2.51138058e+01 1.90792650e-01 
453 1051.91 2.50754623e+01 1.92129895e-01 
452 1053.67 2.49459076e+01 1.93900406e-01 
451 1055.42 2.48399925e+01 2.03485489e-01 
450 1057.17 2.46198730e+01 1.97347507e-01 
449 1058.92 2.45186863e+01 1.96812153e-01 
448 1060.67 2.43588314e+01 1.93793342e-01 
447 1062.41 2.42643185e+01 1.93191439e-01 
446 1064.15 2.40384579e+01 1.84293002e-01 
445 1065.89 2.37474060e+01 1.65908992e-01 
444 1067.63 2.33609734e+01 1.40868142e-01 
443 1069.37 2.31509342e+01 1.26365229e-01 
442 1071.10 2.29634628e+01 1.27901196e-01 
441 1072.83 2.29030952e+01 1.35691807e-01 
440 1074.56 2.27381783e+01 1.47294700e-01 
439 1076.29 2.26022930e+01 1.52161255e-01 
438 1078.02 2.23661118e+01 1.50904700e-01 
437 1079.74 2.21458359e+01 1.37839660e-01 
436 1081.46 2.18649979e+01 1.27344936e-01 
435 1083.18 2.16980381e+01 1.15470521e-01 
434 1084.90 2.15220032e+01 1.20524041e-01 
433 1086.61 2.15556412e+01 1.22015208e-01 
432 1088.33 2.15519104e+01 1.33088067e-01 
431 1090.04 2.16003780e+01 1.33487508e-01 
430 1091.75 2.13298225e+01 1.58301279e-01 
429 1093.45 2.11172638e+01 1.90255731e-01 
428 1095.16 2.09540405e+01 2.31726676e-01 
427 1096.86 2.09187641e+01 2.92992175e-01 
426 1098.56 2.08782349e+01 3.62026364e-01 
425 1100.26 2.08042831e+01 4.39804941e-01 
424 1101.96 2.06856899e+01 5.03957033e-01 
423 1103.65 2.05903950e+01 5.58701456e-01 
422 1105.35 2.04078865e+01 6.15051925e-01 
421 1107.04 2.02084332e+01 6.52053833e-01 
420 1108.73 1.97196388e+01 6.92046285e-01 
419 1110.41 1.88260288e+01 7.51269281e-01 
418 1112.10 1.72907562e+01 8.54158580e-01 
417 1113.78 1.51883144e+01 9.61078823e-01 
416 1115.46 1.31924763e+01 1.06503832e+00 
415 1117.14 1.16414223e+01 1.13488841e+00 
414 1118.82 1.05704660e+01 1.17688346e+00 
413 1120.50 9.91179085e+00 1.18800712e+00 
412 1122.17 9.51880169e+00 1.18963051e+00 
411 1123.84 9.26531219e+00 1.21424973e+00 
410 1125.51 9.33538246e+00 1.26525664e+00 
409 1127.18 9.78901291e+00 1.30846012e+00 
408 1128.85 1.10740833e+01 1.32391870e+00 
407 1130.51 1.15767069e+01 1.28334367e+00 
406 1132.17 1.09575310e+01 1.19326377e+00 
405 1133.83 1.06263351e+01 1.16628027e+00 
404 1135.49 1.14750881e+01 1.16762722e+00 
403 1137.15 1.37498398e+01 1.20377457e+00 
402 1138.80 1.54918575e+01 1.24747944e+00 
401 1140.46 1.57363014e+01 1.25956666e+00 
400 1142.11 1.44488726e+01 1.32661891e+00 
399 1143.76 1.30235367e+01 1.37952435e+00 
398 1145.41 1.22029905e+01 1.37199152e+00 
397 1147.05 1.23931246e+01 1.35212922e+00 
396 1148.70 1.34636641e+01 1.32384408e+00 
395 1150.34 1.43781023e+01 1.32344019e+00 
394 1151.98 1.50201187e+01 1.33626902e+00 
393 1153.62 1.61135826e+01 1.28597677e+00 
392 1155.26 1.73026714e+01 1.19297707e+00 
391 1156.89 1.85483074e+01 1.10004854e+00 
390 1158.53 1.94429607e+01 9.94813085e-01 
389 1160.16 2.05147552e+01 8.82093012e-01 
388 1161.79 2.13857765e+01 7.88316488e-01 
387 1163.42 2.21260948e+01 7.12916851e-01 
386 1165.04 2.25304165e+01 6.72832251e-01 
385 1166.67 2.28507690e+01 6.37802541e-01 
384 1168.29 2.33631706e+01 5.70895374e-01 
383 1169.91 2.36866531e+01 5.20547688e-01 
382 1171.53 2.33956223e+01 5.08605480e-01 
381 1173.15 2.32916203e+01 4.69475716e-01 
380 1174.77 2.29480858e+01 4.52175796e-01 
379 1176.38 2.30413074e+01 3.96571517e-01 
378 1178.00 2.29459000e+01 3.92365217e-01 
377 1179.61 2.24449844e+01 4.23960179e-01 
376 1181.22 2.21050396e+01 4.50419307e-01 
375 1182.83 2.19950294e+01 4.64548945e-01 
374 1184.43 2.19092064e+01 4.59920883e-01 
373 1186.04 2.18901825e+01 4.41529542e-01 
372 1187.64 2.19700718e+01 4.05252099e-01 
371 1189.24 2.21353550e+01 3.66048843e-01 
370 1190.84 2.25593586e+01 3.07722002e-01 
369 1192.44 2.27913399e+01 2.99093366e-01 
368 1194.04 2.26293945e+01 3.07923108e-01 
367 1195.64 2.21442833e+01 3.32708478e-01 
366 1197.23 2.17016068e+01 3.47314745e-01 
365 1198.82 2.14693527e+01 3.39295149e-01 
364 1200.41 2.10100098e+01 3.63641173e-01 
363 1202.00 2.10568123e+01 3.61814499e-01 
362 1203.59 2.11155643e+01 3.62393439e-01 
361 1205.17 2.11169472e+01 3.76832306e-01 
360 1206.76 2.13733501e+01 3.34566146e-01 
359 1208.34 2.13515720e+01 3.31662744e-01 
358 1209.92 2.13465729e+01 3.25253516e-01 
357 1211.50 2.15454006e+01 3.07973087e-01 
356 1213.08 2.17175446e+01 2.98079431e-01 
355 1214.66 2.19736347e+01 2.63672143e-01 
354 1216.23 2.19549885e+01 2.47861013e-01 
353 1217.80 2.20458946e+01 2.32372165e-01 
352 1219.38 2.19764290e+01 2.41656438e-01 
351 1220.95 2.19757271e+01 2.34991118e-01 
350 1222.52 2.20079517e+01 2.26476476e-01 
349 1224.08 2.19922752e+01 2.12212190e-01 
348 1225.65 2.20001564e+01 1.95103198e-01 
347 1227.21 2.20528736e+01 1.76509157e-01 
346 1228.78 2.21562862e+01 1.74874187e-01 
345 1230.34 2.22713890e+01 1.64721504e-01 
344 1231.90 2.22885151e+01 1.50913075e-01 
343 1233.46 2.22449379e+01 1.46564066e-01 
342 1235.01 2.21178551e+01 1.41113728e-01 
341 1236.57 2.20154552e+01 1.37095243e-01 
340 1238.12 2.18111706e+01 1.34789705e-01 
339 1239.67 2.16532650e+01 1.31060153e-01 
338 1241.23 2.14785442e+01 1.24453649e-01 
337 1242.78 2.14443245e+01 1.39455065e-01 
336 1244.32 2.13737373e+01 1.43693805e-01 
335 1245.87 2.14249077e+01 1.41665071e-01 
334 1247.42 2.13611183e+01 1.32232383e-01 
333 1248.96 2.12068520e+01 1.12588823e-01 
332 1250.50 2.10085449e+01 1.03842519e-01 
331 1252.04 2.08771858e+01 1.16239510e-01 
330 1253.58 2.06633053e+01 1.48689821e-01 
329 1255.12 2.05254593e+01 1.98657855e-01 
328 1256.66 2.02220516e+01 2.54100531e-01 
327 1258.19 1.98186092e+01 3.38488847e-01 
326 1259.73 1.92071667e+01 4.28877264e-01 
325 1261.26 1.86216278e+01 5.08298218e-01 
324 1262.79 1.81732540e+01 5.70759177e-01 
323 1264.32 1.77962799e+01 6.16067708e-01 
322 1265.85 1.70649300e+01 6.97492421e-01 
321 1267.38 1.70371399e+01 7.04311252e-01 
320 1268.90 1.73120499e+01 6.65565729e-01 
319 1270.43 1.79596004e+01 5.87060571e-01 
318 1271.95 1.89560013e+01 4.69576865e-01 
317 1273.47 1.93947392e+01 3.93170625e-01 
316 1274.99 1.96232262e+01 3.27358425e-01 
315 1276.51 1.97894878e+01 2.67940760e-01 
314 1278.03 1.96522388e+01 2.12214932e-01 
313 1279.55 1.93923359e+01 1.69589520e-01 
312 1281.06 1.93803062e+01 1.52110279e-01 
311 1282.58 1.95791969e+01 1.36413962e-01 
310 1284.09 1.99356766e+01 1.37044162e-01 
309 1285.60 2.03151531e+01 1.50291875e-01 
308 1287.11 2.03668594e+01 1.51273489e-01 
307 1288.62 2.02451096e+01 1.47339180e-01 
306 1290.13 2.01467705e+01 1.43567905e-01 
305 1291.63 2.01194019e+01 1.46537110e-01 
304 1293.14 1.99625092e+01 1.63482055e-01 
303 1294.64 1.97968140e+01 1.79283977e-01 
302 1296.14 1.96379700e+01 2.00720593e-01 
301 1297.64 1.93906250e+01 2.20504820e-01 
300 1299.14 1.92850780e+01 2.26761818e-01 
299 1300.64 1.90084991e+01 2.72080779e-01 
298 1302.14 1.87143002e+01 2.99041599e-01 
297 1303.64 1.84322815e+01 3.16256195e-01 
296 1305.13 1.81735821e+01 3.28251451e-01 
295 1306.62 1.80377350e+01 3.41659486e-01 
294 1308.12 1.78171749e+01 3.65926862e-01 
293 1309.61 1.75455837e+01 3.99994701e-01 
292 1311.10 1.70003166e+01 4.79189366e-01 
291 1312.58 1.67361717e+01 5.15689909e-01 
290 1314.07 1.65899048e+01 5.33234656e-01 
289 1315.56 1.64168682e+01 5.36247373e-01 
288 1317.04 1.62700653e+01 5.34178019e-01 
287 1318.52 1.61333523e+01 5.32349646e-01 
286 1320.01 1.56818151e+01 5.78801453e-01 
285 1321.49 1.56219063e+01 5.71199059e-01 
284 1322.97 1.57601919e+01 5.58893621e-01 
283 1324.45 1.54235306e+01 5.71179450e-01 
282 1325.92 1.47603798e+01 6.13796473e-01 
281 1327.40 1.38127527e+01 7.02107847e-01 
280 1328.87 1.24179668e+01 8.10983121e-01 
279 1330.35 1.15976295e+01 8.76106381e-01 
278 1331.82 1.14973269e+01 8.83121729e-01 
277 1333.29 1.16007786e+01 8.38463247e-01 
276 1334.76 1.19118662e+01 7.92066753e-01 
275 1336.23 1.20778675e+01 7.39736497e-01 
274 1337.70 1.17016783e+01 7.34810412e-01 
273 1339.17 1.14854851e+01 7.50198245e-01 
272 1340.63 1.08698540e+01 7.51952767e-01 
271 1342.10 9.70645523e+00 7.85363972e-01 
270 1343.56 8.62337971e+00 8.19248736e-01 
269 1345.02 6.74651051e+00 8.03012192e-01 
268 1346.48 5.25910807e+00 7.75858223e-01 
267 1347.94 3.93154931e+00 6.95758343e-01 
266 1349.40 2.61359096e+00 5.63922286e-01 
265 1350.86 1.79201508e+00 4.44225252e-01 
264 1352.31 1.06611633e+00 2.95079619e-01 
263 1353.77 6.13948286e-01 1.85360953e-01 
262 1355.22 3.85911554e-01 1.12868629e-01 
261 1356.67 2.59268939e-01 7.09249526e-02 
260 1358.13 2.33925313e-01 5.57501391e-02 
259 1359.58 1.90168828e-01 4.12625223e-02 
258 1361.03 1.90951645e-01 4.12924401e-02 
257 1362.47 1.80024654e-01 3.72372046e-02 
256 1363.92 2.00839683e-01 4.56266142e-02 
255 1365.37 1.82670444e-01 3.83517742e-02 
254 1366.81 1.90386474e-01 3.96982431e-02 
253 1368.25 1.67784572e-01 3.70843746e-02 
252 1369.70 1.84392989e-01 3.63434330e-02 
251 1371.14 2.04836741e-01 4.95767444e-02 
250 1372.58 2.79719591e-01 7.59027451e-02 
249 1374.02 3.36931705e-01 1.03029475e-01 
248 1375.46 4.15281147e-01 1.31443053e-01 
247 1376.89 3.97537172e-01 1.27762303e-01 
246 1378.33 3.51687223e-01 1.09124891e-01 
245 1379.76 2.69062907e-01 6.63825423e-02 
244 1381.20 2.00420812e-01 4.25582118e-02 
243 1382.63 1.61734760e-01 3.01496796e-02 
242 1384.06 1.92654803e-01 4.17932384e-02 
241 1385.49 2.26051733e-01 5.67707457e-02 
240 1386.92 3.30585629e-01 9.98233035e-02 
239 1388.35 4.12609100e-01 1.31429121e-01 
238 1389.78 4.51860368e-01 1.43988162e-01 
237 1391.20 4.27705526e-01 1.39174461e-01 
236 1392.63 3.59923840e-01 1.07158937e-01 
235 1394.05 3.17013800e-01 9.06013921e-02 
234 1395.48 4.32286918e-01 1.27431095e-01 
233 1396.90 4.53990459e-01 1.36051163e-01 
232 1398.32 5.02297878e-01 1.47193819e-01 
231 1399.74 5.96873462e-01 1.81010276e-01 
230 1401.16 5.68630636e-01 1.68687493e-01 
229 1402.57 5.70688725e-01 1.70244038e-01 
228 1403.99 6.42374098e-01 2.01299116e-01 
227 1405.41 5.93017340e-01 1.90444291e-01 
226 1406.82 5.79895318e-01 1.87866762e-01 
225 1408.23 6.45403445e-01 2.06277966e-01 
224 1409.65 8.89927626e-01 2.54671156e-01 
223 1411.06 1.05340636e+00 2.79597998e-01 
222 1412.47 1.20498943e+00 3.01428020e-01 
221 1413.88 1.50927138e+00 3.62903714e-01 
220 1415.29 1.52327883e+00 3.78149778e-01 
219 1416.69 1.43336082e+00 3.61839563e-01 
218 1418.10 1.58774638e+00 3.98817062e-01 
217 1419.50 1.71849823e+00 4.18792456e-01 
216 1420.91 1.88677549e+00 4.30553854e-01 
215 1422.31 2.29459190e+00 5.07755160e-01 
214 1423.71 2.63230538e+00 5.51365614e-01 
213 1425.11 2.55142736e+00 5.34507632e-01 
212 1426.51 2.74883246e+00 5.50051272e-01 
211 1427.91 3.03890848e+00 5.44028401e-01 
210 1429.31 2.85023761e+00 5.11172056e-01 
209 1430.71 2.88968015e+00 5.23941934e-01 
208 1432.10 2.88349295e+00 5.41467071e-01 
207 1433.50 2.66532278e+00 5.51703572e-01 
206 1434.89 2.70723009e+00 5.72243333e-01 
205 1436.28 2.87339830e+00 5.93935788e-01 
204 1437.68 2.98485279e+00 6.14553452e-01 
203 1439.07 3.00194025e+00 6.27078056e-01 
202 1440.46 3.32148218e+00 6.76569164e-01 
201 1441.85 3.47986889e+00 6.94119751e-01 
200 1443.23 3.43262982e+00 6.74190402e-01 
199 1444.62 3.77870893e+00 6.82960629e-01 
198 1446.01 4.25289059e+00 6.93886459e-01 
197 1447.39 4.23252869e+00 6.67322218e-01 
196 1448.77 4.28414679e+00 6.55071914e-01 
195 1450.16 4.52391911e+00 6.63316429e-01 
194 1451.54 4.78907537e+00 6.63246930e-01 
193 1452.92 5.30200577e+00 6.98698461e-01 
192 1454.30 6.18802357e+00 7.48673201e-01 
191 1455.68 6.82933998e+00 7.48293221e-01 
190 1457.05 6.99949074e+00 7.37889886e-01 
189 1458.43 6.96216822e+00 7.36548364e-01 
188 1459.81 6.81263876e+00 7.27951407e-01 
187 1461.18 6.52700567e+00 6.95862353e-01 
186 1462.55 6.22767973e+00 6.63151145e-01 
185 1463.93 5.80301571e+00 6.46457136e-01 
184 1465.30 5.54465103e+00 6.49689257e-01 
183 1466.67 5.04156399e+00 6.62904203e-01 
182 1468.04 4.39026594e+00 6.63450658e-01 
181 1469.41 4.14204121e+00 6.52169764e-01 
180 1470.78 4.26474142e+00 6.40709639e-01 
179 1472.14 4.74332619e+00 6.23794258e-01 
178 1473.51 5.31369114e+00 6.33803785e-01 
177 1474.87 5.65918970e+00 6.39335036e-01 
176 1476.24 5.70118618e+00 6.34916604e-01 
175 1477.60 5.37849236e+00 6.39269590e-01 
174 1478.96 5.36398125e+00 6.39160454e-01 
173 1480.32 5.79370356e+00 6.40243232e-01 
172 1481.68 6.22809410e+00 6.42360628e-01 
171 1483.04 6.46072578e+00 6.52250588e-01 
170 1484.40 6.49505663e+00 6.48375630e-01 
169 1485.75 6.46912003e+00 6.40291750e-01 
168 1487.11 6.74044132e+00 5.99299431e-01 
167 1488.46 7.25075722e+00 5.55223644e-01 
166 1489.82 7.89502954e+00 5.20317554e-01 
165 1491.17 8.43245983e+00 4.95675474e-01 
164 1492.52 8.60814381e+00 4.81880665e-01 
163 1493.87 8.75320911e+00 4.64757264e-01 
162 1495.22 8.94095802e+00 4.34921801e-01 
161 1496.57 9.22936440e+00 3.94591331e-01 
160 1497.92 9.54823017e+00 3.46824467e-01 
159 1499.27 9.68132210e+00 3.20374310e-01 
158 1500.61 9.43903351e+00 3.14140946e-01 
157 1501.96 9.13599968e+00 3.11170459e-01 
156 1503.30 9.02660847e+00 2.90810913e-01 
155 1504.65 9.15399456e+00 2.78891057e-01 
154 1505.99 9.46215057e+00 2.47801945e-01 
153 1507.33 9.85104561e+00 2.24936292e-01 
152 1508.67 1.00629539e+01 2.03198701e-01 
151 1510.01 1.01251621e+01 1.95489839e-01 
150 1511.35 1.01993294e+01 1.87999323e-01 
149 1512.68 1.02661304e+01 1.79408327e-01 
148 1514.02 1.02180443e+01 1.86206520e-01 
147 1515.35 1.02187347e+01 1.89329848e-01 
146 1516.69 1.02322350e+01 1.84535474e-01 
145 1518.02 1.03037443e+01 1.70370564e-01 
144 1519.35 1.03618288e+01 1.42485797e-01 
143 1520.68 1.04758940e+01 1.16320819e-01 
142 1522.02 1.05116901e+01 1.03914641e-01 
141 1523.34 1.05153313e+01 9.60218161e-02 
140 1524.67 1.04982624e+01 9.54771563e-02 
139 1526.00 1.04571266e+01 8.81341770e-02 
138 1527.33 1.04287472e+01 9.05895084e-02 
137 1528.65 1.04326839e+01 8.27231333e-02 
136 1529.98 1.04337454e+01 8.11421722e-02 
135 1531.30 1.04507999e+01 7.20246583e-02 
134 1532.62 1.04631672e+01 6.91957772e-02 
133 1533.94 1.04432507e+01 6.73202053e-02 
132 1535.26 1.04238806e+01 6.46749139e-02 
131 1536.58 1.04063940e+01 6.73984662e-02 
130 1537.90 1.03803577e+01 6.66564852e-02 
129 1539.22 1.03397522e+01 5.50671294e-02 
128 1540.53 1.03112354e+01 5.36601767e-02 
127 1541.85 1.03225803e+01 4.67001274e-02 
126 1543.16 1.03463192e+01 4.61271778e-02 
125 1544.48 1.03743248e+01 5.81311695e-02 
124 1545.79 1.03743343e+01 7.12905526e-02 
123 1547.10 1.03595428e+01 8.34197775e-02 
122 1548.41 1.03567371e+01 8.69613364e-02 
121 1549.72 1.03279667e+01 7.07817227e-02 
120 1551.03 1.02959404e+01 6.33440167e-02 
119 1552.34 1.02789402e+01 5.49472757e-02 
118 1553.64 1.02258282e+01 4.70199659e-02 
117 1554.95 1.01807137e+01 4.92463708e-02 
116 1556.25 1.01676693e+01 4.64838520e-02 
115 1557.56 1.01330357e+01 4.15254757e-02 
114 1558.86 1.00535507e+01 4.07999121e-02 
113 1560.16 1.00054092e+01 3.58772650e-02 
112 1561.46 9.92930794e+00 4.24744338e-02 
111 1562.76 9.85490608e+00 4.33959924e-02 
110 1564.06 9.76266670e+00 3.75834443e-02 
109 1565.36 9.63721848e+00 4.60273698e-02 
108 1566.65 9.43610001e+00 6.85510561e-02 
107 1567.95 9.19296551e+00 1.10832088e-01 
106 1569.24 8.92584705e+00 1.46158576e-01 
105 1570.54 8.75078678e+00 1.67861149e-01 
104 1571.83 8.60421753e+00 1.69608444e-01 
103 1573.12 8.50405312e+00 1.59091949e-01 
102 1574.41 8.44740677e+00 1.55065164e-01 
101 1575.70 8.46669292e+00 1.45975634e-01 
100 1576.99 8.50697517e+00 1.39785782e-01 
99 1578.27 8.61193848e+00 1.34098515e-01 
98 1579.56 8.71410847e+00 1.18814200e-01 
97 1580.85 8.84774399e+00 1.04978628e-01 
96 1582.13 8.93548012e+00 8.45350176e-02 
95 1583.41 9.02087116e+00 7.58416951e-02 
94 1584.70 8.97681618e+00 6.88469708e-02 
93 1585.98 8.90317917e+00 6.19937889e-02 
92 1587.26 8.77102661e+00 5.44549339e-02 
91 1588.54 8.73727036e+00 4.78309095e-02 
90 1589.81 8.73833084e+00 4.41130735e-02 
89 1591.09 8.83817482e+00 4.24805544e-02 
88 1592.37 8.82496548e+00 5.40353954e-02 
87 1593.64 8.80740166e+00 5.69947809e-02 
86 1594.91 8.68464375e+00 6.81904852e-02 
85 1596.19 8.55009270e+00 8.16996768e-02 
84 1597.46 8.35029030e+00 1.17897600e-01 
83 1598.73 8.18682861e+00 1.42182887e-01 
82 1600.00 7.99748659e+00 1.70532003e-01 
81 1601.27 7.90479374e+00 1.66583806e-01 
80 1602.54 7.87430000e+00 1.57888964e-01 
79 1603.80 7.88816643e+00 1.50556788e-01 
78 1605.07 7.84946012e+00 1.38253286e-01 
77 1606.33 7.79109955e+00 1.35628477e-01 
76 1607.59 7.67416954e+00 1.32100970e-01 
75 1608.86 7.61899948e+00 1.20820649e-01 
74 1610.12 7.63387394e+00 1.09533325e-01 
73 1611.38 7.72189236e+00 8.75356644e-02 
72 1612.64 7.77375221e+00 7.30995908e-02 
71 1613.89 7.81751108e+00 5.44235073e-02 
70 1615.15 7.79569387e+00 3.86359245e-02 
69 1616.41 7.76441193e+00 3.39446142e-02 
68 1617.66 7.72024393e+00 3.29313539e-02 
67 1618.92 7.70999432e+00 3.57120819e-02 
66 1620.17 7.67697573e+00 3.84486094e-02 
65 1621.42 7.68711567e+00 4.20844704e-02 
64 1622.67 7.68061399e+00 3.92556041e-02 
63 1623.92 7.69326687e+00 3.91212441e-02 
62 1625.17 7.63644218e+00 3.09228431e-02 
61 1626.41 7.58422184e+00 3.19234207e-02 
60 1627.66 7.48497200e+00 2.40994487e-02 
59 1628.90 7.38125801e+00 2.51724254e-02 
58 1630.15 7.26490307e+00 2.82525346e-02 
57 1631.39 7.17613220e+00 3.17730047e-02 
56 1632.63 7.04795456e+00 3.97626311e-02 
55 1633.87 6.92741203e+00 4.27430421e-02 
54 1635.11 6.75744915e+00 4.56837602e-02 
53 1636.35 6.61902618e+00 5.16906567e-02 
52 1637.59 6.44691467e+00 5.28291464e-02 
51 1638.82 6.30976200e+00 6.14283085e-02 
50 1640.06 6.19309139e+00 6.87467381e-02 
49 1641.29 6.08209133e+00 6.84658214e-02 
48 1642.52 5.97296333e+00 7.18903616e-02 
47 1643.75 5.86124659e+00 6.84541166e-02 
46 1644.98 5.71261740e+00 7.80004486e-02 
45 1646.21 5.54093981e+00 7.16918558e-02 
44 1647.44 5.35944891e+00 7.17651397e-02 
43 1648.67 5.15894222e+00 7.28467852e-02 
42 1649.89 4.94405699e+00 7.52185285e-02 
41 1651.12 4.73767090e+00 7.09516779e-02 
40 1652.34 4.51430655e+00 7.42306113e-02 
39 1653.56 4.28621864e+00 6.80692643e-02 
38 1654.78 4.07438707e+00 7.44752660e-02 
37 1656.00 3.86289740e+00 6.74100369e-02 
36 1657.22 3.65872598e+00 7.17450604e-02 
35 1658.44 3.43311644e+00 7.35988393e-02 
34 1659.66 3.21616483e+00 6.81053251e-02 
33 1660.87 2.98754835e+00 6.73770905e-02 
32 1662.08 2.76112723e+00 7.32886344e-02 
31 1663.30 2.53031445e+00 6.67335391e-02 
30 1664.51 2.35258961e+00 7.03661665e-02 
29 1665.72 2.17006063e+00 6.11322224e-02 
28 1666.93 2.03307199e+00 6.04626089e-02 
27 1668.14 1.89626098e+00 5.38716614e-02 
26 1669.34 1.79117739e+00 4.97054383e-02 
25 1670.55 1.66048574e+00 4.41251509e-02 
24 1671.75 1.56068778e+00 3.95115204e-02 
23 1672.95 1.44813299e+00 3.82494926e-02 
22 1674.16 1.36686039e+00 3.99212204e-02 
21 1675.36 1.26364291e+00 3.67977023e-02 
20 1676.56 1.19466579e+00 3.58595848e-02 
19 1677.75 1.10030496e+00 3.14110033e-02 
18 1678.95 1.04180562e+00 3.50973792e-02 
17 1680.15 9.63542104e-01 2.67136134e-02 
16 1681.34 9.12486911e-01 3.23291682e-02 
15 1682.53 8.46391916e-01 2.52812784e-02 
14 1683.73 8.06867838e-01 2.64112353e-02 
13 1684.92 7.45998502e-01 3.01322117e-02 
12 1686.11 7.14839816e-01 2.69622970e-02 
11 1687.29 6.57435894e-01 2.19375119e-02 
10 1688.48 6.29099667e-01 2.54770592e-02 
9 1689.67 5.81197560e-01 2.82192342e-02 
8 1690.85 5.57653189e-01 2.77939197e-02 
7 1692.03 5.12851357e-01 2.25131232e-02 
6 1693.22 4.96049315e-01 2.40221079e-02 
5 1694.40 4.52383906e-01 2.07798872e-02 
4 1695.58 4.37715322e-01 2.69700568e-02 
3 1696.75 3.96026999e-01 1.90486331e-02 
2 1697.93 3.80599618e-01 2.21479982e-02 
1 1699.11 3.33465397e-01 1.76175311e-02 
0 1700.28 3.16038132e-01 1.87786203e-02 
