% C0 (TOA Count Rate, /ms) for 4STAR VIS spectrometer (1044 channels) derived from C:\Users\lebla\Research\MLO\2022_May\4STAR_20220510starsun.mat and recorded on 2022-05-10 10:35:00.
% Data outside 1.8x the STD of 501 nm Langley residuals were screened out. For instrument:4STAR
Pix Wavelength C0 C0err
0 171.97 -1.00000000e+00 -1.00000000e+00 
1 172.78 -1.00000000e+00 -1.00000000e+00 
2 173.59 -1.00000000e+00 -1.00000000e+00 
3 174.39 -1.00000000e+00 -1.00000000e+00 
4 175.20 -1.00000000e+00 -1.00000000e+00 
5 176.01 -1.00000000e+00 -1.00000000e+00 
6 176.82 -1.00000000e+00 -1.00000000e+00 
7 177.63 -1.00000000e+00 -1.00000000e+00 
8 178.43 -1.00000000e+00 -1.00000000e+00 
9 179.24 -1.00000000e+00 -1.00000000e+00 
10 180.05 -1.00000000e+00 -1.00000000e+00 
11 180.86 -1.00000000e+00 -1.00000000e+00 
12 181.67 -1.00000000e+00 -1.00000000e+00 
13 182.47 -1.00000000e+00 -1.00000000e+00 
14 183.28 -1.00000000e+00 -1.00000000e+00 
15 184.09 -1.00000000e+00 -1.00000000e+00 
16 184.90 -1.00000000e+00 -1.00000000e+00 
17 185.71 -1.00000000e+00 -1.00000000e+00 
18 186.51 -1.00000000e+00 -1.00000000e+00 
19 187.32 -1.00000000e+00 -1.00000000e+00 
20 188.13 -1.00000000e+00 -1.00000000e+00 
21 188.94 -1.00000000e+00 -1.00000000e+00 
22 189.75 -1.00000000e+00 -1.00000000e+00 
23 190.55 -1.00000000e+00 -1.00000000e+00 
24 191.36 -1.00000000e+00 -1.00000000e+00 
25 192.17 -1.00000000e+00 -1.00000000e+00 
26 192.98 -1.00000000e+00 -1.00000000e+00 
27 193.79 -1.00000000e+00 -1.00000000e+00 
28 194.60 -1.00000000e+00 -1.00000000e+00 
29 195.40 -1.00000000e+00 -1.00000000e+00 
30 196.21 -1.00000000e+00 -1.00000000e+00 
31 197.02 -1.00000000e+00 -1.00000000e+00 
32 197.83 -1.00000000e+00 -1.00000000e+00 
33 198.64 -1.00000000e+00 -1.00000000e+00 
34 199.44 -1.00000000e+00 -1.00000000e+00 
35 200.25 -1.00000000e+00 -1.00000000e+00 
36 201.06 -1.00000000e+00 -1.00000000e+00 
37 201.87 -1.00000000e+00 -1.00000000e+00 
38 202.68 -1.00000000e+00 -1.00000000e+00 
39 203.48 -1.00000000e+00 -1.00000000e+00 
40 204.29 -1.00000000e+00 -1.00000000e+00 
41 205.10 -1.00000000e+00 -1.00000000e+00 
42 205.91 -1.00000000e+00 -1.00000000e+00 
43 206.72 -1.00000000e+00 -1.00000000e+00 
44 207.53 -1.00000000e+00 -1.00000000e+00 
45 208.33 -1.00000000e+00 -1.00000000e+00 
46 209.14 -1.00000000e+00 -1.00000000e+00 
47 209.95 -1.00000000e+00 -1.00000000e+00 
48 210.76 -1.00000000e+00 -1.00000000e+00 
49 211.57 -1.00000000e+00 -1.00000000e+00 
50 212.37 -1.00000000e+00 -1.00000000e+00 
51 213.18 -1.00000000e+00 -1.00000000e+00 
52 213.99 -1.00000000e+00 -1.00000000e+00 
53 214.80 -1.00000000e+00 -1.00000000e+00 
54 215.61 -1.00000000e+00 -1.00000000e+00 
55 216.42 -1.00000000e+00 -1.00000000e+00 
56 217.22 -1.00000000e+00 -1.00000000e+00 
57 218.03 4.38477554e+01 1.31543267e+00 
58 218.84 3.56251373e+01 1.06875408e+00 
59 219.65 3.83197556e+01 1.14959264e+00 
60 220.46 3.69751015e+01 1.10925305e+00 
61 221.26 3.80502777e+01 1.14150834e+00 
62 222.07 3.78144150e+01 1.13443244e+00 
63 222.88 3.89237976e+01 1.16771388e+00 
64 223.69 3.93234711e+01 1.17970419e+00 
65 224.50 3.98526268e+01 1.19557881e+00 
66 225.31 3.85231895e+01 1.15569568e+00 
67 226.11 3.92401581e+01 1.17720473e+00 
68 226.92 3.99750404e+01 1.19925117e+00 
69 227.73 4.00480003e+01 1.20143998e+00 
70 228.54 4.15845947e+01 1.24753785e+00 
71 229.35 4.40093002e+01 1.32027900e+00 
72 230.15 4.40601959e+01 1.32180583e+00 
73 230.96 4.14782867e+01 1.24434865e+00 
74 231.77 3.91961746e+01 1.17588520e+00 
75 232.58 3.85876083e+01 1.15762830e+00 
76 233.39 3.77383308e+01 1.13214993e+00 
77 234.20 3.75605278e+01 1.12681580e+00 
78 235.00 3.79708176e+01 1.13912451e+00 
79 235.81 3.69942894e+01 1.10982871e+00 
80 236.62 3.57228470e+01 1.07168543e+00 
81 237.43 3.50313683e+01 1.05094099e+00 
82 238.24 3.49614143e+01 1.04884243e+00 
83 239.04 3.56670189e+01 1.07001054e+00 
84 239.85 3.21375160e+01 9.64125454e-01 
85 240.66 -1.00000000e+00 -1.00000000e+00 
86 241.47 -1.00000000e+00 -1.00000000e+00 
87 242.28 -1.00000000e+00 -1.00000000e+00 
88 243.09 -1.00000000e+00 -1.00000000e+00 
89 243.89 -1.00000000e+00 -1.00000000e+00 
90 244.70 -1.00000000e+00 -1.00000000e+00 
91 245.51 -1.00000000e+00 -1.00000000e+00 
92 246.32 -1.00000000e+00 -1.00000000e+00 
93 247.13 -1.00000000e+00 -1.00000000e+00 
94 247.93 -1.00000000e+00 -1.00000000e+00 
95 248.74 -1.00000000e+00 -1.00000000e+00 
96 249.55 -1.00000000e+00 -1.00000000e+00 
97 250.36 -1.00000000e+00 -1.00000000e+00 
98 251.17 -1.00000000e+00 -1.00000000e+00 
99 251.98 -1.00000000e+00 -1.00000000e+00 
100 252.78 -1.00000000e+00 -1.00000000e+00 
101 253.59 -1.00000000e+00 -1.00000000e+00 
102 254.40 -1.00000000e+00 -1.00000000e+00 
103 255.21 -1.00000000e+00 -1.00000000e+00 
104 256.02 -1.00000000e+00 -1.00000000e+00 
105 256.82 -1.00000000e+00 -1.00000000e+00 
106 257.63 -1.00000000e+00 -1.00000000e+00 
107 258.44 -1.00000000e+00 -1.00000000e+00 
108 259.25 -1.00000000e+00 -1.00000000e+00 
109 260.06 -1.00000000e+00 -1.00000000e+00 
110 260.87 -1.00000000e+00 -1.00000000e+00 
111 261.67 -1.00000000e+00 -1.00000000e+00 
112 262.48 -1.00000000e+00 -1.00000000e+00 
113 263.29 -1.00000000e+00 -1.00000000e+00 
114 264.10 -1.00000000e+00 -1.00000000e+00 
115 264.91 -1.00000000e+00 -1.00000000e+00 
116 265.71 -1.00000000e+00 -1.00000000e+00 
117 266.52 -1.00000000e+00 -1.00000000e+00 
118 267.33 -1.00000000e+00 -1.00000000e+00 
119 268.14 2.98475552e+01 8.95426631e-01 
120 268.95 3.21421776e+01 9.64265347e-01 
121 269.75 3.00082989e+01 9.00248945e-01 
122 270.56 3.10682926e+01 9.32048798e-01 
123 271.37 3.13607349e+01 9.40822065e-01 
124 272.18 3.21348190e+01 9.64044571e-01 
125 272.99 3.28645134e+01 9.85935390e-01 
126 273.79 3.21201134e+01 9.63603377e-01 
127 274.60 3.27463799e+01 9.82391417e-01 
128 275.41 3.38397789e+01 1.01519334e+00 
129 276.22 3.69827194e+01 1.10948157e+00 
130 277.03 4.04573669e+01 1.21372104e+00 
131 277.83 4.24029999e+01 1.27208996e+00 
132 278.64 4.33051872e+01 1.29915559e+00 
133 279.45 4.31757011e+01 1.29527104e+00 
134 280.26 4.62369080e+01 1.38710725e+00 
135 281.07 5.04434357e+01 1.51330304e+00 
136 281.87 4.71150513e+01 1.41345155e+00 
137 282.68 4.26001511e+01 1.27800453e+00 
138 283.49 3.86608353e+01 1.15982509e+00 
139 284.30 3.51088295e+01 1.05326486e+00 
140 285.11 3.20854568e+01 9.62563694e-01 
141 285.91 2.96350555e+01 8.89051676e-01 
142 286.72 2.74649353e+01 8.23948085e-01 
143 287.53 2.54908943e+01 7.64726818e-01 
144 288.34 2.37907372e+01 7.13722110e-01 
145 289.15 2.23439140e+01 6.70317411e-01 
146 289.95 2.11086845e+01 6.33260548e-01 
147 290.76 1.99931545e+01 5.99794626e-01 
148 291.57 1.89934406e+01 5.69803238e-01 
149 292.38 1.81299248e+01 5.43897748e-01 
150 293.19 1.73729057e+01 5.21187186e-01 
151 293.99 1.67217369e+01 5.01652122e-01 
152 294.80 1.61415367e+01 4.84246105e-01 
153 295.61 1.56272144e+01 4.68816429e-01 
154 296.42 1.51756363e+01 4.55269098e-01 
155 297.23 1.47458382e+01 4.42375153e-01 
156 298.03 1.43872271e+01 4.31616813e-01 
157 298.84 1.40779257e+01 4.22337770e-01 
158 299.65 1.38025665e+01 4.14076984e-01 
159 300.46 1.35549583e+01 4.06648755e-01 
160 301.26 1.33443308e+01 4.00329918e-01 
161 302.07 1.31614227e+01 3.94842684e-01 
162 302.88 1.30047455e+01 3.90142351e-01 
163 303.69 1.28596172e+01 3.85788530e-01 
164 304.50 1.27222338e+01 3.81667018e-01 
165 305.30 1.25980396e+01 3.77941191e-01 
166 306.11 1.25035658e+01 3.75106961e-01 
167 306.92 1.24148579e+01 3.72445732e-01 
168 307.73 1.23482695e+01 3.70448083e-01 
169 308.53 1.22861977e+01 3.68585944e-01 
170 309.34 1.22124853e+01 3.66374552e-01 
171 310.15 1.21668510e+01 3.65005523e-01 
172 310.96 1.21206169e+01 3.63618493e-01 
173 311.76 1.20638819e+01 3.61916453e-01 
174 312.57 1.20250320e+01 3.60750973e-01 
175 313.38 1.20116158e+01 3.60348463e-01 
176 314.19 1.19832630e+01 3.59497905e-01 
177 315.00 1.19618835e+01 3.58856499e-01 
178 315.80 1.19519176e+01 3.58557522e-01 
179 316.61 1.19612675e+01 3.58838022e-01 
180 317.42 1.19523563e+01 3.58570695e-01 
181 318.23 1.19283810e+01 3.57851416e-01 
182 319.03 1.19543743e+01 3.58631223e-01 
183 319.84 1.19418392e+01 3.58255178e-01 
184 320.65 1.19443884e+01 3.58331650e-01 
185 321.46 1.19570475e+01 3.58711421e-01 
186 322.26 1.19755344e+01 3.59266043e-01 
187 323.07 1.19799843e+01 3.59399527e-01 
188 323.88 1.19853439e+01 3.59560311e-01 
189 324.69 1.20237017e+01 3.60711038e-01 
190 325.49 1.20349731e+01 3.61049205e-01 
191 326.30 1.20954609e+01 3.62863839e-01 
192 327.11 1.21072588e+01 3.63217771e-01 
193 327.92 1.21508675e+01 3.64526033e-01 
194 328.72 1.21891003e+01 3.65673006e-01 
195 329.53 1.22242279e+01 3.66726846e-01 
196 330.34 1.22695618e+01 3.68086845e-01 
197 331.14 1.23329411e+01 3.69988233e-01 
198 331.95 1.24178028e+01 3.72534096e-01 
199 332.76 1.25378437e+01 3.76135319e-01 
200 333.57 1.27259531e+01 3.81778598e-01 
201 334.37 1.30856791e+01 3.92570376e-01 
202 335.18 1.36184063e+01 4.08552200e-01 
203 335.99 1.43386631e+01 4.30159897e-01 
204 336.80 1.54325113e+01 4.62975353e-01 
205 337.60 1.70835361e+01 5.12506068e-01 
206 338.41 1.92519112e+01 5.77557325e-01 
207 339.22 2.18381653e+01 6.55144930e-01 
208 340.02 2.45227776e+01 7.35683322e-01 
209 340.83 2.67867699e+01 8.03603113e-01 
210 341.64 2.92172890e+01 8.76518667e-01 
211 342.45 3.19690247e+01 9.59070742e-01 
212 343.25 3.35248070e+01 1.00574422e+00 
213 344.06 3.41183929e+01 1.02355182e+00 
214 344.87 3.63771286e+01 1.09131384e+00 
215 345.67 3.95429993e+01 1.18629003e+00 
216 346.48 4.19181633e+01 1.25754488e+00 
217 347.29 4.36384430e+01 1.30915332e+00 
218 348.10 4.51077194e+01 1.35323155e+00 
219 348.90 4.69234009e+01 1.40770197e+00 
220 349.71 5.03741760e+01 1.51122522e+00 
221 350.52 5.42133179e+01 1.62639952e+00 
222 351.32 5.55834618e+01 1.66750383e+00 
223 352.13 5.59518929e+01 1.67855680e+00 
224 352.94 5.89494705e+01 1.76848412e+00 
225 353.74 6.46473541e+01 1.93942058e+00 
226 354.55 6.88972321e+01 2.06691694e+00 
227 355.36 6.97496338e+01 2.09248900e+00 
228 356.17 6.75951843e+01 2.02785563e+00 
229 356.97 6.44648743e+01 1.93394625e+00 
230 357.78 6.24273300e+01 1.87281990e+00 
231 358.59 6.57103195e+01 1.97130954e+00 
232 359.39 7.55818939e+01 2.26745677e+00 
233 360.20 8.07595444e+01 2.42278624e+00 
234 361.01 7.95240555e+01 2.38572168e+00 
235 361.81 8.16853714e+01 2.45056105e+00 
236 362.62 8.66641235e+01 2.59992361e+00 
237 363.43 9.02166901e+01 2.70650077e+00 
238 364.23 9.31100006e+01 2.79329991e+00 
239 365.04 9.95300903e+01 2.98590279e+00 
240 365.85 1.07993362e+02 3.23980093e+00 
241 366.65 1.11468735e+02 3.34406209e+00 
242 367.46 1.10344742e+02 3.31034231e+00 
243 368.27 1.10043289e+02 3.30129862e+00 
244 369.07 1.14405312e+02 3.43215942e+00 
245 369.88 1.17436554e+02 3.52309656e+00 
246 370.69 1.16914360e+02 3.50743079e+00 
247 371.49 1.15490906e+02 3.46472716e+00 
248 372.30 1.11318314e+02 3.33954930e+00 
249 373.11 1.05287621e+02 3.15862870e+00 
250 373.91 1.02140121e+02 3.06420374e+00 
251 374.72 1.06228882e+02 3.18686652e+00 
252 375.52 1.14763359e+02 3.44290066e+00 
253 376.33 1.23225426e+02 3.69676280e+00 
254 377.14 1.34408630e+02 4.03225899e+00 
255 377.94 1.42921021e+02 4.28763056e+00 
256 378.75 1.38458038e+02 4.15374136e+00 
257 379.56 1.32359085e+02 3.97077250e+00 
258 380.36 1.34274811e+02 4.02824450e+00 
259 381.17 1.29494125e+02 3.88482380e+00 
260 381.98 1.13115860e+02 3.39347577e+00 
261 382.78 9.99701157e+01 2.99910355e+00 
262 383.59 1.01633446e+02 3.04900336e+00 
263 384.39 1.15036148e+02 3.45108438e+00 
264 385.20 1.23603111e+02 3.70809340e+00 
265 386.01 1.24742905e+02 3.74228716e+00 
266 386.81 1.25729668e+02 3.77188993e+00 
267 387.62 1.26199791e+02 3.78599381e+00 
268 388.42 1.29911285e+02 3.89733863e+00 
269 389.23 1.40247330e+02 4.20741987e+00 
270 390.04 1.50913452e+02 4.52740335e+00 
271 390.84 1.56416855e+02 4.69250584e+00 
272 391.65 1.49283401e+02 4.47850227e+00 
273 392.45 1.24523842e+02 3.73571515e+00 
274 393.26 1.06227715e+02 3.18683147e+00 
275 394.07 1.18740944e+02 3.56222820e+00 
276 394.87 1.41365509e+02 4.24096537e+00 
277 395.68 1.40073303e+02 4.20219898e+00 
278 396.48 1.24241348e+02 3.72724056e+00 
279 397.29 1.33241562e+02 3.99724674e+00 
280 398.10 1.66218185e+02 4.98654556e+00 
281 398.90 1.91164215e+02 5.73492622e+00 
282 399.71 2.02605011e+02 6.07815027e+00 
283 400.51 2.09429779e+02 6.28289318e+00 
284 401.32 2.16187347e+02 6.48562050e+00 
285 402.12 2.19880035e+02 6.59640121e+00 
286 402.93 2.19436676e+02 6.58310032e+00 
287 403.74 2.18699814e+02 6.56099463e+00 
288 404.54 2.18538330e+02 6.55614996e+00 
289 405.35 2.18155823e+02 6.54467487e+00 
290 406.15 2.17865982e+02 6.53597927e+00 
291 406.96 2.21016571e+02 6.63049698e+00 
292 407.76 2.29340073e+02 6.88020229e+00 
293 408.57 2.36790207e+02 7.10370636e+00 
294 409.37 2.34334808e+02 7.03004408e+00 
295 410.18 2.31732635e+02 6.95197916e+00 
296 410.99 2.40973007e+02 7.22919035e+00 
297 411.79 2.50075607e+02 7.50226831e+00 
298 412.60 2.50715103e+02 7.52145290e+00 
299 413.40 2.49598251e+02 7.48794746e+00 
300 414.21 2.49096390e+02 7.47289181e+00 
301 415.01 2.48539230e+02 7.45617676e+00 
302 415.82 2.48815399e+02 7.46446180e+00 
303 416.62 2.46076248e+02 7.38228750e+00 
304 417.43 2.39904938e+02 7.19714832e+00 
305 418.23 2.36445969e+02 7.09337902e+00 
306 419.04 2.35102585e+02 7.05307770e+00 
307 419.84 2.35589066e+02 7.06767178e+00 
308 420.65 2.39132065e+02 7.17396212e+00 
309 421.45 2.39202087e+02 7.17606258e+00 
310 422.26 2.33830612e+02 7.01491833e+00 
311 423.06 2.31944458e+02 6.95833397e+00 
312 423.87 2.35310181e+02 7.05930519e+00 
313 424.67 2.38088150e+02 7.14264441e+00 
314 425.48 2.39626190e+02 7.18878555e+00 
315 426.28 2.40866409e+02 7.22599220e+00 
316 427.09 2.42128616e+02 7.26385832e+00 
317 427.89 2.44174423e+02 7.32523251e+00 
318 428.70 2.41143829e+02 7.23431492e+00 
319 429.50 2.30291153e+02 6.90873480e+00 
320 430.31 2.27791565e+02 6.83374691e+00 
321 431.11 2.50933853e+02 7.52801561e+00 
322 431.92 2.84129944e+02 8.52389812e+00 
323 432.72 3.03184113e+02 9.09552383e+00 
324 433.53 3.11074280e+02 9.33222866e+00 
325 434.33 3.22873718e+02 9.68621159e+00 
326 435.14 3.44641083e+02 1.03392324e+01 
327 435.94 3.65713318e+02 1.09713993e+01 
328 436.74 3.74291351e+02 1.12287407e+01 
329 437.55 3.71043884e+02 1.11313162e+01 
330 438.35 3.71231293e+02 1.11369390e+01 
331 439.16 3.83907196e+02 1.15172157e+01 
332 439.96 4.02017914e+02 1.20605373e+01 
333 440.77 4.21353760e+02 1.26406126e+01 
334 441.57 4.41791046e+02 1.32537317e+01 
335 442.38 4.57148865e+02 1.37144661e+01 
336 443.18 4.66795471e+02 1.40038643e+01 
337 443.98 4.74382507e+02 1.42314749e+01 
338 444.79 4.76728607e+02 1.43018579e+01 
339 445.59 4.77797302e+02 1.43339195e+01 
340 446.40 4.88890808e+02 1.46667242e+01 
341 447.20 5.07318909e+02 1.52195673e+01 
342 448.01 5.20736816e+02 1.56221046e+01 
343 448.81 5.30614075e+02 1.59184227e+01 
344 449.61 5.44275024e+02 1.63282509e+01 
345 450.42 5.57791931e+02 1.67337570e+01 
346 451.22 5.59479980e+02 1.67843990e+01 
347 452.03 5.49121155e+02 1.64736347e+01 
348 452.83 5.40878540e+02 1.62263565e+01 
349 453.63 5.43721497e+02 1.63116455e+01 
350 454.44 5.52552246e+02 1.65765667e+01 
351 455.24 5.62276978e+02 1.68683090e+01 
352 456.05 5.72890015e+02 1.71867008e+01 
353 456.85 5.79737000e+02 1.73921108e+01 
354 457.65 5.79701904e+02 1.73910580e+01 
355 458.46 5.77883118e+02 1.73364944e+01 
356 459.26 5.80073792e+02 1.74022141e+01 
357 460.06 5.87703796e+02 1.76311131e+01 
358 460.87 5.97806519e+02 1.79341965e+01 
359 461.67 6.05744263e+02 1.81723270e+01 
360 462.48 6.08750732e+02 1.82625217e+01 
361 463.28 6.06168152e+02 1.81850452e+01 
362 464.08 6.01454956e+02 1.80436478e+01 
363 464.89 5.99411560e+02 1.79823475e+01 
364 465.69 5.98999268e+02 1.79699783e+01 
365 466.49 5.98523315e+02 1.79556999e+01 
366 467.30 6.01068726e+02 1.80320625e+01 
367 468.10 6.06568604e+02 1.81970577e+01 
368 468.90 6.08697937e+02 1.82609386e+01 
369 469.71 6.06515381e+02 1.81954613e+01 
370 470.51 6.09433838e+02 1.82830143e+01 
371 471.31 6.20498047e+02 1.86149406e+01 
372 472.12 6.30411621e+02 1.89123478e+01 
373 472.92 6.34821533e+02 1.90446453e+01 
374 473.72 6.39121704e+02 1.91736507e+01 
375 474.53 6.43551697e+02 1.93065510e+01 
376 475.33 6.44180786e+02 1.93254242e+01 
377 476.13 6.45378967e+02 1.93613682e+01 
378 476.93 6.52649658e+02 1.95794907e+01 
379 477.74 6.60808105e+02 1.98242435e+01 
380 478.54 6.65890869e+02 1.99767265e+01 
381 479.34 6.69104614e+02 2.00731392e+01 
382 480.15 6.72367859e+02 2.01710358e+01 
383 480.95 6.75513977e+02 2.02654190e+01 
384 481.75 6.76721375e+02 2.03016415e+01 
385 482.55 6.74034180e+02 2.02210255e+01 
386 483.36 6.67768799e+02 2.00330639e+01 
387 484.16 6.54100586e+02 1.96230183e+01 
388 484.96 6.27149841e+02 1.88144951e+01 
389 485.76 6.01241028e+02 1.80372314e+01 
390 486.57 5.98215454e+02 1.79464645e+01 
391 487.37 6.16284058e+02 1.84885216e+01 
392 488.17 6.37299133e+02 1.91189747e+01 
393 488.97 6.53602966e+02 1.96080894e+01 
394 489.78 6.64106934e+02 1.99232082e+01 
395 490.58 6.64099915e+02 1.99229965e+01 
396 491.38 6.56257446e+02 1.96877232e+01 
397 492.18 6.53304443e+02 1.95991325e+01 
398 492.99 6.59320984e+02 1.97796288e+01 
399 493.79 6.68998718e+02 2.00699615e+01 
400 494.59 6.75182251e+02 2.02554684e+01 
401 495.39 6.77282410e+02 2.03184719e+01 
402 496.20 6.76891724e+02 2.03067513e+01 
403 497.00 6.73104065e+02 2.01931229e+01 
404 497.80 6.66629517e+02 1.99988861e+01 
405 498.60 6.61420349e+02 1.98426113e+01 
406 499.40 6.56332581e+02 1.96899776e+01 
407 500.21 6.48893677e+02 1.94668102e+01 
408 501.01 6.42583984e+02 1.92775192e+01 
409 501.81 6.44220703e+02 1.93266220e+01 
410 502.61 6.49866882e+02 1.94960060e+01 
411 503.41 6.53881958e+02 1.96164589e+01 
412 504.21 6.59409912e+02 1.97822971e+01 
413 505.02 6.67563477e+02 2.00269051e+01 
414 505.82 6.72653564e+02 2.01796074e+01 
415 506.62 6.69333740e+02 2.00800114e+01 
416 507.42 6.63110107e+02 1.98933029e+01 
417 508.22 6.61954163e+02 1.98586254e+01 
418 509.02 6.63543457e+02 1.99063034e+01 
419 509.83 6.64366943e+02 1.99310074e+01 
420 510.63 6.65014160e+02 1.99504242e+01 
421 511.43 6.63669434e+02 1.99100838e+01 
422 512.23 6.57588440e+02 1.97276535e+01 
423 513.03 6.48504211e+02 1.94551258e+01 
424 513.83 6.41937744e+02 1.92581329e+01 
425 514.63 6.38092468e+02 1.91427746e+01 
426 515.44 6.26367981e+02 1.87910385e+01 
427 516.24 6.05952576e+02 1.81785774e+01 
428 517.04 5.90656494e+02 1.77196941e+01 
429 517.84 5.90554260e+02 1.77166271e+01 
430 518.64 6.04751770e+02 1.81425533e+01 
431 519.44 6.21722107e+02 1.86516628e+01 
432 520.24 6.35204834e+02 1.90561447e+01 
433 521.04 6.42217896e+02 1.92665367e+01 
434 521.84 6.43491882e+02 1.93047562e+01 
435 522.64 6.45950989e+02 1.93785305e+01 
436 523.45 6.52593018e+02 1.95777912e+01 
437 524.25 6.58531982e+02 1.97559586e+01 
438 525.05 6.53856384e+02 1.96156921e+01 
439 525.85 6.38144836e+02 1.91443443e+01 
440 526.65 6.28156921e+02 1.88447075e+01 
441 527.45 6.34885986e+02 1.90465794e+01 
442 528.25 6.51839478e+02 1.95551834e+01 
443 529.05 6.65621338e+02 1.99686394e+01 
444 529.85 6.72826782e+02 2.01848030e+01 
445 530.65 6.74455078e+02 2.02336521e+01 
446 531.45 6.68353394e+02 2.00506020e+01 
447 532.25 6.58856140e+02 1.97656841e+01 
448 533.05 6.55109375e+02 1.96532822e+01 
449 533.85 6.59423157e+02 1.97826939e+01 
450 534.65 6.67465088e+02 2.00239525e+01 
451 535.45 6.70381714e+02 2.01114521e+01 
452 536.25 6.66980835e+02 2.00094242e+01 
453 537.05 6.63611511e+02 1.99083462e+01 
454 537.85 6.61819397e+02 1.98545818e+01 
455 538.65 6.57952576e+02 1.97385769e+01 
456 539.45 6.51142334e+02 1.95342693e+01 
457 540.25 6.47157043e+02 1.94147110e+01 
458 541.05 6.49431030e+02 1.94829311e+01 
459 541.85 6.54592285e+02 1.96377678e+01 
460 542.65 6.59349854e+02 1.97804947e+01 
461 543.45 6.63683350e+02 1.99104996e+01 
462 544.25 6.67436157e+02 2.00230846e+01 
463 545.05 6.69165588e+02 2.00749683e+01 
464 545.85 6.68403687e+02 2.00521107e+01 
465 546.65 6.65569946e+02 1.99670982e+01 
466 547.45 6.62989685e+02 1.98896904e+01 
467 548.25 6.62661011e+02 1.98798294e+01 
468 549.05 6.63802368e+02 1.99140701e+01 
469 549.85 6.62854065e+02 1.98856220e+01 
470 550.65 6.60722412e+02 1.98216724e+01 
471 551.45 6.59617798e+02 1.97885342e+01 
472 552.25 6.57867249e+02 1.97360172e+01 
473 553.05 6.58955139e+02 1.97686539e+01 
474 553.84 6.62227905e+02 1.98668365e+01 
475 554.64 6.63473206e+02 1.99041958e+01 
476 555.44 6.60803406e+02 1.98241024e+01 
477 556.24 6.55223755e+02 1.96567135e+01 
478 557.04 6.47536133e+02 1.94260845e+01 
479 557.84 6.39965820e+02 1.91989746e+01 
480 558.64 6.35231812e+02 1.90569534e+01 
481 559.44 6.35016785e+02 1.90505028e+01 
482 560.24 6.38465637e+02 1.91539688e+01 
483 561.03 6.43963989e+02 1.93189201e+01 
484 561.83 6.49210266e+02 1.94763088e+01 
485 562.63 6.51217163e+02 1.95365143e+01 
486 563.43 6.52792847e+02 1.95837860e+01 
487 564.23 6.52363403e+02 1.95709019e+01 
488 565.03 6.49549316e+02 1.94864788e+01 
489 565.83 6.47892212e+02 1.94367657e+01 
490 566.63 6.50833496e+02 1.95250053e+01 
491 567.42 6.57131714e+02 1.97139511e+01 
492 568.22 6.59097473e+02 1.97729244e+01 
493 569.02 6.58932800e+02 1.97679844e+01 
494 569.82 6.57796082e+02 1.97338829e+01 
495 570.62 6.57151489e+02 1.97145443e+01 
496 571.41 6.63942871e+02 1.99182854e+01 
497 572.21 6.74329956e+02 2.02298985e+01 
498 573.01 6.81921326e+02 2.04576397e+01 
499 573.81 6.81920654e+02 2.04576187e+01 
500 574.61 6.76653931e+02 2.02996178e+01 
501 575.40 6.72003418e+02 2.01601028e+01 
502 576.20 6.69691284e+02 2.00907383e+01 
503 577.00 6.67185425e+02 2.00155621e+01 
504 577.80 6.62559204e+02 1.98767757e+01 
505 578.60 6.59130493e+02 1.97739143e+01 
506 579.39 6.59246155e+02 1.97773838e+01 
507 580.19 6.60649353e+02 1.98194809e+01 
508 580.99 6.62025513e+02 1.98607655e+01 
509 581.79 6.63322327e+02 1.98996696e+01 
510 582.58 6.64010620e+02 1.99203186e+01 
511 583.38 6.62644897e+02 1.98793468e+01 
512 584.18 6.57924683e+02 1.97377396e+01 
513 584.98 6.51007935e+02 1.95302372e+01 
514 585.77 6.46901306e+02 1.94070396e+01 
515 586.57 6.46158936e+02 1.93847675e+01 
516 587.37 6.41310913e+02 1.92393265e+01 
517 588.16 6.27151306e+02 1.88145390e+01 
518 588.96 6.14524841e+02 1.84357452e+01 
519 589.76 6.15144043e+02 1.84543209e+01 
520 590.56 6.25290710e+02 1.87587204e+01 
521 591.35 6.34115967e+02 1.90234795e+01 
522 592.15 6.36991089e+02 1.91097336e+01 
523 592.95 6.36984375e+02 1.91095314e+01 
524 593.74 6.35834229e+02 1.90750275e+01 
525 594.54 6.34273865e+02 1.90282154e+01 
526 595.34 6.34441406e+02 1.90332413e+01 
527 596.13 6.35046753e+02 1.90514030e+01 
528 596.93 6.34434448e+02 1.90330334e+01 
529 597.73 6.31835693e+02 1.89550705e+01 
530 598.52 6.29270996e+02 1.88781300e+01 
531 599.32 6.27334961e+02 1.88200493e+01 
532 600.12 6.24715210e+02 1.87414570e+01 
533 600.91 6.21299500e+02 1.86389847e+01 
534 601.71 6.20426453e+02 1.86127930e+01 
535 602.50 6.23790955e+02 1.87137280e+01 
536 603.30 6.28780579e+02 1.88634167e+01 
537 604.10 6.31576355e+02 1.89472904e+01 
538 604.89 6.31046509e+02 1.89313946e+01 
539 605.69 6.29178589e+02 1.88753586e+01 
540 606.48 6.27079834e+02 1.88123951e+01 
541 607.28 6.24065552e+02 1.87219658e+01 
542 608.08 6.20119446e+02 1.86035843e+01 
543 608.87 6.16019592e+02 1.84805870e+01 
544 609.67 6.13088013e+02 1.83926411e+01 
545 610.46 6.11971130e+02 1.83591347e+01 
546 611.26 6.10191040e+02 1.83057308e+01 
547 612.05 6.07283997e+02 1.82185192e+01 
548 612.85 6.03175842e+02 1.80952759e+01 
549 613.65 5.99986877e+02 1.79996071e+01 
550 614.44 5.97994995e+02 1.79398499e+01 
551 615.24 5.94031250e+02 1.78209381e+01 
552 616.03 5.89937927e+02 1.76981373e+01 
553 616.83 5.90417969e+02 1.77125397e+01 
554 617.62 5.95421387e+02 1.78626423e+01 
555 618.42 6.00429077e+02 1.80128727e+01 
556 619.21 6.03516479e+02 1.81054935e+01 
557 620.01 6.04777405e+02 1.81433220e+01 
558 620.80 6.03356506e+02 1.81006947e+01 
559 621.60 5.99358643e+02 1.79807587e+01 
560 622.39 5.95238281e+02 1.78571491e+01 
561 623.19 5.91436646e+02 1.77430992e+01 
562 623.98 5.86905945e+02 1.76071777e+01 
563 624.78 5.83516602e+02 1.75054989e+01 
564 625.57 5.82964294e+02 1.74889297e+01 
565 626.37 5.85468689e+02 1.75640602e+01 
566 627.16 5.86448853e+02 1.75934658e+01 
567 627.95 5.85432373e+02 1.75629711e+01 
568 628.75 5.83065186e+02 1.74919548e+01 
569 629.54 5.79765747e+02 1.73929729e+01 
570 630.34 5.76187622e+02 1.72856293e+01 
571 631.13 5.73799011e+02 1.72139702e+01 
572 631.93 5.72982605e+02 1.71894779e+01 
573 632.72 5.72630249e+02 1.71789074e+01 
574 633.51 5.71415405e+02 1.71424618e+01 
575 634.31 5.69815735e+02 1.70944729e+01 
576 635.10 5.68160461e+02 1.70448132e+01 
577 635.90 5.66663147e+02 1.69998951e+01 
578 636.69 5.67062927e+02 1.70118885e+01 
579 637.48 5.67483276e+02 1.70244980e+01 
580 638.28 5.64873474e+02 1.69462051e+01 
581 639.07 5.60030884e+02 1.68009262e+01 
582 639.87 5.54540344e+02 1.66362095e+01 
583 640.66 5.50436401e+02 1.65130920e+01 
584 641.45 5.48676453e+02 1.64602928e+01 
585 642.25 5.48635376e+02 1.64590607e+01 
586 643.04 5.48041870e+02 1.64412556e+01 
587 643.83 5.46929749e+02 1.64078922e+01 
588 644.63 5.44583435e+02 1.63375034e+01 
589 645.42 5.41907837e+02 1.62572346e+01 
590 646.21 5.39752930e+02 1.61925888e+01 
591 647.01 5.38761658e+02 1.61628494e+01 
592 647.80 5.36971741e+02 1.61091518e+01 
593 648.59 5.31424072e+02 1.59427223e+01 
594 649.38 5.26578735e+02 1.57973623e+01 
595 650.18 5.28121399e+02 1.58436422e+01 
596 650.97 5.31523682e+02 1.59457102e+01 
597 651.76 5.31422852e+02 1.59426851e+01 
598 652.56 5.30177307e+02 1.59053192e+01 
599 653.35 5.28247864e+02 1.58474360e+01 
600 654.14 5.21102661e+02 1.56330795e+01 
601 654.93 5.01869171e+02 1.50560751e+01 
602 655.73 4.77316376e+02 1.43194914e+01 
603 656.52 4.71578461e+02 1.41473541e+01 
604 657.31 4.89198853e+02 1.46759653e+01 
605 658.10 5.07331726e+02 1.52199516e+01 
606 658.90 5.14750793e+02 1.54425240e+01 
607 659.69 5.17778198e+02 1.55333462e+01 
608 660.48 5.20857239e+02 1.56257172e+01 
609 661.27 5.23128723e+02 1.56938620e+01 
610 662.06 5.22974365e+02 1.56892309e+01 
611 662.86 5.20768555e+02 1.56230564e+01 
612 663.65 5.19293152e+02 1.55787945e+01 
613 664.44 5.20086670e+02 1.56026001e+01 
614 665.23 5.21274170e+02 1.56382256e+01 
615 666.02 5.20797913e+02 1.56239376e+01 
616 666.81 5.19764099e+02 1.55929232e+01 
617 667.61 5.19639221e+02 1.55891762e+01 
618 668.40 5.19976318e+02 1.55992899e+01 
619 669.19 5.19555725e+02 1.55866718e+01 
620 669.98 5.17891052e+02 1.55367317e+01 
621 670.77 5.15017151e+02 1.54505148e+01 
622 671.56 5.12196106e+02 1.53658829e+01 
623 672.35 5.11765198e+02 1.53529558e+01 
624 673.15 5.12137695e+02 1.53641310e+01 
625 673.94 5.10925934e+02 1.53277779e+01 
626 674.73 5.09091553e+02 1.52727470e+01 
627 675.52 5.08013641e+02 1.52404089e+01 
628 676.31 5.07068604e+02 1.52120581e+01 
629 677.10 5.05596527e+02 1.51678963e+01 
630 677.89 5.03892761e+02 1.51167831e+01 
631 678.68 5.02134155e+02 1.50640249e+01 
632 679.47 4.99889923e+02 1.49966974e+01 
633 680.26 4.97643829e+02 1.49293146e+01 
634 681.05 4.95829712e+02 1.48748913e+01 
635 681.84 4.94807739e+02 1.48442326e+01 
636 682.63 4.92792664e+02 1.47837801e+01 
637 683.42 4.88577362e+02 1.46573210e+01 
638 684.21 4.84308502e+02 1.45292549e+01 
639 685.00 4.80098907e+02 1.44029675e+01 
640 685.79 4.67675049e+02 1.40302515e+01 
641 686.58 4.47476654e+02 1.34242992e+01 
642 687.37 4.37337891e+02 1.31201363e+01 
643 688.16 4.41847076e+02 1.32554121e+01 
644 688.95 4.46278015e+02 1.33883400e+01 
645 689.74 4.48705444e+02 1.34611635e+01 
646 690.53 4.51714111e+02 1.35514231e+01 
647 691.32 4.54078430e+02 1.36223526e+01 
648 692.11 4.55664612e+02 1.36699381e+01 
649 692.90 4.57006958e+02 1.37102089e+01 
650 693.69 4.57503876e+02 1.37251167e+01 
651 694.48 4.56276001e+02 1.36882801e+01 
652 695.27 4.55435211e+02 1.36630564e+01 
653 696.06 4.54866394e+02 1.36459923e+01 
654 696.85 4.52434540e+02 1.35730362e+01 
655 697.64 4.48771545e+02 1.34631462e+01 
656 698.43 4.47136230e+02 1.34140873e+01 
657 699.22 4.45981903e+02 1.33794575e+01 
658 700.01 4.42881500e+02 1.32864447e+01 
659 700.79 4.39346130e+02 1.31803837e+01 
660 701.58 4.36626740e+02 1.30988026e+01 
661 702.37 4.35666748e+02 1.30700026e+01 
662 703.16 4.36116730e+02 1.30835018e+01 
663 703.95 4.37172546e+02 1.31151762e+01 
664 704.74 4.37294739e+02 1.31188421e+01 
665 705.53 4.35556244e+02 1.30666876e+01 
666 706.32 4.33491730e+02 1.30047522e+01 
667 707.10 4.33271027e+02 1.29981308e+01 
668 707.89 4.32014465e+02 1.29604340e+01 
669 708.68 4.28884338e+02 1.28665304e+01 
670 709.47 4.28079132e+02 1.28423738e+01 
671 710.26 4.28357239e+02 1.28507175e+01 
672 711.04 4.26355530e+02 1.27906656e+01 
673 711.83 4.23364502e+02 1.27009354e+01 
674 712.62 4.21820129e+02 1.26546040e+01 
675 713.41 4.21164734e+02 1.26349421e+01 
676 714.20 4.19259796e+02 1.25777941e+01 
677 714.98 4.16073059e+02 1.24821920e+01 
678 715.77 4.12991882e+02 1.23897562e+01 
679 716.56 4.08851868e+02 1.22655563e+01 
680 717.35 4.02466187e+02 1.20739861e+01 
681 718.13 3.93651215e+02 1.18095360e+01 
682 718.92 3.87877319e+02 1.16363192e+01 
683 719.71 3.87779480e+02 1.16333847e+01 
684 720.50 3.90885742e+02 1.17265720e+01 
685 721.28 3.95767456e+02 1.18730240e+01 
686 722.07 3.97118896e+02 1.19135666e+01 
687 722.86 3.94112305e+02 1.18233690e+01 
688 723.64 3.90732178e+02 1.17219658e+01 
689 724.43 3.89292358e+02 1.16787710e+01 
690 725.22 3.88838776e+02 1.16651630e+01 
691 726.00 3.88236847e+02 1.16471052e+01 
692 726.79 3.86983154e+02 1.16094942e+01 
693 727.58 3.84660858e+02 1.15398254e+01 
694 728.36 3.80617676e+02 1.14185305e+01 
695 729.15 3.79529907e+02 1.13858976e+01 
696 729.94 3.81786438e+02 1.14535933e+01 
697 730.72 3.82863708e+02 1.14859114e+01 
698 731.51 3.83121765e+02 1.14936533e+01 
699 732.30 3.82637573e+02 1.14791269e+01 
700 733.08 3.83062561e+02 1.14918766e+01 
701 733.87 3.84015015e+02 1.15204506e+01 
702 734.65 3.82795044e+02 1.14838514e+01 
703 735.44 3.79908325e+02 1.13972502e+01 
704 736.22 3.78088287e+02 1.13426485e+01 
705 737.01 3.77686096e+02 1.13305826e+01 
706 737.80 3.75436066e+02 1.12630816e+01 
707 738.58 3.71524902e+02 1.11457472e+01 
708 739.37 3.69771484e+02 1.10931444e+01 
709 740.15 3.67977203e+02 1.10393162e+01 
710 740.94 3.64791290e+02 1.09437389e+01 
711 741.72 3.63901947e+02 1.09170580e+01 
712 742.51 3.65786041e+02 1.09735813e+01 
713 743.29 3.66532471e+02 1.09959745e+01 
714 744.08 3.64216858e+02 1.09265060e+01 
715 744.86 3.63323364e+02 1.08997011e+01 
716 745.65 3.63723602e+02 1.09117079e+01 
717 746.43 3.62980652e+02 1.08894196e+01 
718 747.22 3.61044373e+02 1.08313313e+01 
719 748.00 3.58567291e+02 1.07570190e+01 
720 748.79 3.56348206e+02 1.06904459e+01 
721 749.57 3.55230194e+02 1.06569061e+01 
722 750.36 3.54035645e+02 1.06210690e+01 
723 751.14 3.52155487e+02 1.05646648e+01 
724 751.93 3.50959229e+02 1.05287771e+01 
725 752.71 3.50687897e+02 1.05206366e+01 
726 753.49 3.51135345e+02 1.05340605e+01 
727 754.28 3.50019836e+02 1.05005951e+01 
728 755.06 3.47204529e+02 1.04161358e+01 
729 755.85 3.44637482e+02 1.03391247e+01 
730 756.63 3.43518188e+02 1.03055458e+01 
731 757.41 3.41449890e+02 1.02434969e+01 
732 758.20 3.30464233e+02 9.91392708e+00 
733 758.98 2.93572510e+02 8.80717564e+00 
734 759.77 2.38760742e+02 7.16282225e+00 
735 760.55 2.16200531e+02 6.48601580e+00 
736 761.33 2.32994873e+02 6.98984623e+00 
737 762.12 2.51333466e+02 7.54000378e+00 
738 762.90 2.55275452e+02 7.65826368e+00 
739 763.68 2.60741241e+02 7.82223701e+00 
740 764.47 2.73007813e+02 8.19023418e+00 
741 765.25 2.85317505e+02 8.55952549e+00 
742 766.03 2.95713806e+02 8.87141418e+00 
743 766.81 3.06626160e+02 9.19878483e+00 
744 767.60 3.16278076e+02 9.48834229e+00 
745 768.38 3.21387451e+02 9.64162350e+00 
746 769.16 3.23008453e+02 9.69025326e+00 
747 769.95 3.23272095e+02 9.69816303e+00 
748 770.73 3.21979065e+02 9.65937233e+00 
749 771.51 3.20320313e+02 9.60960960e+00 
750 772.29 3.20437775e+02 9.61313343e+00 
751 773.08 3.21303314e+02 9.63909912e+00 
752 773.86 3.19916565e+02 9.59749699e+00 
753 774.64 3.17351440e+02 9.52054310e+00 
754 775.42 3.16316101e+02 9.48948288e+00 
755 776.20 3.16329651e+02 9.48988914e+00 
756 776.99 3.15147949e+02 9.45443821e+00 
757 777.77 3.13515259e+02 9.40545750e+00 
758 778.55 3.11937561e+02 9.35812664e+00 
759 779.33 3.10317383e+02 9.30952168e+00 
760 780.11 3.09456482e+02 9.28369427e+00 
761 780.89 3.10606201e+02 9.31818581e+00 
762 781.68 3.12070129e+02 9.36210346e+00 
763 782.46 3.10020996e+02 9.30062962e+00 
764 783.24 3.07185211e+02 9.21555614e+00 
765 784.02 3.06176331e+02 9.18529034e+00 
766 784.80 3.06188293e+02 9.18564892e+00 
767 785.58 3.06321472e+02 9.18964386e+00 
768 786.36 3.05627716e+02 9.16883183e+00 
769 787.14 3.03597992e+02 9.10793972e+00 
770 787.92 3.01054291e+02 9.03162861e+00 
771 788.71 2.99819977e+02 8.99459934e+00 
772 789.49 2.99294739e+02 8.97884178e+00 
773 790.27 2.97724182e+02 8.93172550e+00 
774 791.05 2.94144470e+02 8.82433414e+00 
775 791.83 2.90028870e+02 8.70086575e+00 
776 792.61 2.86767120e+02 8.60301399e+00 
777 793.39 2.85299530e+02 8.55898571e+00 
778 794.17 2.85557465e+02 8.56672382e+00 
779 794.95 2.86431213e+02 8.59293652e+00 
780 795.73 2.86390625e+02 8.59171867e+00 
781 796.51 2.86453186e+02 8.59359550e+00 
782 797.29 2.86774506e+02 8.60323524e+00 
783 798.07 2.85945374e+02 8.57836151e+00 
784 798.85 2.83809021e+02 8.51427078e+00 
785 799.63 2.81019989e+02 8.43059921e+00 
786 800.41 2.78163239e+02 8.34489727e+00 
787 801.19 2.76909058e+02 8.30727196e+00 
788 801.97 2.77011169e+02 8.31033516e+00 
789 802.75 2.76668457e+02 8.30005360e+00 
790 803.53 2.74632996e+02 8.23898983e+00 
791 804.30 2.70963226e+02 8.12889671e+00 
792 805.08 2.67688812e+02 8.03066444e+00 
793 805.86 2.67479034e+02 8.02437115e+00 
794 806.64 2.69576385e+02 8.08729172e+00 
795 807.42 2.69764771e+02 8.09294319e+00 
796 808.20 2.65800995e+02 7.97403002e+00 
797 808.98 2.61211029e+02 7.83633089e+00 
798 809.76 2.59552887e+02 7.78658676e+00 
799 810.54 2.61063965e+02 7.83191872e+00 
800 811.31 2.62615540e+02 7.87846613e+00 
801 812.09 2.61728577e+02 7.85185719e+00 
802 812.87 2.58027039e+02 7.74081135e+00 
803 813.65 2.52540192e+02 7.57620573e+00 
804 814.43 2.48363525e+02 7.45090580e+00 
805 815.20 2.46606842e+02 7.39820528e+00 
806 815.98 2.46189865e+02 7.38569593e+00 
807 816.76 2.44864792e+02 7.34594393e+00 
808 817.54 2.41696854e+02 7.25090551e+00 
809 818.32 2.37886948e+02 7.13660860e+00 
810 819.09 2.35122986e+02 7.05368948e+00 
811 819.87 2.35171204e+02 7.05513620e+00 
812 820.65 2.37535797e+02 7.12607384e+00 
813 821.43 2.37544067e+02 7.12632179e+00 
814 822.20 2.33311157e+02 6.99933481e+00 
815 822.98 2.29699051e+02 6.89097166e+00 
816 823.76 2.29070663e+02 6.87211990e+00 
817 824.53 2.31736176e+02 6.95208549e+00 
818 825.31 2.35582550e+02 7.06747627e+00 
819 826.09 2.36871292e+02 7.10613871e+00 
820 826.87 2.34812302e+02 7.04436922e+00 
821 827.64 2.30628525e+02 6.91885567e+00 
822 828.42 2.27155075e+02 6.81465244e+00 
823 829.20 2.26494125e+02 6.79482365e+00 
824 829.97 2.28248886e+02 6.84746647e+00 
825 830.75 2.28670792e+02 6.86012363e+00 
826 831.52 2.26896576e+02 6.80689716e+00 
827 832.30 2.22889526e+02 6.68668556e+00 
828 833.08 2.19847748e+02 6.59543228e+00 
829 833.85 2.20053421e+02 6.60160255e+00 
830 834.63 2.23489136e+02 6.70467424e+00 
831 835.40 2.26778458e+02 6.80335379e+00 
832 836.18 2.26996674e+02 6.80990028e+00 
833 836.96 2.23782074e+02 6.71346235e+00 
834 837.73 2.19943909e+02 6.59831715e+00 
835 838.51 2.18275894e+02 6.54827690e+00 
836 839.28 2.18992630e+02 6.56977892e+00 
837 840.06 2.20564392e+02 6.61693192e+00 
838 840.83 2.20219070e+02 6.60657215e+00 
839 841.61 2.16682007e+02 6.50046015e+00 
840 842.38 2.11819366e+02 6.35458088e+00 
841 843.16 2.08704529e+02 6.26113605e+00 
842 843.93 2.09035385e+02 6.27106142e+00 
843 844.71 2.11227112e+02 6.33681345e+00 
844 845.48 2.13397034e+02 6.40191078e+00 
845 846.26 2.12830292e+02 6.38490868e+00 
846 847.03 2.08799683e+02 6.26399040e+00 
847 847.81 2.03225220e+02 6.09675646e+00 
848 848.58 2.00131561e+02 6.00394678e+00 
849 849.36 1.99478363e+02 5.98435068e+00 
850 850.13 2.00521790e+02 6.01565361e+00 
851 850.90 2.00527893e+02 6.01583672e+00 
852 851.68 1.97408264e+02 5.92224789e+00 
853 852.45 1.91445175e+02 5.74335527e+00 
854 853.23 1.85291367e+02 5.55874109e+00 
855 854.00 1.82397736e+02 5.47193193e+00 
856 854.77 1.84220703e+02 5.52662086e+00 
857 855.55 1.89337250e+02 5.68011761e+00 
858 856.32 1.93827438e+02 5.81482315e+00 
859 857.09 1.94750916e+02 5.84252739e+00 
860 857.87 1.92522934e+02 5.77568817e+00 
861 858.64 1.89377777e+02 5.68133354e+00 
862 859.41 1.88411682e+02 5.65235043e+00 
863 860.19 1.89909607e+02 5.69728804e+00 
864 860.96 1.91277924e+02 5.73833752e+00 
865 861.73 1.90662704e+02 5.71988106e+00 
866 862.51 1.88416168e+02 5.65248489e+00 
867 863.28 1.83603241e+02 5.50809717e+00 
868 864.05 1.78942780e+02 5.36828327e+00 
869 864.82 1.75866791e+02 5.27600384e+00 
870 865.60 1.74751984e+02 5.24255943e+00 
871 866.37 1.74833084e+02 5.24499273e+00 
872 867.14 1.75066589e+02 5.25199747e+00 
873 867.91 1.74476639e+02 5.23429918e+00 
874 868.68 1.73388748e+02 5.20166254e+00 
875 869.46 1.72867340e+02 5.18602037e+00 
876 870.23 1.73999481e+02 5.21998453e+00 
877 871.00 1.75538025e+02 5.26614094e+00 
878 871.77 1.76757538e+02 5.30272627e+00 
879 872.54 1.76119644e+02 5.28358936e+00 
880 873.31 1.73328156e+02 5.19984484e+00 
881 874.09 1.69212128e+02 5.07636404e+00 
882 874.86 1.65939499e+02 4.97818518e+00 
883 875.63 1.65358551e+02 4.96075630e+00 
884 876.40 1.66346863e+02 4.99040604e+00 
885 877.17 1.67762695e+02 5.03288078e+00 
886 877.94 1.67957199e+02 5.03871584e+00 
887 878.71 1.65643753e+02 4.96931267e+00 
888 879.48 1.62066696e+02 4.86200094e+00 
889 880.25 1.59439087e+02 4.78317261e+00 
890 881.03 1.58793182e+02 4.76379538e+00 
891 881.80 1.59909241e+02 4.79727745e+00 
892 882.57 1.61900085e+02 4.85700274e+00 
893 883.34 1.62671753e+02 4.88015270e+00 
894 884.11 1.61333588e+02 4.84000778e+00 
895 884.88 1.58728455e+02 4.76185369e+00 
896 885.65 1.55783051e+02 4.67349148e+00 
897 886.42 1.54057495e+02 4.62172508e+00 
898 887.19 1.54072556e+02 4.62217665e+00 
899 887.96 1.55610214e+02 4.66830635e+00 
900 888.73 1.57475647e+02 4.72426939e+00 
901 889.50 1.57650116e+02 4.72950363e+00 
902 890.27 1.55593216e+02 4.66779661e+00 
903 891.03 1.52617249e+02 4.57851744e+00 
904 891.80 1.49715469e+02 4.49146414e+00 
905 892.57 1.48523102e+02 4.45569324e+00 
906 893.34 1.48826523e+02 4.46479559e+00 
907 894.11 1.49548645e+02 4.48645926e+00 
908 894.88 1.49171829e+02 4.47515488e+00 
909 895.65 1.46802414e+02 4.40407228e+00 
910 896.42 1.42896561e+02 4.28689671e+00 
911 897.19 1.39321243e+02 4.17963743e+00 
912 897.96 1.37254364e+02 4.11763096e+00 
913 898.72 1.36612320e+02 4.09836960e+00 
914 899.49 1.36599167e+02 4.09797478e+00 
915 900.26 1.36600662e+02 4.09802008e+00 
916 901.03 1.35679306e+02 4.07037926e+00 
917 901.80 1.34033005e+02 4.02099037e+00 
918 902.56 1.32574539e+02 3.97723627e+00 
919 903.33 1.31872238e+02 3.95616722e+00 
920 904.10 1.32111649e+02 3.96334934e+00 
921 904.87 1.32881119e+02 3.98643351e+00 
922 905.64 1.33384079e+02 4.00152254e+00 
923 906.40 1.32679459e+02 3.98038387e+00 
924 907.17 1.30626373e+02 3.91879129e+00 
925 907.94 1.27706635e+02 3.83119893e+00 
926 908.71 1.24975159e+02 3.74925470e+00 
927 909.47 1.23524162e+02 3.70572495e+00 
928 910.24 1.23282082e+02 3.69846249e+00 
929 911.01 1.23955124e+02 3.71865368e+00 
930 911.77 1.24612709e+02 3.73838139e+00 
931 912.54 1.24552055e+02 3.73656178e+00 
932 913.31 1.23554558e+02 3.70663667e+00 
933 914.07 1.21828079e+02 3.65484238e+00 
934 914.84 1.19946289e+02 3.59838867e+00 
935 915.61 1.18687897e+02 3.56063700e+00 
936 916.37 1.18184708e+02 3.54554129e+00 
937 917.14 1.18382629e+02 3.55147886e+00 
938 917.90 1.18609940e+02 3.55829811e+00 
939 918.67 1.18130173e+02 3.54390526e+00 
940 919.44 1.16919098e+02 3.50757289e+00 
941 920.20 1.14972755e+02 3.44918275e+00 
942 920.97 1.12892944e+02 3.38678837e+00 
943 921.73 1.11196823e+02 3.33590460e+00 
944 922.50 1.10102760e+02 3.30308270e+00 
945 923.26 1.09575394e+02 3.28726172e+00 
946 924.03 1.09160484e+02 3.27481461e+00 
947 924.79 1.08336090e+02 3.25008273e+00 
948 925.56 1.06980446e+02 3.20941329e+00 
949 926.32 1.04842987e+02 3.14528966e+00 
950 927.09 1.02215988e+02 3.06647968e+00 
951 927.85 9.94153595e+01 2.98246074e+00 
952 928.62 9.68273849e+01 2.90482163e+00 
953 929.38 9.44694901e+01 2.83408475e+00 
954 930.15 9.17526932e+01 2.75258088e+00 
955 930.91 8.87481537e+01 2.66244459e+00 
956 931.68 8.53021317e+01 2.55906391e+00 
957 932.44 8.16264191e+01 2.44879246e+00 
958 933.21 7.79935074e+01 2.33980513e+00 
959 933.97 7.50510941e+01 2.25153279e+00 
960 934.73 7.29639969e+01 2.18892002e+00 
961 935.50 7.16095047e+01 2.14828515e+00 
962 936.26 7.07946396e+01 2.12383914e+00 
963 937.02 7.00476379e+01 2.10142922e+00 
964 937.79 6.91298218e+01 2.07389474e+00 
965 938.55 6.79860916e+01 2.03958273e+00 
966 939.31 6.66293945e+01 1.99888182e+00 
967 940.08 6.51972504e+01 1.95591748e+00 
968 940.84 6.40309830e+01 1.92092943e+00 
969 941.60 6.30548401e+01 1.89164519e+00 
970 942.37 6.22061920e+01 1.86618578e+00 
971 943.13 6.14262619e+01 1.84278786e+00 
972 943.89 6.06019592e+01 1.81805873e+00 
973 944.65 5.98117561e+01 1.79435265e+00 
974 945.42 5.91465950e+01 1.77439785e+00 
975 946.18 5.88407059e+01 1.76522112e+00 
976 946.94 5.88939819e+01 1.76681948e+00 
977 947.70 5.93855629e+01 1.78156686e+00 
978 948.47 6.00549583e+01 1.80164874e+00 
979 949.23 6.07908936e+01 1.82372677e+00 
980 949.99 6.12180367e+01 1.83654106e+00 
981 950.75 6.13820190e+01 1.84146059e+00 
982 951.51 6.12520523e+01 1.83756161e+00 
983 952.28 6.10363312e+01 1.83108997e+00 
984 953.04 6.11204414e+01 1.83361328e+00 
985 953.80 6.15100594e+01 1.84530175e+00 
986 954.56 6.21209106e+01 1.86362731e+00 
987 955.32 6.27159691e+01 1.88147902e+00 
988 956.08 6.32320633e+01 1.89696193e+00 
989 956.84 6.35455055e+01 1.90636516e+00 
990 957.60 6.35825462e+01 1.90747643e+00 
991 958.36 6.35024033e+01 1.90507209e+00 
992 959.12 6.36301918e+01 1.90890574e+00 
993 959.89 6.40068970e+01 1.92020690e+00 
994 960.65 6.45448456e+01 1.93634534e+00 
995 961.41 6.51197586e+01 1.95359278e+00 
996 962.17 6.54749298e+01 1.96424794e+00 
997 962.93 6.55577164e+01 1.96673155e+00 
998 963.69 6.53506317e+01 1.96051896e+00 
999 964.45 6.50381165e+01 1.95114350e+00 
1000 965.21 6.48810730e+01 1.94643223e+00 
1001 965.97 6.49869614e+01 1.94960880e+00 
1002 966.73 6.53330307e+01 1.95999098e+00 
1003 967.48 6.57660828e+01 1.97298253e+00 
1004 968.24 6.58462906e+01 1.97538877e+00 
1005 969.00 6.55137177e+01 1.96541154e+00 
1006 969.76 6.49892273e+01 1.94967687e+00 
1007 970.52 6.44490509e+01 1.93347156e+00 
1008 971.28 6.41540833e+01 1.92462254e+00 
1009 972.04 6.41166840e+01 1.92350054e+00 
1010 972.80 6.40187378e+01 1.92056215e+00 
1011 973.56 6.36538315e+01 1.90961492e+00 
1012 974.32 6.30726128e+01 1.89217842e+00 
1013 975.07 6.22805099e+01 1.86841536e+00 
1014 975.83 6.15487862e+01 1.84646356e+00 
1015 976.59 6.12009926e+01 1.83602977e+00 
1016 977.35 6.11112633e+01 1.83333790e+00 
1017 978.11 6.10106087e+01 1.83031821e+00 
1018 978.86 6.06891174e+01 1.82067347e+00 
1019 979.62 6.01437683e+01 1.80431306e+00 
1020 980.38 5.95689163e+01 1.78706753e+00 
1021 981.14 5.92579613e+01 1.77773881e+00 
1022 981.89 5.92144890e+01 1.77643466e+00 
1023 982.65 5.90997925e+01 1.77299380e+00 
1024 983.41 5.86134033e+01 1.75840211e+00 
1025 984.17 5.78627586e+01 1.73588276e+00 
1026 984.92 5.72975464e+01 1.71892643e+00 
1027 985.68 5.71269341e+01 1.71380806e+00 
1028 986.44 5.69015579e+01 1.70704675e+00 
1029 987.19 5.62724876e+01 1.68817461e+00 
1030 987.95 5.53207626e+01 1.65962291e+00 
1031 988.71 5.46267433e+01 1.63880229e+00 
1032 989.46 5.43140640e+01 1.62942195e+00 
1033 990.22 5.37792816e+01 1.61337841e+00 
1034 990.98 5.28196449e+01 1.58458936e+00 
1035 991.73 5.18884850e+01 1.55665457e+00 
1036 992.49 5.12310753e+01 1.53693223e+00 
1037 993.24 5.04184647e+01 1.51255393e+00 
1038 994.00 4.92738724e+01 1.47821617e+00 
1039 994.76 4.82549515e+01 1.44764853e+00 
1040 995.51 2.97534132e+00 8.92602429e-02 
1041 996.27 2.13346064e-01 6.40038215e-03 
1042 997.02 1.40520871e-01 4.21562605e-03 
1043 997.78 1.42185509e-01 4.26556543e-03 
