% C0 (TOA Count Rate, /ms) for 4STAR NIR spectrometer (512 channels) derived from \\192.168.10.201\data\sunsat\AirSHARP_2024\data_processed\allstarmats\4STARB_20241004starsun.mat and recorded on 2024-11-21 16:56:55.
% Data C0 built to match AOD from 4STARB to AERONET spline fit for Monterey within 300 m [Alt] and 600 seconds, measured on 20241004. Using the AERONET file: 20241004_20241004_Monterey.lev15 as input for this comparison. Date of creation: 21-Nov-2024 16:56:55
Pix Wavelength C0 C0err
511 946.05 2.43620586e+00 9.89240468e-01 
510 947.95 2.56414437e+00 1.04399335e+00 
509 949.84 2.72510099e+00 1.10211265e+00 
508 951.73 2.87216139e+00 1.17201424e+00 
507 953.62 3.02538967e+00 1.22461045e+00 
506 955.51 3.23496842e+00 1.31496847e+00 
505 957.40 3.47233152e+00 1.40760803e+00 
504 959.28 3.76724100e+00 1.52481234e+00 
503 961.16 4.09896517e+00 1.65782988e+00 
502 963.03 4.46591997e+00 1.80513406e+00 
501 964.90 4.91177988e+00 1.98355579e+00 
500 966.78 5.44854784e+00 2.19096994e+00 
499 968.64 6.03655672e+00 2.43121076e+00 
498 970.51 6.48746681e+00 2.61947131e+00 
497 972.37 6.62328148e+00 2.66923904e+00 
496 974.23 6.59442902e+00 2.65608478e+00 
495 976.09 6.69772816e+00 2.70330310e+00 
494 977.95 6.94789410e+00 2.80084729e+00 
493 979.80 7.31461382e+00 2.94492245e+00 
492 981.65 7.65176725e+00 3.08566189e+00 
491 983.50 8.04008770e+00 3.23947716e+00 
490 985.34 8.34325314e+00 3.36886358e+00 
489 987.18 8.60795879e+00 3.47364354e+00 
488 989.02 8.78384209e+00 3.54749012e+00 
487 990.86 8.92651653e+00 3.59279203e+00 
486 992.70 9.00821114e+00 3.63474226e+00 
485 994.53 9.12768078e+00 3.67318511e+00 
484 996.36 9.19623566e+00 3.69602489e+00 
483 998.19 9.24097919e+00 3.72445869e+00 
482 1000.01 9.22673702e+00 3.71546888e+00 
481 1001.83 9.19203949e+00 3.70055771e+00 
480 1003.65 9.14579201e+00 3.68262863e+00 
479 1005.47 9.20941353e+00 3.71360636e+00 
478 1007.29 9.27588081e+00 3.74119115e+00 
477 1009.10 9.41125202e+00 3.78685546e+00 
476 1010.91 9.48561382e+00 3.83146572e+00 
475 1012.72 9.53232098e+00 3.83502603e+00 
474 1014.53 9.53362465e+00 3.84260440e+00 
473 1016.33 9.54631710e+00 3.84509468e+00 
472 1018.13 9.49600506e+00 3.82927346e+00 
471 1019.93 9.48370361e+00 3.82451820e+00 
470 1021.73 9.44582558e+00 3.80592179e+00 
469 1023.52 9.39801121e+00 3.79205561e+00 
468 1025.31 9.35806465e+00 3.77189255e+00 
467 1027.10 9.34603500e+00 3.77315116e+00 
466 1028.89 9.27438450e+00 3.73673511e+00 
465 1030.67 9.22498322e+00 3.72007108e+00 
464 1032.45 9.12729549e+00 3.68944359e+00 
463 1034.23 9.05296612e+00 3.65200353e+00 
462 1036.01 8.97914410e+00 3.62510705e+00 
461 1037.79 8.94738197e+00 3.60346532e+00 
460 1039.56 8.88636494e+00 3.58714223e+00 
459 1041.33 8.85498810e+00 3.57268143e+00 
458 1043.10 8.77403069e+00 3.54419303e+00 
457 1044.87 8.71432400e+00 3.51281786e+00 
456 1046.63 8.62766075e+00 3.47523403e+00 
455 1048.39 8.63513565e+00 3.48183751e+00 
454 1050.15 8.59473133e+00 3.46742558e+00 
453 1051.91 8.59629250e+00 3.46043611e+00 
452 1053.67 8.58254814e+00 3.46011209e+00 
451 1055.42 8.55963421e+00 3.45162439e+00 
450 1057.17 8.48188686e+00 3.41526532e+00 
449 1058.92 8.46048450e+00 3.40772510e+00 
448 1060.67 8.43859291e+00 3.40145969e+00 
447 1062.41 8.40287971e+00 3.38637567e+00 
446 1064.15 8.31755924e+00 3.35319996e+00 
445 1065.89 8.19753933e+00 3.30049920e+00 
444 1067.63 8.03755665e+00 3.23771358e+00 
443 1069.37 7.94603682e+00 3.19807363e+00 
442 1071.10 7.84749746e+00 3.16691446e+00 
441 1072.83 7.76993847e+00 3.13369083e+00 
440 1074.56 7.67905712e+00 3.09794593e+00 
439 1076.29 7.59645557e+00 3.06443501e+00 
438 1078.02 7.49530506e+00 3.02246809e+00 
437 1079.74 7.39524508e+00 2.98210073e+00 
436 1081.46 7.26382923e+00 2.92393422e+00 
435 1083.18 7.15734196e+00 2.88158607e+00 
434 1084.90 7.06564045e+00 2.84382987e+00 
433 1086.61 7.04959917e+00 2.84287477e+00 
432 1088.33 7.05384684e+00 2.84394503e+00 
431 1090.04 7.06703424e+00 2.84194613e+00 
430 1091.75 6.95543623e+00 2.80412078e+00 
429 1093.45 6.81419945e+00 2.74683189e+00 
428 1095.16 6.66032505e+00 2.68034101e+00 
427 1096.86 6.51210880e+00 2.62654805e+00 
426 1098.56 6.37151051e+00 2.57014704e+00 
425 1100.26 6.21021557e+00 2.51145267e+00 
424 1101.96 6.07179832e+00 2.44369102e+00 
423 1103.65 5.94865084e+00 2.40009212e+00 
422 1105.35 5.81679916e+00 2.35043550e+00 
421 1107.04 5.70597029e+00 2.30409575e+00 
420 1108.73 5.53217888e+00 2.23755407e+00 
419 1110.41 5.19084454e+00 2.09637070e+00 
418 1112.10 4.61851501e+00 1.86979270e+00 
417 1113.78 3.82679749e+00 1.55327582e+00 
416 1115.46 3.07052326e+00 1.24282658e+00 
415 1117.14 2.48724842e+00 1.01235092e+00 
414 1118.82 2.13592196e+00 8.66799831e-01 
413 1120.50 1.98039651e+00 8.10516477e-01 
412 1122.17 1.96761966e+00 8.10677528e-01 
411 1123.84 1.96468902e+00 7.96957672e-01 
410 1125.51 1.97870648e+00 8.16084564e-01 
409 1127.18 2.10601044e+00 8.64087820e-01 
408 1128.85 2.60361147e+00 1.06120598e+00 
407 1130.51 2.81059813e+00 1.14697838e+00 
406 1132.17 2.71404457e+00 1.10103261e+00 
405 1133.83 2.66481256e+00 1.08726048e+00 
404 1135.49 3.05782795e+00 1.24640357e+00 
403 1137.15 3.83755684e+00 1.55087399e+00 
402 1138.80 4.23985434e+00 1.72353125e+00 
401 1140.46 4.11921644e+00 1.67521799e+00 
400 1142.11 3.51423502e+00 1.43398273e+00 
399 1143.76 2.97224569e+00 1.20487869e+00 
398 1145.41 2.76461267e+00 1.12388098e+00 
397 1147.05 3.05194569e+00 1.23524690e+00 
396 1148.70 3.83232045e+00 1.55375028e+00 
395 1150.34 4.73080397e+00 1.90177917e+00 
394 1151.98 5.71804476e+00 2.30033016e+00 
393 1153.62 7.17431688e+00 2.88415313e+00 
392 1155.26 8.60146523e+00 3.46508265e+00 
391 1156.89 9.48478699e+00 3.82718611e+00 
390 1158.53 1.01193285e+01 4.07496357e+00 
389 1160.16 1.15394459e+01 4.67043257e+00 
388 1161.79 1.33879290e+01 5.44489336e+00 
387 1163.42 1.46545038e+01 5.96836090e+00 
386 1165.04 1.43768969e+01 5.85140610e+00 
385 1166.67 1.34257774e+01 5.46098232e+00 
384 1168.29 1.28208666e+01 5.18950367e+00 
383 1169.91 1.22661448e+01 4.97189331e+00 
382 1171.53 1.13507729e+01 4.59298468e+00 
381 1173.15 1.06740065e+01 4.31094408e+00 
380 1174.77 9.96360588e+00 4.01893806e+00 
379 1176.38 9.68264008e+00 3.90194011e+00 
378 1178.00 9.30919456e+00 3.75761151e+00 
377 1179.61 8.74582672e+00 3.52690482e+00 
376 1181.22 8.34779358e+00 3.35707712e+00 
375 1182.83 8.08338165e+00 3.25584865e+00 
374 1184.43 7.99682808e+00 3.22928476e+00 
373 1186.04 8.00067043e+00 3.22256327e+00 
372 1187.64 8.11503601e+00 3.26940155e+00 
371 1189.24 8.14864922e+00 3.28136039e+00 
370 1190.84 8.23891163e+00 3.31756759e+00 
369 1192.44 8.09612942e+00 3.26173210e+00 
368 1194.04 7.87159920e+00 3.17290068e+00 
367 1195.64 7.51110220e+00 3.02528167e+00 
366 1197.23 7.23182106e+00 2.91162181e+00 
365 1198.82 7.10168886e+00 2.86293840e+00 
364 1200.41 6.89098358e+00 2.77108741e+00 
363 1202.00 6.93932247e+00 2.79478836e+00 
362 1203.59 6.98621511e+00 2.81208658e+00 
361 1205.17 6.96557903e+00 2.80364680e+00 
360 1206.76 7.02166033e+00 2.82924271e+00 
359 1208.34 6.92046070e+00 2.78896213e+00 
358 1209.92 6.83693933e+00 2.74892616e+00 
357 1211.50 6.85189962e+00 2.76079297e+00 
356 1213.08 6.91737795e+00 2.78326464e+00 
355 1214.66 7.07323170e+00 2.84823346e+00 
354 1216.23 7.17674780e+00 2.89483309e+00 
353 1217.80 7.29657125e+00 2.93688893e+00 
352 1219.38 7.30025864e+00 2.94059277e+00 
351 1220.95 7.26532030e+00 2.92837834e+00 
350 1222.52 7.27172804e+00 2.92991138e+00 
349 1224.08 7.26699591e+00 2.92094588e+00 
348 1225.65 7.30292749e+00 2.93844581e+00 
347 1227.21 7.36469746e+00 2.96453714e+00 
346 1228.78 7.42397118e+00 2.99329591e+00 
345 1230.34 7.46404839e+00 2.99922705e+00 
344 1231.90 7.47752428e+00 3.01401949e+00 
343 1233.46 7.47144032e+00 3.00868726e+00 
342 1235.01 7.47386074e+00 3.00580502e+00 
341 1236.57 7.45394993e+00 3.00050306e+00 
340 1238.12 7.39410830e+00 2.97941470e+00 
339 1239.67 7.35535812e+00 2.96119952e+00 
338 1241.23 7.30136919e+00 2.93831778e+00 
337 1242.78 7.28691196e+00 2.93488169e+00 
336 1244.32 7.26757097e+00 2.92608261e+00 
335 1245.87 7.27847815e+00 2.93345428e+00 
334 1247.42 7.28582859e+00 2.94656610e+00 
333 1248.96 7.28807974e+00 2.93663096e+00 
332 1250.50 7.25571918e+00 2.92453527e+00 
331 1252.04 7.22957945e+00 2.91646862e+00 
330 1253.58 7.17396641e+00 2.89127946e+00 
329 1255.12 7.13924217e+00 2.87598753e+00 
328 1256.66 7.02733803e+00 2.83166242e+00 
327 1258.19 6.87850809e+00 2.77800202e+00 
326 1259.73 6.65866947e+00 2.68165302e+00 
325 1261.26 6.42719841e+00 2.59752440e+00 
324 1262.79 6.26878071e+00 2.53889203e+00 
323 1264.32 6.13523722e+00 2.48031855e+00 
322 1265.85 5.90740585e+00 2.38300276e+00 
321 1267.38 5.88446665e+00 2.37935972e+00 
320 1268.90 5.97659206e+00 2.41063714e+00 
319 1270.43 6.18470669e+00 2.49671483e+00 
318 1271.95 6.50247288e+00 2.62198162e+00 
317 1273.47 6.63209057e+00 2.66960359e+00 
316 1274.99 6.66155577e+00 2.68620253e+00 
315 1276.51 6.68127298e+00 2.69102001e+00 
314 1278.03 6.60618353e+00 2.66291475e+00 
313 1279.55 6.51016617e+00 2.61931109e+00 
312 1281.06 6.50633383e+00 2.62281656e+00 
311 1282.58 6.58411121e+00 2.65728140e+00 
310 1284.09 6.69115257e+00 2.69483447e+00 
309 1285.60 6.75923061e+00 2.71920967e+00 
308 1287.11 6.75821400e+00 2.72397518e+00 
307 1288.62 6.68396854e+00 2.69338489e+00 
306 1290.13 6.65396929e+00 2.67775583e+00 
305 1291.63 6.65196085e+00 2.68503118e+00 
304 1293.14 6.56129551e+00 2.63915324e+00 
303 1294.64 6.45774364e+00 2.60631871e+00 
302 1296.14 6.36798716e+00 2.56486273e+00 
301 1297.64 6.24996519e+00 2.51987433e+00 
300 1299.14 6.24481964e+00 2.51757050e+00 
299 1300.64 6.12256908e+00 2.46545744e+00 
298 1302.14 5.99721098e+00 2.41266060e+00 
297 1303.64 5.91961288e+00 2.38244176e+00 
296 1305.13 5.86375380e+00 2.35908699e+00 
295 1306.62 5.86671782e+00 2.36178064e+00 
294 1308.12 5.83400154e+00 2.34488678e+00 
293 1309.61 5.82634258e+00 2.35097194e+00 
292 1311.10 5.68380499e+00 2.28846312e+00 
291 1312.58 5.73439932e+00 2.30935955e+00 
290 1314.07 5.90746260e+00 2.37852573e+00 
289 1315.56 6.08754921e+00 2.44636917e+00 
288 1317.04 6.26403904e+00 2.52067351e+00 
287 1318.52 6.33268929e+00 2.55072808e+00 
286 1320.01 6.03090858e+00 2.41932011e+00 
285 1321.49 5.92420721e+00 2.37757707e+00 
284 1322.97 5.94316673e+00 2.40075660e+00 
283 1324.45 5.62061453e+00 2.25303221e+00 
282 1325.92 5.25750256e+00 2.12365556e+00 
281 1327.40 5.12971878e+00 2.06373501e+00 
280 1328.87 5.30868578e+00 2.13346791e+00 
279 1330.35 5.93398809e+00 2.37670541e+00 
278 1331.82 6.24431133e+00 2.50408292e+00 
277 1333.29 5.50804138e+00 2.21825719e+00 
276 1334.76 4.71046925e+00 1.89536810e+00 
275 1336.23 4.38069344e+00 1.75563920e+00 
274 1337.70 4.21970081e+00 1.69231486e+00 
273 1339.17 4.32121468e+00 1.74803388e+00 
272 1340.63 4.29667759e+00 1.71124005e+00 
271 1342.10 3.80859637e+00 1.52271485e+00 
270 1343.56 3.17540073e+00 1.28545606e+00 
269 1345.02 2.15178490e+00 8.72793972e-01 
268 1346.48 1.38143563e+00 5.51097214e-01 
267 1347.94 8.16485405e-01 3.20004076e-01 
266 1349.40 4.24882025e-01 1.72352836e-01 
265 1350.86 2.60199338e-01 9.63237137e-02 
264 1352.31 1.50800243e-01 6.28556907e-02 
263 1353.77 1.03748247e-01 3.61464024e-02 
262 1355.22 9.42637920e-02 3.15172561e-02 
261 1356.67 9.51679349e-02 3.98194492e-02 
260 1358.13 8.39843974e-02 2.93172505e-02 
259 1359.58 1.08887650e-01 1.23664467e-02 
258 1361.03 8.86914283e-02 2.92325243e-02 
257 1362.47 8.72643963e-02 2.87941545e-02 
256 1363.92 9.39310566e-02 2.55320016e-02 
255 1365.37 9.80964899e-02 3.77128646e-02 
254 1366.81 8.95571709e-02 2.61336230e-02 
253 1368.25 9.29635912e-02 2.88021434e-02 
252 1369.70 9.82941613e-02 3.73613499e-02 
251 1371.14 1.00929499e-01 3.89020927e-02 
250 1372.58 9.98398736e-02 4.00014035e-02 
249 1374.02 8.73582810e-02 4.61216383e-02 
248 1375.46 1.06867746e-01 4.49710563e-02 
247 1376.89 1.10167593e-01 4.30626199e-02 
246 1378.33 1.11670829e-01 3.56351174e-02 
245 1379.76 1.04120813e-01 5.17795607e-02 
244 1381.20 1.25155091e-01 3.78226228e-02 
243 1382.63 1.09481774e-01 4.32957895e-02 
242 1384.06 1.28010303e-01 5.04515544e-02 
241 1385.49 1.02037765e-01 2.88199652e-02 
240 1386.92 1.10331453e-01 4.42002565e-02 
239 1388.35 1.09702595e-01 3.52546498e-02 
238 1389.78 1.18183032e-01 5.14940806e-02 
237 1391.20 9.68978703e-02 4.25020121e-02 
236 1392.63 9.44842398e-02 4.43776734e-02 
235 1394.05 9.17340890e-02 3.00753154e-02 
234 1395.48 8.61907303e-02 4.26835120e-02 
233 1396.90 9.00705755e-02 3.53962183e-02 
232 1398.32 1.00865349e-01 3.44932862e-02 
231 1399.74 8.11605155e-02 4.13342416e-02 
230 1401.16 1.02772415e-01 2.89616100e-02 
229 1402.57 1.10162877e-01 4.98597771e-02 
228 1403.99 9.01128724e-02 4.94117886e-02 
227 1405.41 6.80952594e-02 2.72384528e-02 
226 1406.82 6.47194907e-02 4.66770157e-02 
225 1408.23 9.80689302e-02 4.38339598e-02 
224 1409.65 1.21440604e-01 4.70480397e-02 
223 1411.06 1.28442809e-01 5.02394065e-02 
222 1412.47 1.55214131e-01 5.56178689e-02 
221 1413.88 1.75386652e-01 7.07364380e-02 
220 1415.29 1.54227287e-01 7.52296001e-02 
219 1416.69 1.42140299e-01 6.61597252e-02 
218 1418.10 1.42104328e-01 6.48629963e-02 
217 1419.50 1.80873603e-01 7.25337192e-02 
216 1420.91 1.95671603e-01 8.88188705e-02 
215 1422.31 2.40390390e-01 1.05410032e-01 
214 1423.71 3.07147533e-01 1.25161335e-01 
213 1425.11 3.07506979e-01 1.24661289e-01 
212 1426.51 3.59666705e-01 1.53350219e-01 
211 1427.91 4.79658842e-01 1.91946238e-01 
210 1429.31 5.10278463e-01 2.10574001e-01 
209 1430.71 5.65561295e-01 2.36147210e-01 
208 1432.10 5.77079833e-01 2.33925641e-01 
207 1433.50 4.67208266e-01 1.91823751e-01 
206 1434.89 4.22817737e-01 1.77623272e-01 
205 1436.28 4.31090057e-01 1.87247336e-01 
204 1437.68 4.34058219e-01 1.85092092e-01 
203 1439.07 4.21046227e-01 1.79972604e-01 
202 1440.46 4.49976563e-01 1.91376448e-01 
201 1441.85 4.37090427e-01 1.91928983e-01 
200 1443.23 4.23078328e-01 1.79568753e-01 
199 1444.62 5.13970137e-01 2.18403906e-01 
198 1446.01 6.24057174e-01 2.63446540e-01 
197 1447.39 6.23117566e-01 2.67448217e-01 
196 1448.77 6.38635635e-01 2.72221833e-01 
195 1450.16 6.87398493e-01 2.88022310e-01 
194 1451.54 7.53315091e-01 3.12759548e-01 
193 1452.92 8.58209908e-01 3.55091304e-01 
192 1454.30 1.06664658e+00 4.38909352e-01 
191 1455.68 1.26317656e+00 5.28923690e-01 
190 1457.05 1.32954574e+00 5.49235821e-01 
189 1458.43 1.32397687e+00 5.42690814e-01 
188 1459.81 1.28901422e+00 5.24450898e-01 
187 1461.18 1.22600734e+00 4.97994125e-01 
186 1462.55 1.16148388e+00 4.78760719e-01 
185 1463.93 1.06818962e+00 4.34151918e-01 
184 1465.30 9.77689743e-01 3.94712359e-01 
183 1466.67 8.14138055e-01 3.37440044e-01 
182 1468.04 6.30598664e-01 2.55124211e-01 
181 1469.41 5.60683131e-01 2.33614013e-01 
180 1470.78 6.35796368e-01 2.57261902e-01 
179 1472.14 8.16298962e-01 3.25437039e-01 
178 1473.51 9.81646478e-01 3.92244726e-01 
177 1474.87 1.08460855e+00 4.36897993e-01 
176 1476.24 1.08234811e+00 4.32847440e-01 
175 1477.60 9.65732634e-01 3.91021132e-01 
174 1478.96 9.61935163e-01 3.95483494e-01 
173 1480.32 1.09558082e+00 4.39919353e-01 
172 1481.68 1.22196293e+00 4.95386302e-01 
171 1483.04 1.25961685e+00 5.11724591e-01 
170 1484.40 1.26359379e+00 5.12085497e-01 
169 1485.75 1.25598443e+00 5.13870776e-01 
168 1487.11 1.38803387e+00 5.65357924e-01 
167 1488.46 1.60114670e+00 6.47930086e-01 
166 1489.82 1.83301461e+00 7.43909061e-01 
165 1491.17 2.03196478e+00 8.17224681e-01 
164 1492.52 2.10304165e+00 8.50005567e-01 
163 1493.87 2.17855334e+00 8.77202451e-01 
162 1495.22 2.28359389e+00 9.18713510e-01 
161 1496.57 2.44070125e+00 9.78314638e-01 
160 1497.92 2.60042787e+00 1.05021453e+00 
159 1499.27 2.69409251e+00 1.08220577e+00 
158 1500.61 2.62083340e+00 1.05500078e+00 
157 1501.96 2.52655959e+00 1.00730860e+00 
156 1503.30 2.52618599e+00 1.01534998e+00 
155 1504.65 2.58356428e+00 1.03928161e+00 
154 1505.99 2.71488094e+00 1.08900964e+00 
153 1507.33 2.88103986e+00 1.15961742e+00 
152 1508.67 2.98261118e+00 1.19705439e+00 
151 1510.01 3.01224208e+00 1.20760691e+00 
150 1511.35 3.06701660e+00 1.23224115e+00 
149 1512.68 3.10072112e+00 1.24859655e+00 
148 1514.02 3.09927893e+00 1.24453282e+00 
147 1515.35 3.09748292e+00 1.24872208e+00 
146 1516.69 3.09854364e+00 1.25079858e+00 
145 1518.02 3.13859129e+00 1.26886261e+00 
144 1519.35 3.20025349e+00 1.28650284e+00 
143 1520.68 3.28596401e+00 1.31850159e+00 
142 1522.02 3.33392429e+00 1.34192359e+00 
141 1523.34 3.34647417e+00 1.34099710e+00 
140 1524.67 3.34887552e+00 1.34266698e+00 
139 1526.00 3.33708119e+00 1.33767509e+00 
138 1527.33 3.35337877e+00 1.34689999e+00 
137 1528.65 3.39337206e+00 1.36664367e+00 
136 1529.98 3.42672825e+00 1.38089871e+00 
135 1531.30 3.46587801e+00 1.38844359e+00 
134 1532.62 3.49684191e+00 1.40136397e+00 
133 1533.94 3.51310802e+00 1.41471577e+00 
132 1535.26 3.52205014e+00 1.40979815e+00 
131 1536.58 3.51470876e+00 1.42062986e+00 
130 1537.90 3.50291228e+00 1.41327691e+00 
129 1539.22 3.50275230e+00 1.40797007e+00 
128 1540.53 3.49642253e+00 1.40640879e+00 
127 1541.85 3.51248002e+00 1.40812647e+00 
126 1543.16 3.51271105e+00 1.41083062e+00 
125 1544.48 3.50382733e+00 1.41517711e+00 
124 1545.79 3.50489235e+00 1.40709949e+00 
123 1547.10 3.48956251e+00 1.40615571e+00 
122 1548.41 3.46695685e+00 1.39395642e+00 
121 1549.72 3.45440674e+00 1.39089394e+00 
120 1551.03 3.44071484e+00 1.38649583e+00 
119 1552.34 3.44332933e+00 1.38788998e+00 
118 1553.64 3.43607426e+00 1.37911284e+00 
117 1554.95 3.42676401e+00 1.37923396e+00 
116 1556.25 3.41934514e+00 1.37276077e+00 
115 1557.56 3.40591240e+00 1.36675239e+00 
114 1558.86 3.37627196e+00 1.36249900e+00 
113 1560.16 3.37050390e+00 1.34856665e+00 
112 1561.46 3.35034704e+00 1.35373092e+00 
111 1562.76 3.34567952e+00 1.34325552e+00 
110 1564.06 3.32126737e+00 1.33850956e+00 
109 1565.36 3.28880358e+00 1.32615685e+00 
108 1566.65 3.26053810e+00 1.31448412e+00 
107 1567.95 3.24254322e+00 1.30988538e+00 
106 1569.24 3.24314427e+00 1.30263817e+00 
105 1570.54 3.28055549e+00 1.31221199e+00 
104 1571.83 3.28051805e+00 1.32312226e+00 
103 1573.12 3.24564695e+00 1.30709970e+00 
102 1574.41 3.19301081e+00 1.28009546e+00 
101 1575.70 3.17354250e+00 1.27144337e+00 
100 1576.99 3.18871927e+00 1.28483009e+00 
99 1578.27 3.23724174e+00 1.29901040e+00 
98 1579.56 3.25649333e+00 1.30994463e+00 
97 1580.85 3.25430965e+00 1.31226063e+00 
96 1582.13 3.22039437e+00 1.30149209e+00 
95 1583.41 3.20076656e+00 1.28492665e+00 
94 1584.70 3.13173795e+00 1.25212371e+00 
93 1585.98 3.08332658e+00 1.24192548e+00 
92 1587.26 3.01392865e+00 1.20879328e+00 
91 1588.54 2.99131775e+00 1.20779860e+00 
90 1589.81 2.99561191e+00 1.20160878e+00 
89 1591.09 3.02586532e+00 1.21479261e+00 
88 1592.37 3.02306199e+00 1.21518099e+00 
87 1593.64 3.02721071e+00 1.21021271e+00 
86 1594.91 2.98081946e+00 1.19960797e+00 
85 1596.19 2.95048356e+00 1.18721902e+00 
84 1597.46 2.91914392e+00 1.17695129e+00 
83 1598.73 2.94517922e+00 1.18597043e+00 
82 1600.00 2.97789240e+00 1.19713700e+00 
81 1601.27 3.01798487e+00 1.21324873e+00 
80 1602.54 3.04246235e+00 1.22566891e+00 
79 1603.80 3.03771687e+00 1.21982300e+00 
78 1605.07 2.99771595e+00 1.20599771e+00 
77 1606.33 2.95996785e+00 1.18487680e+00 
76 1607.59 2.93843842e+00 1.19003773e+00 
75 1608.86 2.94789791e+00 1.18221009e+00 
74 1610.12 2.98415422e+00 1.20103276e+00 
73 1611.38 3.03097582e+00 1.21690893e+00 
72 1612.64 3.06074429e+00 1.22824001e+00 
71 1613.89 3.10050154e+00 1.24382591e+00 
70 1615.15 3.14858866e+00 1.26746082e+00 
69 1616.41 3.22871399e+00 1.30213940e+00 
68 1617.66 3.33029461e+00 1.34548843e+00 
67 1618.92 3.47150612e+00 1.39783895e+00 
66 1620.17 3.66792345e+00 1.46574092e+00 
65 1621.42 3.91831017e+00 1.58164108e+00 
64 1622.67 4.24375248e+00 1.71859896e+00 
63 1623.92 4.70236540e+00 1.91230595e+00 
62 1625.17 5.34135056e+00 2.18200374e+00 
61 1626.41 6.21186161e+00 2.55906415e+00 
60 1627.66 7.37168550e+00 3.07684898e+00 
59 1628.90 8.78157043e+00 3.72954893e+00 
58 1630.15 1.06261511e+01 4.57884836e+00 
57 1631.39 1.31309414e+01 5.72879982e+00 
56 1632.63 1.67133980e+01 7.50429821e+00 
55 1633.87 2.25174141e+01 1.04523020e+01 
54 1635.11 3.13433857e+01 1.51249170e+01 
53 1636.35 4.33746300e+01 2.19121742e+01 
52 1637.59 5.51779060e+01 2.85995007e+01 
51 1638.82 6.59344254e+01 3.52376938e+01 
50 1640.06 7.64865417e+01 4.20108719e+01 
49 1641.29 9.23406906e+01 5.20202789e+01 
48 1642.52 1.19717972e+02 6.94671402e+01 
47 1643.75 1.60138306e+02 9.63100433e+01 
46 1644.98 1.96526047e+02 1.21900169e+02 
45 1646.21 1.99956116e+02 1.24722061e+02 
44 1647.44 1.74055496e+02 1.06816414e+02 
43 1648.67 1.48165802e+02 8.92260971e+01 
42 1649.89 1.26156929e+02 7.56712036e+01 
41 1651.12 9.91683807e+01 5.78292732e+01 
40 1652.34 6.84769211e+01 3.83453445e+01 
39 1653.56 4.33495903e+01 2.29032555e+01 
38 1654.78 2.58403397e+01 1.31267195e+01 
37 1656.00 1.44485531e+01 6.85898638e+00 
36 1657.22 7.98032951e+00 3.54405475e+00 
35 1658.44 4.77045822e+00 2.04850101e+00 
34 1659.66 3.64662504e+00 1.53111136e+00 
33 1660.87 4.52220678e+00 1.90561807e+00 
32 1662.08 1.36782141e+01 6.65630436e+00 
31 1663.30 1.39785248e+02 8.94507904e+01 
30 1664.51 2.82181592e+03 2.43197070e+03 
29 1665.72 2.04449043e+04 1.97582559e+04 
28 1666.93 1.29694209e+04 1.22949053e+04 
27 1668.14 1.00397522e+03 8.01079102e+02 
26 1669.34 5.32759628e+01 3.19701691e+01 
25 1670.55 6.87713671e+00 3.17490792e+00 
24 1671.75 2.66158199e+00 1.09678876e+00 
23 1672.95 2.01304579e+00 8.24969053e-01 
22 1674.16 2.00745559e+00 8.52853417e-01 
21 1675.36 2.17063928e+00 8.96180511e-01 
20 1676.56 2.24839211e+00 9.51713562e-01 
19 1677.75 2.29777026e+00 1.01431000e+00 
18 1678.95 2.14623880e+00 9.15680885e-01 
17 1680.15 2.09907484e+00 8.81498694e-01 
16 1681.34 2.21848583e+00 9.62526023e-01 
15 1682.53 2.43879533e+00 1.05614364e+00 
14 1683.73 2.68432140e+00 1.17704988e+00 
13 1684.92 2.59717393e+00 1.11675513e+00 
12 1686.11 2.27632546e+00 1.05384815e+00 
11 1687.29 1.90793347e+00 8.45072567e-01 
10 1688.48 1.64653921e+00 7.03063309e-01 
9 1689.67 1.42410159e+00 6.24043286e-01 
8 1690.85 1.45516539e+00 6.42335355e-01 
7 1692.03 1.31608891e+00 5.67554653e-01 
6 1693.22 1.31269097e+00 5.67240298e-01 
5 1694.40 1.12715161e+00 4.81057882e-01 
4 1695.58 1.03077626e+00 4.37702060e-01 
3 1696.75 8.15736353e-01 3.57322127e-01 
2 1697.93 6.25650585e-01 2.60052234e-01 
1 1699.11 3.81359696e-01 1.69471949e-01 
0 1700.28 2.39638567e-01 8.99353251e-02 
