% C0 (TOA Count Rate, /ms) for 4STAR VIS spectrometer (1044 channels) derived from /data/sunsat/TMF_2024/data_processed/allstarmats/4STARB_20240716starsun.mat and recorded on 2024-07-16 18:05:44.
% Data outside 1.8x the STD of 501 nm Langley residuals were screened out. For instrument:4STARB
Pix Wavelength C0 C0err
0 171.23 -1.00000000e+00 -1.00000000e+00 
1 172.04 6.82352902e-03 2.04705866e-04 
2 172.86 1.23026725e-02 3.69080168e-04 
3 173.67 8.18953570e-03 2.45686068e-04 
4 174.48 2.34234476e+00 7.02703446e-02 
5 175.29 2.51512671e+00 7.54538029e-02 
6 176.11 2.54064226e+00 7.62192681e-02 
7 176.92 2.57927370e+00 7.73782134e-02 
8 177.73 2.60840344e+00 7.82521069e-02 
9 178.54 2.65012169e+00 7.95036480e-02 
10 179.36 2.59094954e+00 7.77284876e-02 
11 180.17 2.53417158e+00 7.60251507e-02 
12 180.98 2.47357011e+00 7.42071047e-02 
13 181.79 2.42550492e+00 7.27651492e-02 
14 182.61 2.37287736e+00 7.11863190e-02 
15 183.42 2.32108617e+00 6.96325824e-02 
16 184.23 2.29223394e+00 6.87670186e-02 
17 185.04 2.22975421e+00 6.68926239e-02 
18 185.86 2.20609403e+00 6.61828220e-02 
19 186.67 2.15158916e+00 6.45476729e-02 
20 187.48 2.11861587e+00 6.35584742e-02 
21 188.29 2.10211658e+00 6.30634949e-02 
22 189.11 2.05367184e+00 6.16101548e-02 
23 189.92 2.02993155e+00 6.08979464e-02 
24 190.73 1.98537195e+00 5.95611595e-02 
25 191.54 1.96027398e+00 5.88082187e-02 
26 192.36 1.92696965e+00 5.78090884e-02 
27 193.17 1.90291119e+00 5.70873357e-02 
28 193.98 1.87808895e+00 5.63426688e-02 
29 194.79 1.83954811e+00 5.51864430e-02 
30 195.61 1.81355190e+00 5.44065572e-02 
31 196.42 1.78673339e+00 5.36020026e-02 
32 197.23 1.76654720e+00 5.29964156e-02 
33 198.04 1.73626268e+00 5.20878807e-02 
34 198.86 1.71523941e+00 5.14571816e-02 
35 199.67 1.69296050e+00 5.07888161e-02 
36 200.48 1.67293692e+00 5.01881093e-02 
37 201.29 1.66247821e+00 4.98743467e-02 
38 202.11 1.63925159e+00 4.91775461e-02 
39 202.92 1.62861824e+00 4.88585457e-02 
40 203.73 1.60341012e+00 4.81023043e-02 
41 204.54 1.58832932e+00 4.76498790e-02 
42 205.36 1.57193112e+00 4.71579321e-02 
43 206.17 1.55816984e+00 4.67450954e-02 
44 206.98 1.54393566e+00 4.63180691e-02 
45 207.79 1.52914882e+00 4.58744653e-02 
46 208.61 1.51477802e+00 4.54433411e-02 
47 209.42 1.51145470e+00 4.53436412e-02 
48 210.23 1.51194203e+00 4.53582592e-02 
49 211.04 1.51976144e+00 4.55928445e-02 
50 211.86 1.53255916e+00 4.59767729e-02 
51 212.67 1.57299125e+00 4.71897386e-02 
52 213.48 1.61410367e+00 4.84231114e-02 
53 214.29 1.67580795e+00 5.02742380e-02 
54 215.11 1.71687925e+00 5.15063778e-02 
55 215.92 1.76738811e+00 5.30216433e-02 
56 216.73 1.82064819e+00 5.46194464e-02 
57 217.54 1.86877871e+00 5.60633615e-02 
58 218.35 1.91278183e+00 5.73834553e-02 
59 219.17 1.96915340e+00 5.90746030e-02 
60 219.98 2.01461673e+00 6.04385026e-02 
61 220.79 2.08734179e+00 6.26202524e-02 
62 221.60 2.15788746e+00 6.47366270e-02 
63 222.42 2.23245215e+00 6.69735670e-02 
64 223.23 2.31586146e+00 6.94758445e-02 
65 224.04 2.41638303e+00 7.24914894e-02 
66 224.85 2.53560519e+00 7.60681555e-02 
67 225.67 2.64059806e+00 7.92179406e-02 
68 226.48 2.79178977e+00 8.37536901e-02 
69 227.29 2.93071604e+00 8.79214779e-02 
70 228.10 3.08509111e+00 9.25527364e-02 
71 228.91 3.26872063e+00 9.80616212e-02 
72 229.73 3.47034216e+00 1.04110263e-01 
73 230.54 3.67733717e+00 1.10320114e-01 
74 231.35 3.93787694e+00 1.18136309e-01 
75 232.16 4.16934586e+00 1.25080377e-01 
76 232.97 4.44747400e+00 1.33424222e-01 
77 233.79 4.73966932e+00 1.42190084e-01 
78 234.60 5.09551525e+00 1.52865455e-01 
79 235.41 5.41935968e+00 1.62580788e-01 
80 236.22 5.83121586e+00 1.74936473e-01 
81 237.04 6.26590538e+00 1.87977165e-01 
82 237.85 6.68299770e+00 2.00489938e-01 
83 238.66 7.11609030e+00 2.13482708e-01 
84 239.47 7.61640120e+00 2.28492036e-01 
85 240.28 8.14274979e+00 2.44282499e-01 
86 241.10 8.64542389e+00 2.59362727e-01 
87 241.91 9.19300556e+00 2.75790155e-01 
88 242.72 9.78334618e+00 2.93500394e-01 
89 243.53 1.03492699e+01 3.10478091e-01 
90 244.34 1.09718018e+01 3.29154044e-01 
91 245.16 1.15437050e+01 3.46311152e-01 
92 245.97 1.21166124e+01 3.63498360e-01 
93 246.78 1.26723804e+01 3.80171418e-01 
94 247.59 1.31526833e+01 3.94580483e-01 
95 248.40 1.34621773e+01 4.03865308e-01 
96 249.22 1.33720198e+01 4.01160598e-01 
97 250.03 1.31799564e+01 3.95398706e-01 
98 250.84 1.31302500e+01 3.93907487e-01 
99 251.65 1.30737228e+01 3.92211676e-01 
100 252.46 1.30522709e+01 3.91568124e-01 
101 253.27 1.30448790e+01 3.91346365e-01 
102 254.09 1.32635298e+01 3.97905886e-01 
103 254.90 1.33572350e+01 4.00717050e-01 
104 255.71 1.34845343e+01 4.04536039e-01 
105 256.52 1.37578907e+01 4.12736714e-01 
106 257.33 1.39816914e+01 4.19450730e-01 
107 258.15 1.43614693e+01 4.30844069e-01 
108 258.96 1.41013794e+01 4.23041373e-01 
109 259.77 1.37314129e+01 4.11942393e-01 
110 260.58 1.31592579e+01 3.94777745e-01 
111 261.39 1.26250229e+01 3.78750682e-01 
112 262.20 1.20670719e+01 3.62012148e-01 
113 263.02 1.14367790e+01 3.43103379e-01 
114 263.83 1.09597969e+01 3.28793913e-01 
115 264.64 1.02872763e+01 3.08618277e-01 
116 265.45 9.66947746e+00 2.90084332e-01 
117 266.26 9.10700130e+00 2.73210049e-01 
118 267.07 8.46884823e+00 2.54065454e-01 
119 267.89 7.91560555e+00 2.37468168e-01 
120 268.70 7.36769295e+00 2.21030787e-01 
121 269.51 6.86243010e+00 2.05872908e-01 
122 270.32 6.35688686e+00 1.90706611e-01 
123 271.13 5.89909744e+00 1.76972926e-01 
124 271.94 5.45392132e+00 1.63617641e-01 
125 272.75 5.04940462e+00 1.51482135e-01 
126 273.57 4.67908335e+00 1.40372500e-01 
127 274.38 4.30519199e+00 1.29155755e-01 
128 275.19 3.98496032e+00 1.19548813e-01 
129 276.00 3.68741226e+00 1.10622369e-01 
130 276.81 3.43399930e+00 1.03019983e-01 
131 277.62 3.20732331e+00 9.62196961e-02 
132 278.43 2.96517205e+00 8.89551640e-02 
133 279.25 2.77710772e+00 8.33132342e-02 
134 280.06 2.59012938e+00 7.77038783e-02 
135 280.87 2.42660403e+00 7.27981180e-02 
136 281.68 2.28079033e+00 6.84237108e-02 
137 282.49 2.13593698e+00 6.40781075e-02 
138 283.30 2.02741075e+00 6.08223230e-02 
139 284.11 1.92625308e+00 5.77875935e-02 
140 284.93 1.83667159e+00 5.51001467e-02 
141 285.74 1.73884940e+00 5.21654822e-02 
142 286.55 1.66957402e+00 5.00872210e-02 
143 287.36 1.59133053e+00 4.77399155e-02 
144 288.17 1.54119790e+00 4.62359376e-02 
145 288.98 1.48843336e+00 4.46530022e-02 
146 289.79 1.44653583e+00 4.33960743e-02 
147 290.60 1.39123535e+00 4.17370610e-02 
148 291.42 1.34937453e+00 4.04812358e-02 
149 292.23 1.32449234e+00 3.97347696e-02 
150 293.04 1.29539943e+00 3.88619825e-02 
151 293.85 1.26369059e+00 3.79107185e-02 
152 294.66 1.25824058e+00 3.77472192e-02 
153 295.47 1.24137032e+00 3.72411087e-02 
154 296.28 1.22069252e+00 3.66207771e-02 
155 297.09 1.21759343e+00 3.65278013e-02 
156 297.90 1.21154821e+00 3.63464467e-02 
157 298.71 1.20750093e+00 3.62250283e-02 
158 299.53 1.21721578e+00 3.65164727e-02 
159 300.34 1.23971725e+00 3.71915177e-02 
160 301.15 1.27667785e+00 3.83003354e-02 
161 301.96 1.33887386e+00 4.01662141e-02 
162 302.77 1.46176720e+00 4.38530147e-02 
163 303.58 1.58610308e+00 4.75830920e-02 
164 304.39 1.75385201e+00 5.26155606e-02 
165 305.20 1.96204662e+00 5.88613972e-02 
166 306.01 2.20973158e+00 6.62919506e-02 
167 306.82 2.60978699e+00 7.82936066e-02 
168 307.63 3.05233049e+00 9.15699154e-02 
169 308.44 3.41277766e+00 1.02383330e-01 
170 309.26 3.86069751e+00 1.15820922e-01 
171 310.07 4.88535452e+00 1.46560639e-01 
172 310.88 6.18327904e+00 1.85498372e-01 
173 311.69 7.23514080e+00 2.17054218e-01 
174 312.50 8.26698685e+00 2.48009607e-01 
175 313.31 9.47006035e+00 2.84101814e-01 
176 314.12 1.06522112e+01 3.19566339e-01 
177 314.93 1.14845905e+01 3.44537705e-01 
178 315.74 1.26064463e+01 3.78193378e-01 
179 316.55 1.50169296e+01 4.50507879e-01 
180 317.36 1.71790581e+01 5.15371740e-01 
181 318.17 1.83388824e+01 5.50166488e-01 
182 318.98 2.02347755e+01 6.07043266e-01 
183 319.79 2.29431992e+01 6.88295960e-01 
184 320.60 2.47219658e+01 7.41658986e-01 
185 321.41 2.50284138e+01 7.50852406e-01 
186 322.22 2.49829788e+01 7.49489367e-01 
187 323.04 2.66381607e+01 7.99144804e-01 
188 323.85 3.02644024e+01 9.07932043e-01 
189 324.66 3.49746628e+01 1.04923987e+00 
190 325.47 4.09725113e+01 1.22917533e+00 
191 326.28 4.60479431e+01 1.38143826e+00 
192 327.09 4.74629021e+01 1.42388701e+00 
193 327.90 4.77612228e+01 1.43283665e+00 
194 328.71 5.17426147e+01 1.55227840e+00 
195 329.52 5.63932838e+01 1.69179857e+00 
196 330.33 5.64094200e+01 1.69228256e+00 
197 331.14 5.53437424e+01 1.66031229e+00 
198 331.95 5.59566956e+01 1.67870092e+00 
199 332.76 5.60624313e+01 1.68187296e+00 
200 333.57 5.69056015e+01 1.70716810e+00 
201 334.38 5.89081078e+01 1.76724327e+00 
202 335.19 5.89117050e+01 1.76735115e+00 
203 336.00 5.55060692e+01 1.66518211e+00 
204 336.81 5.46775093e+01 1.64032531e+00 
205 337.62 5.81122513e+01 1.74336755e+00 
206 338.43 6.23716011e+01 1.87114799e+00 
207 339.24 6.62858810e+01 1.98857641e+00 
208 340.05 6.87246399e+01 2.06173921e+00 
209 340.86 6.80340195e+01 2.04102063e+00 
210 341.67 6.86334381e+01 2.05900311e+00 
211 342.48 7.04232330e+01 2.11269689e+00 
212 343.29 6.77448730e+01 2.03234625e+00 
213 344.10 6.36370506e+01 1.90911150e+00 
214 344.91 6.55032883e+01 1.96509862e+00 
215 345.72 6.87827301e+01 2.06348181e+00 
216 346.53 6.97815704e+01 2.09344721e+00 
217 347.34 6.96760025e+01 2.09028006e+00 
218 348.15 6.93704147e+01 2.08111238e+00 
219 348.96 7.04693909e+01 2.11408162e+00 
220 349.77 7.48704071e+01 2.24611211e+00 
221 350.58 7.85970078e+01 2.35791016e+00 
222 351.39 7.75539322e+01 2.32661796e+00 
223 352.19 7.58913879e+01 2.27674174e+00 
224 353.00 7.92576599e+01 2.37772989e+00 
225 353.81 8.54103928e+01 2.56231189e+00 
226 354.62 8.76971893e+01 2.63091564e+00 
227 355.43 8.47329559e+01 2.54198861e+00 
228 356.24 7.79854355e+01 2.33956313e+00 
229 357.05 7.07660828e+01 2.12298250e+00 
230 357.86 6.63446960e+01 1.99034083e+00 
231 358.67 7.01878662e+01 2.10563588e+00 
232 359.48 8.06496735e+01 2.41949010e+00 
233 360.29 8.28596039e+01 2.48578811e+00 
234 361.10 7.96576462e+01 2.38972950e+00 
235 361.91 8.18626709e+01 2.45588017e+00 
236 362.72 8.61638489e+01 2.58491540e+00 
237 363.53 8.83192444e+01 2.64957738e+00 
238 364.34 9.11111526e+01 2.73333454e+00 
239 365.14 9.77801132e+01 2.93340349e+00 
240 365.95 1.05102173e+02 3.15306520e+00 
241 366.76 1.06400734e+02 3.19202209e+00 
242 367.57 1.04145767e+02 3.12437296e+00 
243 368.38 1.03986229e+02 3.11958694e+00 
244 369.19 1.07969627e+02 3.23908877e+00 
245 370.00 1.09465881e+02 3.28397655e+00 
246 370.81 1.08176529e+02 3.24529576e+00 
247 371.62 1.06009521e+02 3.18028569e+00 
248 372.43 1.00642792e+02 3.01928377e+00 
249 373.24 9.48548813e+01 2.84564638e+00 
250 374.04 9.30186691e+01 2.79056001e+00 
251 374.85 9.84099884e+01 2.95229959e+00 
252 375.66 1.07261993e+02 3.21785975e+00 
253 376.47 1.16494820e+02 3.49484468e+00 
254 377.28 1.28291534e+02 3.84874606e+00 
255 378.09 1.33928101e+02 4.01784325e+00 
256 378.90 1.28265167e+02 3.84795499e+00 
257 379.71 1.24818527e+02 3.74455571e+00 
258 380.51 1.26016205e+02 3.78048611e+00 
259 381.32 1.17783691e+02 3.53351068e+00 
260 382.13 1.01567856e+02 3.04703569e+00 
261 382.94 9.18472900e+01 2.75541878e+00 
262 383.75 9.75414581e+01 2.92624378e+00 
263 384.56 1.11047081e+02 3.33141232e+00 
264 385.37 1.18286026e+02 3.54858088e+00 
265 386.17 1.20286911e+02 3.60860729e+00 
266 386.98 1.21774124e+02 3.65322375e+00 
267 387.79 1.23563805e+02 3.70691419e+00 
268 388.60 1.30543442e+02 3.91630316e+00 
269 389.41 1.42932739e+02 4.28798199e+00 
270 390.22 1.54133179e+02 4.62399530e+00 
271 391.02 1.58015579e+02 4.74046755e+00 
272 391.83 1.45069153e+02 4.35207462e+00 
273 392.64 1.19179535e+02 3.57538605e+00 
274 393.45 1.09790138e+02 3.29370403e+00 
275 394.26 1.29370193e+02 3.88110590e+00 
276 395.07 1.48268158e+02 4.44804478e+00 
277 395.87 1.41351898e+02 4.24055672e+00 
278 396.68 1.31982269e+02 3.95946813e+00 
279 397.49 1.52627365e+02 4.57882118e+00 
280 398.30 1.89152985e+02 5.67458963e+00 
281 399.11 2.14439209e+02 6.43317604e+00 
282 399.91 2.26981628e+02 6.80944872e+00 
283 400.72 2.35339813e+02 7.06019449e+00 
284 401.53 2.41992188e+02 7.25976562e+00 
285 402.34 2.44056519e+02 7.32169533e+00 
286 403.15 2.42676498e+02 7.28029490e+00 
287 403.95 2.41061966e+02 7.23185921e+00 
288 404.76 2.39637390e+02 7.18912172e+00 
289 405.57 2.38041046e+02 7.14123154e+00 
290 406.38 2.37864716e+02 7.13594151e+00 
291 407.18 2.42408646e+02 7.27225924e+00 
292 407.99 2.50925964e+02 7.52777910e+00 
293 408.80 2.54928894e+02 7.64786673e+00 
294 409.61 2.51666611e+02 7.54999828e+00 
295 410.41 2.53931747e+02 7.61795235e+00 
296 411.22 2.64881439e+02 7.94644308e+00 
297 412.03 2.72934906e+02 8.18804741e+00 
298 412.84 2.75044739e+02 8.25134182e+00 
299 413.64 2.76189972e+02 8.28569889e+00 
300 414.45 2.78118958e+02 8.34356880e+00 
301 415.26 2.81152557e+02 8.43457699e+00 
302 416.07 2.83796997e+02 8.51391029e+00 
303 416.87 2.82491943e+02 8.47475815e+00 
304 417.68 2.79954437e+02 8.39863300e+00 
305 418.49 2.79944427e+02 8.39833260e+00 
306 419.30 2.82534241e+02 8.47602749e+00 
307 420.10 2.88287445e+02 8.64862347e+00 
308 420.91 2.93949432e+02 8.81848335e+00 
309 421.72 2.93267334e+02 8.79802036e+00 
310 422.52 2.89739716e+02 8.69219112e+00 
311 423.33 2.90190460e+02 8.70571423e+00 
312 424.14 2.93350281e+02 8.80050850e+00 
313 424.95 2.95010590e+02 8.85031796e+00 
314 425.75 2.94475250e+02 8.83425713e+00 
315 426.56 2.92174286e+02 8.76522827e+00 
316 427.37 2.89727570e+02 8.69182682e+00 
317 428.17 2.84485016e+02 8.53455067e+00 
318 428.98 2.71183868e+02 8.13551617e+00 
319 429.79 2.55613205e+02 7.66839600e+00 
320 430.59 2.57325684e+02 7.71977043e+00 
321 431.40 2.79206818e+02 8.37620449e+00 
322 432.21 3.01900146e+02 9.05700397e+00 
323 433.01 3.11205719e+02 9.33617115e+00 
324 433.82 3.13903595e+02 9.41710758e+00 
325 434.63 3.21829559e+02 9.65488720e+00 
326 435.43 3.34712830e+02 1.00413847e+01 
327 436.24 3.42920502e+02 1.02876148e+01 
328 437.05 3.39895935e+02 1.01968784e+01 
329 437.85 3.31958771e+02 9.95876312e+00 
330 438.66 3.30169708e+02 9.90509129e+00 
331 439.47 3.36201416e+02 1.00860424e+01 
332 440.27 3.46608398e+02 1.03982515e+01 
333 441.08 3.58701691e+02 1.07610512e+01 
334 441.89 3.69283020e+02 1.10784903e+01 
335 442.69 3.76038055e+02 1.12811413e+01 
336 443.50 3.79615509e+02 1.13884649e+01 
337 444.30 3.80052368e+02 1.14015713e+01 
338 445.11 3.77786438e+02 1.13335934e+01 
339 445.92 3.78888336e+02 1.13666496e+01 
340 446.72 3.86268219e+02 1.15880470e+01 
341 447.53 3.95652740e+02 1.18695822e+01 
342 448.33 4.02926819e+02 1.20878048e+01 
343 449.14 4.10017395e+02 1.23005219e+01 
344 449.95 4.18078949e+02 1.25423689e+01 
345 450.75 4.22449982e+02 1.26734991e+01 
346 451.56 4.18199158e+02 1.25459747e+01 
347 452.36 4.09584778e+02 1.22875433e+01 
348 453.17 4.05313202e+02 1.21593962e+01 
349 453.98 4.06609009e+02 1.21982698e+01 
350 454.78 4.11473999e+02 1.23442202e+01 
351 455.59 4.17954956e+02 1.25386486e+01 
352 456.39 4.23353210e+02 1.27005959e+01 
353 457.20 4.25645966e+02 1.27693787e+01 
354 458.00 4.24544067e+02 1.27363224e+01 
355 458.81 4.23409912e+02 1.27022972e+01 
356 459.61 4.25627289e+02 1.27688189e+01 
357 460.42 4.30860321e+02 1.29258099e+01 
358 461.23 4.36199707e+02 1.30859909e+01 
359 462.03 4.39210388e+02 1.31763115e+01 
360 462.84 4.38169495e+02 1.31450844e+01 
361 463.64 4.34300476e+02 1.30290146e+01 
362 464.45 4.31133057e+02 1.29339914e+01 
363 465.25 4.29069458e+02 1.28720837e+01 
364 466.06 4.28068512e+02 1.28420553e+01 
365 466.86 4.28581146e+02 1.28574343e+01 
366 467.67 4.30452301e+02 1.29135695e+01 
367 468.47 4.32184631e+02 1.29655390e+01 
368 469.28 4.31713806e+02 1.29514141e+01 
369 470.08 4.31642151e+02 1.29492645e+01 
370 470.89 4.35720337e+02 1.30716105e+01 
371 471.69 4.41665283e+02 1.32499580e+01 
372 472.50 4.46215027e+02 1.33864508e+01 
373 473.30 4.49746063e+02 1.34923820e+01 
374 474.11 4.52414917e+02 1.35724478e+01 
375 474.91 4.53842041e+02 1.36152611e+01 
376 475.72 4.55077911e+02 1.36523371e+01 
377 476.52 4.58145264e+02 1.37443581e+01 
378 477.33 4.62789734e+02 1.38836918e+01 
379 478.13 4.67042389e+02 1.40112715e+01 
380 478.93 4.69747345e+02 1.40924206e+01 
381 479.74 4.71647949e+02 1.41494389e+01 
382 480.54 4.73348328e+02 1.42004499e+01 
383 481.35 4.73877228e+02 1.42163172e+01 
384 482.15 4.72483063e+02 1.41744919e+01 
385 482.96 4.69020386e+02 1.40706120e+01 
386 483.76 4.61740753e+02 1.38522224e+01 
387 484.57 4.47501404e+02 1.34250422e+01 
388 485.37 4.29897827e+02 1.28969345e+01 
389 486.17 4.20892517e+02 1.26267757e+01 
390 486.98 4.24804504e+02 1.27441349e+01 
391 487.78 4.36642761e+02 1.30992832e+01 
392 488.59 4.50335114e+02 1.35100536e+01 
393 489.39 4.60803741e+02 1.38241119e+01 
394 490.19 4.64469482e+02 1.39340849e+01 
395 491.00 4.62555664e+02 1.38766699e+01 
396 491.80 4.59812317e+02 1.37943697e+01 
397 492.61 4.60646667e+02 1.38193998e+01 
398 493.41 4.65750488e+02 1.39725151e+01 
399 494.21 4.71647736e+02 1.41494322e+01 
400 495.02 4.75483612e+02 1.42645082e+01 
401 495.82 4.77401489e+02 1.43220444e+01 
402 496.63 4.76265778e+02 1.42879734e+01 
403 497.43 4.73027008e+02 1.41908102e+01 
404 498.23 4.69695374e+02 1.40908613e+01 
405 499.04 4.66374969e+02 1.39912491e+01 
406 499.84 4.62383423e+02 1.38715029e+01 
407 500.64 4.58813812e+02 1.37644148e+01 
408 501.45 4.58256470e+02 1.37476940e+01 
409 502.25 4.60629303e+02 1.38188791e+01 
410 503.05 4.64040894e+02 1.39212265e+01 
411 503.86 4.68480133e+02 1.40544043e+01 
412 504.66 4.74224884e+02 1.42267466e+01 
413 505.46 4.78349213e+02 1.43504763e+01 
414 506.27 4.79229095e+02 1.43768730e+01 
415 507.07 4.77163452e+02 1.43149033e+01 
416 507.87 4.75770721e+02 1.42731218e+01 
417 508.68 4.76180847e+02 1.42854252e+01 
418 509.48 4.78122070e+02 1.43436623e+01 
419 510.28 4.80141510e+02 1.44042454e+01 
420 511.08 4.80288727e+02 1.44086618e+01 
421 511.89 4.77517822e+02 1.43255348e+01 
422 512.69 4.72488464e+02 1.41746540e+01 
423 513.49 4.67468384e+02 1.40240517e+01 
424 514.30 4.63683899e+02 1.39105167e+01 
425 515.10 4.56817200e+02 1.37045164e+01 
426 515.90 4.44479858e+02 1.33343954e+01 
427 516.70 4.32418396e+02 1.29725523e+01 
428 517.51 4.26968079e+02 1.28090420e+01 
429 518.31 4.31151978e+02 1.29345589e+01 
430 519.11 4.41718353e+02 1.32515507e+01 
431 519.91 4.52424194e+02 1.35727262e+01 
432 520.72 4.60062744e+02 1.38018827e+01 
433 521.52 4.63242798e+02 1.38972836e+01 
434 522.32 4.65152802e+02 1.39545841e+01 
435 523.12 4.68914825e+02 1.40674448e+01 
436 523.93 4.72554260e+02 1.41766281e+01 
437 524.73 4.71685730e+02 1.41505718e+01 
438 525.53 4.64067230e+02 1.39220171e+01 
439 526.33 4.55870209e+02 1.36761065e+01 
440 527.13 4.55224823e+02 1.36567450e+01 
441 527.94 4.62118286e+02 1.38635483e+01 
442 528.74 4.71637604e+02 1.41491280e+01 
443 529.54 4.79575195e+02 1.43872557e+01 
444 530.34 4.83336548e+02 1.45000963e+01 
445 531.14 4.81848816e+02 1.44554644e+01 
446 531.95 4.77162537e+02 1.43148766e+01 
447 532.75 4.73657867e+02 1.42097359e+01 
448 533.55 4.73828186e+02 1.42148457e+01 
449 534.35 4.77560181e+02 1.43268051e+01 
450 535.15 4.80562958e+02 1.44168892e+01 
451 535.95 4.80253021e+02 1.44075909e+01 
452 536.76 4.78116364e+02 1.43434906e+01 
453 537.56 4.75907104e+02 1.42772131e+01 
454 538.36 4.72579285e+02 1.41773787e+01 
455 539.16 4.68063690e+02 1.40419111e+01 
456 539.96 4.64599487e+02 1.39379845e+01 
457 540.76 4.63879822e+02 1.39163942e+01 
458 541.56 4.65662994e+02 1.39698896e+01 
459 542.36 4.68982574e+02 1.40694771e+01 
460 543.17 4.72430115e+02 1.41729031e+01 
461 543.97 4.74767670e+02 1.42430305e+01 
462 544.77 4.76090027e+02 1.42827005e+01 
463 545.57 4.75331482e+02 1.42599449e+01 
464 546.37 4.73041443e+02 1.41912432e+01 
465 547.17 4.70228516e+02 1.41068554e+01 
466 547.97 4.68947021e+02 1.40684109e+01 
467 548.77 4.68844177e+02 1.40653257e+01 
468 549.57 4.69069794e+02 1.40720940e+01 
469 550.37 4.68696655e+02 1.40608997e+01 
470 551.17 4.67869781e+02 1.40360937e+01 
471 551.97 4.67349365e+02 1.40204811e+01 
472 552.78 4.67393921e+02 1.40218172e+01 
473 553.58 4.68636078e+02 1.40590820e+01 
474 554.38 4.69105133e+02 1.40731544e+01 
475 555.18 4.67489563e+02 1.40246868e+01 
476 555.98 4.64434937e+02 1.39330482e+01 
477 556.78 4.60542114e+02 1.38162632e+01 
478 557.58 4.55352905e+02 1.36605873e+01 
479 558.38 4.51336914e+02 1.35401077e+01 
480 559.18 4.50633057e+02 1.35189915e+01 
481 559.98 4.51542908e+02 1.35462875e+01 
482 560.78 4.53602753e+02 1.36080828e+01 
483 561.58 4.57026367e+02 1.37107906e+01 
484 562.38 4.59175140e+02 1.37752542e+01 
485 563.18 4.60471863e+02 1.38141556e+01 
486 563.98 4.61557373e+02 1.38467216e+01 
487 564.78 4.61588196e+02 1.38476458e+01 
488 565.58 4.60811432e+02 1.38243427e+01 
489 566.38 4.60621857e+02 1.38186560e+01 
490 567.18 4.62169830e+02 1.38650951e+01 
491 567.98 4.63807739e+02 1.39142323e+01 
492 568.78 4.63619995e+02 1.39085999e+01 
493 569.58 4.62171814e+02 1.38651543e+01 
494 570.38 4.60569794e+02 1.38170938e+01 
495 571.17 4.62213470e+02 1.38664045e+01 
496 571.97 4.67562897e+02 1.40268869e+01 
497 572.77 4.73220825e+02 1.41966248e+01 
498 573.57 4.76222839e+02 1.42866850e+01 
499 574.37 4.75129822e+02 1.42538948e+01 
500 575.17 4.72687225e+02 1.41806164e+01 
501 575.97 4.71220612e+02 1.41366186e+01 
502 576.77 4.69094177e+02 1.40728254e+01 
503 577.57 4.65725616e+02 1.39717684e+01 
504 578.37 4.62395996e+02 1.38718796e+01 
505 579.17 4.60367798e+02 1.38110342e+01 
506 579.96 4.59569214e+02 1.37870760e+01 
507 580.76 4.59384308e+02 1.37815294e+01 
508 581.56 4.59328674e+02 1.37798605e+01 
509 582.36 4.58917969e+02 1.37675390e+01 
510 583.16 4.57344208e+02 1.37203264e+01 
511 583.96 4.53690796e+02 1.36107235e+01 
512 584.76 4.48465454e+02 1.34539633e+01 
513 585.56 4.43649597e+02 1.33094883e+01 
514 586.35 4.40711029e+02 1.32213306e+01 
515 587.15 4.36156250e+02 1.30846872e+01 
516 587.95 4.26993347e+02 1.28098001e+01 
517 588.75 4.17703735e+02 1.25311117e+01 
518 589.55 4.14503906e+02 1.24351168e+01 
519 590.35 4.17503418e+02 1.25251026e+01 
520 591.14 4.23379456e+02 1.27013836e+01 
521 591.94 4.27742462e+02 1.28322735e+01 
522 592.74 4.29617096e+02 1.28885126e+01 
523 593.54 4.29818115e+02 1.28945436e+01 
524 594.34 4.29892303e+02 1.28967695e+01 
525 595.13 4.30941071e+02 1.29282322e+01 
526 595.93 4.32596588e+02 1.29778976e+01 
527 596.73 4.33856293e+02 1.30156889e+01 
528 597.53 4.34310242e+02 1.30293074e+01 
529 598.32 4.34321411e+02 1.30296421e+01 
530 599.12 4.33975281e+02 1.30192585e+01 
531 599.92 4.33620300e+02 1.30086088e+01 
532 600.72 4.32909424e+02 1.29872828e+01 
533 601.51 4.33351196e+02 1.30005360e+01 
534 602.31 4.35998840e+02 1.30799656e+01 
535 603.11 4.40064240e+02 1.32019272e+01 
536 603.91 4.43348694e+02 1.33004608e+01 
537 604.70 4.44973328e+02 1.33492002e+01 
538 605.50 4.45019165e+02 1.33505745e+01 
539 606.30 4.44740417e+02 1.33422127e+01 
540 607.10 4.43780365e+02 1.33134108e+01 
541 607.89 4.41947571e+02 1.32584267e+01 
542 608.69 4.39695709e+02 1.31908712e+01 
543 609.49 4.37771881e+02 1.31331568e+01 
544 610.28 4.37131073e+02 1.31139326e+01 
545 611.08 4.37108582e+02 1.31132574e+01 
546 611.88 4.35990295e+02 1.30797091e+01 
547 612.67 4.34006104e+02 1.30201836e+01 
548 613.47 4.32031342e+02 1.29609404e+01 
549 614.27 4.30315826e+02 1.29094744e+01 
550 615.06 4.27554443e+02 1.28266335e+01 
551 615.86 4.24804504e+02 1.27441349e+01 
552 616.66 4.24232239e+02 1.27269669e+01 
553 617.45 4.25994598e+02 1.27798376e+01 
554 618.25 4.28772888e+02 1.28631868e+01 
555 619.04 4.31478973e+02 1.29443693e+01 
556 619.84 4.32924896e+02 1.29877472e+01 
557 620.64 4.32745758e+02 1.29823723e+01 
558 621.43 4.31171906e+02 1.29351568e+01 
559 622.23 4.28964722e+02 1.28689413e+01 
560 623.02 4.26710632e+02 1.28013191e+01 
561 623.82 4.24038086e+02 1.27211428e+01 
562 624.62 4.21544067e+02 1.26463223e+01 
563 625.41 4.20744202e+02 1.26223259e+01 
564 626.21 4.20982239e+02 1.26294670e+01 
565 627.00 4.20556091e+02 1.26166830e+01 
566 627.80 4.19654816e+02 1.25896444e+01 
567 628.59 4.18346161e+02 1.25503845e+01 
568 629.39 4.17122345e+02 1.25136700e+01 
569 630.19 4.16158783e+02 1.24847631e+01 
570 630.98 4.15366577e+02 1.24609976e+01 
571 631.78 4.15614441e+02 1.24684334e+01 
572 632.57 4.16076843e+02 1.24823055e+01 
573 633.37 4.16211792e+02 1.24863539e+01 
574 634.16 4.16281067e+02 1.24884319e+01 
575 634.96 4.15821594e+02 1.24746475e+01 
576 635.75 4.15188171e+02 1.24556456e+01 
577 636.55 4.15023865e+02 1.24507160e+01 
578 637.34 4.15450745e+02 1.24635220e+01 
579 638.14 4.15111938e+02 1.24533577e+01 
580 638.93 4.12725159e+02 1.23817549e+01 
581 639.73 4.09041595e+02 1.22712479e+01 
582 640.52 4.05225861e+02 1.21567755e+01 
583 641.32 4.02572876e+02 1.20771866e+01 
584 642.11 4.01650604e+02 1.20495186e+01 
585 642.90 4.01789490e+02 1.20536842e+01 
586 643.70 4.01460663e+02 1.20438194e+01 
587 644.49 3.99551086e+02 1.19865322e+01 
588 645.29 3.96033447e+02 1.18810034e+01 
589 646.08 3.92340576e+02 1.17702169e+01 
590 646.88 3.89284210e+02 1.16785259e+01 
591 647.67 3.86624603e+02 1.15987377e+01 
592 648.46 3.82811127e+02 1.14843340e+01 
593 649.26 3.79233765e+02 1.13770132e+01 
594 650.05 3.78531494e+02 1.13559446e+01 
595 650.85 3.79382080e+02 1.13814621e+01 
596 651.64 3.79449554e+02 1.13834867e+01 
597 652.43 3.78727783e+02 1.13618336e+01 
598 653.23 3.76790649e+02 1.13037195e+01 
599 654.02 3.70689148e+02 1.11206741e+01 
600 654.81 3.56897461e+02 1.07069235e+01 
601 655.61 3.39331421e+02 1.01799431e+01 
602 656.40 3.31374878e+02 9.94124603e+00 
603 657.20 3.38393585e+02 1.01518078e+01 
604 657.99 3.50384521e+02 1.05115356e+01 
605 658.78 3.57605286e+02 1.07281590e+01 
606 659.58 3.60452301e+02 1.08135691e+01 
607 660.37 3.62434326e+02 1.08730297e+01 
608 661.16 3.64025879e+02 1.09207764e+01 
609 661.95 3.64210083e+02 1.09263029e+01 
610 662.75 3.62924591e+02 1.08877373e+01 
611 663.54 3.62102661e+02 1.08630800e+01 
612 664.33 3.62914032e+02 1.08874207e+01 
613 665.13 3.63673828e+02 1.09102144e+01 
614 665.92 3.63153259e+02 1.08945980e+01 
615 666.71 3.61731934e+02 1.08519583e+01 
616 667.50 3.60949188e+02 1.08284760e+01 
617 668.30 3.60898071e+02 1.08269424e+01 
618 669.09 3.60079346e+02 1.08023806e+01 
619 669.88 3.58479584e+02 1.07543879e+01 
620 670.67 3.57166626e+02 1.07149992e+01 
621 671.47 3.56503204e+02 1.06950960e+01 
622 672.26 3.57176849e+02 1.07153053e+01 
623 673.05 3.58732147e+02 1.07619648e+01 
624 673.84 3.59628571e+02 1.07888575e+01 
625 674.64 3.59719482e+02 1.07915840e+01 
626 675.43 3.60107178e+02 1.08032150e+01 
627 676.22 3.61102570e+02 1.08330774e+01 
628 677.01 3.61758514e+02 1.08527555e+01 
629 677.80 3.61724548e+02 1.08517361e+01 
630 678.59 3.61197632e+02 1.08359289e+01 
631 679.39 3.60704529e+02 1.08211355e+01 
632 680.18 3.60392822e+02 1.08117847e+01 
633 680.97 3.60164001e+02 1.08049202e+01 
634 681.76 3.59794098e+02 1.07938232e+01 
635 682.55 3.58351746e+02 1.07505522e+01 
636 683.34 3.55527924e+02 1.06658373e+01 
637 684.14 3.52661804e+02 1.05798540e+01 
638 684.93 3.49849304e+02 1.04954796e+01 
639 685.72 3.40507202e+02 1.02152157e+01 
640 686.51 3.22872620e+02 9.68617821e+00 
641 687.30 3.11180939e+02 9.33542824e+00 
642 688.09 3.13097992e+02 9.39293957e+00 
643 688.88 3.18378601e+02 9.55135822e+00 
644 689.67 3.21387909e+02 9.64163685e+00 
645 690.46 3.24157196e+02 9.72471619e+00 
646 691.25 3.26648193e+02 9.79944611e+00 
647 692.04 3.27867554e+02 9.83602619e+00 
648 692.84 3.27248871e+02 9.81746578e+00 
649 693.63 3.24935303e+02 9.74805927e+00 
650 694.42 3.22676392e+02 9.68029213e+00 
651 695.21 3.22304108e+02 9.66912365e+00 
652 696.00 3.23718811e+02 9.71156406e+00 
653 696.79 3.24439392e+02 9.73318195e+00 
654 697.58 3.22177338e+02 9.66532040e+00 
655 698.37 3.18849884e+02 9.56549644e+00 
656 699.16 3.15966064e+02 9.47898197e+00 
657 699.95 3.12776581e+02 9.38329697e+00 
658 700.74 3.09447205e+02 9.28341579e+00 
659 701.53 3.06853760e+02 9.20561314e+00 
660 702.32 3.05896149e+02 9.17688465e+00 
661 703.11 3.07412048e+02 9.22236156e+00 
662 703.90 3.09922852e+02 9.29768562e+00 
663 704.69 3.11224426e+02 9.33673286e+00 
664 705.48 3.10338074e+02 9.31014252e+00 
665 706.27 3.09246735e+02 9.27740192e+00 
666 707.05 3.08501770e+02 9.25505352e+00 
667 707.84 3.07505859e+02 9.22517586e+00 
668 708.63 3.05878632e+02 9.17635918e+00 
669 709.42 3.04791046e+02 9.14373112e+00 
670 710.21 3.03875061e+02 9.11625195e+00 
671 711.00 3.02444519e+02 9.07333565e+00 
672 711.79 3.01164856e+02 9.03494549e+00 
673 712.58 3.00483917e+02 9.01451778e+00 
674 713.37 2.99537750e+02 8.98613262e+00 
675 714.16 2.97739929e+02 8.93219757e+00 
676 714.95 2.95464600e+02 8.86393833e+00 
677 715.73 2.90584259e+02 8.71752739e+00 
678 716.52 2.78734314e+02 8.36202908e+00 
679 717.31 2.63322235e+02 7.89966726e+00 
680 718.10 2.50846176e+02 7.52538538e+00 
681 718.89 2.44797775e+02 7.34393311e+00 
682 719.68 2.46126251e+02 7.38378763e+00 
683 720.46 2.54892181e+02 7.64676523e+00 
684 721.25 2.68319336e+02 8.04957962e+00 
685 722.04 2.75112305e+02 8.25336933e+00 
686 722.83 2.70266907e+02 8.10800743e+00 
687 723.62 2.61570496e+02 7.84711504e+00 
688 724.40 2.57309875e+02 7.71929646e+00 
689 725.19 2.57865540e+02 7.73596621e+00 
690 725.98 2.60442169e+02 7.81326485e+00 
691 726.77 2.61669922e+02 7.85009766e+00 
692 727.56 2.61326874e+02 7.83980608e+00 
693 728.34 2.61503632e+02 7.84510899e+00 
694 729.13 2.62916107e+02 7.88748312e+00 
695 729.92 2.65661499e+02 7.96984482e+00 
696 730.71 2.68084167e+02 8.04252529e+00 
697 731.49 2.71820038e+02 8.15460110e+00 
698 732.28 2.76987518e+02 8.30962563e+00 
699 733.07 2.81824615e+02 8.45473862e+00 
700 733.85 2.85343628e+02 8.56030846e+00 
701 734.64 2.85818329e+02 8.57454967e+00 
702 735.43 2.84788879e+02 8.54366684e+00 
703 736.22 2.85220245e+02 8.55660725e+00 
704 737.00 2.86858063e+02 8.60574150e+00 
705 737.79 2.86338074e+02 8.59014225e+00 
706 738.58 2.83832031e+02 8.51496124e+00 
707 739.36 2.83860870e+02 8.51582623e+00 
708 740.15 2.85023651e+02 8.55070972e+00 
709 740.94 2.83673065e+02 8.51019192e+00 
710 741.72 2.82345703e+02 8.47037125e+00 
711 742.51 2.82987274e+02 8.48961830e+00 
712 743.29 2.83616669e+02 8.50850010e+00 
713 744.08 2.82143280e+02 8.46429825e+00 
714 744.87 2.80410004e+02 8.41230011e+00 
715 745.65 2.79800171e+02 8.39400482e+00 
716 746.44 2.79521057e+02 8.38563156e+00 
717 747.22 2.79769623e+02 8.39308834e+00 
718 748.01 2.78686584e+02 8.36059761e+00 
719 748.80 2.76206573e+02 8.28619766e+00 
720 749.58 2.74177368e+02 8.22532082e+00 
721 750.37 2.72628998e+02 8.17887020e+00 
722 751.15 2.70696136e+02 8.12088394e+00 
723 751.94 2.68862122e+02 8.06586361e+00 
724 752.72 2.67325775e+02 8.01977348e+00 
725 753.51 2.67212860e+02 8.01638603e+00 
726 754.29 2.66446655e+02 7.99339962e+00 
727 755.08 2.63614838e+02 7.90844536e+00 
728 755.86 2.60776184e+02 7.82328558e+00 
729 756.65 2.58903046e+02 7.76709127e+00 
730 757.43 2.56672150e+02 7.70016432e+00 
731 758.22 2.46552750e+02 7.39658260e+00 
732 759.00 2.08836731e+02 6.26510191e+00 
733 759.79 1.49038864e+02 4.47116613e+00 
734 760.57 1.20162163e+02 3.60486484e+00 
735 761.36 1.38146103e+02 4.14438295e+00 
736 762.14 1.59177765e+02 4.77533293e+00 
737 762.93 1.63995926e+02 4.91987801e+00 
738 763.71 1.69272095e+02 5.07816267e+00 
739 764.50 1.80734756e+02 5.42204285e+00 
740 765.28 1.93841583e+02 5.81524754e+00 
741 766.06 2.06129196e+02 6.18387604e+00 
742 766.85 2.17847076e+02 6.53541231e+00 
743 767.63 2.26752930e+02 6.80258799e+00 
744 768.42 2.31205170e+02 6.93615532e+00 
745 769.20 2.33339081e+02 7.00017262e+00 
746 769.98 2.34627853e+02 7.03883553e+00 
747 770.77 2.34439301e+02 7.03317881e+00 
748 771.55 2.33416992e+02 7.00250959e+00 
749 772.33 2.33523972e+02 7.00571918e+00 
750 773.12 2.34136108e+02 7.02408314e+00 
751 773.90 2.33150574e+02 6.99451733e+00 
752 774.68 2.31447403e+02 6.94342232e+00 
753 775.47 2.30948547e+02 6.92845631e+00 
754 776.25 2.30760635e+02 6.92281914e+00 
755 777.03 2.29820648e+02 6.89461946e+00 
756 777.82 2.28769394e+02 6.86308193e+00 
757 778.60 2.27861313e+02 6.83583927e+00 
758 779.38 2.26823227e+02 6.80469704e+00 
759 780.17 2.26355499e+02 6.79066515e+00 
760 780.95 2.26615662e+02 6.79847002e+00 
761 781.73 2.26912476e+02 6.80737448e+00 
762 782.51 2.26010590e+02 6.78031778e+00 
763 783.30 2.24308319e+02 6.72924948e+00 
764 784.08 2.23497986e+02 6.70493937e+00 
765 784.86 2.23549667e+02 6.70649004e+00 
766 785.64 2.23493393e+02 6.70480156e+00 
767 786.43 2.22758102e+02 6.68274307e+00 
768 787.21 2.20717789e+02 6.62153387e+00 
769 787.99 2.18627563e+02 6.55882692e+00 
770 788.77 2.17028305e+02 6.51084900e+00 
771 789.55 2.16019073e+02 6.48057222e+00 
772 790.34 2.15218750e+02 6.45656252e+00 
773 791.12 2.14254303e+02 6.42762899e+00 
774 791.90 2.12544800e+02 6.37634420e+00 
775 792.68 2.10441833e+02 6.31325483e+00 
776 793.46 2.09037079e+02 6.27111244e+00 
777 794.24 2.08817307e+02 6.26451921e+00 
778 795.02 2.08907242e+02 6.26721716e+00 
779 795.81 2.08576691e+02 6.25730085e+00 
780 796.59 2.08809738e+02 6.26429224e+00 
781 797.37 2.10336792e+02 6.31010389e+00 
782 798.15 2.11452850e+02 6.34358549e+00 
783 798.93 2.10503159e+02 6.31509495e+00 
784 799.71 2.07952927e+02 6.23858786e+00 
785 800.49 2.05561768e+02 6.16685295e+00 
786 801.27 2.04574738e+02 6.13724232e+00 
787 802.05 2.04683044e+02 6.14049149e+00 
788 802.83 2.04843353e+02 6.14530039e+00 
789 803.61 2.03946320e+02 6.11838961e+00 
790 804.39 2.02369232e+02 6.07107687e+00 
791 805.18 2.01526443e+02 6.04579353e+00 
792 805.96 2.02079269e+02 6.06237793e+00 
793 806.74 2.02848709e+02 6.08546114e+00 
794 807.52 2.02216721e+02 6.06650162e+00 
795 808.30 1.99958145e+02 5.99874449e+00 
796 809.08 1.97174026e+02 5.91522074e+00 
797 809.86 1.95225830e+02 5.85677481e+00 
798 810.64 1.94582062e+02 5.83746195e+00 
799 811.41 1.93474701e+02 5.80424118e+00 
800 812.19 1.90012589e+02 5.70037746e+00 
801 812.97 1.84085663e+02 5.52256966e+00 
802 813.75 1.77566650e+02 5.32699966e+00 
803 814.53 1.72077240e+02 5.16231728e+00 
804 815.31 1.68069122e+02 5.04207373e+00 
805 816.09 1.65486328e+02 4.96459007e+00 
806 816.87 1.63682419e+02 4.91047239e+00 
807 817.65 1.62315872e+02 4.86947632e+00 
808 818.43 1.61821823e+02 4.85465479e+00 
809 819.21 1.63629730e+02 4.90889168e+00 
810 819.99 1.67439423e+02 5.02318287e+00 
811 820.77 1.68992798e+02 5.06978416e+00 
812 821.54 1.65073441e+02 4.95220327e+00 
813 822.32 1.58567017e+02 4.75701046e+00 
814 823.10 1.56242264e+02 4.68726778e+00 
815 823.88 1.59896439e+02 4.79689312e+00 
816 824.66 1.66098541e+02 4.98295641e+00 
817 825.44 1.70070374e+02 5.10211134e+00 
818 826.21 1.69877640e+02 5.09632921e+00 
819 826.99 1.66787918e+02 5.00363731e+00 
820 827.77 1.63542847e+02 4.90628529e+00 
821 828.55 1.61840027e+02 4.85520077e+00 
822 829.33 1.62097992e+02 4.86293983e+00 
823 830.10 1.63005493e+02 4.89016485e+00 
824 830.88 1.63189102e+02 4.89567327e+00 
825 831.66 1.62258606e+02 4.86775827e+00 
826 832.44 1.61083832e+02 4.83251476e+00 
827 833.21 1.61081528e+02 4.83244562e+00 
828 833.99 1.62736069e+02 4.88208199e+00 
829 834.77 1.64874420e+02 4.94623280e+00 
830 835.55 1.66173889e+02 4.98521662e+00 
831 836.32 1.66151611e+02 4.98454857e+00 
832 837.10 1.65339233e+02 4.96017694e+00 
833 837.88 1.64959198e+02 4.94877577e+00 
834 838.65 1.65445221e+02 4.96335649e+00 
835 839.43 1.66174286e+02 4.98522854e+00 
836 840.21 1.66275497e+02 4.98826504e+00 
837 840.98 1.65263794e+02 4.95791388e+00 
838 841.76 1.63323547e+02 4.89970636e+00 
839 842.54 1.61586578e+02 4.84759712e+00 
840 843.31 1.61051880e+02 4.83155632e+00 
841 844.09 1.61533646e+02 4.84600925e+00 
842 844.87 1.62159225e+02 4.86477661e+00 
843 845.64 1.61891602e+02 4.85674810e+00 
844 846.42 1.60405106e+02 4.81215334e+00 
845 847.19 1.58104355e+02 4.74313068e+00 
846 847.97 1.55554199e+02 4.66662598e+00 
847 848.75 1.53785782e+02 4.61357355e+00 
848 849.52 1.52622849e+02 4.57868528e+00 
849 850.30 1.51877838e+02 4.55633497e+00 
850 851.07 1.50784256e+02 4.52352762e+00 
851 851.85 1.48442749e+02 4.45328236e+00 
852 852.62 1.45426392e+02 4.36279154e+00 
853 853.40 1.42951965e+02 4.28855896e+00 
854 854.17 1.42366272e+02 4.27098799e+00 
855 854.95 1.44071716e+02 4.32215166e+00 
856 855.72 1.47272736e+02 4.41818190e+00 
857 856.50 1.49954102e+02 4.49862289e+00 
858 857.27 1.51126526e+02 4.53379583e+00 
859 858.05 1.51246857e+02 4.53740549e+00 
860 858.82 1.51312851e+02 4.53938532e+00 
861 859.60 1.51535385e+02 4.54606152e+00 
862 860.37 1.51461121e+02 4.54383373e+00 
863 861.15 1.50621857e+02 4.51865578e+00 
864 861.92 1.49022034e+02 4.47066116e+00 
865 862.69 1.46962875e+02 4.40888643e+00 
866 863.47 1.44748672e+02 4.34246016e+00 
867 864.24 1.42451294e+02 4.27353859e+00 
868 865.02 1.40368164e+02 4.21104479e+00 
869 865.79 1.38509933e+02 4.15529823e+00 
870 866.56 1.36912827e+02 4.10738468e+00 
871 867.34 1.36300064e+02 4.08900213e+00 
872 868.11 1.36739212e+02 4.10217619e+00 
873 868.89 1.37772247e+02 4.13316727e+00 
874 869.66 1.38883011e+02 4.16649055e+00 
875 870.43 1.39528137e+02 4.18584394e+00 
876 871.21 1.39538177e+02 4.18614531e+00 
877 871.98 1.38732895e+02 4.16198683e+00 
878 872.75 1.37305756e+02 4.11917257e+00 
879 873.53 1.35992279e+02 4.07976818e+00 
880 874.30 1.35112900e+02 4.05338717e+00 
881 875.07 1.34978577e+02 4.04935741e+00 
882 875.84 1.35064072e+02 4.05192232e+00 
883 876.62 1.34819046e+02 4.04457140e+00 
884 877.39 1.33771088e+02 4.01313257e+00 
885 878.16 1.32177567e+02 3.96532702e+00 
886 878.93 1.30547974e+02 3.91643929e+00 
887 879.71 1.29417465e+02 3.88252401e+00 
888 880.48 1.28950104e+02 3.86850309e+00 
889 881.25 1.29099426e+02 3.87298274e+00 
890 882.02 1.29367233e+02 3.88101697e+00 
891 882.80 1.28992722e+02 3.86978173e+00 
892 883.57 1.28020935e+02 3.84062815e+00 
893 884.34 1.26579353e+02 3.79738069e+00 
894 885.11 1.25226234e+02 3.75678706e+00 
895 885.88 1.24301498e+02 3.72904491e+00 
896 886.65 1.23871399e+02 3.71614194e+00 
897 887.43 1.23687897e+02 3.71063685e+00 
898 888.20 1.23425659e+02 3.70276976e+00 
899 888.97 1.22764977e+02 3.68294930e+00 
900 889.74 1.21707542e+02 3.65122628e+00 
901 890.51 1.20449860e+02 3.61349583e+00 
902 891.28 1.19196587e+02 3.57589769e+00 
903 892.05 1.17735458e+02 3.53206372e+00 
904 892.82 1.15990807e+02 3.47972417e+00 
905 893.59 1.13845451e+02 3.41536355e+00 
906 894.36 1.11160934e+02 3.33482814e+00 
907 895.13 1.07991096e+02 3.23973298e+00 
908 895.91 1.04633080e+02 3.13899231e+00 
909 896.68 1.01475342e+02 3.04426026e+00 
910 897.45 9.88454361e+01 2.96536303e+00 
911 898.22 9.68467789e+01 2.90540338e+00 
912 898.99 9.55148163e+01 2.86544442e+00 
913 899.76 9.48023376e+01 2.84407020e+00 
914 900.53 9.46637039e+01 2.83991122e+00 
915 901.30 9.51168518e+01 2.85350561e+00 
916 902.07 9.60312271e+01 2.88093686e+00 
917 902.84 9.71403275e+01 2.91420984e+00 
918 903.61 9.80540009e+01 2.94162011e+00 
919 904.37 9.84537354e+01 2.95361209e+00 
920 905.14 9.79916992e+01 2.93975091e+00 
921 905.91 9.64537964e+01 2.89361382e+00 
922 906.68 9.42502747e+01 2.82750821e+00 
923 907.45 9.18815002e+01 2.75644493e+00 
924 908.22 8.98364334e+01 2.69509292e+00 
925 908.99 8.83692017e+01 2.65107608e+00 
926 909.76 8.75036621e+01 2.62510991e+00 
927 910.53 8.70938873e+01 2.61281657e+00 
928 911.30 8.68289948e+01 2.60486984e+00 
929 912.06 8.64227905e+01 2.59268379e+00 
930 912.83 8.56531067e+01 2.56959319e+00 
931 913.60 8.47999344e+01 2.54399800e+00 
932 914.37 8.42082443e+01 2.52624726e+00 
933 915.14 8.38294525e+01 2.51488352e+00 
934 915.91 8.38131409e+01 2.51439428e+00 
935 916.67 8.41333923e+01 2.52400184e+00 
936 917.44 8.44916840e+01 2.53475046e+00 
937 918.21 8.47307739e+01 2.54192328e+00 
938 918.98 8.48632812e+01 2.54589844e+00 
939 919.75 8.49156189e+01 2.54746866e+00 
940 920.51 8.47477875e+01 2.54243374e+00 
941 921.28 8.44662247e+01 2.53398681e+00 
942 922.05 8.39302063e+01 2.51790619e+00 
943 922.81 8.30651932e+01 2.49195576e+00 
944 923.58 8.17895126e+01 2.45368528e+00 
945 924.35 8.01313782e+01 2.40394139e+00 
946 925.12 7.80295868e+01 2.34088755e+00 
947 925.88 7.55866852e+01 2.26760054e+00 
948 926.65 7.26527176e+01 2.17958164e+00 
949 927.42 6.93099060e+01 2.07929707e+00 
950 928.18 6.55109711e+01 1.96532917e+00 
951 928.95 6.12103615e+01 1.83631086e+00 
952 929.72 5.66949081e+01 1.70084727e+00 
953 930.48 5.21106033e+01 1.56331813e+00 
954 931.25 4.76811905e+01 1.43043566e+00 
955 932.01 4.36892052e+01 1.31067610e+00 
956 932.78 4.03000221e+01 1.20900071e+00 
957 933.55 3.76468735e+01 1.12940621e+00 
958 934.31 3.58494453e+01 1.07548332e+00 
959 935.08 3.47156868e+01 1.04147065e+00 
960 935.84 3.41581612e+01 1.02474487e+00 
961 936.61 3.39887924e+01 1.01966381e+00 
962 937.38 3.40482178e+01 1.02144659e+00 
963 938.14 3.43174210e+01 1.02952266e+00 
964 938.91 3.47000961e+01 1.04100287e+00 
965 939.67 3.49538193e+01 1.04861462e+00 
966 940.44 3.50446167e+01 1.05133855e+00 
967 941.20 3.49048119e+01 1.04714441e+00 
968 941.97 3.45325546e+01 1.03597665e+00 
969 942.73 3.38993492e+01 1.01698053e+00 
970 943.50 3.31231041e+01 9.93693113e-01 
971 944.26 3.23989372e+01 9.71968114e-01 
972 945.02 3.19652672e+01 9.58958030e-01 
973 945.79 3.18402672e+01 9.55208004e-01 
974 946.55 3.19134102e+01 9.57402289e-01 
975 947.32 3.21986046e+01 9.65958118e-01 
976 948.08 3.25861206e+01 9.77583647e-01 
977 948.85 3.29860497e+01 9.89581466e-01 
978 949.61 3.33450050e+01 1.00035012e+00 
979 950.37 3.37573891e+01 1.01272166e+00 
980 951.14 3.41728668e+01 1.02518606e+00 
981 951.90 3.45734596e+01 1.03720379e+00 
982 952.66 3.49536629e+01 1.04860985e+00 
983 953.43 3.52888031e+01 1.05866408e+00 
984 954.19 3.56395340e+01 1.06918597e+00 
985 954.96 3.59901848e+01 1.07970560e+00 
986 955.72 3.62466621e+01 1.08739984e+00 
987 956.48 3.65300331e+01 1.09590101e+00 
988 957.24 3.69931870e+01 1.10979557e+00 
989 958.01 3.74725914e+01 1.12417769e+00 
990 958.77 3.79545898e+01 1.13863766e+00 
991 959.53 3.84867058e+01 1.15460122e+00 
992 960.30 3.90366974e+01 1.17110097e+00 
993 961.06 3.96204758e+01 1.18861425e+00 
994 961.82 4.02327728e+01 1.20698321e+00 
995 962.58 4.08729706e+01 1.22618914e+00 
996 963.34 4.15669022e+01 1.24700701e+00 
997 964.11 4.23664284e+01 1.27099288e+00 
998 964.87 4.31993408e+01 1.29598022e+00 
999 965.63 4.39483566e+01 1.31845069e+00 
1000 966.39 4.46216736e+01 1.33865023e+00 
1001 967.15 4.52517471e+01 1.35755241e+00 
1002 967.92 4.58483429e+01 1.37545025e+00 
1003 968.68 4.63437538e+01 1.39031267e+00 
1004 969.44 4.67706070e+01 1.40311825e+00 
1005 970.20 4.70727844e+01 1.41218352e+00 
1006 970.96 4.71975861e+01 1.41592753e+00 
1007 971.72 4.71401978e+01 1.41420591e+00 
1008 972.48 4.68984604e+01 1.40695381e+00 
1009 973.24 4.64999542e+01 1.39499867e+00 
1010 974.01 4.60589218e+01 1.38176763e+00 
1011 974.77 4.56355286e+01 1.36906588e+00 
1012 975.53 4.53388214e+01 1.36016464e+00 
1013 976.29 4.51551285e+01 1.35465384e+00 
1014 977.05 4.49955292e+01 1.34986591e+00 
1015 977.81 4.48373909e+01 1.34512174e+00 
1016 978.57 4.47007866e+01 1.34102356e+00 
1017 979.33 4.45869179e+01 1.33760750e+00 
1018 980.09 4.45639420e+01 1.33691823e+00 
1019 980.85 4.45871658e+01 1.33761501e+00 
1020 981.61 4.46466370e+01 1.33939910e+00 
1021 982.37 4.46602974e+01 1.33980894e+00 
1022 983.13 4.45914459e+01 1.33774340e+00 
1023 983.89 4.44416695e+01 1.33325005e+00 
1024 984.65 4.42583084e+01 1.32774925e+00 
1025 985.41 4.40929947e+01 1.32278979e+00 
1026 986.16 4.39723053e+01 1.31916916e+00 
1027 986.92 4.38372192e+01 1.31511652e+00 
1028 987.68 4.36021500e+01 1.30806446e+00 
1029 988.44 4.32293243e+01 1.29687977e+00 
1030 989.20 4.27853317e+01 1.28355992e+00 
1031 989.96 4.23666496e+01 1.27099943e+00 
1032 990.72 4.20436745e+01 1.26131022e+00 
1033 991.48 4.16788712e+01 1.25036609e+00 
1034 992.23 4.11804619e+01 1.23541391e+00 
1035 992.99 4.05801506e+01 1.21740448e+00 
1036 993.75 3.98987732e+01 1.19696319e+00 
1037 994.51 3.92432327e+01 1.17729700e+00 
1038 995.27 3.86053886e+01 1.15816164e+00 
1039 996.03 3.77950096e+01 1.13385034e+00 
1040 996.78 2.40905857e+00 7.22717568e-02 
1041 997.54 1.16619475e-01 3.49858426e-03 
1042 998.30 6.63702041e-02 1.99110620e-03 
1043 999.06 6.64984956e-02 1.99495489e-03 
