% C0 (TOA Count Rate, /ms) for 4STAR NIR spectrometer (512 channels) derived from C:\Users\sleblan2\Research\AirSHARP\data_2025\allstarmats\4STARB_20250510starsun.mat and recorded on 2025-07-31 14:19:46.
% Data C0 built to match AOD from 4STARB to AERONET spline fit for NRL_CEOBS_MBAYCAUSA within 200 m [Alt] and 360 seconds, measured on 20250510_3. Using the AERONET file: 250510_250510_NRL_CEOBS_MBAYCAUSA.lev15 as input for this comparison. Date of creation: 31-Jul-2025 14:19:46
Pix Wavelength C0 C0err
511 946.05 3.29067063e+00 7.03506395e-02 
510 947.95 3.41685390e+00 6.66959658e-02 
509 949.84 3.58460879e+00 5.70121109e-02 
508 951.73 3.73862362e+00 6.27963021e-02 
507 953.62 3.89277482e+00 8.04088935e-02 
506 955.51 4.07194185e+00 7.33087510e-02 
505 957.40 4.30767298e+00 6.22248761e-02 
504 959.28 4.58498144e+00 6.72731325e-02 
503 961.16 4.91988182e+00 9.07018557e-02 
502 963.03 5.26212406e+00 7.95196518e-02 
501 964.90 5.67774057e+00 8.36958364e-02 
500 966.78 6.14240408e+00 8.78298283e-02 
499 968.64 6.67571402e+00 1.14324652e-01 
498 970.51 7.04429197e+00 1.07981980e-01 
497 972.37 7.17681551e+00 1.09133780e-01 
496 974.23 7.15965986e+00 1.26264498e-01 
495 976.09 7.26332664e+00 1.19879715e-01 
494 977.95 7.46053171e+00 1.22360714e-01 
493 979.80 7.76925468e+00 1.38793081e-01 
492 981.65 8.06236362e+00 1.41714036e-01 
491 983.50 8.36059475e+00 1.49511591e-01 
490 985.34 8.56695938e+00 1.64614707e-01 
489 987.18 8.74587536e+00 1.70258284e-01 
488 989.02 8.87934589e+00 1.52482152e-01 
487 990.86 8.99147320e+00 1.73197404e-01 
486 992.70 9.03861904e+00 1.73282608e-01 
485 994.53 9.11864471e+00 1.79254875e-01 
484 996.36 9.13175964e+00 1.82730928e-01 
483 998.19 9.19252682e+00 1.81265786e-01 
482 1000.01 9.18985367e+00 1.88100159e-01 
481 1001.83 9.18244934e+00 1.84965253e-01 
480 1003.65 9.15680313e+00 1.93288594e-01 
479 1005.47 9.22088814e+00 1.76734611e-01 
478 1007.29 9.27082348e+00 1.76190168e-01 
477 1009.10 9.40800762e+00 1.73961684e-01 
476 1010.91 9.47495270e+00 1.81661189e-01 
475 1012.72 9.51338673e+00 1.83530793e-01 
474 1014.53 9.50185490e+00 1.81369543e-01 
473 1016.33 9.49823666e+00 1.85416281e-01 
472 1018.13 9.45077896e+00 1.80938199e-01 
471 1019.93 9.44500542e+00 1.82784259e-01 
470 1021.73 9.38876534e+00 1.84540600e-01 
469 1023.52 9.37809467e+00 1.74441695e-01 
468 1025.31 9.36278248e+00 1.71398535e-01 
467 1027.10 9.35955048e+00 1.66849747e-01 
466 1028.89 9.27577496e+00 1.61648497e-01 
465 1030.67 9.22349834e+00 1.47620991e-01 
464 1032.45 9.11860371e+00 1.47309467e-01 
463 1034.23 9.07750225e+00 1.27880439e-01 
462 1036.01 8.98663807e+00 1.39614537e-01 
461 1037.79 8.98247051e+00 1.57300621e-01 
460 1039.56 8.91774082e+00 1.57220185e-01 
459 1041.33 8.88039494e+00 1.50604606e-01 
458 1043.10 8.78449631e+00 1.60134315e-01 
457 1044.87 8.73961067e+00 1.57435611e-01 
456 1046.63 8.68345642e+00 1.56307042e-01 
455 1048.39 8.69550419e+00 1.72759682e-01 
454 1050.15 8.65334606e+00 1.79959089e-01 
453 1051.91 8.66928291e+00 1.87760010e-01 
452 1053.67 8.61929035e+00 1.98551312e-01 
451 1055.42 8.59078598e+00 1.85214713e-01 
450 1057.17 8.51995945e+00 1.82952151e-01 
449 1058.92 8.50297260e+00 1.71554714e-01 
448 1060.67 8.45263290e+00 1.63334459e-01 
447 1062.41 8.45104122e+00 1.66469857e-01 
446 1064.15 8.37447643e+00 1.70855820e-01 
445 1065.89 8.28245831e+00 1.85628414e-01 
444 1067.63 8.12193394e+00 1.71801537e-01 
443 1069.37 8.04592419e+00 1.67570069e-01 
442 1071.10 7.95629454e+00 1.60253942e-01 
441 1072.83 7.90617514e+00 1.34026006e-01 
440 1074.56 7.82536316e+00 1.26520962e-01 
439 1076.29 7.75893974e+00 1.24244057e-01 
438 1078.02 7.68827057e+00 1.27605096e-01 
437 1079.74 7.61885643e+00 1.26909286e-01 
436 1081.46 7.50817251e+00 1.32670015e-01 
435 1083.18 7.42974520e+00 1.18874520e-01 
434 1084.90 7.33688593e+00 1.11888953e-01 
433 1086.61 7.32911110e+00 1.15265019e-01 
432 1088.33 7.32037210e+00 1.01162419e-01 
431 1090.04 7.33852530e+00 1.16383515e-01 
430 1091.75 7.22686625e+00 1.12831749e-01 
429 1093.45 7.14965200e+00 1.04681268e-01 
428 1095.16 7.06670380e+00 1.01513669e-01 
427 1096.86 7.00070143e+00 1.05463594e-01 
426 1098.56 6.93200636e+00 8.26032236e-02 
425 1100.26 6.83015299e+00 1.01086177e-01 
424 1101.96 6.74339914e+00 9.41197723e-02 
423 1103.65 6.68524551e+00 1.03033349e-01 
422 1105.35 6.60807943e+00 9.43268538e-02 
421 1107.04 6.55522776e+00 7.99199715e-02 
420 1108.73 6.39371109e+00 1.11523375e-01 
419 1110.41 6.09002924e+00 9.38016325e-02 
418 1112.10 5.53770208e+00 9.57562402e-02 
417 1113.78 4.77616072e+00 8.84555429e-02 
416 1115.46 4.03427839e+00 6.85271546e-02 
415 1117.14 3.47370148e+00 7.49608949e-02 
414 1118.82 3.12232471e+00 7.25194812e-02 
413 1120.50 2.96601486e+00 7.07129464e-02 
412 1122.17 2.95446777e+00 7.48774037e-02 
411 1123.84 2.97693944e+00 8.46183300e-02 
410 1125.51 3.02606463e+00 9.10469443e-02 
409 1127.18 3.20951772e+00 8.14825296e-02 
408 1128.85 3.72877574e+00 8.53458345e-02 
407 1130.51 3.91442561e+00 1.03566028e-01 
406 1132.17 3.73069096e+00 9.46069509e-02 
405 1133.83 3.67451501e+00 8.05732906e-02 
404 1135.49 4.08858538e+00 1.01062290e-01 
403 1137.15 4.95341110e+00 1.15717396e-01 
402 1138.80 5.40534830e+00 1.11290537e-01 
401 1140.46 5.31197309e+00 1.21526681e-01 
400 1142.11 4.70927763e+00 1.06076360e-01 
399 1143.76 4.15645647e+00 9.64083448e-02 
398 1145.41 3.90764594e+00 9.82064083e-02 
397 1147.05 4.17276716e+00 1.17071442e-01 
396 1148.70 4.92691469e+00 1.24287218e-01 
395 1150.34 5.78811502e+00 1.21791072e-01 
394 1151.98 6.67819071e+00 1.54038206e-01 
393 1153.62 7.85346842e+00 1.37991250e-01 
392 1155.26 8.89025021e+00 1.69225857e-01 
391 1156.89 9.57543468e+00 1.65777013e-01 
390 1158.53 9.96533012e+00 1.65126935e-01 
389 1160.16 1.09481077e+01 1.85485706e-01 
388 1161.79 1.21847649e+01 1.79481134e-01 
387 1163.42 1.30885725e+01 1.95287153e-01 
386 1165.04 1.29463539e+01 1.96240038e-01 
385 1166.67 1.23702135e+01 1.97882310e-01 
384 1168.29 1.19997549e+01 2.18121141e-01 
383 1169.91 1.16143923e+01 2.07572058e-01 
382 1171.53 1.09320297e+01 2.24938661e-01 
381 1173.15 1.04138603e+01 1.88942403e-01 
380 1174.77 9.80882168e+00 1.91520616e-01 
379 1176.38 9.55293083e+00 1.77453980e-01 
378 1178.00 9.27877331e+00 1.80319458e-01 
377 1179.61 8.83668137e+00 1.44802123e-01 
376 1181.22 8.52933788e+00 1.55871257e-01 
375 1182.83 8.36673355e+00 1.42683133e-01 
374 1184.43 8.31770229e+00 1.40905097e-01 
373 1186.04 8.34362125e+00 1.53631747e-01 
372 1187.64 8.44073868e+00 1.40973732e-01 
371 1189.24 8.46131134e+00 1.40559047e-01 
370 1190.84 8.49652481e+00 1.53832272e-01 
369 1192.44 8.42714787e+00 1.43073380e-01 
368 1194.04 8.22064495e+00 1.40681699e-01 
367 1195.64 7.92033148e+00 1.41758859e-01 
366 1197.23 7.68503332e+00 1.38140544e-01 
365 1198.82 7.56341696e+00 1.46747947e-01 
364 1200.41 7.35803413e+00 1.22439407e-01 
363 1202.00 7.39865637e+00 1.20910466e-01 
362 1203.59 7.41199160e+00 1.19227491e-01 
361 1205.17 7.41176748e+00 1.24481849e-01 
360 1206.76 7.44461203e+00 1.32300273e-01 
359 1208.34 7.36926699e+00 1.38849407e-01 
358 1209.92 7.31674623e+00 1.33056343e-01 
357 1211.50 7.34797049e+00 1.22703463e-01 
356 1213.08 7.40821218e+00 1.26875922e-01 
355 1214.66 7.52693987e+00 1.40757576e-01 
354 1216.23 7.57734442e+00 1.32434696e-01 
353 1217.80 7.65867186e+00 1.44513264e-01 
352 1219.38 7.64549208e+00 1.45614222e-01 
351 1220.95 7.63554907e+00 1.38186350e-01 
350 1222.52 7.61605310e+00 1.21035002e-01 
349 1224.08 7.59096289e+00 1.20225497e-01 
348 1225.65 7.60795164e+00 1.01324588e-01 
347 1227.21 7.63437796e+00 1.14345111e-01 
346 1228.78 7.67992544e+00 1.19536027e-01 
345 1230.34 7.69600487e+00 1.22722447e-01 
344 1231.90 7.68097448e+00 1.40363574e-01 
343 1233.46 7.66547585e+00 1.36510223e-01 
342 1235.01 7.60502052e+00 1.37791738e-01 
341 1236.57 7.59996223e+00 1.43395513e-01 
340 1238.12 7.50515175e+00 1.40578955e-01 
339 1239.67 7.44522238e+00 1.51053891e-01 
338 1241.23 7.39722252e+00 1.39466271e-01 
337 1242.78 7.37543344e+00 1.28580689e-01 
336 1244.32 7.35555124e+00 1.40459254e-01 
335 1245.87 7.35950041e+00 1.25723705e-01 
334 1247.42 7.34150124e+00 1.32474884e-01 
333 1248.96 7.33487320e+00 1.34390309e-01 
332 1250.50 7.28785086e+00 1.25885710e-01 
331 1252.04 7.26035261e+00 1.26458660e-01 
330 1253.58 7.20493650e+00 1.24745637e-01 
329 1255.12 7.15789461e+00 1.26276374e-01 
328 1256.66 7.07861757e+00 1.18212707e-01 
327 1258.19 7.00588608e+00 1.10190898e-01 
326 1259.73 6.84622335e+00 1.10483728e-01 
325 1261.26 6.69920540e+00 1.22512199e-01 
324 1262.79 6.57620382e+00 1.09912410e-01 
323 1264.32 6.45715094e+00 1.11592717e-01 
322 1265.85 6.23949957e+00 9.77117419e-02 
321 1267.38 6.23591661e+00 9.83192921e-02 
320 1268.90 6.28734207e+00 9.73230079e-02 
319 1270.43 6.50060654e+00 8.64687636e-02 
318 1271.95 6.78390074e+00 9.42575410e-02 
317 1273.47 6.89194155e+00 9.25949663e-02 
316 1274.99 6.93248606e+00 1.00953095e-01 
315 1276.51 6.94431543e+00 1.05499156e-01 
314 1278.03 6.84382963e+00 1.04116447e-01 
313 1279.55 6.74209929e+00 9.83867198e-02 
312 1281.06 6.70844030e+00 1.06460758e-01 
311 1282.58 6.76401854e+00 8.68696496e-02 
310 1284.09 6.85669518e+00 1.05256520e-01 
309 1285.60 6.95613432e+00 1.06166035e-01 
308 1287.11 6.96009398e+00 8.24314654e-02 
307 1288.62 6.92659903e+00 1.03574663e-01 
306 1290.13 6.90734625e+00 7.71038681e-02 
305 1291.63 6.89521551e+00 9.78159234e-02 
304 1293.14 6.80320358e+00 8.91614109e-02 
303 1294.64 6.75413895e+00 1.03089742e-01 
302 1296.14 6.69054937e+00 1.02917068e-01 
301 1297.64 6.60811090e+00 1.07628867e-01 
300 1299.14 6.55926323e+00 1.14122480e-01 
299 1300.64 6.47062683e+00 1.15732126e-01 
298 1302.14 6.37955141e+00 9.07100067e-02 
297 1303.64 6.30553246e+00 9.93679166e-02 
296 1305.13 6.25217676e+00 1.12728998e-01 
295 1306.62 6.25670004e+00 1.19724758e-01 
294 1308.12 6.22166014e+00 1.00163288e-01 
293 1309.61 6.21039248e+00 8.77620056e-02 
292 1311.10 6.06625319e+00 1.00111865e-01 
291 1312.58 6.09903860e+00 1.02113470e-01 
290 1314.07 6.18654585e+00 7.09531158e-02 
289 1315.56 6.28016806e+00 9.13639665e-02 
288 1317.04 6.36784935e+00 7.47628659e-02 
287 1318.52 6.39406729e+00 7.53863081e-02 
286 1320.01 6.19132757e+00 8.89965147e-02 
285 1321.49 6.16111565e+00 8.72407183e-02 
284 1322.97 6.19859838e+00 9.92253125e-02 
283 1324.45 5.96601677e+00 9.12606865e-02 
282 1325.92 5.66205740e+00 8.63103420e-02 
281 1327.40 5.55736351e+00 8.16496015e-02 
280 1328.87 5.65354681e+00 9.07132477e-02 
279 1330.35 6.14811325e+00 8.03749934e-02 
278 1331.82 6.35123634e+00 1.17010951e-01 
277 1333.29 5.79353571e+00 9.74121764e-02 
276 1334.76 5.15571642e+00 7.57142603e-02 
275 1336.23 4.87132645e+00 6.70708641e-02 
274 1337.70 4.73274612e+00 6.53598979e-02 
273 1339.17 4.80831528e+00 8.22504982e-02 
272 1340.63 4.71814871e+00 5.16085625e-02 
271 1342.10 4.27609396e+00 5.61109819e-02 
270 1343.56 3.71525502e+00 8.83188695e-02 
269 1345.02 2.76133513e+00 4.33699489e-02 
268 1346.48 1.96886289e+00 6.10598661e-02 
267 1347.94 1.35211468e+00 5.39728142e-02 
266 1349.40 7.82689393e-01 4.31548655e-02 
265 1350.86 4.96843189e-01 3.25761139e-02 
264 1352.31 3.03008586e-01 4.02632020e-02 
263 1353.77 1.85446456e-01 3.58214527e-02 
262 1355.22 1.35886729e-01 1.73938908e-02 
261 1356.67 1.26439199e-01 6.43786881e-03 
260 1358.13 1.28782198e-01 2.41960771e-03 
259 1359.58 1.22183882e-01 2.58322107e-03 
258 1361.03 1.02177374e-01 2.04260256e-02 
257 1362.47 1.02292039e-01 9.54520423e-03 
256 1363.92 1.11444987e-01 1.43472487e-02 
255 1365.37 1.08877696e-01 1.42426342e-02 
254 1366.81 9.69881788e-02 1.15629751e-02 
253 1368.25 1.01193011e-01 9.23086237e-03 
252 1369.70 1.03182733e-01 1.05692577e-02 
251 1371.14 9.55801085e-02 1.10047488e-02 
250 1372.58 1.10450923e-01 1.36884190e-02 
249 1374.02 1.29421115e-01 1.15461405e-02 
248 1375.46 1.48944274e-01 2.70297937e-02 
247 1376.89 1.16059653e-01 1.39654167e-02 
246 1378.33 1.41082838e-01 1.61324944e-02 
245 1379.76 1.25290513e-01 2.61546280e-02 
244 1381.20 1.14831626e-01 4.06033136e-02 
243 1382.63 1.30530611e-01 3.26160118e-02 
242 1384.06 1.03090473e-01 4.42390256e-02 
241 1385.49 1.35271922e-01 2.43606158e-02 
240 1386.92 1.24408565e-01 1.20235095e-02 
239 1388.35 1.37757033e-01 2.66558714e-02 
238 1389.78 1.46177009e-01 2.75963303e-02 
237 1391.20 1.39796332e-01 3.24314721e-02 
236 1392.63 1.30505994e-01 3.07746939e-02 
235 1394.05 1.32956669e-01 2.95160152e-02 
234 1395.48 1.28194436e-01 3.07913534e-02 
233 1396.90 1.37421981e-01 2.16955226e-02 
232 1398.32 1.46026313e-01 3.89316157e-02 
231 1399.74 1.64089024e-01 9.86318663e-03 
230 1401.16 1.60549238e-01 3.71230990e-02 
229 1402.57 1.66130796e-01 3.63778509e-02 
228 1403.99 1.53877035e-01 3.42545733e-02 
227 1405.41 1.64287463e-01 1.08910240e-02 
226 1406.82 1.39463663e-01 3.10996808e-02 
225 1408.23 1.71018466e-01 9.41362791e-03 
224 1409.65 2.27628350e-01 3.76938805e-02 
223 1411.06 2.62378454e-01 2.68110856e-02 
222 1412.47 2.90531963e-01 3.61776091e-02 
221 1413.88 3.46890241e-01 3.77811231e-02 
220 1415.29 3.59859616e-01 3.34487222e-02 
219 1416.69 3.33262563e-01 3.66275012e-02 
218 1418.10 3.44745070e-01 3.98802385e-02 
217 1419.50 3.91368598e-01 3.18278670e-02 
216 1420.91 4.33473855e-01 2.73609068e-02 
215 1422.31 5.23371279e-01 3.98137756e-02 
214 1423.71 6.01246417e-01 5.24758957e-02 
213 1425.11 5.86445153e-01 3.08836494e-02 
212 1426.51 6.81699991e-01 3.58768404e-02 
211 1427.91 8.13690484e-01 3.46792787e-02 
210 1429.31 8.36123705e-01 4.32983525e-02 
209 1430.71 9.26193178e-01 4.40151840e-02 
208 1432.10 9.35644090e-01 6.55784979e-02 
207 1433.50 8.18200886e-01 3.48155051e-02 
206 1434.89 7.89939940e-01 4.26646210e-02 
205 1436.28 8.17477882e-01 3.39882709e-02 
204 1437.68 8.57497990e-01 4.56520543e-02 
203 1439.07 8.22505653e-01 5.57499640e-02 
202 1440.46 8.85550499e-01 5.72981238e-02 
201 1441.85 8.94584417e-01 4.28406708e-02 
200 1443.23 8.61962974e-01 5.20652793e-02 
199 1444.62 9.53662872e-01 4.47986312e-02 
198 1446.01 1.10319841e+00 5.88051751e-02 
197 1447.39 1.10483897e+00 4.48977724e-02 
196 1448.77 1.11234283e+00 4.67674062e-02 
195 1450.16 1.18256104e+00 4.36675698e-02 
194 1451.54 1.25601280e+00 5.32560274e-02 
193 1452.92 1.40742075e+00 5.73887490e-02 
192 1454.30 1.67311871e+00 7.18000978e-02 
191 1455.68 1.91507435e+00 6.07747324e-02 
190 1457.05 1.98395240e+00 6.90459460e-02 
189 1458.43 1.97237635e+00 5.79314455e-02 
188 1459.81 1.93402541e+00 6.20255806e-02 
187 1461.18 1.83840263e+00 4.88603488e-02 
186 1462.55 1.74128258e+00 5.21050394e-02 
185 1463.93 1.60145903e+00 4.89017069e-02 
184 1465.30 1.51592922e+00 4.86486293e-02 
183 1466.67 1.33431816e+00 5.49066402e-02 
182 1468.04 1.11553240e+00 4.27509136e-02 
181 1469.41 1.04474986e+00 4.02032360e-02 
180 1470.78 1.11561489e+00 4.03469726e-02 
179 1472.14 1.32335436e+00 4.62223366e-02 
178 1473.51 1.51069927e+00 4.80729267e-02 
177 1474.87 1.61613178e+00 4.32815440e-02 
176 1476.24 1.62387979e+00 5.70205189e-02 
175 1477.60 1.50442839e+00 6.16653524e-02 
174 1478.96 1.49894226e+00 3.83130237e-02 
173 1480.32 1.64909279e+00 5.33599705e-02 
172 1481.68 1.81234586e+00 4.77568060e-02 
171 1483.04 1.88003886e+00 4.32050042e-02 
170 1484.40 1.89360368e+00 6.53087795e-02 
169 1485.75 1.86621284e+00 3.39708365e-02 
168 1487.11 1.98035753e+00 5.00704758e-02 
167 1488.46 2.17485881e+00 5.64721487e-02 
166 1489.82 2.39654613e+00 5.82787059e-02 
165 1491.17 2.58683920e+00 5.36560901e-02 
164 1492.52 2.64496922e+00 5.06811962e-02 
163 1493.87 2.71165776e+00 4.77837361e-02 
162 1495.22 2.80552697e+00 4.52031977e-02 
161 1496.57 2.93744850e+00 4.32119332e-02 
160 1497.92 3.08731437e+00 6.11726865e-02 
159 1499.27 3.16176438e+00 4.58172970e-02 
158 1500.61 3.07869720e+00 4.90646176e-02 
157 1501.96 2.98195004e+00 4.52785343e-02 
156 1503.30 2.96102834e+00 4.46326509e-02 
155 1504.65 3.02075315e+00 4.48447615e-02 
154 1505.99 3.13869596e+00 5.75814545e-02 
153 1507.33 3.30439472e+00 5.82334734e-02 
152 1508.67 3.39595985e+00 6.76596090e-02 
151 1510.01 3.42936826e+00 6.85411617e-02 
150 1511.35 3.46353793e+00 7.25709647e-02 
149 1512.68 3.50253892e+00 6.52230233e-02 
148 1514.02 3.46886373e+00 6.38205186e-02 
147 1515.35 3.47322631e+00 6.49913028e-02 
146 1516.69 3.48076439e+00 6.17976859e-02 
145 1518.02 3.50779724e+00 4.71480899e-02 
144 1519.35 3.55189967e+00 6.29939660e-02 
143 1520.68 3.61072135e+00 6.39263615e-02 
142 1522.02 3.62846470e+00 6.25051185e-02 
141 1523.34 3.64706135e+00 6.23577684e-02 
140 1524.67 3.63923335e+00 7.32354224e-02 
139 1526.00 3.64273524e+00 8.60464722e-02 
138 1527.33 3.62340283e+00 7.04718903e-02 
137 1528.65 3.64257717e+00 7.91315883e-02 
136 1529.98 3.64863753e+00 6.95198849e-02 
135 1531.30 3.66829276e+00 6.85800537e-02 
134 1532.62 3.69134450e+00 6.38689920e-02 
133 1533.94 3.69717717e+00 6.31647259e-02 
132 1535.26 3.68901157e+00 4.49548550e-02 
131 1536.58 3.69604874e+00 5.21813855e-02 
130 1537.90 3.69033909e+00 3.49727124e-02 
129 1539.22 3.68522048e+00 3.98030877e-02 
128 1540.53 3.69166350e+00 4.16604504e-02 
127 1541.85 3.70666885e+00 3.61379124e-02 
126 1543.16 3.71049380e+00 3.80575247e-02 
125 1544.48 3.71858215e+00 2.59683039e-02 
124 1545.79 3.71964955e+00 3.74083854e-02 
123 1547.10 3.70329928e+00 3.97319756e-02 
122 1548.41 3.68248940e+00 3.28409709e-02 
121 1549.72 3.65644050e+00 3.51265036e-02 
120 1551.03 3.63816142e+00 4.31684479e-02 
119 1552.34 3.61962390e+00 3.57549973e-02 
118 1553.64 3.58768821e+00 5.12413383e-02 
117 1554.95 3.57619023e+00 4.73926626e-02 
116 1556.25 3.57499790e+00 3.72000672e-02 
115 1557.56 3.56338191e+00 5.14427312e-02 
114 1558.86 3.54219365e+00 5.13134077e-02 
113 1560.16 3.54692006e+00 4.30240333e-02 
112 1561.46 3.52434182e+00 3.47897895e-02 
111 1562.76 3.51148915e+00 2.80337930e-02 
110 1564.06 3.49660897e+00 3.20618637e-02 
109 1565.36 3.46933150e+00 1.62411891e-02 
108 1566.65 3.43507028e+00 1.76806562e-02 
107 1567.95 3.43021083e+00 2.74232198e-02 
106 1569.24 3.43191123e+00 1.78343467e-02 
105 1570.54 3.44220471e+00 3.01014241e-02 
104 1571.83 3.44342113e+00 3.50773856e-02 
103 1573.12 3.39663792e+00 3.32227126e-02 
102 1574.41 3.35158229e+00 2.54506487e-02 
101 1575.70 3.33023238e+00 3.33382115e-02 
100 1576.99 3.35821462e+00 4.20351848e-02 
99 1578.27 3.40827942e+00 3.89308929e-02 
98 1579.56 3.43724322e+00 5.06955571e-02 
97 1580.85 3.46560097e+00 4.42675389e-02 
96 1582.13 3.44016910e+00 4.61119488e-02 
95 1583.41 3.42500210e+00 3.96400653e-02 
94 1584.70 3.37138200e+00 3.26448269e-02 
93 1585.98 3.32398295e+00 4.38157022e-02 
92 1587.26 3.25732231e+00 2.14118399e-02 
91 1588.54 3.24065137e+00 3.33818682e-02 
90 1589.81 3.23798442e+00 2.49139611e-02 
89 1591.09 3.27056003e+00 3.87759432e-02 
88 1592.37 3.26963425e+00 5.63427918e-02 
87 1593.64 3.27499270e+00 7.10022822e-02 
86 1594.91 3.22471905e+00 6.92919344e-02 
85 1596.19 3.20142865e+00 6.71275929e-02 
84 1597.46 3.16158676e+00 6.02203421e-02 
83 1598.73 3.17185593e+00 6.06180765e-02 
82 1600.00 3.14198208e+00 5.24698421e-02 
81 1601.27 3.18119645e+00 4.65145148e-02 
80 1602.54 3.17071915e+00 4.33157906e-02 
79 1603.80 3.17449546e+00 3.25026698e-02 
78 1605.07 3.13158631e+00 2.84083113e-02 
77 1606.33 3.09884524e+00 3.38574313e-02 
76 1607.59 3.09616590e+00 4.72866520e-02 
75 1608.86 3.12112403e+00 3.72953117e-02 
74 1610.12 3.14524293e+00 5.27423359e-02 
73 1611.38 3.18433285e+00 4.34258021e-02 
72 1612.64 3.20627379e+00 4.24968228e-02 
71 1613.89 3.24162793e+00 5.64382821e-02 
70 1615.15 3.25582981e+00 5.99197522e-02 
69 1616.41 3.30600142e+00 6.88258484e-02 
68 1617.66 3.36663985e+00 6.30698428e-02 
67 1618.92 3.49019432e+00 7.97300935e-02 
66 1620.17 3.60605431e+00 6.43202215e-02 
65 1621.42 3.79260254e+00 5.48965037e-02 
64 1622.67 4.00029182e+00 7.26670846e-02 
63 1623.92 4.32127380e+00 9.06919986e-02 
62 1625.17 4.67418146e+00 9.49067250e-02 
61 1626.41 5.19510460e+00 1.17842034e-01 
60 1627.66 5.81723738e+00 1.15305431e-01 
59 1628.90 6.58373833e+00 1.05317220e-01 
58 1630.15 7.45239401e+00 1.75646454e-01 
57 1631.39 8.64239407e+00 1.65203109e-01 
56 1632.63 1.01838331e+01 1.85643181e-01 
55 1633.87 1.24248571e+01 2.32344300e-01 
54 1635.11 1.55612078e+01 3.36627662e-01 
53 1636.35 1.92265053e+01 4.09773767e-01 
52 1637.59 2.24669132e+01 4.51897055e-01 
51 1638.82 2.51692562e+01 5.82287014e-01 
50 1640.06 2.76397247e+01 5.40371597e-01 
49 1641.29 3.12807312e+01 5.61802149e-01 
48 1642.52 3.70158043e+01 6.18736982e-01 
47 1643.75 4.45945244e+01 7.64606714e-01 
46 1644.98 5.06174431e+01 1.26423478e+00 
45 1646.21 5.09542542e+01 1.21492827e+00 
44 1647.44 4.57734566e+01 8.71950567e-01 
43 1648.67 4.03254509e+01 9.51653600e-01 
42 1649.89 3.56249428e+01 9.65470672e-01 
41 1651.12 2.99446583e+01 6.70984089e-01 
40 1652.34 2.27787113e+01 4.65700299e-01 
39 1653.56 1.64118290e+01 3.11671168e-01 
38 1654.78 1.13074083e+01 1.63874954e-01 
37 1656.00 7.44431448e+00 1.29959852e-01 
36 1657.22 4.80247641e+00 3.11694257e-02 
35 1658.44 3.29032874e+00 1.67017411e-02 
34 1659.66 2.67494559e+00 9.90972575e-03 
33 1660.87 3.08211517e+00 1.48132024e-03 
32 1662.08 6.37210464e+00 1.44573271e-01 
31 1663.30 3.11319427e+01 9.64539766e-01 
30 1664.51 2.27523682e+02 3.82036233e+00 
29 1665.72 8.55094666e+02 3.34554749e+01 
28 1666.93 6.06597351e+02 1.68857708e+01 
27 1668.14 1.06083649e+02 1.40773201e+00 
26 1669.34 1.43010330e+01 3.90008569e-01 
25 1670.55 3.41448569e+00 4.43912223e-02 
24 1671.75 1.72110879e+00 4.17705327e-02 
23 1672.95 1.37706935e+00 1.06462333e-02 
22 1674.16 1.35249603e+00 1.85117852e-02 
21 1675.36 1.42241704e+00 4.83483225e-02 
20 1676.56 1.43326473e+00 5.47788618e-03 
19 1677.75 1.39693260e+00 5.00537232e-02 
18 1678.95 1.33058262e+00 3.78498882e-02 
17 1680.15 1.30284822e+00 6.40203664e-03 
16 1681.34 1.31780505e+00 5.02693057e-02 
15 1682.53 1.44072104e+00 8.71043354e-02 
14 1683.73 1.48226070e+00 3.74179482e-02 
13 1684.92 1.36919117e+00 5.96707873e-02 
12 1686.11 1.23428071e+00 2.37833820e-02 
11 1687.29 1.05073512e+00 2.66650617e-02 
10 1688.48 9.96102631e-01 4.91546579e-02 
9 1689.67 9.17100132e-01 4.73589636e-02 
8 1690.85 8.89794171e-01 2.01982856e-02 
7 1692.03 8.25985968e-01 6.16175085e-02 
6 1693.22 7.40167141e-01 2.01441720e-02 
5 1694.40 6.81400478e-01 3.74650420e-03 
4 1695.58 6.43795490e-01 5.52155674e-02 
3 1696.75 5.64164340e-01 1.76472422e-02 
2 1697.93 4.48513240e-01 3.79312225e-02 
1 1699.11 2.99026608e-01 1.73366554e-02 
0 1700.28 2.04996109e-01 1.48133487e-02 
