% C0 (TOA Count Rate, /ms) for 4STAR VIS spectrometer (1044 channels) derived from C:\Users\sleblan2\Research\AirSHARP\data_2025\allstarmats\4STARB_20250505starsun.mat and recorded on 2025-07-31 14:16:22.
% Data C0 built to match AOD from 4STARB to AERONET spline fit for Marina_Airport_CA within 200 m [Alt] and 360 seconds, measured on 20250505_1. Using the AERONET file: 20250505_20250505_Marina_Airport_CA.lev20 as input for this comparison. Date of creation: 31-Jul-2025 14:16:22
Pix Wavelength C0 C0err
0 171.23 0.00000000e+00 0.00000000e+00 
1 172.04 1.23059201e+00 1.54181588e+00 
2 172.86 8.20811808e-01 1.72326148e+00 
3 173.67 1.17878747e+00 1.79073155e+00 
4 174.48 9.54976730e+01 1.11242218e+01 
5 175.29 9.38126755e+01 1.17197332e+01 
6 176.11 8.69514542e+01 9.42501068e+00 
7 176.92 8.13237762e+01 8.70149422e+00 
8 177.73 7.59110641e+01 7.92284203e+00 
9 178.54 7.26958542e+01 7.17312288e+00 
10 179.36 6.88474960e+01 6.93940639e+00 
11 180.17 6.61058044e+01 5.91810274e+00 
12 180.98 6.40853348e+01 6.38990355e+00 
13 181.79 6.21048775e+01 6.14125776e+00 
14 182.61 6.08912811e+01 6.11275005e+00 
15 183.42 6.01797066e+01 5.76557398e+00 
16 184.23 5.91090279e+01 5.47596645e+00 
17 185.04 5.87200508e+01 5.57577133e+00 
18 185.86 5.86886330e+01 5.13462734e+00 
19 186.67 5.84567299e+01 5.53623867e+00 
20 187.48 5.83339653e+01 5.95262718e+00 
21 188.29 5.87526474e+01 6.16602087e+00 
22 189.11 6.01565895e+01 6.06119537e+00 
23 189.92 6.03275108e+01 5.60337687e+00 
24 190.73 6.16757736e+01 5.49870300e+00 
25 191.54 6.28131180e+01 6.53559399e+00 
26 192.36 6.31954956e+01 5.72134066e+00 
27 193.17 6.50396881e+01 6.56921816e+00 
28 193.98 6.69540176e+01 7.25530481e+00 
29 194.79 6.89227829e+01 6.79167080e+00 
30 195.61 7.05733109e+01 7.50221825e+00 
31 196.42 7.36451797e+01 8.66922188e+00 
32 197.23 7.57058105e+01 8.80510998e+00 
33 198.04 7.81957932e+01 8.36627769e+00 
34 198.86 8.13631134e+01 7.93343306e+00 
35 199.67 8.50906525e+01 1.07056179e+01 
36 200.48 8.77219315e+01 1.03154507e+01 
37 201.29 9.15767899e+01 1.04393091e+01 
38 202.11 9.54503326e+01 1.13315516e+01 
39 202.92 9.96144257e+01 1.23012695e+01 
40 203.73 1.03665855e+02 1.22444448e+01 
41 204.54 1.08017044e+02 1.22790508e+01 
42 205.36 1.13460732e+02 1.28150635e+01 
43 206.17 1.17682793e+02 1.45337219e+01 
44 206.98 1.25187149e+02 1.49971600e+01 
45 207.79 1.30309082e+02 1.60898399e+01 
46 208.61 1.38126129e+02 1.66324577e+01 
47 209.42 1.46364883e+02 1.77915554e+01 
48 210.23 1.59410156e+02 2.11917477e+01 
49 211.04 1.77974274e+02 2.49817867e+01 
50 211.86 2.03168594e+02 2.82255878e+01 
51 212.67 2.44438248e+02 3.69471703e+01 
52 213.48 3.02199738e+02 4.49591103e+01 
53 214.29 3.70379852e+02 5.68841324e+01 
54 215.11 4.59264191e+02 6.98059998e+01 
55 215.92 5.69470642e+02 9.22490311e+01 
56 216.73 6.82987854e+02 1.19378754e+02 
57 217.54 8.28074341e+02 1.38654648e+02 
58 218.35 9.91280334e+02 1.69349472e+02 
59 219.17 1.21731531e+03 2.15143127e+02 
60 219.98 1.49221851e+03 2.89911163e+02 
61 220.79 1.80382996e+03 3.41632477e+02 
62 221.60 2.23865625e+03 4.49051025e+02 
63 222.42 2.83428882e+03 5.67355347e+02 
64 223.23 3.56922876e+03 7.38641724e+02 
65 224.04 4.56457813e+03 1.00918469e+03 
66 224.85 5.85474805e+03 1.31369617e+03 
67 225.67 7.57130811e+03 1.71006702e+03 
68 226.48 1.01289473e+04 2.48351880e+03 
69 227.29 1.33898545e+04 3.25001099e+03 
70 228.10 1.78583867e+04 4.42025781e+03 
71 228.91 2.40731035e+04 6.29944189e+03 
72 229.73 3.32509727e+04 8.70805371e+03 
73 230.54 4.50888477e+04 1.23111797e+04 
74 231.35 6.26630156e+04 1.75675156e+04 
75 232.16 8.66907656e+04 2.52306309e+04 
76 232.97 1.20435750e+05 3.67257031e+04 
77 233.79 1.69232922e+05 5.13150547e+04 
78 234.60 2.35280141e+05 7.48819375e+04 
79 235.41 3.35075875e+05 1.06955742e+05 
80 236.22 4.63244969e+05 1.54281531e+05 
81 237.04 6.53136125e+05 2.17929734e+05 
82 237.85 9.07054000e+05 3.07116656e+05 
83 238.66 1.27084588e+06 4.57288031e+05 
84 239.47 1.79745475e+06 6.43350875e+05 
85 240.28 2.40341475e+06 8.67295625e+05 
86 241.10 3.31814225e+06 1.25646563e+06 
87 241.91 4.52420600e+06 1.80223150e+06 
88 242.72 6.05052550e+06 2.38828325e+06 
89 243.53 8.00082400e+06 3.23001425e+06 
90 244.34 1.06722510e+07 4.41799200e+06 
91 245.16 1.36288840e+07 5.67188800e+06 
92 245.97 1.72023140e+07 7.31003450e+06 
93 246.78 2.13189360e+07 9.06479400e+06 
94 247.59 2.60465040e+07 1.09157610e+07 
95 248.40 3.11063580e+07 1.33479310e+07 
96 249.22 3.65074320e+07 1.56309640e+07 
97 250.03 4.16381160e+07 1.78812840e+07 
98 250.84 4.71483680e+07 2.08136620e+07 
99 251.65 5.14383760e+07 2.37953600e+07 
100 252.46 5.58548320e+07 2.49246880e+07 
101 253.27 5.80799280e+07 2.58041560e+07 
102 254.09 5.96200600e+07 2.67175460e+07 
103 254.90 5.99148720e+07 2.70734820e+07 
104 255.71 5.82337480e+07 2.58823640e+07 
105 256.52 5.53828040e+07 2.52023020e+07 
106 257.33 5.12835560e+07 2.24488260e+07 
107 258.15 4.68759120e+07 2.08591960e+07 
108 258.96 4.24313800e+07 1.87361660e+07 
109 259.77 3.61859440e+07 1.54772810e+07 
110 260.58 3.07576820e+07 1.31657500e+07 
111 261.39 2.56612120e+07 1.10129440e+07 
112 262.20 2.07557660e+07 8.92976500e+06 
113 263.02 1.66528070e+07 7.01843600e+06 
114 263.83 1.33380780e+07 5.47318050e+06 
115 264.64 1.04173860e+07 4.29848000e+06 
116 265.45 7.88996000e+06 3.07336525e+06 
117 266.26 5.85985400e+06 2.23660225e+06 
118 267.07 4.32260800e+06 1.66041013e+06 
119 267.89 3.12671575e+06 1.23603163e+06 
120 268.70 2.21963025e+06 8.21106875e+05 
121 269.51 1.63054675e+06 6.03292375e+05 
122 270.32 1.13723988e+06 3.92523000e+05 
123 271.13 8.15370625e+05 2.83215750e+05 
124 271.94 5.71533250e+05 1.94841844e+05 
125 272.75 3.95646875e+05 1.28006141e+05 
126 273.57 2.72424688e+05 8.50788750e+04 
127 274.38 1.89222781e+05 5.72898125e+04 
128 275.19 1.31852734e+05 3.96418086e+04 
129 276.00 9.34939141e+04 2.78655703e+04 
130 276.81 6.68855625e+04 1.86896191e+04 
131 277.62 4.71553086e+04 1.25747930e+04 
132 278.43 3.40976953e+04 9.48030078e+03 
133 279.25 2.46456328e+04 6.69214209e+03 
134 280.06 1.74296777e+04 4.39369531e+03 
135 280.87 1.26012432e+04 3.16669727e+03 
136 281.68 9.29111621e+03 2.08105591e+03 
137 282.49 6.91859277e+03 1.60144409e+03 
138 283.30 5.33294434e+03 1.21803418e+03 
139 284.11 4.06500024e+03 9.11190735e+02 
140 284.93 3.10769800e+03 6.60973572e+02 
141 285.74 2.45404785e+03 5.12502319e+02 
142 286.55 1.91770850e+03 3.91674133e+02 
143 287.36 1.54189124e+03 3.09998688e+02 
144 288.17 1.22300500e+03 2.32988861e+02 
145 288.98 1.00290558e+03 1.82885651e+02 
146 289.79 8.23771484e+02 1.43080063e+02 
147 290.60 6.91163696e+02 1.22895378e+02 
148 291.42 5.80497192e+02 1.01133118e+02 
149 292.23 4.89927032e+02 8.63823853e+01 
150 293.04 4.25990753e+02 6.96806564e+01 
151 293.85 3.67860687e+02 5.62485771e+01 
152 294.66 3.23373199e+02 4.97588234e+01 
153 295.47 2.88549744e+02 4.34157982e+01 
154 296.28 2.59069855e+02 3.88278580e+01 
155 297.09 2.30952881e+02 3.19881096e+01 
156 297.90 2.12029190e+02 3.02733421e+01 
157 298.71 1.94761902e+02 2.76506214e+01 
158 299.53 1.79962616e+02 2.17290516e+01 
159 300.34 1.72043625e+02 2.29217606e+01 
160 301.15 1.64398666e+02 1.98398342e+01 
161 301.96 1.63965668e+02 1.93659096e+01 
162 302.77 1.68934845e+02 1.64201241e+01 
163 303.58 1.75620422e+02 1.67731705e+01 
164 304.39 1.82766602e+02 1.60782452e+01 
165 305.20 1.91178497e+02 1.87930241e+01 
166 306.01 2.00017593e+02 1.76120567e+01 
167 306.82 2.18478790e+02 1.92558708e+01 
168 307.63 2.33412079e+02 1.94360924e+01 
169 308.44 2.36981522e+02 1.91010628e+01 
170 309.26 2.47658066e+02 1.99719086e+01 
171 310.07 2.79527344e+02 2.16660519e+01 
172 310.88 3.16566589e+02 2.62154827e+01 
173 311.69 3.32145172e+02 2.52736435e+01 
174 312.50 3.42106293e+02 2.55883770e+01 
175 313.31 3.54926239e+02 2.54089012e+01 
176 314.12 3.59718079e+02 2.63975506e+01 
177 314.93 3.54255829e+02 2.53361263e+01 
178 315.74 3.57374664e+02 2.65170708e+01 
179 316.55 3.84260437e+02 2.75735340e+01 
180 317.36 3.97637543e+02 2.74500198e+01 
181 318.17 3.90575867e+02 2.60006466e+01 
182 318.98 3.97342346e+02 2.69127522e+01 
183 319.79 4.13797394e+02 2.70818996e+01 
184 320.60 4.11998718e+02 2.57543850e+01 
185 321.41 3.90140198e+02 2.50820522e+01 
186 322.22 3.69567200e+02 2.39166412e+01 
187 323.04 3.66831421e+02 2.28680553e+01 
188 323.85 3.86155609e+02 2.32026577e+01 
189 324.66 4.11514221e+02 2.47316341e+01 
190 325.47 4.45698090e+02 2.59090939e+01 
191 326.28 4.64596863e+02 2.56821480e+01 
192 327.09 4.50020813e+02 2.53104458e+01 
193 327.90 4.31542969e+02 2.38690910e+01 
194 328.71 4.40743103e+02 2.40371666e+01 
195 329.52 4.50260437e+02 2.40088444e+01 
196 330.33 4.25052582e+02 2.25496521e+01 
197 331.14 3.96779968e+02 1.94730129e+01 
198 331.95 3.81250702e+02 1.87910595e+01 
199 332.76 3.63972046e+02 1.75799713e+01 
200 333.57 3.51495819e+02 1.67536144e+01 
201 334.38 3.45989960e+02 1.57420521e+01 
202 335.19 3.27927734e+02 1.47253475e+01 
203 336.00 2.96073914e+02 1.27267313e+01 
204 336.81 2.79176086e+02 1.12383518e+01 
205 337.62 2.81624390e+02 1.13104591e+01 
206 338.43 2.87113892e+02 1.12406626e+01 
207 339.24 2.89804230e+02 1.10992937e+01 
208 340.05 2.84841492e+02 1.08210344e+01 
209 340.86 2.70059845e+02 9.79100609e+00 
210 341.67 2.60753693e+02 9.12749100e+00 
211 342.48 2.55016510e+02 8.40880680e+00 
212 343.29 2.33938049e+02 7.93022299e+00 
213 344.10 2.11407043e+02 6.71955633e+00 
214 344.91 2.09472427e+02 6.29362535e+00 
215 345.72 2.09716080e+02 6.05574131e+00 
216 346.53 2.03630859e+02 5.61051702e+00 
217 347.34 1.95077820e+02 5.47381878e+00 
218 348.15 1.86713074e+02 4.71758652e+00 
219 348.96 1.82259262e+02 4.47192764e+00 
220 349.77 1.85965027e+02 4.32864094e+00 
221 350.58 1.87407700e+02 4.22668266e+00 
222 351.39 1.77492828e+02 3.80608177e+00 
223 352.19 1.67904572e+02 3.45684743e+00 
224 353.00 1.69300110e+02 3.37334371e+00 
225 353.81 1.75419052e+02 3.42034864e+00 
226 354.62 1.73259842e+02 3.12781453e+00 
227 355.43 1.61269028e+02 2.72187257e+00 
228 356.24 1.43471008e+02 2.24719715e+00 
229 357.05 1.26615150e+02 1.86648583e+00 
230 357.86 1.15825806e+02 1.60539401e+00 
231 358.67 1.19540421e+02 1.66295278e+00 
232 359.48 1.32483505e+02 1.67275655e+00 
233 360.29 1.30994110e+02 1.38161337e+00 
234 361.10 1.22900269e+02 1.20869017e+00 
235 361.91 1.23295395e+02 1.12963843e+00 
236 362.72 1.26111786e+02 1.18288839e+00 
237 363.53 1.25766510e+02 1.10663962e+00 
238 364.34 1.26784233e+02 9.83684719e-01 
239 365.14 1.33174805e+02 9.59891856e-01 
240 365.95 1.39584381e+02 9.05056536e-01 
241 366.76 1.37764023e+02 8.20476353e-01 
242 367.57 1.32058731e+02 8.30098093e-01 
243 368.38 1.29803574e+02 6.99253798e-01 
244 369.19 1.32343506e+02 6.46404624e-01 
245 370.00 1.31750458e+02 5.70480347e-01 
246 370.81 1.28047134e+02 5.74272752e-01 
247 371.62 1.23642838e+02 4.20525849e-01 
248 372.43 1.15628426e+02 3.10389668e-01 
249 373.24 1.07761002e+02 3.04028660e-01 
250 374.04 1.05124809e+02 3.36338222e-01 
251 374.85 1.10608765e+02 3.43322575e-01 
252 375.66 1.19442665e+02 2.93875515e-01 
253 376.47 1.28831253e+02 2.10154250e-01 
254 377.28 1.40886459e+02 3.27877611e-01 
255 378.09 1.45591370e+02 2.89589018e-01 
256 378.90 1.38516953e+02 3.30740780e-01 
257 379.71 1.35182739e+02 2.58530110e-01 
258 380.51 1.36459610e+02 3.37792486e-01 
259 381.32 1.26589912e+02 2.92894155e-01 
260 382.13 1.08997078e+02 3.08652818e-01 
261 382.94 9.92991867e+01 2.59276450e-01 
262 383.75 1.06553146e+02 2.20252067e-01 
263 384.56 1.21202278e+02 3.16670120e-01 
264 385.37 1.28078705e+02 2.70165652e-01 
265 386.17 1.29824387e+02 2.67648339e-01 
266 386.98 1.31457062e+02 2.48462737e-01 
267 387.79 1.33506653e+02 2.74583191e-01 
268 388.60 1.41568237e+02 2.87128150e-01 
269 389.41 1.55165146e+02 3.55684787e-01 
270 390.22 1.67323166e+02 2.90222257e-01 
271 391.02 1.70661148e+02 4.37720388e-01 
272 391.83 1.55294388e+02 3.20750087e-01 
273 392.64 1.27100494e+02 2.31336653e-01 
274 393.45 1.18894325e+02 2.45314598e-01 
275 394.26 1.41563416e+02 3.03543627e-01 
276 395.07 1.60871887e+02 1.76231056e-01 
277 395.87 1.51755112e+02 3.70944887e-01 
278 396.68 1.42381744e+02 2.52794892e-01 
279 397.49 1.66754364e+02 3.69021416e-01 
280 398.30 2.06538879e+02 3.99628043e-01 
281 399.11 2.32610764e+02 4.79989111e-01 
282 399.91 2.45478668e+02 5.12789547e-01 
283 400.72 2.54454910e+02 4.58729833e-01 
284 401.53 2.61366913e+02 5.62727690e-01 
285 402.34 2.63123718e+02 6.00864947e-01 
286 403.15 2.61370880e+02 5.63822448e-01 
287 403.95 2.59389374e+02 3.54880661e-01 
288 404.76 2.57924530e+02 3.94539595e-01 
289 405.57 2.56087433e+02 5.17659187e-01 
290 406.38 2.55954102e+02 4.34953511e-01 
291 407.18 2.61442444e+02 4.76123095e-01 
292 407.99 2.70404297e+02 6.14346802e-01 
293 408.80 2.74144226e+02 4.90046203e-01 
294 409.61 2.70298889e+02 5.33159792e-01 
295 410.41 2.73291931e+02 5.90951800e-01 
296 411.22 2.85488098e+02 6.88086748e-01 
297 412.03 2.93426514e+02 5.15571475e-01 
298 412.84 2.95450470e+02 6.40648544e-01 
299 413.64 2.96555695e+02 7.32472301e-01 
300 414.45 2.98374115e+02 5.27265012e-01 
301 415.26 3.01548676e+02 6.60185635e-01 
302 416.07 3.04237701e+02 5.66009820e-01 
303 416.87 3.02643433e+02 6.47052646e-01 
304 417.68 2.99766449e+02 4.71266389e-01 
305 418.49 3.00017700e+02 6.61846638e-01 
306 419.30 3.02793427e+02 5.59931576e-01 
307 420.10 3.09131897e+02 4.35512811e-01 
308 420.91 3.14825256e+02 5.67483246e-01 
309 421.72 3.13545624e+02 7.49570131e-01 
310 422.52 3.09532990e+02 5.11880755e-01 
311 423.33 3.10263550e+02 5.22338748e-01 
312 424.14 3.13570435e+02 5.79131603e-01 
313 424.95 3.15181702e+02 5.50980866e-01 
314 425.75 3.14667389e+02 4.98314619e-01 
315 426.56 3.12344055e+02 4.40651178e-01 
316 427.37 3.09643280e+02 5.73819876e-01 
317 428.17 3.03695740e+02 5.90354741e-01 
318 428.98 2.88732849e+02 4.25685883e-01 
319 429.79 2.72007263e+02 4.63641137e-01 
320 430.59 2.75207062e+02 5.37196279e-01 
321 431.40 2.99582153e+02 4.03928280e-01 
322 432.21 3.23346069e+02 6.17354751e-01 
323 433.01 3.32203003e+02 5.80346644e-01 
324 433.82 3.34862091e+02 6.70687556e-01 
325 434.63 3.43664551e+02 5.89198232e-01 
326 435.43 3.57661835e+02 5.53107977e-01 
327 436.24 3.65881378e+02 5.66172361e-01 
328 437.05 3.61884460e+02 4.77110058e-01 
329 437.85 3.53309418e+02 6.61170721e-01 
330 438.66 3.52055298e+02 5.09476185e-01 
331 439.47 3.58832520e+02 5.17710090e-01 
332 440.27 3.70571442e+02 5.08699238e-01 
333 441.08 3.83468903e+02 5.68899751e-01 
334 441.89 3.94549255e+02 8.77097368e-01 
335 442.69 4.01180634e+02 8.46949577e-01 
336 443.50 4.04602234e+02 5.54858685e-01 
337 444.30 4.04536652e+02 6.95049644e-01 
338 445.11 4.02223602e+02 6.64479196e-01 
339 445.92 4.03968262e+02 8.32546413e-01 
340 446.72 4.12207489e+02 7.25831509e-01 
341 447.53 4.22199524e+02 4.74534452e-01 
342 448.33 4.29616272e+02 5.69642961e-01 
343 449.14 4.37293518e+02 7.43721962e-01 
344 449.95 4.46127289e+02 6.19262338e-01 
345 450.75 4.50308960e+02 7.74709821e-01 
346 451.56 4.44837097e+02 8.87372375e-01 
347 452.36 4.35556274e+02 7.94813693e-01 
348 453.17 4.31503967e+02 6.71416819e-01 
349 453.98 4.33381073e+02 6.95650756e-01 
350 454.78 4.38953125e+02 6.22738898e-01 
351 455.59 4.45606812e+02 5.97371757e-01 
352 456.39 4.50963867e+02 6.99118733e-01 
353 457.20 4.52660126e+02 7.76493311e-01 
354 458.00 4.51149475e+02 6.79863930e-01 
355 458.81 4.49747986e+02 6.54430509e-01 
356 459.61 4.51954315e+02 8.30665708e-01 
357 460.42 4.57398254e+02 7.32570291e-01 
358 461.23 4.62723816e+02 7.51505256e-01 
359 462.03 4.65765747e+02 6.95025146e-01 
360 462.84 4.64478973e+02 8.20541263e-01 
361 463.64 4.60241425e+02 5.39931834e-01 
362 464.45 4.56891754e+02 7.04162598e-01 
363 465.25 4.54485229e+02 7.36216009e-01 
364 466.06 4.53456726e+02 5.85138500e-01 
365 466.86 4.53850922e+02 8.85766089e-01 
366 467.67 4.56317566e+02 7.00943768e-01 
367 468.47 4.58465454e+02 6.71213448e-01 
368 469.28 4.57944855e+02 7.52919495e-01 
369 470.08 4.57890472e+02 6.43705010e-01 
370 470.89 4.62468750e+02 9.74608779e-01 
371 471.69 4.68729065e+02 9.01235878e-01 
372 472.50 4.73516083e+02 8.65277231e-01 
373 473.30 4.76703247e+02 8.51467431e-01 
374 474.11 4.79398926e+02 6.90806270e-01 
375 474.91 4.80457581e+02 7.27733076e-01 
376 475.72 4.81099487e+02 6.41876459e-01 
377 476.52 4.84306763e+02 7.80849874e-01 
378 477.33 4.89120911e+02 7.60075033e-01 
379 478.13 4.93550476e+02 8.22054684e-01 
380 478.93 4.96764923e+02 6.80105865e-01 
381 479.74 4.98489563e+02 8.43846202e-01 
382 480.54 4.99968262e+02 6.44624650e-01 
383 481.35 5.00251617e+02 7.14832902e-01 
384 482.15 4.98538849e+02 7.53595412e-01 
385 482.96 4.94707306e+02 1.09504056e+00 
386 483.76 4.86615997e+02 8.32184792e-01 
387 484.57 4.71074036e+02 6.47876084e-01 
388 485.37 4.52287476e+02 6.95896447e-01 
389 486.17 4.43314392e+02 7.56530643e-01 
390 486.98 4.48123322e+02 7.35009730e-01 
391 487.78 4.61098511e+02 8.04539323e-01 
392 488.59 4.75402710e+02 7.20340729e-01 
393 489.39 4.86083313e+02 7.24917710e-01 
394 490.19 4.89649719e+02 7.61982203e-01 
395 491.00 4.87281860e+02 7.15433657e-01 
396 491.80 4.84501892e+02 8.23526621e-01 
397 492.61 4.85243011e+02 6.65614963e-01 
398 493.41 4.90774933e+02 7.51886904e-01 
399 494.21 4.97354309e+02 8.08450699e-01 
400 495.02 5.01173401e+02 7.82988131e-01 
401 495.82 5.03215942e+02 8.20786536e-01 
402 496.63 5.02198700e+02 7.92202473e-01 
403 497.43 4.98681976e+02 7.53521979e-01 
404 498.23 4.95030914e+02 7.91404366e-01 
405 499.04 4.91195374e+02 5.81864297e-01 
406 499.84 4.86598511e+02 6.89825296e-01 
407 500.64 4.82423859e+02 6.11260772e-01 
408 501.45 4.81588593e+02 6.36593223e-01 
409 502.25 4.83799500e+02 8.12925756e-01 
410 503.05 4.86914978e+02 6.83372140e-01 
411 503.86 4.91464478e+02 7.04639733e-01 
412 504.66 4.97878632e+02 7.18081057e-01 
413 505.46 5.02552948e+02 6.79097950e-01 
414 506.27 5.03255676e+02 6.64484501e-01 
415 507.07 5.00777405e+02 7.54848480e-01 
416 507.87 4.98780273e+02 8.69425356e-01 
417 508.68 4.98678558e+02 8.56665492e-01 
418 509.48 5.00797699e+02 6.22639656e-01 
419 510.28 5.02838562e+02 6.28775001e-01 
420 511.08 5.02855988e+02 5.82000613e-01 
421 511.89 4.99696716e+02 6.89937770e-01 
422 512.69 4.94477692e+02 7.21293986e-01 
423 513.49 4.89139679e+02 8.15946698e-01 
424 514.30 4.85540985e+02 7.68958986e-01 
425 515.10 4.78383453e+02 7.45002627e-01 
426 515.90 4.65087341e+02 6.05587006e-01 
427 516.70 4.52793091e+02 6.95562780e-01 
428 517.51 4.47804077e+02 8.54279995e-01 
429 518.31 4.52828796e+02 7.16460049e-01 
430 519.11 4.64305298e+02 7.68691897e-01 
431 519.91 4.75369659e+02 6.49047494e-01 
432 520.72 4.82824402e+02 6.82222128e-01 
433 521.52 4.85555664e+02 6.33312821e-01 
434 522.32 4.87086395e+02 7.53847480e-01 
435 523.12 4.91157227e+02 7.62846887e-01 
436 523.93 4.94713654e+02 7.70392835e-01 
437 524.73 4.93263031e+02 6.68057799e-01 
438 525.53 4.84798157e+02 5.61772883e-01 
439 526.33 4.76230133e+02 8.90519738e-01 
440 527.13 4.76337708e+02 7.22180784e-01 
441 527.94 4.84143860e+02 7.68303275e-01 
442 528.74 4.93983521e+02 8.30629587e-01 
443 529.54 5.01705414e+02 6.20798171e-01 
444 530.34 5.04768372e+02 7.04143107e-01 
445 531.14 5.02277496e+02 6.63100362e-01 
446 531.95 4.96911285e+02 6.50752068e-01 
447 532.75 4.92890411e+02 6.65650189e-01 
448 533.55 4.93229706e+02 7.46653259e-01 
449 534.35 4.97270874e+02 6.62712336e-01 
450 535.15 5.00307404e+02 5.02837658e-01 
451 535.95 5.00037537e+02 7.07925975e-01 
452 536.76 4.98090759e+02 7.88705707e-01 
453 537.56 4.95825043e+02 5.90163946e-01 
454 538.36 4.91891876e+02 7.14564383e-01 
455 539.16 4.86512024e+02 6.81166530e-01 
456 539.96 4.81907837e+02 7.82797277e-01 
457 540.76 4.81081604e+02 8.29906523e-01 
458 541.56 4.82800446e+02 5.27543306e-01 
459 542.36 4.86506378e+02 7.74394453e-01 
460 543.17 4.89981110e+02 6.56278253e-01 
461 543.97 4.92088531e+02 9.31726635e-01 
462 544.77 4.93264465e+02 6.96401834e-01 
463 545.57 4.92154602e+02 5.22469759e-01 
464 546.37 4.89851593e+02 7.38811374e-01 
465 547.17 4.87126434e+02 7.81837940e-01 
466 547.97 4.86062927e+02 8.52268875e-01 
467 548.77 4.86134735e+02 7.70200312e-01 
468 549.57 4.86606384e+02 7.25201428e-01 
469 550.37 4.86040161e+02 6.69451833e-01 
470 551.17 4.85134460e+02 5.38413405e-01 
471 551.97 4.84433044e+02 5.77144682e-01 
472 552.78 4.84337585e+02 7.25957036e-01 
473 553.58 4.85182343e+02 6.33078158e-01 
474 554.38 4.85630737e+02 5.30902445e-01 
475 555.18 4.83400238e+02 8.79720747e-01 
476 555.98 4.79670563e+02 4.60660160e-01 
477 556.78 4.75311157e+02 6.48441195e-01 
478 557.58 4.69916351e+02 7.14375973e-01 
479 558.38 4.65831665e+02 6.81554198e-01 
480 559.18 4.65327515e+02 8.28922987e-01 
481 559.98 4.65791565e+02 6.01508737e-01 
482 560.78 4.67712128e+02 5.93991756e-01 
483 561.58 4.71245087e+02 7.24614799e-01 
484 562.38 4.72986664e+02 7.13364542e-01 
485 563.18 4.74213531e+02 6.00240409e-01 
486 563.98 4.74591583e+02 6.01007700e-01 
487 564.78 4.73912537e+02 6.56665087e-01 
488 565.58 4.72546356e+02 5.50285339e-01 
489 566.38 4.72155762e+02 5.16635060e-01 
490 567.18 4.73430450e+02 6.16214514e-01 
491 567.98 4.74637024e+02 5.42153955e-01 
492 568.78 4.73864868e+02 6.24600708e-01 
493 569.58 4.71927948e+02 5.28419614e-01 
494 570.38 4.70365906e+02 5.87282717e-01 
495 571.17 4.72695099e+02 7.68585324e-01 
496 571.97 4.78345215e+02 6.24625027e-01 
497 572.77 4.83978516e+02 6.49801731e-01 
498 573.57 4.86807129e+02 4.81069356e-01 
499 574.37 4.85664337e+02 5.41203737e-01 
500 575.17 4.83639038e+02 5.37633240e-01 
501 575.97 4.82882690e+02 6.45665109e-01 
502 576.77 4.81242706e+02 4.94105488e-01 
503 577.57 4.77795868e+02 7.06155598e-01 
504 578.37 4.74590332e+02 7.61246383e-01 
505 579.17 4.73118927e+02 7.68855870e-01 
506 579.96 4.72835388e+02 6.32913232e-01 
507 580.76 4.73110291e+02 5.20876527e-01 
508 581.56 4.72782928e+02 5.20812094e-01 
509 582.36 4.72274292e+02 6.63918018e-01 
510 583.16 4.70075531e+02 5.76016486e-01 
511 583.96 4.65676971e+02 6.36838436e-01 
512 584.76 4.59511749e+02 7.88208246e-01 
513 585.56 4.54424347e+02 5.08428395e-01 
514 586.35 4.50830719e+02 5.45338511e-01 
515 587.15 4.45059113e+02 6.21806562e-01 
516 587.95 4.34507813e+02 7.56405771e-01 
517 588.75 4.24067902e+02 7.62886941e-01 
518 589.55 4.20246277e+02 6.65015817e-01 
519 590.35 4.22766388e+02 7.82409072e-01 
520 591.14 4.28477417e+02 7.40736187e-01 
521 591.94 4.32677399e+02 6.77067280e-01 
522 592.74 4.34086243e+02 6.69774592e-01 
523 593.54 4.33825500e+02 5.93012691e-01 
524 594.34 4.33630157e+02 7.89706409e-01 
525 595.13 4.34609894e+02 7.09686220e-01 
526 595.93 4.36632874e+02 7.96720505e-01 
527 596.73 4.38208527e+02 7.82795608e-01 
528 597.53 4.38574677e+02 5.96383989e-01 
529 598.32 4.38354187e+02 6.11869633e-01 
530 599.12 4.38255341e+02 5.52690208e-01 
531 599.92 4.37805603e+02 5.43780088e-01 
532 600.72 4.37179047e+02 5.64539731e-01 
533 601.51 4.37991852e+02 7.73392737e-01 
534 602.31 4.41384430e+02 6.16053343e-01 
535 603.11 4.45971405e+02 5.71539342e-01 
536 603.91 4.49475769e+02 6.38356984e-01 
537 604.70 4.51441223e+02 7.54595160e-01 
538 605.50 4.51505829e+02 6.46900356e-01 
539 606.30 4.51415070e+02 5.29774129e-01 
540 607.10 4.50877777e+02 5.91884792e-01 
541 607.89 4.49452148e+02 8.54145467e-01 
542 608.69 4.47683258e+02 6.44709349e-01 
543 609.49 4.46127228e+02 5.46446621e-01 
544 610.28 4.45829590e+02 5.46308100e-01 
545 611.08 4.46030304e+02 6.06096923e-01 
546 611.88 4.45019836e+02 7.59400368e-01 
547 612.67 4.43121033e+02 5.35190582e-01 
548 613.47 4.41510193e+02 6.29347265e-01 
549 614.27 4.40428711e+02 6.02540672e-01 
550 615.06 4.38098846e+02 5.04542649e-01 
551 615.86 4.35937042e+02 6.21284187e-01 
552 616.66 4.35906799e+02 5.53190410e-01 
553 617.45 4.38549988e+02 6.90297604e-01 
554 618.25 4.41733765e+02 7.23700047e-01 
555 619.04 4.44563202e+02 6.46554053e-01 
556 619.84 4.45596832e+02 6.94305241e-01 
557 620.64 4.44568695e+02 6.81092739e-01 
558 621.43 4.41843292e+02 6.09390795e-01 
559 622.23 4.38440460e+02 5.42298734e-01 
560 623.02 4.35010681e+02 5.54152906e-01 
561 623.82 4.31878082e+02 4.01523948e-01 
562 624.62 4.29347473e+02 3.96016806e-01 
563 625.41 4.28627716e+02 4.91169870e-01 
564 626.21 4.28235382e+02 5.60742795e-01 
565 627.00 4.26236359e+02 5.77630937e-01 
566 627.80 4.24348572e+02 4.95421439e-01 
567 628.59 4.22842499e+02 5.63262343e-01 
568 629.39 4.22024780e+02 5.93261719e-01 
569 630.19 4.21339508e+02 5.90378046e-01 
570 630.98 4.21068359e+02 4.64434654e-01 
571 631.78 4.21777191e+02 4.74503309e-01 
572 632.57 4.22896332e+02 6.05342925e-01 
573 633.37 4.24231934e+02 7.04304457e-01 
574 634.16 4.25499207e+02 5.81802428e-01 
575 634.96 4.25873169e+02 7.18929708e-01 
576 635.75 4.25864227e+02 6.20788276e-01 
577 636.55 4.26569763e+02 4.65726703e-01 
578 637.34 4.27751282e+02 6.08812690e-01 
579 638.14 4.27941681e+02 5.75078607e-01 
580 638.93 4.25733368e+02 5.11483550e-01 
581 639.73 4.22418030e+02 5.57666540e-01 
582 640.52 4.19263824e+02 6.06877983e-01 
583 641.32 4.17213745e+02 4.38847631e-01 
584 642.11 4.16570251e+02 5.79747856e-01 
585 642.90 4.16479980e+02 4.59696501e-01 
586 643.70 4.15586639e+02 5.78087211e-01 
587 644.49 4.13401062e+02 6.39016569e-01 
588 645.29 4.10424957e+02 4.98251289e-01 
589 646.08 4.06923279e+02 4.00192767e-01 
590 646.88 4.04085297e+02 5.01524508e-01 
591 647.67 4.01229675e+02 4.23127949e-01 
592 648.46 3.96814270e+02 6.62034690e-01 
593 649.26 3.93698212e+02 5.31603694e-01 
594 650.05 3.93829529e+02 7.44547069e-01 
595 650.85 3.95148895e+02 6.20000899e-01 
596 651.64 3.95272247e+02 7.36712396e-01 
597 652.43 3.94379425e+02 6.90676987e-01 
598 653.23 3.92469879e+02 6.40367866e-01 
599 654.02 3.85828766e+02 3.90319735e-01 
600 654.81 3.70544006e+02 5.14173627e-01 
601 655.61 3.51925018e+02 3.44826281e-01 
602 656.40 3.44532349e+02 3.96466941e-01 
603 657.20 3.53339478e+02 2.76367247e-01 
604 657.99 3.67209961e+02 3.18249315e-01 
605 658.78 3.74965973e+02 3.47554445e-01 
606 659.58 3.77491364e+02 4.44054693e-01 
607 660.37 3.78857239e+02 4.10296321e-01 
608 661.16 3.79975525e+02 6.37972534e-01 
609 661.95 3.79830719e+02 4.74465579e-01 
610 662.75 3.78391907e+02 4.45596814e-01 
611 663.54 3.77228149e+02 4.33300525e-01 
612 664.33 3.77687958e+02 5.67775369e-01 
613 665.13 3.78127228e+02 4.80895519e-01 
614 665.92 3.77348816e+02 4.63331997e-01 
615 666.71 3.75946625e+02 5.71111023e-01 
616 667.50 3.75651978e+02 5.42977035e-01 
617 668.30 3.76507690e+02 5.77044010e-01 
618 669.09 3.76441711e+02 6.76522493e-01 
619 669.88 3.75270813e+02 5.12674630e-01 
620 670.67 3.73287567e+02 5.60814142e-01 
621 671.47 3.71885742e+02 5.52442431e-01 
622 672.26 3.71968628e+02 4.73314166e-01 
623 673.05 3.73227264e+02 5.34687877e-01 
624 673.84 3.74052856e+02 5.43422043e-01 
625 674.64 3.73408325e+02 7.26071239e-01 
626 675.43 3.73319000e+02 5.45588315e-01 
627 676.22 3.73621216e+02 4.07995939e-01 
628 677.01 3.74156738e+02 6.92807853e-01 
629 677.80 3.74603638e+02 6.78644896e-01 
630 678.59 3.74679230e+02 4.62809831e-01 
631 679.39 3.74816223e+02 4.62011933e-01 
632 680.18 3.75149567e+02 4.32309896e-01 
633 680.97 3.75541962e+02 5.88865578e-01 
634 681.76 3.75901001e+02 5.56653500e-01 
635 682.55 3.74861267e+02 5.19527733e-01 
636 683.34 3.71937775e+02 4.55373645e-01 
637 684.14 3.68759644e+02 6.84323609e-01 
638 684.93 3.64478882e+02 5.46531677e-01 
639 685.72 3.49787292e+02 4.04495418e-01 
640 686.51 3.22839783e+02 4.97076422e-01 
641 687.30 3.05381836e+02 7.69035578e-01 
642 688.09 3.08474243e+02 8.65135729e-01 
643 688.88 3.16445160e+02 8.80740821e-01 
644 689.67 3.22091431e+02 7.90196300e-01 
645 690.46 3.27956116e+02 6.33495569e-01 
646 691.25 3.33440582e+02 5.51643789e-01 
647 692.04 3.36618591e+02 6.49865210e-01 
648 692.84 3.36760223e+02 5.21285415e-01 
649 693.63 3.35861206e+02 4.79046583e-01 
650 694.42 3.35437683e+02 4.86351281e-01 
651 695.21 3.36761871e+02 4.24197614e-01 
652 696.00 3.39572601e+02 4.60465908e-01 
653 696.79 3.40959473e+02 4.69946623e-01 
654 697.58 3.38604828e+02 4.22462702e-01 
655 698.37 3.34422546e+02 5.91709137e-01 
656 699.16 3.30506470e+02 5.21375179e-01 
657 699.95 3.26131317e+02 3.58950704e-01 
658 700.74 3.22410522e+02 5.26817918e-01 
659 701.53 3.20325623e+02 4.64812011e-01 
660 702.32 3.20028625e+02 3.59191507e-01 
661 703.11 3.22188751e+02 4.55810666e-01 
662 703.90 3.24172516e+02 5.15052080e-01 
663 704.69 3.24564575e+02 3.64149004e-01 
664 705.48 3.23406921e+02 4.23316896e-01 
665 706.27 3.22575745e+02 4.47560638e-01 
666 707.05 3.22051697e+02 6.00856543e-01 
667 707.84 3.20987579e+02 4.41692173e-01 
668 708.63 3.19636932e+02 4.65314090e-01 
669 709.42 3.18777313e+02 4.29247051e-01 
670 710.21 3.17674652e+02 4.22348440e-01 
671 711.00 3.15717316e+02 4.31282192e-01 
672 711.79 3.13682617e+02 5.45307457e-01 
673 712.58 3.13012634e+02 6.09805465e-01 
674 713.37 3.12741333e+02 4.55625743e-01 
675 714.16 3.10549103e+02 5.44337571e-01 
676 714.95 3.06991913e+02 4.82637912e-01 
677 715.73 2.99617615e+02 3.66986245e-01 
678 716.52 2.85008118e+02 6.00353241e-01 
679 717.31 2.67943542e+02 8.52224052e-01 
680 718.10 2.55127304e+02 8.44633102e-01 
681 718.89 2.49065704e+02 8.43918264e-01 
682 719.68 2.51261734e+02 7.30465531e-01 
683 720.46 2.62200928e+02 5.97098112e-01 
684 721.25 2.77641083e+02 4.31907713e-01 
685 722.04 2.83935547e+02 5.15682101e-01 
686 722.83 2.77678070e+02 5.82160830e-01 
687 723.62 2.68091827e+02 6.69592261e-01 
688 724.40 2.64295502e+02 7.96989143e-01 
689 725.19 2.65368835e+02 6.36151493e-01 
690 725.98 2.67834534e+02 7.39185691e-01 
691 726.77 2.68488007e+02 7.10291743e-01 
692 727.56 2.68206909e+02 5.48290372e-01 
693 728.34 2.68631073e+02 5.02364039e-01 
694 729.13 2.70088562e+02 6.42526150e-01 
695 729.92 2.73306702e+02 7.03998804e-01 
696 730.71 2.76371246e+02 7.58415937e-01 
697 731.49 2.81413696e+02 6.69939399e-01 
698 732.28 2.87585846e+02 6.06741667e-01 
699 733.07 2.92977539e+02 4.73442316e-01 
700 733.85 2.96759186e+02 3.56816560e-01 
701 734.64 2.97031036e+02 4.83636409e-01 
702 735.43 2.96117126e+02 4.58709925e-01 
703 736.22 2.96555939e+02 3.35791975e-01 
704 737.00 2.98709839e+02 3.60855818e-01 
705 737.79 2.98186096e+02 4.50584531e-01 
706 738.58 2.96047668e+02 3.89124781e-01 
707 739.36 2.96918762e+02 5.40805817e-01 
708 740.15 2.98121460e+02 5.22202194e-01 
709 740.94 2.96433594e+02 5.04984081e-01 
710 741.72 2.95429230e+02 4.42263007e-01 
711 742.51 2.97113739e+02 2.93494195e-01 
712 743.29 2.98695770e+02 5.23608863e-01 
713 744.08 2.97669647e+02 4.65312421e-01 
714 744.87 2.96771790e+02 4.64664787e-01 
715 745.65 2.96924255e+02 4.06180710e-01 
716 746.44 2.96874634e+02 4.52886313e-01 
717 747.22 2.97107056e+02 4.11069751e-01 
718 748.01 2.95940613e+02 4.90763396e-01 
719 748.80 2.92722839e+02 3.37319285e-01 
720 749.58 2.89852264e+02 3.51905495e-01 
721 750.37 2.88187805e+02 3.83589923e-01 
722 751.15 2.86557678e+02 3.57293397e-01 
723 751.94 2.85080872e+02 5.23205996e-01 
724 752.72 2.83676392e+02 3.59120667e-01 
725 753.51 2.83668640e+02 3.12773645e-01 
726 754.29 2.82619415e+02 5.22932470e-01 
727 755.08 2.79714966e+02 3.14671457e-01 
728 755.86 2.76574585e+02 3.00567210e-01 
729 756.65 2.73985168e+02 4.35014397e-01 
730 757.43 2.70017609e+02 4.25739825e-01 
731 758.22 2.55436188e+02 3.29219431e-01 
732 759.00 2.06052795e+02 5.21681011e-01 
733 759.79 1.34929153e+02 8.73988986e-01 
734 760.57 1.00694298e+02 1.13072610e+00 
735 761.36 1.17453369e+02 1.12989902e+00 
736 762.14 1.34669846e+02 1.08253288e+00 
737 762.93 1.35032547e+02 1.23286343e+00 
738 763.71 1.42058945e+02 1.16696870e+00 
739 764.50 1.60109650e+02 1.01586747e+00 
740 765.28 1.81321045e+02 7.77763009e-01 
741 766.06 2.01310638e+02 5.57588041e-01 
742 766.85 2.19200760e+02 5.44781685e-01 
743 767.63 2.32503769e+02 3.39958787e-01 
744 768.42 2.39508682e+02 4.20156360e-01 
745 769.20 2.43147797e+02 4.69247520e-01 
746 769.98 2.45454193e+02 4.07930970e-01 
747 770.77 2.46027802e+02 3.71359050e-01 
748 771.55 2.45855408e+02 4.78793055e-01 
749 772.33 2.46180588e+02 3.68702322e-01 
750 773.12 2.46616058e+02 3.57507348e-01 
751 773.90 2.45613953e+02 3.54197383e-01 
752 774.68 2.44151108e+02 3.93140078e-01 
753 775.47 2.44134460e+02 4.19783026e-01 
754 776.25 2.44084732e+02 3.89436990e-01 
755 777.03 2.42933823e+02 3.47318470e-01 
756 777.82 2.41838776e+02 3.40092391e-01 
757 778.60 2.41161148e+02 4.06013161e-01 
758 779.38 2.39934097e+02 4.30038750e-01 
759 780.17 2.39023087e+02 4.31308270e-01 
760 780.95 2.39438248e+02 3.48841280e-01 
761 781.73 2.39918793e+02 2.64236599e-01 
762 782.51 2.38494247e+02 2.99296468e-01 
763 783.30 2.36105164e+02 3.53438079e-01 
764 784.08 2.34925720e+02 2.07312226e-01 
765 784.86 2.34915924e+02 2.58497298e-01 
766 785.64 2.34845963e+02 3.02157044e-01 
767 786.43 2.33437653e+02 3.30803424e-01 
768 787.21 2.30903961e+02 2.53799886e-01 
769 787.99 2.28458969e+02 3.85854959e-01 
770 788.77 2.27139618e+02 3.05467486e-01 
771 789.55 2.26582794e+02 2.65870750e-01 
772 790.34 2.26010437e+02 2.61355132e-01 
773 791.12 2.24544739e+02 3.08801800e-01 
774 791.90 2.22273087e+02 2.64671177e-01 
775 792.68 2.20084488e+02 2.79119641e-01 
776 793.46 2.19509735e+02 3.13511848e-01 
777 794.24 2.19648422e+02 3.15276623e-01 
778 795.02 2.19911530e+02 4.51287538e-01 
779 795.81 2.19278214e+02 2.60989279e-01 
780 796.59 2.19185394e+02 4.18466985e-01 
781 797.37 2.20111359e+02 3.06645036e-01 
782 798.15 2.20589539e+02 3.02184045e-01 
783 798.93 2.19129868e+02 2.90047437e-01 
784 799.71 2.16499344e+02 3.15437019e-01 
785 800.49 2.14644180e+02 2.80362844e-01 
786 801.27 2.14296890e+02 3.48738551e-01 
787 802.05 2.14849045e+02 2.57703096e-01 
788 802.83 2.14909348e+02 3.59006852e-01 
789 803.61 2.13842178e+02 2.98230439e-01 
790 804.39 2.12365784e+02 3.44823092e-01 
791 805.18 2.11825287e+02 3.13984990e-01 
792 805.96 2.12282410e+02 2.75680423e-01 
793 806.74 2.12657013e+02 3.73236179e-01 
794 807.52 2.11445877e+02 3.65312546e-01 
795 808.30 2.08492661e+02 2.70723909e-01 
796 809.08 2.05443741e+02 2.85482407e-01 
797 809.86 2.03518570e+02 3.66385251e-01 
798 810.64 2.03037125e+02 2.42044687e-01 
799 811.41 2.01789581e+02 3.64030361e-01 
800 812.19 1.97614487e+02 2.00493664e-01 
801 812.97 1.90831207e+02 3.57464612e-01 
802 813.75 1.83299088e+02 4.43902999e-01 
803 814.53 1.76970322e+02 5.08518815e-01 
804 815.31 1.72240646e+02 6.61788821e-01 
805 816.09 1.69223724e+02 5.83242297e-01 
806 816.87 1.67129776e+02 6.47233248e-01 
807 817.65 1.65765289e+02 6.15597308e-01 
808 818.43 1.65725967e+02 6.20358586e-01 
809 819.21 1.68607971e+02 4.73175585e-01 
810 819.99 1.72962982e+02 4.42196906e-01 
811 820.77 1.74304459e+02 3.75731915e-01 
812 821.54 1.69782120e+02 4.41511035e-01 
813 822.32 1.63221207e+02 4.56986725e-01 
814 823.10 1.61557999e+02 5.01166046e-01 
815 823.88 1.66271698e+02 4.09778625e-01 
816 824.66 1.73059708e+02 4.41832155e-01 
817 825.44 1.77181992e+02 2.89434105e-01 
818 826.21 1.76523911e+02 3.19132417e-01 
819 826.99 1.73149414e+02 3.61125648e-01 
820 827.77 1.69794739e+02 3.26108098e-01 
821 828.55 1.68282257e+02 3.78133982e-01 
822 829.33 1.68957413e+02 3.21764439e-01 
823 830.10 1.69811249e+02 4.12539721e-01 
824 830.88 1.69739349e+02 4.29882914e-01 
825 831.66 1.68473465e+02 3.89978856e-01 
826 832.44 1.67720215e+02 3.00497502e-01 
827 833.21 1.68452820e+02 4.15472746e-01 
828 833.99 1.70809875e+02 2.96084136e-01 
829 834.77 1.73347595e+02 3.16157669e-01 
830 835.55 1.74795334e+02 3.19049150e-01 
831 836.32 1.74317123e+02 2.48968884e-01 
832 837.10 1.73241150e+02 2.74471343e-01 
833 837.88 1.72918701e+02 3.06938738e-01 
834 838.65 1.73477539e+02 2.38376558e-01 
835 839.43 1.74549103e+02 1.90407187e-01 
836 840.21 1.74792908e+02 3.24345857e-01 
837 840.98 1.73726974e+02 1.97392419e-01 
838 841.76 1.71828781e+02 2.72169560e-01 
839 842.54 1.69946869e+02 3.14610064e-01 
840 843.31 1.69272842e+02 1.97436377e-01 
841 844.09 1.69728134e+02 2.20472246e-01 
842 844.87 1.70353897e+02 2.95943618e-01 
843 845.64 1.70347015e+02 3.49483252e-01 
844 846.42 1.68950119e+02 2.94288397e-01 
845 847.19 1.66918457e+02 3.34685862e-01 
846 847.97 1.64442474e+02 3.82853806e-01 
847 848.75 1.62779068e+02 2.45393485e-01 
848 849.52 1.61773163e+02 2.39191413e-01 
849 850.30 1.61011856e+02 2.97008544e-01 
850 851.07 1.59614258e+02 2.63407171e-01 
851 851.85 1.56943573e+02 2.53153443e-01 
852 852.62 1.53727890e+02 2.07791939e-01 
853 853.40 1.50935226e+02 2.77708769e-01 
854 854.17 1.50009888e+02 1.76703542e-01 
855 854.95 1.51587646e+02 2.70956069e-01 
856 855.72 1.54628799e+02 2.30164409e-01 
857 856.50 1.57133286e+02 2.43957549e-01 
858 857.27 1.58418839e+02 2.01461136e-01 
859 858.05 1.58378036e+02 3.44955504e-01 
860 858.82 1.58447159e+02 3.08504760e-01 
861 859.60 1.58862320e+02 3.74854803e-01 
862 860.37 1.58736801e+02 3.07874680e-01 
863 861.15 1.58147354e+02 3.64786118e-01 
864 861.92 1.56614105e+02 2.42424101e-01 
865 862.69 1.54456238e+02 2.61159271e-01 
866 863.47 1.52291046e+02 3.20553333e-01 
867 864.24 1.49749054e+02 3.04042876e-01 
868 865.02 1.47607483e+02 2.50711709e-01 
869 865.79 1.45660141e+02 2.92623758e-01 
870 866.56 1.44269638e+02 2.98926830e-01 
871 867.34 1.43697830e+02 2.31789380e-01 
872 868.11 1.44504181e+02 2.65546024e-01 
873 868.89 1.45921936e+02 4.02584881e-01 
874 869.66 1.47329498e+02 3.75457495e-01 
875 870.43 1.48222229e+02 2.29405746e-01 
876 871.21 1.48123657e+02 2.22242773e-01 
877 871.98 1.47078079e+02 3.27161580e-01 
878 872.75 1.45261856e+02 2.35048667e-01 
879 873.53 1.43484482e+02 2.67525762e-01 
880 874.30 1.42333313e+02 2.25120559e-01 
881 875.07 1.41922134e+02 2.79053897e-01 
882 875.84 1.41789841e+02 2.40429386e-01 
883 876.62 1.41680893e+02 2.75518209e-01 
884 877.39 1.40667389e+02 2.65395343e-01 
885 878.16 1.39432571e+02 2.55594432e-01 
886 878.93 1.38265274e+02 3.46582800e-01 
887 879.71 1.37734467e+02 2.53545135e-01 
888 880.48 1.37985062e+02 2.26417407e-01 
889 881.25 1.38671249e+02 2.98980385e-01 
890 882.02 1.39552155e+02 2.69011080e-01 
891 882.80 1.39514496e+02 2.65263766e-01 
892 883.57 1.38886307e+02 2.14225963e-01 
893 884.34 1.37579086e+02 2.57876992e-01 
894 885.11 1.36325653e+02 2.64138371e-01 
895 885.88 1.35623428e+02 2.93770999e-01 
896 886.65 1.35307388e+02 2.90645003e-01 
897 887.43 1.35019882e+02 3.18410158e-01 
898 888.20 1.34507233e+02 4.11293209e-01 
899 888.97 1.33408386e+02 3.06642026e-01 
900 889.74 1.31932236e+02 2.72793889e-01 
901 890.51 1.30207047e+02 2.88947523e-01 
902 891.28 1.28328064e+02 2.76630014e-01 
903 892.05 1.26499214e+02 2.79318959e-01 
904 892.82 1.24317253e+02 2.51507342e-01 
905 893.59 1.21551926e+02 2.37753049e-01 
906 894.36 1.18210014e+02 2.20151082e-01 
907 895.13 1.14401573e+02 2.98972994e-01 
908 895.91 1.10211945e+02 2.75455117e-01 
909 896.68 1.06310699e+02 3.87029260e-01 
910 897.45 1.03235023e+02 2.94538319e-01 
911 898.22 1.00797066e+02 2.77060062e-01 
912 898.99 9.91162262e+01 3.21732879e-01 
913 899.76 9.81924896e+01 3.07813197e-01 
914 900.53 9.79938431e+01 3.06847185e-01 
915 901.30 9.83717575e+01 2.34590456e-01 
916 902.07 9.92753830e+01 2.23258600e-01 
917 902.84 1.00379799e+02 2.39110976e-01 
918 903.61 1.01308792e+02 3.49126905e-01 
919 904.37 1.01613922e+02 2.98628002e-01 
920 905.14 1.00883682e+02 2.48139933e-01 
921 905.91 9.91153107e+01 3.20722520e-01 
922 906.68 9.65832901e+01 3.16658229e-01 
923 907.45 9.38540878e+01 3.24567854e-01 
924 908.22 9.16093674e+01 3.06410551e-01 
925 908.99 8.99643021e+01 3.34970623e-01 
926 909.76 8.87898026e+01 4.03135926e-01 
927 910.53 8.83092499e+01 3.49286556e-01 
928 911.30 8.79270401e+01 3.32130969e-01 
929 912.06 8.73630066e+01 4.36985880e-01 
930 912.83 8.64687805e+01 3.52120012e-01 
931 913.60 8.55656662e+01 3.23738515e-01 
932 914.37 8.49017029e+01 3.38706285e-01 
933 915.14 8.47267609e+01 3.43308359e-01 
934 915.91 8.49431458e+01 3.87315094e-01 
935 916.67 8.55354691e+01 3.15714538e-01 
936 917.44 8.61585159e+01 2.79090732e-01 
937 918.21 8.65328827e+01 2.68465847e-01 
938 918.98 8.67645340e+01 2.48692125e-01 
939 919.75 8.70058594e+01 2.80350238e-01 
940 920.51 8.68911438e+01 2.98979819e-01 
941 921.28 8.65885162e+01 2.82886118e-01 
942 922.05 8.60141525e+01 2.48218626e-01 
943 922.81 8.51426315e+01 2.80656904e-01 
944 923.58 8.37016983e+01 3.18831265e-01 
945 924.35 8.17664108e+01 2.44932130e-01 
946 925.12 7.95234680e+01 3.03267121e-01 
947 925.88 7.67957535e+01 3.70189518e-01 
948 926.65 7.35119019e+01 3.92268300e-01 
949 927.42 6.97837067e+01 2.77570665e-01 
950 928.18 6.56474457e+01 4.76966888e-01 
951 928.95 6.09127998e+01 4.19278175e-01 
952 929.72 5.59830704e+01 4.66654658e-01 
953 930.48 5.09406090e+01 4.48668242e-01 
954 931.25 4.61426392e+01 4.24310923e-01 
955 932.01 4.18899803e+01 4.29213107e-01 
956 932.78 3.81919136e+01 4.75198746e-01 
957 933.55 3.53499413e+01 4.81129825e-01 
958 934.31 3.34602699e+01 4.37224150e-01 
959 935.08 3.22839088e+01 4.47820991e-01 
960 935.84 3.17698803e+01 4.38004673e-01 
961 936.61 3.17666702e+01 4.53651905e-01 
962 937.38 3.19034004e+01 3.71693820e-01 
963 938.14 3.22034645e+01 3.94811809e-01 
964 938.91 3.26534882e+01 3.97614181e-01 
965 939.67 3.28935432e+01 3.73146832e-01 
966 940.44 3.29696693e+01 4.27004606e-01 
967 941.20 3.26957626e+01 3.60378385e-01 
968 941.97 3.22294044e+01 3.73953253e-01 
969 942.73 3.15477600e+01 3.07036966e-01 
970 943.50 3.07592468e+01 3.82258803e-01 
971 944.26 3.00834541e+01 3.30224574e-01 
972 945.02 2.96831360e+01 3.47496271e-01 
973 945.79 2.96660767e+01 3.19514781e-01 
974 946.55 2.98899403e+01 3.64636660e-01 
975 947.32 3.02598915e+01 3.43394846e-01 
976 948.08 3.07064304e+01 3.37861180e-01 
977 948.85 3.11916771e+01 3.54928672e-01 
978 949.61 3.15787640e+01 3.48966569e-01 
979 950.37 3.20568771e+01 3.50377619e-01 
980 951.14 3.24089890e+01 3.70983213e-01 
981 951.90 3.28623009e+01 3.71885955e-01 
982 952.66 3.32987022e+01 3.97604734e-01 
983 953.43 3.37123451e+01 3.48795116e-01 
984 954.19 3.40996742e+01 3.73899668e-01 
985 954.96 3.45393524e+01 3.64787668e-01 
986 955.72 3.49544830e+01 3.59710693e-01 
987 956.48 3.53418922e+01 3.56551617e-01 
988 957.24 3.59829445e+01 3.93955201e-01 
989 958.01 3.66631546e+01 2.85776079e-01 
990 958.77 3.73288422e+01 3.31372678e-01 
991 959.53 3.80043907e+01 3.24654162e-01 
992 960.30 3.87072906e+01 2.95350164e-01 
993 961.06 3.94765816e+01 2.80075759e-01 
994 961.82 4.02703247e+01 2.66427666e-01 
995 962.58 4.11015205e+01 2.81618446e-01 
996 963.34 4.20075912e+01 2.62595683e-01 
997 964.11 4.29641533e+01 2.73529202e-01 
998 964.87 4.40503616e+01 2.60485321e-01 
999 965.63 4.49456520e+01 2.55683929e-01 
1000 966.39 4.57549896e+01 2.35044375e-01 
1001 967.15 4.65525169e+01 2.27183506e-01 
1002 967.92 4.72858963e+01 2.44484484e-01 
1003 968.68 4.78953094e+01 1.76968113e-01 
1004 969.44 4.83519020e+01 1.90481529e-01 
1005 970.20 4.87319412e+01 2.15065002e-01 
1006 970.96 4.88370171e+01 1.55319825e-01 
1007 971.72 4.87791672e+01 1.38321310e-01 
1008 972.48 4.84925537e+01 2.02849314e-01 
1009 973.24 4.80701103e+01 1.43146023e-01 
1010 974.01 4.76499367e+01 1.57930657e-01 
1011 974.77 4.72878990e+01 2.03573272e-01 
1012 975.53 4.70991974e+01 1.80477232e-01 
1013 976.29 4.68208694e+01 1.30312428e-01 
1014 977.05 4.67893219e+01 1.48853078e-01 
1015 977.81 4.67385254e+01 1.32148936e-01 
1016 978.57 4.67287025e+01 1.43236294e-01 
1017 979.33 4.66926270e+01 1.58535227e-01 
1018 980.09 4.68482857e+01 1.23365879e-01 
1019 980.85 4.69943810e+01 1.44927055e-01 
1020 981.61 4.71484375e+01 1.28890187e-01 
1021 982.37 4.72452164e+01 1.36648610e-01 
1022 983.13 4.72388840e+01 1.46761268e-01 
1023 983.89 4.71065331e+01 1.14628866e-01 
1024 984.65 4.70362129e+01 7.78129026e-02 
1025 985.41 4.68958359e+01 1.31252378e-01 
1026 986.16 4.67786179e+01 9.73933786e-02 
1027 986.92 4.66765213e+01 1.36057615e-01 
1028 987.68 4.64476089e+01 1.23353049e-01 
1029 988.44 4.60167198e+01 1.50302768e-01 
1030 989.20 4.55564728e+01 1.31669566e-01 
1031 989.96 4.51402245e+01 1.20681815e-01 
1032 990.72 4.47439919e+01 1.22452863e-01 
1033 991.48 4.44394264e+01 1.18034825e-01 
1034 992.23 4.37966042e+01 1.42873734e-01 
1035 992.99 4.32577744e+01 1.38599753e-01 
1036 993.75 4.24821587e+01 1.11186989e-01 
1037 994.51 4.18831596e+01 1.35139436e-01 
1038 995.27 4.12056198e+01 1.12078786e-01 
1039 996.03 4.03478737e+01 1.30195782e-01 
1040 996.78 2.55889678e+00 1.44036943e-02 
1041 997.54 1.19814835e-01 2.05010995e-02 
1042 998.30 5.77580668e-02 1.82466637e-02 
1043 999.06 5.39842620e-02 1.61019955e-02 
