% C0 (TOA Count Rate, /ms) for 4STAR VIS spectrometer (1044 channels) derived from C:\Users\sleblan2\Research\AirSHARP\data_2025\allstarmats\4STARB_20250518starsun.mat and recorded on 2025-06-03 12:25:42.
% Data C0 built to match AOD from 4STARB to AERONET spline fit for Marina_Airport_CA within 200 m [Alt] and 360 seconds, measured on 20250518_1. Using the AERONET file: 250518_250518_Marina_Airport_CA.lev15 as input for this comparison. Date of creation: 03-Jun-2025 12:25:42
Pix Wavelength C0 C0err
0 171.23 0.00000000e+00 0.00000000e+00 
1 172.04 3.38458150e+06 5.09429350e+06 
2 172.86 8.96048563e+05 1.47609000e+06 
3 173.67 3.86176781e+05 1.64197638e+06 
4 174.48 9.93113440e+07 4.87356240e+07 
5 175.29 6.80632800e+07 3.20747260e+07 
6 176.11 4.46591520e+07 2.03221040e+07 
7 176.92 2.94538400e+07 1.29844560e+07 
8 177.73 1.96407920e+07 8.42017000e+06 
9 178.54 1.33002600e+07 5.59963650e+06 
10 179.36 9.23290600e+06 3.88811100e+06 
11 180.17 6.36045700e+06 2.61173475e+06 
12 180.98 4.46781700e+06 1.77463863e+06 
13 181.79 3.16433575e+06 1.24912838e+06 
14 182.61 2.23248200e+06 8.65712875e+05 
15 183.42 1.61911950e+06 6.05267188e+05 
16 184.23 1.18489763e+06 4.32404281e+05 
17 185.04 8.54117125e+05 3.12724281e+05 
18 185.86 6.43003813e+05 2.29305250e+05 
19 186.67 4.84778313e+05 1.73245531e+05 
20 187.48 3.61413219e+05 1.20963734e+05 
21 188.29 2.71389500e+05 8.89607031e+04 
22 189.11 2.10933141e+05 6.80595313e+04 
23 189.92 1.63266172e+05 5.39682773e+04 
24 190.73 1.25985219e+05 3.93056250e+04 
25 191.54 9.69971719e+04 3.03021016e+04 
26 192.36 7.62421641e+04 2.28958828e+04 
27 193.17 6.04363438e+04 1.68728438e+04 
28 193.98 4.79530938e+04 1.37230313e+04 
29 194.79 3.82396328e+04 1.07544648e+04 
30 195.61 3.07532305e+04 9.02987109e+03 
31 196.42 2.52149805e+04 6.70793066e+03 
32 197.23 2.05472656e+04 5.61565674e+03 
33 198.04 1.68348145e+04 4.35981348e+03 
34 198.86 1.36666328e+04 3.49044458e+03 
35 199.67 1.13693330e+04 2.77785449e+03 
36 200.48 9.38508594e+03 2.24399561e+03 
37 201.29 7.95021289e+03 1.87838806e+03 
38 202.11 6.60716943e+03 1.52809839e+03 
39 202.92 5.56440186e+03 1.32227393e+03 
40 203.73 4.72040088e+03 1.07485840e+03 
41 204.54 4.01804346e+03 8.86395081e+02 
42 205.36 3.45916284e+03 7.90131653e+02 
43 206.17 2.91377368e+03 6.27731079e+02 
44 206.98 2.53411084e+03 5.00391479e+02 
45 207.79 2.18715747e+03 4.47703217e+02 
46 208.61 1.90733191e+03 3.72610474e+02 
47 209.42 1.70078845e+03 3.67051056e+02 
48 210.23 1.53841687e+03 3.03808807e+02 
49 211.04 1.44607507e+03 2.84841370e+02 
50 211.86 1.37460486e+03 2.81004395e+02 
51 212.67 1.36321948e+03 2.50166992e+02 
52 213.48 1.40447437e+03 2.77541138e+02 
53 214.29 1.48549585e+03 2.96537415e+02 
54 215.11 1.52794482e+03 2.82578583e+02 
55 215.92 1.61781067e+03 3.05530060e+02 
56 216.73 1.70037476e+03 3.62406647e+02 
57 217.54 1.73036841e+03 3.40815643e+02 
58 218.35 1.77304150e+03 3.46871399e+02 
59 219.17 1.91110864e+03 4.07388123e+02 
60 219.98 1.97376929e+03 3.89886902e+02 
61 220.79 2.11321069e+03 4.01194031e+02 
62 221.60 2.25134351e+03 4.74104675e+02 
63 222.42 2.43921167e+03 5.39272034e+02 
64 223.23 2.73812866e+03 5.26924744e+02 
65 224.04 3.02953174e+03 6.39500305e+02 
66 224.85 3.46515210e+03 7.33373352e+02 
67 225.67 3.98162427e+03 9.42569275e+02 
68 226.48 4.61252393e+03 1.00966345e+03 
69 227.29 5.36486328e+03 1.29396643e+03 
70 228.10 6.38926563e+03 1.57316138e+03 
71 228.91 7.66479834e+03 1.92089502e+03 
72 229.73 9.38659277e+03 2.50229858e+03 
73 230.54 1.13455156e+04 3.00881201e+03 
74 231.35 1.41581221e+04 3.84389160e+03 
75 232.16 1.72184609e+04 4.38244385e+03 
76 232.97 2.16767090e+04 5.95641455e+03 
77 233.79 2.76749961e+04 7.73493457e+03 
78 234.60 3.46653633e+04 9.91113281e+03 
79 235.41 4.38485547e+04 1.25174502e+04 
80 236.22 5.61164141e+04 1.73290801e+04 
81 237.04 7.16092891e+04 2.20742090e+04 
82 237.85 9.15261953e+04 2.77149316e+04 
83 238.66 1.16400242e+05 3.56422148e+04 
84 239.47 1.52100203e+05 4.77555547e+04 
85 240.28 1.88117453e+05 6.06983125e+04 
86 241.10 2.38720000e+05 7.98297266e+04 
87 241.91 2.94022719e+05 1.01904094e+05 
88 242.72 3.67321313e+05 1.19401438e+05 
89 243.53 4.52247875e+05 1.64505859e+05 
90 244.34 5.48432250e+05 1.95254703e+05 
91 245.16 6.62964250e+05 2.43344813e+05 
92 245.97 7.85923125e+05 2.91075406e+05 
93 246.78 9.11590125e+05 3.32614031e+05 
94 247.59 1.04353350e+06 3.74542906e+05 
95 248.40 1.17558388e+06 4.35630219e+05 
96 249.22 1.31598600e+06 4.96942063e+05 
97 250.03 1.41202400e+06 5.49136438e+05 
98 250.84 1.50757325e+06 5.91622875e+05 
99 251.65 1.53287425e+06 5.52351063e+05 
100 252.46 1.60780450e+06 6.12585000e+05 
101 253.27 1.60861888e+06 6.16837688e+05 
102 254.09 1.61498425e+06 6.19959438e+05 
103 254.90 1.53548900e+06 5.74665938e+05 
104 255.71 1.43727713e+06 5.54260063e+05 
105 256.52 1.28550613e+06 4.62241156e+05 
106 257.33 1.16718525e+06 4.23268813e+05 
107 258.15 1.03662881e+06 3.71136844e+05 
108 258.96 8.95178250e+05 3.35696469e+05 
109 259.77 7.48155188e+05 2.69525344e+05 
110 260.58 6.37585438e+05 2.20914734e+05 
111 261.39 5.09926688e+05 1.80476016e+05 
112 262.20 4.07092313e+05 1.37509563e+05 
113 263.02 3.23679656e+05 1.12520656e+05 
114 263.83 2.50284969e+05 8.23055625e+04 
115 264.64 1.92572547e+05 6.15938750e+04 
116 265.45 1.45267625e+05 4.66998984e+04 
117 266.26 1.08055109e+05 3.41472695e+04 
118 267.07 7.78532734e+04 2.34445762e+04 
119 267.89 5.59937383e+04 1.58231855e+04 
120 268.70 4.03216094e+04 1.12611816e+04 
121 269.51 2.90193711e+04 8.12533643e+03 
122 270.32 2.04916680e+04 5.54403857e+03 
123 271.13 1.43734395e+04 3.53366333e+03 
124 271.94 1.03999609e+04 2.62364844e+03 
125 272.75 7.23788135e+03 1.60318872e+03 
126 273.57 4.97649756e+03 1.07069226e+03 
127 274.38 3.46872266e+03 7.29076721e+02 
128 275.19 2.48640063e+03 5.20992310e+02 
129 276.00 1.73963184e+03 3.72429565e+02 
130 276.81 1.24754077e+03 2.33945236e+02 
131 277.62 8.95070679e+02 1.56093704e+02 
132 278.43 6.48140808e+02 1.15019333e+02 
133 279.25 4.73933685e+02 7.95668640e+01 
134 280.06 3.41355194e+02 5.30384369e+01 
135 280.87 2.53183792e+02 3.73672600e+01 
136 281.68 1.89875473e+02 2.53426666e+01 
137 282.49 1.47174011e+02 2.27657681e+01 
138 283.30 1.15028824e+02 1.42867260e+01 
139 284.11 8.80940933e+01 1.08086414e+01 
140 284.93 6.83452988e+01 8.58485222e+00 
141 285.74 5.55418701e+01 5.76831102e+00 
142 286.55 4.39728928e+01 3.91438222e+00 
143 287.36 3.65179176e+01 3.41244888e+00 
144 288.17 3.00591583e+01 2.66179299e+00 
145 288.98 2.44996014e+01 2.42645216e+00 
146 289.79 2.09970169e+01 1.84802032e+00 
147 290.60 1.82011375e+01 1.21165264e+00 
148 291.42 1.56510849e+01 1.29911387e+00 
149 292.23 1.35410194e+01 9.02228892e-01 
150 293.04 1.18614407e+01 8.04120719e-01 
151 293.85 1.07673635e+01 6.78899884e-01 
152 294.66 9.76673317e+00 6.67273223e-01 
153 295.47 8.89531326e+00 4.98470783e-01 
154 296.28 8.17342472e+00 4.91212219e-01 
155 297.09 7.61219454e+00 3.85833055e-01 
156 297.90 7.09418344e+00 2.91704565e-01 
157 298.71 6.63889742e+00 3.53964239e-01 
158 299.53 6.45253325e+00 3.31324816e-01 
159 300.34 6.25515079e+00 2.48351872e-01 
160 301.15 6.14050341e+00 1.72847509e-01 
161 301.96 6.27312469e+00 1.16234615e-01 
162 302.77 6.58929777e+00 1.25556558e-01 
163 303.58 7.07050705e+00 9.64312553e-02 
164 304.39 7.63479471e+00 1.26770347e-01 
165 305.20 8.20237923e+00 1.21470384e-01 
166 306.01 8.88952541e+00 1.59784302e-01 
167 306.82 9.97253418e+00 9.06008184e-02 
168 307.63 1.10013037e+01 1.31927013e-01 
169 308.44 1.17209873e+01 1.45167619e-01 
170 309.26 1.26020155e+01 1.71088144e-01 
171 310.07 1.47433529e+01 1.91441119e-01 
172 310.88 1.73090897e+01 2.85733193e-01 
173 311.69 1.89905167e+01 2.67899424e-01 
174 312.50 2.04072971e+01 2.46655270e-01 
175 313.31 2.19241829e+01 1.43430889e-01 
176 314.12 2.32753105e+01 2.46896818e-01 
177 314.93 2.38617268e+01 2.84663498e-01 
178 315.74 2.51290379e+01 1.86705634e-01 
179 316.55 2.82368259e+01 2.14502111e-01 
180 317.36 3.05786533e+01 2.45569974e-01 
181 318.17 3.14175873e+01 9.35168266e-02 
182 318.98 3.33032837e+01 2.03389362e-01 
183 319.79 3.62881165e+01 3.16823751e-01 
184 320.60 3.77826462e+01 2.01750576e-01 
185 321.41 3.75094681e+01 1.68337449e-01 
186 322.22 3.71107445e+01 2.98770010e-01 
187 323.04 3.86362000e+01 1.57921150e-01 
188 323.85 4.25268364e+01 1.57880604e-01 
189 324.66 4.74705353e+01 4.13443893e-01 
190 325.47 5.37428246e+01 2.45592222e-01 
191 326.28 5.85518188e+01 1.64223641e-01 
192 327.09 5.93733978e+01 2.97900766e-01 
193 327.90 5.97365723e+01 3.21844846e-01 
194 328.71 6.36117325e+01 3.46774280e-01 
195 329.52 6.81388626e+01 4.31632608e-01 
196 330.33 6.72385559e+01 3.54284883e-01 
197 331.14 6.58535690e+01 1.63411766e-01 
198 331.95 6.62881927e+01 2.52191544e-01 
199 332.76 6.61911392e+01 2.03536183e-01 
200 333.57 6.67074585e+01 1.47021100e-01 
201 334.38 6.87635269e+01 2.94558078e-01 
202 335.19 6.81542511e+01 2.48145312e-01 
203 336.00 6.42643890e+01 2.66613901e-01 
204 336.81 6.33647385e+01 3.06481004e-01 
205 337.62 6.68302536e+01 3.39865774e-01 
206 338.43 7.11891098e+01 2.76450247e-01 
207 339.24 7.48582382e+01 1.94527015e-01 
208 340.05 7.68510971e+01 2.43706524e-01 
209 340.86 7.60298462e+01 2.94931591e-01 
210 341.67 7.66990433e+01 3.02922249e-01 
211 342.48 7.80675659e+01 2.67885268e-01 
212 343.29 7.47010117e+01 1.69839323e-01 
213 344.10 7.03130035e+01 3.44920188e-01 
214 344.91 7.26752701e+01 2.75737971e-01 
215 345.72 7.58459167e+01 3.13414663e-01 
216 346.53 7.64890442e+01 3.17897439e-01 
217 347.34 7.62339630e+01 3.02697361e-01 
218 348.15 7.57179489e+01 3.19475293e-01 
219 348.96 7.66966553e+01 3.46779525e-01 
220 349.77 8.14584274e+01 1.33458391e-01 
221 350.58 8.50007858e+01 2.33273655e-01 
222 351.39 8.34269257e+01 2.92561650e-01 
223 352.19 8.18260193e+01 3.30151886e-01 
224 353.00 8.55155487e+01 4.68867004e-01 
225 353.81 9.16082535e+01 4.73235250e-01 
226 354.62 9.35152206e+01 2.72462279e-01 
227 355.43 8.98699112e+01 2.78205633e-01 
228 356.24 8.25883408e+01 2.27427319e-01 
229 357.05 7.51335602e+01 2.34610617e-01 
230 357.86 7.09458313e+01 2.70608902e-01 
231 358.67 7.54691391e+01 4.06054348e-01 
232 359.48 8.61212463e+01 2.91127264e-01 
233 360.29 8.76142807e+01 3.19242418e-01 
234 361.10 8.43456879e+01 3.35288823e-01 
235 361.91 8.68348465e+01 2.58337259e-01 
236 362.72 9.10211182e+01 2.84382343e-01 
237 363.53 9.29552612e+01 3.93297881e-01 
238 364.34 9.59800568e+01 3.14307541e-01 
239 365.14 1.03143242e+02 2.71651179e-01 
240 365.95 1.10152756e+02 3.72924358e-01 
241 366.76 1.11175644e+02 3.88989002e-01 
242 367.57 1.08751968e+02 2.57630706e-01 
243 368.38 1.08760948e+02 3.72581810e-01 
244 369.19 1.12999214e+02 2.31216326e-01 
245 370.00 1.14061325e+02 4.29294497e-01 
246 370.81 1.12624100e+02 3.90264630e-01 
247 371.62 1.10165764e+02 3.28329206e-01 
248 372.43 1.04353249e+02 3.88133347e-01 
249 373.24 9.84511642e+01 3.35314751e-01 
250 374.04 9.70308228e+01 2.92155713e-01 
251 374.85 1.03047073e+02 2.99648196e-01 
252 375.66 1.12183350e+02 3.26139510e-01 
253 376.47 1.21669846e+02 4.01367754e-01 
254 377.28 1.33834351e+02 4.39883739e-01 
255 378.09 1.38565201e+02 3.94413859e-01 
256 378.90 1.32405167e+02 4.63282347e-01 
257 379.71 1.29405823e+02 4.10068780e-01 
258 380.51 1.30361588e+02 3.46310347e-01 
259 381.32 1.21290260e+02 4.51760560e-01 
260 382.13 1.04536682e+02 4.17439878e-01 
261 382.94 9.53858795e+01 2.79834986e-01 
262 383.75 1.02238899e+02 3.32141697e-01 
263 384.56 1.16065109e+02 5.23356974e-01 
264 385.37 1.22770287e+02 4.29972649e-01 
265 386.17 1.24346146e+02 4.57369715e-01 
266 386.98 1.25883026e+02 4.31619495e-01 
267 387.79 1.28074020e+02 4.39923912e-01 
268 388.60 1.35742722e+02 3.70373189e-01 
269 389.41 1.48845306e+02 4.29510057e-01 
270 390.22 1.60161896e+02 6.57303989e-01 
271 391.02 1.63396164e+02 5.31730711e-01 
272 391.83 1.48764832e+02 5.28770268e-01 
273 392.64 1.21945587e+02 4.71248299e-01 
274 393.45 1.14147820e+02 5.59992969e-01 
275 394.26 1.35564484e+02 5.74679852e-01 
276 395.07 1.54021927e+02 6.53128028e-01 
277 395.87 1.45410126e+02 5.70443511e-01 
278 396.68 1.36951950e+02 5.53655505e-01 
279 397.49 1.60198944e+02 3.21246266e-01 
280 398.30 1.97829788e+02 6.32250845e-01 
281 399.11 2.23221725e+02 6.12636924e-01 
282 399.91 2.35539322e+02 6.35149956e-01 
283 400.72 2.43862366e+02 6.56108797e-01 
284 401.53 2.50531677e+02 7.50135899e-01 
285 402.34 2.52339905e+02 8.03918660e-01 
286 403.15 2.50762894e+02 8.56559932e-01 
287 403.95 2.48879486e+02 7.24802673e-01 
288 404.76 2.47627380e+02 7.50263095e-01 
289 405.57 2.46121750e+02 8.51868212e-01 
290 406.38 2.45797180e+02 8.91458392e-01 
291 407.18 2.50791107e+02 9.38494086e-01 
292 407.99 2.59535980e+02 7.39686072e-01 
293 408.80 2.63225159e+02 8.00496221e-01 
294 409.61 2.59885956e+02 8.29941869e-01 
295 410.41 2.62655212e+02 8.73959303e-01 
296 411.22 2.74259766e+02 1.03895247e+00 
297 412.03 2.81917389e+02 9.11576211e-01 
298 412.84 2.84047974e+02 7.87386239e-01 
299 413.64 2.84985260e+02 8.72786343e-01 
300 414.45 2.86901703e+02 1.01506245e+00 
301 415.26 2.90083160e+02 8.55899215e-01 
302 416.07 2.92661377e+02 1.02635527e+00 
303 416.87 2.91451447e+02 1.10532868e+00 
304 417.68 2.88906372e+02 1.01583982e+00 
305 418.49 2.88898041e+02 9.37579870e-01 
306 419.30 2.91564240e+02 9.58255112e-01 
307 420.10 2.97495850e+02 1.06063390e+00 
308 420.91 3.03226501e+02 9.58242893e-01 
309 421.72 3.02426819e+02 1.27031815e+00 
310 422.52 2.98841888e+02 9.10408258e-01 
311 423.33 2.99371399e+02 1.01662672e+00 
312 424.14 3.03016052e+02 1.17861795e+00 
313 424.95 3.04508545e+02 1.17461622e+00 
314 425.75 3.04082642e+02 1.00564027e+00 
315 426.56 3.01661743e+02 1.10697997e+00 
316 427.37 2.99465790e+02 1.11563098e+00 
317 428.17 2.93317047e+02 9.44537401e-01 
318 428.98 2.78856445e+02 1.01622093e+00 
319 429.79 2.63264709e+02 9.48170185e-01 
320 430.59 2.66581360e+02 9.07872856e-01 
321 431.40 2.89941895e+02 1.25225461e+00 
322 432.21 3.13027679e+02 1.08674133e+00 
323 433.01 3.21714783e+02 1.52813423e+00 
324 433.82 3.24358032e+02 1.20686388e+00 
325 434.63 3.32859741e+02 1.29795682e+00 
326 435.43 3.46129333e+02 1.09280181e+00 
327 436.24 3.54188110e+02 1.52335238e+00 
328 437.05 3.50353149e+02 1.32517874e+00 
329 437.85 3.42252258e+02 1.20778227e+00 
330 438.66 3.41174805e+02 1.40936458e+00 
331 439.47 3.48025848e+02 1.39873266e+00 
332 440.27 3.58971191e+02 1.39610076e+00 
333 441.08 3.71478485e+02 1.22643006e+00 
334 441.89 3.82704529e+02 1.27331901e+00 
335 442.69 3.89276276e+02 1.54531014e+00 
336 443.50 3.92653931e+02 1.23451173e+00 
337 444.30 3.92863647e+02 1.47767878e+00 
338 445.11 3.90377869e+02 1.49231255e+00 
339 445.92 3.92141327e+02 1.85490751e+00 
340 446.72 4.00337799e+02 1.63100982e+00 
341 447.53 4.09497955e+02 1.94519734e+00 
342 448.33 4.16879272e+02 1.52623522e+00 
343 449.14 4.24387726e+02 1.59588623e+00 
344 449.95 4.32704895e+02 1.56807935e+00 
345 450.75 4.36791138e+02 1.78370774e+00 
346 451.56 4.31778931e+02 1.82418668e+00 
347 452.36 4.22909546e+02 1.87594187e+00 
348 453.17 4.18717987e+02 1.77461159e+00 
349 453.98 4.20753204e+02 1.49608088e+00 
350 454.78 4.26204712e+02 1.55463350e+00 
351 455.59 4.32535065e+02 1.63801312e+00 
352 456.39 4.37693420e+02 1.64547157e+00 
353 457.20 4.39116669e+02 1.63529813e+00 
354 458.00 4.37605042e+02 1.78696585e+00 
355 458.81 4.36238068e+02 1.78090358e+00 
356 459.61 4.38570709e+02 1.83890402e+00 
357 460.42 4.43677094e+02 1.55527890e+00 
358 461.23 4.49062286e+02 1.61891294e+00 
359 462.03 4.51837860e+02 1.38787258e+00 
360 462.84 4.50739929e+02 1.58059967e+00 
361 463.64 4.46860168e+02 1.73517752e+00 
362 464.45 4.43272675e+02 1.70920265e+00 
363 465.25 4.41104218e+02 1.87295353e+00 
364 466.06 4.40131073e+02 1.64044249e+00 
365 466.86 4.40677399e+02 1.76297855e+00 
366 467.67 4.42670380e+02 1.89835167e+00 
367 468.47 4.44628357e+02 1.83979261e+00 
368 469.28 4.44155365e+02 2.01492262e+00 
369 470.08 4.44640778e+02 1.63317120e+00 
370 470.89 4.49210785e+02 1.64786577e+00 
371 471.69 4.54693024e+02 1.90789032e+00 
372 472.50 4.59460144e+02 1.71928215e+00 
373 473.30 4.62580658e+02 1.78017735e+00 
374 474.11 4.64513611e+02 1.90042841e+00 
375 474.91 4.65562622e+02 1.64575827e+00 
376 475.72 4.66711639e+02 1.84581780e+00 
377 476.52 4.69581879e+02 2.09949565e+00 
378 477.33 4.74322998e+02 1.78787601e+00 
379 478.13 4.78533447e+02 1.60584116e+00 
380 478.93 4.81110443e+02 1.89888310e+00 
381 479.74 4.82967194e+02 1.86398721e+00 
382 480.54 4.84510895e+02 1.96087945e+00 
383 481.35 4.84998505e+02 1.63602972e+00 
384 482.15 4.83828308e+02 1.64653575e+00 
385 482.96 4.80240601e+02 1.77793884e+00 
386 483.76 4.72160461e+02 1.92453396e+00 
387 484.57 4.56529785e+02 1.72086775e+00 
388 485.37 4.38433929e+02 1.74639153e+00 
389 486.17 4.29891785e+02 1.59244907e+00 
390 486.98 4.34607391e+02 1.69280136e+00 
391 487.78 4.47018036e+02 1.58163679e+00 
392 488.59 4.60872925e+02 1.81454229e+00 
393 489.39 4.70814575e+02 1.79501784e+00 
394 490.19 4.74166779e+02 1.72954249e+00 
395 491.00 4.72060486e+02 1.65674782e+00 
396 491.80 4.68990234e+02 1.86938691e+00 
397 492.61 4.69947845e+02 1.92097795e+00 
398 493.41 4.75590790e+02 1.70240986e+00 
399 494.21 4.82054047e+02 1.73177838e+00 
400 495.02 4.85666016e+02 1.78376901e+00 
401 495.82 4.87647858e+02 1.77678096e+00 
402 496.63 4.86580750e+02 1.91742349e+00 
403 497.43 4.83179962e+02 1.57094467e+00 
404 498.23 4.79985382e+02 1.86084354e+00 
405 499.04 4.76513306e+02 1.96351242e+00 
406 499.84 4.71923096e+02 1.79655695e+00 
407 500.64 4.67929993e+02 1.61196899e+00 
408 501.45 4.67105316e+02 1.72475803e+00 
409 502.25 4.69092194e+02 1.79218853e+00 
410 503.05 4.72275085e+02 1.97964907e+00 
411 503.86 4.76831573e+02 1.94967556e+00 
412 504.66 4.83163147e+02 1.74812615e+00 
413 505.46 4.87376007e+02 1.92755938e+00 
414 506.27 4.88617950e+02 1.96739125e+00 
415 507.07 4.86140778e+02 1.92303383e+00 
416 507.87 4.84087799e+02 1.82548630e+00 
417 508.68 4.83631531e+02 1.93717492e+00 
418 509.48 4.85011536e+02 1.88351715e+00 
419 510.28 4.86818085e+02 1.79460871e+00 
420 511.08 4.87346497e+02 1.88211501e+00 
421 511.89 4.84440491e+02 1.67535734e+00 
422 512.69 4.79350006e+02 1.61628568e+00 
423 513.49 4.74490387e+02 1.63765264e+00 
424 514.30 4.70971100e+02 1.74107063e+00 
425 515.10 4.63903198e+02 1.82753861e+00 
426 515.90 4.51776398e+02 1.61496341e+00 
427 516.70 4.39992126e+02 1.51018679e+00 
428 517.51 4.35123444e+02 1.46013772e+00 
429 518.31 4.39898315e+02 1.56787121e+00 
430 519.11 4.51276855e+02 1.64417708e+00 
431 519.91 4.62296936e+02 1.82607579e+00 
432 520.72 4.69753448e+02 1.85970914e+00 
433 521.52 4.72474243e+02 1.81014538e+00 
434 522.32 4.74291656e+02 2.09943461e+00 
435 523.12 4.77707886e+02 2.13368940e+00 
436 523.93 4.80772247e+02 1.85891855e+00 
437 524.73 4.79540955e+02 1.90023649e+00 
438 525.53 4.71289734e+02 1.71709275e+00 
439 526.33 4.63313171e+02 1.70198858e+00 
440 527.13 4.62956451e+02 1.91402721e+00 
441 527.94 4.69928131e+02 1.84004021e+00 
442 528.74 4.79357727e+02 1.93900573e+00 
443 529.54 4.87048706e+02 1.96915650e+00 
444 530.34 4.90078552e+02 1.68648934e+00 
445 531.14 4.87501984e+02 1.64553022e+00 
446 531.95 4.81924622e+02 1.93897378e+00 
447 532.75 4.78018555e+02 1.89432955e+00 
448 533.55 4.78020447e+02 1.95444262e+00 
449 534.35 4.82256195e+02 1.72474134e+00 
450 535.15 4.85159180e+02 1.67732382e+00 
451 535.95 4.85148346e+02 1.70990705e+00 
452 536.76 4.83292297e+02 1.69878638e+00 
453 537.56 4.80770081e+02 1.86112094e+00 
454 538.36 4.77424957e+02 1.81450939e+00 
455 539.16 4.72550537e+02 1.67777264e+00 
456 539.96 4.68427399e+02 1.82745814e+00 
457 540.76 4.67611969e+02 1.78080320e+00 
458 541.56 4.69313843e+02 1.77059340e+00 
459 542.36 4.72530396e+02 1.75161362e+00 
460 543.17 4.75652069e+02 1.77921486e+00 
461 543.97 4.77217255e+02 1.83604908e+00 
462 544.77 4.78433594e+02 1.59952819e+00 
463 545.57 4.77921204e+02 1.81983197e+00 
464 546.37 4.75851868e+02 1.83196688e+00 
465 547.17 4.73458130e+02 1.87391281e+00 
466 547.97 4.72484650e+02 1.95483863e+00 
467 548.77 4.72073303e+02 1.89554286e+00 
468 549.57 4.72340240e+02 1.83451700e+00 
469 550.37 4.71891968e+02 1.73726451e+00 
470 551.17 4.70670990e+02 1.94346893e+00 
471 551.97 4.69534912e+02 1.74900627e+00 
472 552.78 4.69405914e+02 1.76763034e+00 
473 553.58 4.70246552e+02 1.90438354e+00 
474 554.38 4.70065094e+02 1.80538011e+00 
475 555.18 4.67863892e+02 1.73816955e+00 
476 555.98 4.64960052e+02 2.06122684e+00 
477 556.78 4.61173706e+02 1.82906687e+00 
478 557.58 4.56333893e+02 1.96247721e+00 
479 558.38 4.52418579e+02 1.70519435e+00 
480 559.18 4.51759064e+02 1.73516548e+00 
481 559.98 4.52228516e+02 1.61730170e+00 
482 560.78 4.54237579e+02 1.69680893e+00 
483 561.58 4.57587280e+02 1.50158703e+00 
484 562.38 4.59615723e+02 1.66168690e+00 
485 563.18 4.60709778e+02 1.87302709e+00 
486 563.98 4.60962769e+02 1.82957184e+00 
487 564.78 4.60122711e+02 1.87569630e+00 
488 565.58 4.58977020e+02 1.86861753e+00 
489 566.38 4.58945251e+02 1.83534849e+00 
490 567.18 4.60253326e+02 1.91868079e+00 
491 567.98 4.61346954e+02 1.93463516e+00 
492 568.78 4.60157715e+02 1.50459671e+00 
493 569.58 4.57687500e+02 1.95760167e+00 
494 570.38 4.55796875e+02 2.00598550e+00 
495 571.17 4.57840607e+02 1.69954967e+00 
496 571.97 4.64020447e+02 1.88947225e+00 
497 572.77 4.69963959e+02 1.78968644e+00 
498 573.57 4.72927399e+02 1.93249631e+00 
499 574.37 4.71542786e+02 1.81196439e+00 
500 575.17 4.69097351e+02 1.75400901e+00 
501 575.97 4.67566895e+02 1.84815741e+00 
502 576.77 4.65974152e+02 1.89480722e+00 
503 577.57 4.63336365e+02 1.76302278e+00 
504 578.37 4.60566071e+02 1.75565076e+00 
505 579.17 4.59190430e+02 1.59122765e+00 
506 579.96 4.58762787e+02 1.73637915e+00 
507 580.76 4.58937592e+02 1.55263424e+00 
508 581.56 4.59083893e+02 1.53746867e+00 
509 582.36 4.58443390e+02 1.67066967e+00 
510 583.16 4.56754333e+02 1.70253992e+00 
511 583.96 4.52626312e+02 1.67240763e+00 
512 584.76 4.46990631e+02 1.79861748e+00 
513 585.56 4.41847992e+02 1.53913307e+00 
514 586.35 4.37741943e+02 1.48626363e+00 
515 587.15 4.31167786e+02 1.82635140e+00 
516 587.95 4.20298370e+02 1.51014376e+00 
517 588.75 4.10106323e+02 1.69711185e+00 
518 589.55 4.06567535e+02 1.46313977e+00 
519 590.35 4.09378693e+02 1.67385197e+00 
520 591.14 4.15026276e+02 1.76431012e+00 
521 591.94 4.18909485e+02 1.71059632e+00 
522 592.74 4.20235016e+02 1.59915662e+00 
523 593.54 4.19767181e+02 1.77345252e+00 
524 594.34 4.19548889e+02 1.76497722e+00 
525 595.13 4.20660248e+02 1.75617909e+00 
526 595.93 4.22429810e+02 1.78031993e+00 
527 596.73 4.23517853e+02 1.87646127e+00 
528 597.53 4.23520447e+02 1.69194436e+00 
529 598.32 4.23166504e+02 1.65796375e+00 
530 599.12 4.22625244e+02 1.79371262e+00 
531 599.92 4.22170776e+02 1.63802147e+00 
532 600.72 4.21789093e+02 1.55402184e+00 
533 601.51 4.22696014e+02 1.85777962e+00 
534 602.31 4.25868530e+02 1.92891610e+00 
535 603.11 4.30222900e+02 1.79641497e+00 
536 603.91 4.33680969e+02 1.65681207e+00 
537 604.70 4.35441467e+02 1.64110744e+00 
538 605.50 4.35796936e+02 1.76897943e+00 
539 606.30 4.36058533e+02 1.76118231e+00 
540 607.10 4.35941132e+02 1.99449348e+00 
541 607.89 4.34668335e+02 1.56858492e+00 
542 608.69 4.33035156e+02 1.73370278e+00 
543 609.49 4.31972382e+02 1.70369220e+00 
544 610.28 4.32019409e+02 1.64786232e+00 
545 611.08 4.32975952e+02 1.59587026e+00 
546 611.88 4.32246338e+02 1.61919844e+00 
547 612.67 4.30429138e+02 1.68181038e+00 
548 613.47 4.28500885e+02 1.44248915e+00 
549 614.27 4.26718201e+02 1.68592668e+00 
550 615.06 4.24222137e+02 1.71903265e+00 
551 615.86 4.21706482e+02 1.68078923e+00 
552 616.66 4.22155975e+02 1.43552876e+00 
553 617.45 4.24715546e+02 1.74613869e+00 
554 618.25 4.28203857e+02 1.61383331e+00 
555 619.04 4.30724487e+02 1.41151428e+00 
556 619.84 4.31410461e+02 1.68351114e+00 
557 620.64 4.30765259e+02 1.51934087e+00 
558 621.43 4.28563843e+02 1.56436181e+00 
559 622.23 4.25291931e+02 1.60958755e+00 
560 623.02 4.21672058e+02 1.57414627e+00 
561 623.82 4.18478760e+02 1.84614003e+00 
562 624.62 4.16036346e+02 1.61900210e+00 
563 625.41 4.15055145e+02 1.44606030e+00 
564 626.21 4.14662903e+02 1.58872926e+00 
565 627.00 4.13223267e+02 1.63009393e+00 
566 627.80 4.11629608e+02 1.84035444e+00 
567 628.59 4.10260864e+02 1.66120732e+00 
568 629.39 4.08883331e+02 1.56394148e+00 
569 630.19 4.07835419e+02 1.50310874e+00 
570 630.98 4.07203461e+02 1.37225902e+00 
571 631.78 4.07811310e+02 1.49985778e+00 
572 632.57 4.09287079e+02 1.75472653e+00 
573 633.37 4.10532318e+02 1.44496870e+00 
574 634.16 4.11735504e+02 1.44397795e+00 
575 634.96 4.12068634e+02 1.39605820e+00 
576 635.75 4.12609467e+02 1.47538137e+00 
577 636.55 4.14118500e+02 1.40080059e+00 
578 637.34 4.16261841e+02 1.81802726e+00 
579 638.14 4.16320831e+02 1.54452324e+00 
580 638.93 4.13289429e+02 1.40868449e+00 
581 639.73 4.09901367e+02 1.39215624e+00 
582 640.52 4.07005341e+02 1.54558730e+00 
583 641.32 4.05748779e+02 1.42075324e+00 
584 642.11 4.05532227e+02 1.11775029e+00 
585 642.90 4.05432648e+02 1.52249277e+00 
586 643.70 4.04225128e+02 1.48571599e+00 
587 644.49 4.01701752e+02 1.61618900e+00 
588 645.29 3.98328827e+02 1.49480879e+00 
589 646.08 3.95310120e+02 1.60443950e+00 
590 646.88 3.92181915e+02 1.52240610e+00 
591 647.67 3.89144989e+02 1.65034091e+00 
592 648.46 3.85026581e+02 1.45136833e+00 
593 649.26 3.82270325e+02 1.32583928e+00 
594 650.05 3.82620300e+02 1.50208759e+00 
595 650.85 3.83932037e+02 1.44458067e+00 
596 651.64 3.83797058e+02 1.35814071e+00 
597 652.43 3.82523224e+02 1.43049061e+00 
598 653.23 3.80180145e+02 1.26716840e+00 
599 654.02 3.73688110e+02 1.30048525e+00 
600 654.81 3.58751801e+02 1.45111120e+00 
601 655.61 3.40970276e+02 1.39257371e+00 
602 656.40 3.33908844e+02 1.08690262e+00 
603 657.20 3.42742645e+02 1.16010320e+00 
604 657.99 3.56124329e+02 1.30592072e+00 
605 658.78 3.64002625e+02 1.37735844e+00 
606 659.58 3.66636810e+02 1.31680834e+00 
607 660.37 3.67977875e+02 1.33027327e+00 
608 661.16 3.68642059e+02 1.37122333e+00 
609 661.95 3.67550415e+02 9.85631704e-01 
610 662.75 3.65659790e+02 1.13776314e+00 
611 663.54 3.64220184e+02 1.26879048e+00 
612 664.33 3.64525635e+02 1.31173110e+00 
613 665.13 3.65146362e+02 1.36674047e+00 
614 665.92 3.64831757e+02 1.43220186e+00 
615 666.71 3.63307983e+02 1.22777259e+00 
616 667.50 3.62410645e+02 1.16775846e+00 
617 668.30 3.63218262e+02 1.25536633e+00 
618 669.09 3.63755737e+02 1.23550856e+00 
619 669.88 3.62879669e+02 1.20338047e+00 
620 670.67 3.60936890e+02 1.26060951e+00 
621 671.47 3.59234070e+02 1.28282297e+00 
622 672.26 3.59066742e+02 1.16515553e+00 
623 673.05 3.59639648e+02 1.42017388e+00 
624 673.84 3.59564880e+02 1.24418890e+00 
625 674.64 3.59438354e+02 1.44813693e+00 
626 675.43 3.59160217e+02 1.15489411e+00 
627 676.22 3.59898315e+02 1.31143987e+00 
628 677.01 3.60471649e+02 1.36319196e+00 
629 677.80 3.61027130e+02 1.45872521e+00 
630 678.59 3.61384064e+02 1.42143905e+00 
631 679.39 3.62088501e+02 1.24386084e+00 
632 680.18 3.62539307e+02 1.43079436e+00 
633 680.97 3.62518951e+02 1.36990249e+00 
634 681.76 3.62511292e+02 1.42040718e+00 
635 682.55 3.61841553e+02 1.10468650e+00 
636 683.34 3.59472656e+02 1.24076200e+00 
637 684.14 3.56479492e+02 1.22574234e+00 
638 684.93 3.52238068e+02 1.14984226e+00 
639 685.72 3.37131195e+02 1.29233885e+00 
640 686.51 3.09812500e+02 1.49159145e+00 
641 687.30 2.92731842e+02 1.50446248e+00 
642 688.09 2.96015228e+02 1.42925346e+00 
643 688.88 3.04347351e+02 1.37557817e+00 
644 689.67 3.10121979e+02 1.34525383e+00 
645 690.46 3.16734467e+02 1.15552151e+00 
646 691.25 3.22579926e+02 1.19958186e+00 
647 692.04 3.25130951e+02 1.13600111e+00 
648 692.84 3.24455048e+02 1.26560605e+00 
649 693.63 3.22316681e+02 1.43583131e+00 
650 694.42 3.21073608e+02 1.58149326e+00 
651 695.21 3.22530975e+02 1.35975111e+00 
652 696.00 3.26098877e+02 1.16899741e+00 
653 696.79 3.28419098e+02 1.20010519e+00 
654 697.58 3.27386780e+02 1.23763275e+00 
655 698.37 3.23835266e+02 9.86469150e-01 
656 699.16 3.19859131e+02 1.32355094e+00 
657 699.95 3.15523132e+02 1.18361831e+00 
658 700.74 3.11560608e+02 1.31329834e+00 
659 701.53 3.09342285e+02 1.23035657e+00 
660 702.32 3.09571289e+02 1.18403625e+00 
661 703.11 3.11288605e+02 1.32313991e+00 
662 703.90 3.12941284e+02 1.09149611e+00 
663 704.69 3.13384399e+02 1.21102107e+00 
664 705.48 3.11896759e+02 1.23009837e+00 
665 706.27 3.11330078e+02 1.17723608e+00 
666 707.05 3.10963074e+02 1.32957852e+00 
667 707.84 3.10286438e+02 1.16386878e+00 
668 708.63 3.09200043e+02 1.06441665e+00 
669 709.42 3.08791595e+02 1.11776292e+00 
670 710.21 3.08586456e+02 1.14014959e+00 
671 711.00 3.06903076e+02 1.03935540e+00 
672 711.79 3.04458191e+02 8.61503005e-01 
673 712.58 3.02851013e+02 1.09107494e+00 
674 713.37 3.01720398e+02 1.23957562e+00 
675 714.16 2.99662445e+02 1.19607770e+00 
676 714.95 2.95851501e+02 1.05188322e+00 
677 715.73 2.88071045e+02 1.21334004e+00 
678 716.52 2.72880920e+02 1.39004195e+00 
679 717.31 2.55285294e+02 1.56851697e+00 
680 718.10 2.42545776e+02 1.53481972e+00 
681 718.89 2.36302917e+02 1.78380215e+00 
682 719.68 2.37599976e+02 1.74935150e+00 
683 720.46 2.48624771e+02 1.72821307e+00 
684 721.25 2.64557159e+02 1.32275665e+00 
685 722.04 2.71456787e+02 1.28999591e+00 
686 722.83 2.64946899e+02 1.20508718e+00 
687 723.62 2.55174362e+02 1.38181078e+00 
688 724.40 2.51440384e+02 1.57123029e+00 
689 725.19 2.52955872e+02 1.51357985e+00 
690 725.98 2.55522964e+02 1.66596806e+00 
691 726.77 2.56128662e+02 1.58854008e+00 
692 727.56 2.55563812e+02 1.55615151e+00 
693 728.34 2.55372070e+02 1.53599548e+00 
694 729.13 2.56217896e+02 1.63714218e+00 
695 729.92 2.59403778e+02 1.69936526e+00 
696 730.71 2.62809814e+02 1.67675829e+00 
697 731.49 2.68164093e+02 1.47482848e+00 
698 732.28 2.75940460e+02 1.38422382e+00 
699 733.07 2.82219055e+02 1.19194889e+00 
700 733.85 2.86428101e+02 1.20230472e+00 
701 734.64 2.87013275e+02 1.10138226e+00 
702 735.43 2.85730988e+02 1.15612102e+00 
703 736.22 2.86276764e+02 1.20143545e+00 
704 737.00 2.88103241e+02 1.07085788e+00 
705 737.79 2.87588623e+02 9.48844492e-01 
706 738.58 2.85618347e+02 1.04036987e+00 
707 739.36 2.86524811e+02 1.08047903e+00 
708 740.15 2.87716858e+02 1.09791589e+00 
709 740.94 2.86699371e+02 9.53897417e-01 
710 741.72 2.86675629e+02 9.93994117e-01 
711 742.51 2.89368164e+02 1.07983541e+00 
712 743.29 2.90575500e+02 9.99550819e-01 
713 744.08 2.89271362e+02 9.84048724e-01 
714 744.87 2.88235992e+02 1.00801206e+00 
715 745.65 2.88589691e+02 1.02046835e+00 
716 746.44 2.88835663e+02 1.04414153e+00 
717 747.22 2.88946533e+02 1.06648004e+00 
718 748.01 2.87658356e+02 1.04715419e+00 
719 748.80 2.84080811e+02 1.01823258e+00 
720 749.58 2.81203400e+02 1.11862910e+00 
721 750.37 2.79526855e+02 1.19001102e+00 
722 751.15 2.78064758e+02 1.11510432e+00 
723 751.94 2.76655762e+02 8.80719662e-01 
724 752.72 2.75286407e+02 1.09238315e+00 
725 753.51 2.75218903e+02 1.04098928e+00 
726 754.29 2.74465698e+02 1.03977501e+00 
727 755.08 2.71923340e+02 1.05914664e+00 
728 755.86 2.69055054e+02 9.74837184e-01 
729 756.65 2.66603455e+02 9.63999808e-01 
730 757.43 2.63131500e+02 1.01001108e+00 
731 758.22 2.48143661e+02 7.66878426e-01 
732 759.00 1.98688446e+02 7.79766262e-01 
733 759.79 1.27612007e+02 1.15478110e+00 
734 760.57 9.34175415e+01 1.32043064e+00 
735 761.36 1.09916321e+02 1.44991386e+00 
736 762.14 1.26802994e+02 1.61574399e+00 
737 762.93 1.26925034e+02 1.54606152e+00 
738 763.71 1.34025742e+02 1.60724902e+00 
739 764.50 1.52340942e+02 1.28238368e+00 
740 765.28 1.73867508e+02 1.23203790e+00 
741 766.06 1.94487167e+02 9.93357003e-01 
742 766.85 2.12987122e+02 9.03890312e-01 
743 767.63 2.26285843e+02 9.27819729e-01 
744 768.42 2.33098404e+02 8.75693262e-01 
745 769.20 2.36541992e+02 7.93666840e-01 
746 769.98 2.38743484e+02 8.75997305e-01 
747 770.77 2.38797562e+02 8.28602195e-01 
748 771.55 2.38215286e+02 7.37025797e-01 
749 772.33 2.38265549e+02 8.01319599e-01 
750 773.12 2.38723755e+02 8.33929181e-01 
751 773.90 2.37880264e+02 9.27117348e-01 
752 774.68 2.36849777e+02 8.36858451e-01 
753 775.47 2.36722946e+02 9.34388995e-01 
754 776.25 2.36966354e+02 8.64309549e-01 
755 777.03 2.36062073e+02 7.39372075e-01 
756 777.82 2.34940399e+02 8.87642205e-01 
757 778.60 2.33975266e+02 8.86986196e-01 
758 779.38 2.32470551e+02 8.35125029e-01 
759 780.17 2.31601593e+02 9.13719952e-01 
760 780.95 2.32018265e+02 6.66667938e-01 
761 781.73 2.32342453e+02 7.80042171e-01 
762 782.51 2.30394547e+02 7.52632260e-01 
763 783.30 2.27907135e+02 7.95615375e-01 
764 784.08 2.27010818e+02 7.17142045e-01 
765 784.86 2.27223969e+02 8.92555416e-01 
766 785.64 2.26585358e+02 7.61735916e-01 
767 786.43 2.25022339e+02 6.93046808e-01 
768 787.21 2.22590530e+02 8.46527934e-01 
769 787.99 2.20335922e+02 8.50334764e-01 
770 788.77 2.18793777e+02 7.85608292e-01 
771 789.55 2.18267838e+02 9.16765988e-01 
772 790.34 2.17770447e+02 8.17496061e-01 
773 791.12 2.16185272e+02 9.69288349e-01 
774 791.90 2.13871460e+02 7.14254558e-01 
775 792.68 2.12236069e+02 8.14346552e-01 
776 793.46 2.11830215e+02 8.45946252e-01 
777 794.24 2.12211258e+02 7.70307064e-01 
778 795.02 2.11927612e+02 7.34815717e-01 
779 795.81 2.11207657e+02 8.70816708e-01 
780 796.59 2.11458191e+02 7.76586831e-01 
781 797.37 2.13112457e+02 7.78312027e-01 
782 798.15 2.13756409e+02 8.64435434e-01 
783 798.93 2.12669479e+02 7.76124299e-01 
784 799.71 2.09835571e+02 8.08288097e-01 
785 800.49 2.08036316e+02 7.29812503e-01 
786 801.27 2.07552139e+02 9.27554488e-01 
787 802.05 2.07473053e+02 7.82272756e-01 
788 802.83 2.06950745e+02 8.59591186e-01 
789 803.61 2.05879349e+02 6.67374730e-01 
790 804.39 2.04774582e+02 8.07556570e-01 
791 805.18 2.04895935e+02 7.56026268e-01 
792 805.96 2.05260117e+02 7.71399558e-01 
793 806.74 2.05330353e+02 8.98926735e-01 
794 807.52 2.04059204e+02 8.56682658e-01 
795 808.30 2.01445786e+02 6.95741177e-01 
796 809.08 1.98494461e+02 7.70835102e-01 
797 809.86 1.96644424e+02 7.07563877e-01 
798 810.64 1.95708832e+02 7.15321898e-01 
799 811.41 1.93529709e+02 8.39115739e-01 
800 812.19 1.88904114e+02 8.04367363e-01 
801 812.97 1.81422241e+02 7.39343464e-01 
802 813.75 1.73732407e+02 9.53890324e-01 
803 814.53 1.67362335e+02 1.01844716e+00 
804 815.31 1.63205017e+02 1.01699090e+00 
805 816.09 1.60551071e+02 9.56008494e-01 
806 816.87 1.58957397e+02 1.03654146e+00 
807 817.65 1.58232178e+02 1.03736484e+00 
808 818.43 1.58575241e+02 9.80266571e-01 
809 819.21 1.61617310e+02 8.04058611e-01 
810 819.99 1.66360596e+02 7.86730051e-01 
811 820.77 1.67862762e+02 6.63858175e-01 
812 821.54 1.62942154e+02 8.40342939e-01 
813 822.32 1.55798828e+02 8.82264733e-01 
814 823.10 1.53841003e+02 9.00407791e-01 
815 823.88 1.58772568e+02 9.23242033e-01 
816 824.66 1.65927780e+02 8.32983077e-01 
817 825.44 1.69927032e+02 8.28599274e-01 
818 826.21 1.69267288e+02 7.66539395e-01 
819 826.99 1.65332794e+02 8.47875237e-01 
820 827.77 1.61343842e+02 7.85203099e-01 
821 828.55 1.59670425e+02 7.69033253e-01 
822 829.33 1.60539474e+02 8.92415822e-01 
823 830.10 1.61845291e+02 8.74080896e-01 
824 830.88 1.62024017e+02 7.35686839e-01 
825 831.66 1.61263565e+02 6.99681938e-01 
826 832.44 1.60859955e+02 6.65427327e-01 
827 833.21 1.61583054e+02 6.57719374e-01 
828 833.99 1.63625946e+02 7.51340389e-01 
829 834.77 1.66108749e+02 7.16301024e-01 
830 835.55 1.67544830e+02 5.85724592e-01 
831 836.32 1.67365936e+02 5.75077832e-01 
832 837.10 1.66688843e+02 5.71044624e-01 
833 837.88 1.66467377e+02 6.75684929e-01 
834 838.65 1.67273590e+02 6.16864741e-01 
835 839.43 1.68327209e+02 6.86263680e-01 
836 840.21 1.68733765e+02 6.33316040e-01 
837 840.98 1.67647171e+02 6.11262679e-01 
838 841.76 1.65795380e+02 5.12988389e-01 
839 842.54 1.64330185e+02 6.26940072e-01 
840 843.31 1.63887711e+02 6.07976019e-01 
841 844.09 1.64573410e+02 6.42899930e-01 
842 844.87 1.65326843e+02 6.32612348e-01 
843 845.64 1.65190964e+02 5.78681469e-01 
844 846.42 1.63751266e+02 5.64144433e-01 
845 847.19 1.61627029e+02 5.49444258e-01 
846 847.97 1.59256104e+02 4.96226758e-01 
847 848.75 1.57477875e+02 5.86379051e-01 
848 849.52 1.56272202e+02 4.55867171e-01 
849 850.30 1.55730240e+02 4.81501251e-01 
850 851.07 1.54538788e+02 4.04716581e-01 
851 851.85 1.52020645e+02 5.86395681e-01 
852 852.62 1.48656998e+02 5.18605411e-01 
853 853.40 1.45829254e+02 4.79297847e-01 
854 854.17 1.45035248e+02 5.82805693e-01 
855 854.95 1.46625610e+02 4.73626673e-01 
856 855.72 1.49592560e+02 4.47654605e-01 
857 856.50 1.52029205e+02 5.02848566e-01 
858 857.27 1.53054092e+02 4.96442348e-01 
859 858.05 1.52825546e+02 5.32669187e-01 
860 858.82 1.52764786e+02 4.71851617e-01 
861 859.60 1.53002396e+02 5.36936104e-01 
862 860.37 1.53300064e+02 5.32962024e-01 
863 861.15 1.52703186e+02 5.49707830e-01 
864 861.92 1.51187698e+02 5.32819986e-01 
865 862.69 1.49359634e+02 5.96951187e-01 
866 863.47 1.47143066e+02 6.37723446e-01 
867 864.24 1.44665741e+02 4.86475706e-01 
868 865.02 1.42351624e+02 4.58796382e-01 
869 865.79 1.40479889e+02 5.11483967e-01 
870 866.56 1.39015289e+02 4.28666443e-01 
871 867.34 1.38730438e+02 5.31068623e-01 
872 868.11 1.39507172e+02 3.93567055e-01 
873 868.89 1.40948990e+02 5.45161068e-01 
874 869.66 1.42125656e+02 5.03531873e-01 
875 870.43 1.42731308e+02 5.02161801e-01 
876 871.21 1.42606720e+02 4.86952007e-01 
877 871.98 1.41484741e+02 5.60074568e-01 
878 872.75 1.39837646e+02 4.45479065e-01 
879 873.53 1.38283173e+02 5.18427372e-01 
880 874.30 1.37327484e+02 5.35897434e-01 
881 875.07 1.36889832e+02 4.25554454e-01 
882 875.84 1.36912766e+02 4.06916648e-01 
883 876.62 1.36611115e+02 5.57703912e-01 
884 877.39 1.35863632e+02 3.16362172e-01 
885 878.16 1.34759903e+02 4.66367424e-01 
886 878.93 1.33715012e+02 4.60895896e-01 
887 879.71 1.33249985e+02 3.90787154e-01 
888 880.48 1.33489487e+02 4.15170610e-01 
889 881.25 1.34286865e+02 4.35159266e-01 
890 882.02 1.35161026e+02 3.71916056e-01 
891 882.80 1.35207260e+02 5.92662811e-01 
892 883.57 1.34391525e+02 6.73407555e-01 
893 884.34 1.33275925e+02 5.39864242e-01 
894 885.11 1.32048401e+02 7.14185297e-01 
895 885.88 1.31463806e+02 6.48950994e-01 
896 886.65 1.31170593e+02 6.46851599e-01 
897 887.43 1.30862564e+02 5.65230966e-01 
898 888.20 1.30437424e+02 4.89329755e-01 
899 888.97 1.29549316e+02 4.18273091e-01 
900 889.74 1.27763527e+02 4.13172334e-01 
901 890.51 1.25963356e+02 4.93148983e-01 
902 891.28 1.23962425e+02 4.93669569e-01 
903 892.05 1.21892365e+02 4.54116493e-01 
904 892.82 1.19644592e+02 3.53810906e-01 
905 893.59 1.16602402e+02 4.24669385e-01 
906 894.36 1.13020477e+02 4.82733130e-01 
907 895.13 1.09060669e+02 6.33665919e-01 
908 895.91 1.04968094e+02 5.75577140e-01 
909 896.68 1.01055840e+02 5.01842499e-01 
910 897.45 9.78051605e+01 6.29625738e-01 
911 898.22 9.52555466e+01 5.96695781e-01 
912 898.99 9.37098007e+01 6.48645759e-01 
913 899.76 9.28835144e+01 5.77124417e-01 
914 900.53 9.26815186e+01 6.28970981e-01 
915 901.30 9.29752426e+01 6.78495884e-01 
916 902.07 9.39407272e+01 5.45152605e-01 
917 902.84 9.51922989e+01 6.46222472e-01 
918 903.61 9.62262573e+01 5.58314562e-01 
919 904.37 9.65128860e+01 5.11120081e-01 
920 905.14 9.58346481e+01 5.26811421e-01 
921 905.91 9.39584351e+01 5.17031133e-01 
922 906.68 9.12630310e+01 5.35391688e-01 
923 907.45 8.83531494e+01 6.46755219e-01 
924 908.22 8.60504608e+01 6.10351682e-01 
925 908.99 8.43281403e+01 6.16208494e-01 
926 909.76 8.32756271e+01 5.83225608e-01 
927 910.53 8.27356491e+01 6.85664535e-01 
928 911.30 8.24340515e+01 5.73951662e-01 
929 912.06 8.19396667e+01 5.95493555e-01 
930 912.83 8.11494675e+01 5.94551682e-01 
931 913.60 8.03545380e+01 6.22477651e-01 
932 914.37 7.98582230e+01 5.45206249e-01 
933 915.14 7.95509109e+01 6.41233385e-01 
934 915.91 7.99602814e+01 5.98196566e-01 
935 916.67 8.06013565e+01 5.89066267e-01 
936 917.44 8.13055267e+01 5.68647802e-01 
937 918.21 8.19269867e+01 5.76108396e-01 
938 918.98 8.24953918e+01 5.41323006e-01 
939 919.75 8.27226791e+01 4.87491697e-01 
940 920.51 8.28247070e+01 4.47474688e-01 
941 921.28 8.27138214e+01 4.81866598e-01 
942 922.05 8.21474762e+01 4.21118468e-01 
943 922.81 8.13701172e+01 3.79464716e-01 
944 923.58 7.98616028e+01 4.16484535e-01 
945 924.35 7.79097595e+01 4.91260469e-01 
946 925.12 7.56414413e+01 5.03585637e-01 
947 925.88 7.28215714e+01 4.87425238e-01 
948 926.65 6.95409775e+01 4.58867937e-01 
949 927.42 6.58578415e+01 6.07060492e-01 
950 928.18 6.16081696e+01 5.94119132e-01 
951 928.95 5.68226357e+01 5.10431707e-01 
952 929.72 5.18679199e+01 5.85643828e-01 
953 930.48 4.68586006e+01 6.10874414e-01 
954 931.25 4.20443268e+01 6.27383709e-01 
955 932.01 3.77418594e+01 7.19594419e-01 
956 932.78 3.41960106e+01 6.39405429e-01 
957 933.55 3.13703079e+01 6.19978309e-01 
958 934.31 2.95124588e+01 6.31769478e-01 
959 935.08 2.84584389e+01 6.22053683e-01 
960 935.84 2.80883865e+01 6.48601532e-01 
961 936.61 2.81210537e+01 5.48410773e-01 
962 937.38 2.83422985e+01 5.88002801e-01 
963 938.14 2.88267612e+01 5.93485653e-01 
964 938.91 2.93825111e+01 6.05765581e-01 
965 939.67 2.96861591e+01 5.25128722e-01 
966 940.44 2.98367920e+01 5.33211052e-01 
967 941.20 2.96616764e+01 4.98174250e-01 
968 941.97 2.91752129e+01 4.82986867e-01 
969 942.73 2.85115604e+01 5.20731330e-01 
970 943.50 2.77370567e+01 5.27382970e-01 
971 944.26 2.71154003e+01 4.66658086e-01 
972 945.02 2.67843094e+01 4.74233747e-01 
973 945.79 2.67407684e+01 4.84320372e-01 
974 946.55 2.68851814e+01 4.84621167e-01 
975 947.32 2.72822056e+01 4.95228440e-01 
976 948.08 2.77429848e+01 4.82075274e-01 
977 948.85 2.82012367e+01 4.38557118e-01 
978 949.61 2.85881081e+01 4.18155253e-01 
979 950.37 2.90135841e+01 4.69921082e-01 
980 951.14 2.94138050e+01 4.96015161e-01 
981 951.90 2.97581024e+01 5.11865199e-01 
982 952.66 3.01412029e+01 4.61637229e-01 
983 953.43 3.05583725e+01 4.59762961e-01 
984 954.19 3.09586296e+01 4.34455723e-01 
985 954.96 3.14032784e+01 4.49608833e-01 
986 955.72 3.18267269e+01 4.40257072e-01 
987 956.48 3.22625580e+01 4.72481549e-01 
988 957.24 3.29705276e+01 4.53914315e-01 
989 958.01 3.36506195e+01 3.67726386e-01 
990 958.77 3.43095627e+01 4.61649090e-01 
991 959.53 3.50473976e+01 4.58012015e-01 
992 960.30 3.57608643e+01 4.58205670e-01 
993 961.06 3.65933151e+01 4.13453251e-01 
994 961.82 3.74114418e+01 4.40716237e-01 
995 962.58 3.83349419e+01 4.04368490e-01 
996 963.34 3.92027054e+01 3.70498121e-01 
997 964.11 4.02997971e+01 3.82727504e-01 
998 964.87 4.13542213e+01 4.16915536e-01 
999 965.63 4.23209915e+01 3.78408611e-01 
1000 966.39 4.31362915e+01 3.74720037e-01 
1001 967.15 4.40053520e+01 3.62293154e-01 
1002 967.92 4.47570648e+01 3.03358585e-01 
1003 968.68 4.54180222e+01 3.32480460e-01 
1004 969.44 4.59131775e+01 2.67986864e-01 
1005 970.20 4.62361717e+01 2.79932320e-01 
1006 970.96 4.63615952e+01 3.62700820e-01 
1007 971.72 4.63455315e+01 3.04824591e-01 
1008 972.48 4.60504112e+01 1.97855905e-01 
1009 973.24 4.56740456e+01 2.91878611e-01 
1010 974.01 4.53046112e+01 3.15516949e-01 
1011 974.77 4.49499741e+01 2.84165293e-01 
1012 975.53 4.47290535e+01 1.86689109e-01 
1013 976.29 4.46421471e+01 2.28710413e-01 
1014 977.05 4.46579933e+01 2.74858385e-01 
1015 977.81 4.46928635e+01 2.34073505e-01 
1016 978.57 4.46877518e+01 2.45316893e-01 
1017 979.33 4.47394218e+01 2.65796959e-01 
1018 980.09 4.49838715e+01 2.23068386e-01 
1019 980.85 4.51747208e+01 2.25007236e-01 
1020 981.61 4.54771271e+01 2.33634964e-01 
1021 982.37 4.55231285e+01 2.54543364e-01 
1022 983.13 4.56150208e+01 1.59150898e-01 
1023 983.89 4.54752731e+01 2.62597620e-01 
1024 984.65 4.53772125e+01 2.57249981e-01 
1025 985.41 4.53565903e+01 1.87076345e-01 
1026 986.16 4.52269173e+01 1.82181701e-01 
1027 986.92 4.51954956e+01 1.72722921e-01 
1028 987.68 4.49271622e+01 1.13187037e-01 
1029 988.44 4.45519562e+01 1.67335838e-01 
1030 989.20 4.41291161e+01 1.87968388e-01 
1031 989.96 4.37086029e+01 1.47968009e-01 
1032 990.72 4.33548126e+01 1.88954920e-01 
1033 991.48 4.29393845e+01 1.60288051e-01 
1034 992.23 4.24010658e+01 1.46290511e-01 
1035 992.99 4.18057899e+01 1.87647492e-01 
1036 993.75 4.11190605e+01 1.91304475e-01 
1037 994.51 4.04472198e+01 1.94397986e-01 
1038 995.27 3.98283539e+01 2.39459649e-01 
1039 996.03 3.89630051e+01 2.00026184e-01 
1040 996.78 2.44272137e+00 8.81859753e-03 
1041 997.54 1.12380117e-01 7.51410471e-03 
1042 998.30 5.52259386e-02 5.56360697e-03 
1043 999.06 5.07338755e-02 1.72028355e-02 
