% C0 (TOA Count Rate, /ms) for 4STAR VIS spectrometer (1044 channels) derived from C:\Users\sleblan2\Research\AirSHARP\data_2025\allstarmats\4STARB_20250509starsun.mat and recorded on 2025-07-31 14:17:24.
% Data C0 built to match AOD from 4STARB to AERONET spline fit for Marina_Airport_CA within 200 m [Alt] and 360 seconds, measured on 20250509_3. Using the AERONET file: 20250509_20250509_Marina_Airport_CA.lev20 as input for this comparison. Date of creation: 31-Jul-2025 14:17:24
Pix Wavelength C0 C0err
0 171.23 0.00000000e+00 0.00000000e+00 
1 172.04 8.62643242e-01 1.35791719e+00 
2 172.86 7.29985595e-01 1.11517537e+00 
3 173.67 3.26319873e-01 5.54459572e-01 
4 174.48 3.78549080e+01 3.28885388e+00 
5 175.29 3.86174622e+01 3.40388346e+00 
6 176.11 3.76823273e+01 2.96696734e+00 
7 176.92 3.66952858e+01 2.93927264e+00 
8 177.73 3.57003899e+01 2.99965596e+00 
9 178.54 3.55181274e+01 3.31551290e+00 
10 179.36 3.61527863e+01 3.26019120e+00 
11 180.17 3.60340462e+01 3.44777179e+00 
12 180.98 3.60531921e+01 2.57571864e+00 
13 181.79 3.71195755e+01 3.17465091e+00 
14 182.61 3.72346382e+01 3.10425663e+00 
15 183.42 3.77223625e+01 2.35939956e+00 
16 184.23 3.97702560e+01 3.71488261e+00 
17 185.04 4.14433174e+01 2.55998349e+00 
18 185.86 4.24208908e+01 3.33248758e+00 
19 186.67 4.48541794e+01 3.09763050e+00 
20 187.48 4.58530083e+01 3.00494909e+00 
21 188.29 4.81216545e+01 3.81716728e+00 
22 189.11 5.10042191e+01 2.40636563e+00 
23 189.92 5.21009064e+01 3.33951235e+00 
24 190.73 5.63841972e+01 4.40352488e+00 
25 191.54 5.93430367e+01 5.04885054e+00 
26 192.36 6.24037209e+01 2.02797842e+00 
27 193.17 6.78841476e+01 5.70405054e+00 
28 193.98 7.08322449e+01 4.23761034e+00 
29 194.79 7.57490387e+01 5.74369717e+00 
30 195.61 7.94454041e+01 4.60890532e+00 
31 196.42 8.56209869e+01 5.86931849e+00 
32 197.23 9.22726212e+01 6.54538393e+00 
33 198.04 9.83056107e+01 6.33867025e+00 
34 198.86 1.06583641e+02 6.47126198e+00 
35 199.67 1.12604950e+02 5.15039682e+00 
36 200.48 1.19246277e+02 5.86563206e+00 
37 201.29 1.29232254e+02 8.82116699e+00 
38 202.11 1.36651581e+02 7.04826736e+00 
39 202.92 1.46521545e+02 1.06425142e+01 
40 203.73 1.58688995e+02 7.97396517e+00 
41 204.54 1.71417389e+02 8.90619850e+00 
42 205.36 1.85908676e+02 1.15451736e+01 
43 206.17 1.98177567e+02 7.64378119e+00 
44 206.98 2.09405762e+02 1.43611860e+01 
45 207.79 2.25804565e+02 1.51408319e+01 
46 208.61 2.46306030e+02 8.43900871e+00 
47 209.42 2.64496521e+02 1.53965549e+01 
48 210.23 2.94837524e+02 1.61637001e+01 
49 211.04 3.39156708e+02 2.48881283e+01 
50 211.86 3.93505127e+02 1.80384140e+01 
51 212.67 4.69497742e+02 3.07894669e+01 
52 213.48 5.79257874e+02 4.37809067e+01 
53 214.29 7.31002441e+02 3.89628181e+01 
54 215.11 8.94862183e+02 5.87155571e+01 
55 215.92 1.09924316e+03 7.59658508e+01 
56 216.73 1.36506177e+03 7.18025589e+01 
57 217.54 1.63864404e+03 1.15064056e+02 
58 218.35 1.97567432e+03 1.68862839e+02 
59 219.17 2.44826196e+03 1.43547989e+02 
60 219.98 2.95899097e+03 2.09321030e+02 
61 220.79 3.57919067e+03 2.00267288e+02 
62 221.60 4.54337402e+03 3.00975677e+02 
63 222.42 5.79089258e+03 3.68825409e+02 
64 223.23 7.18706006e+03 5.01730865e+02 
65 224.04 9.18027734e+03 7.58226318e+02 
66 224.85 1.16176748e+04 6.43521484e+02 
67 225.67 1.49495605e+04 8.74251831e+02 
68 226.48 1.96686602e+04 1.44656287e+03 
69 227.29 2.60204629e+04 2.23639087e+03 
70 228.10 3.37834805e+04 2.51598560e+03 
71 228.91 4.52367188e+04 2.69598633e+03 
72 229.73 6.14440586e+04 3.85672095e+03 
73 230.54 8.10858438e+04 6.06066553e+03 
74 231.35 1.09539445e+05 9.98050000e+03 
75 232.16 1.51922203e+05 1.06131191e+04 
76 232.97 2.09855688e+05 1.64818613e+04 
77 233.79 2.80591094e+05 1.91620977e+04 
78 234.60 3.86793781e+05 2.72867793e+04 
79 235.41 5.03899563e+05 5.57561719e+04 
80 236.22 7.15772250e+05 5.27245430e+04 
81 237.04 9.84168375e+05 8.89748906e+04 
82 237.85 1.34389038e+06 1.21919359e+05 
83 238.66 1.86761888e+06 1.55849844e+05 
84 239.47 2.49085700e+06 2.60439016e+05 
85 240.28 3.46561100e+06 3.32804063e+05 
86 241.10 4.57064900e+06 3.97746313e+05 
87 241.91 5.94801650e+06 5.57569625e+05 
88 242.72 7.88298700e+06 5.67813313e+05 
89 243.53 1.00089550e+07 7.49605750e+05 
90 244.34 1.29964370e+07 1.19915338e+06 
91 245.16 1.65847420e+07 1.46838050e+06 
92 245.97 2.06113400e+07 2.37766625e+06 
93 246.78 2.47528680e+07 2.20453550e+06 
94 247.59 3.03490440e+07 3.00692075e+06 
95 248.40 3.58622760e+07 3.47692075e+06 
96 249.22 4.14143680e+07 4.40179150e+06 
97 250.03 4.65322560e+07 4.56826100e+06 
98 250.84 5.16278720e+07 5.88084000e+06 
99 251.65 5.66309800e+07 6.17839600e+06 
100 252.46 5.88836600e+07 4.45401200e+06 
101 253.27 6.22513360e+07 6.28440950e+06 
102 254.09 6.41674840e+07 6.26919550e+06 
103 254.90 6.45097360e+07 7.42627350e+06 
104 255.71 6.21613040e+07 6.72532150e+06 
105 256.52 5.94687360e+07 5.73559100e+06 
106 257.33 5.62245080e+07 5.90733300e+06 
107 258.15 5.20234840e+07 5.02391150e+06 
108 258.96 4.70219240e+07 4.32703000e+06 
109 259.77 4.13813640e+07 4.61646850e+06 
110 260.58 3.45922520e+07 3.11717725e+06 
111 261.39 2.97990520e+07 3.34317575e+06 
112 262.20 2.47263760e+07 2.34493625e+06 
113 263.02 2.03612660e+07 1.87631625e+06 
114 263.83 1.62772730e+07 1.56008850e+06 
115 264.64 1.30044420e+07 1.09582463e+06 
116 265.45 1.04651790e+07 8.25311938e+05 
117 266.26 7.85869700e+06 7.50029000e+05 
118 267.07 5.90529800e+06 5.40994750e+05 
119 267.89 4.33159400e+06 3.46499750e+05 
120 268.70 3.22062550e+06 2.39338531e+05 
121 269.51 2.40405700e+06 2.34482969e+05 
122 270.32 1.71951575e+06 1.28037289e+05 
123 271.13 1.27315675e+06 1.01192211e+05 
124 271.94 9.42790563e+05 6.27067813e+04 
125 272.75 6.55924750e+05 4.12552500e+04 
126 273.57 4.76051281e+05 3.82054883e+04 
127 274.38 3.36062125e+05 2.34021270e+04 
128 275.19 2.39130875e+05 1.59352793e+04 
129 276.00 1.77945094e+05 1.29903086e+04 
130 276.81 1.29686094e+05 9.42517578e+03 
131 277.62 9.33095000e+04 5.88698340e+03 
132 278.43 6.68050781e+04 2.24720728e+03 
133 279.25 5.08410664e+04 2.33801465e+03 
134 280.06 3.67637148e+04 1.91915601e+03 
135 280.87 2.76453594e+04 1.60655371e+03 
136 281.68 2.06907188e+04 1.35160547e+03 
137 282.49 1.53798574e+04 8.27617188e+02 
138 283.30 1.22417510e+04 5.64616577e+02 
139 284.11 9.43980859e+03 3.13885773e+02 
140 284.93 7.44642041e+03 4.16192108e+02 
141 285.74 5.78632324e+03 2.86104401e+02 
142 286.55 4.64541357e+03 3.84062866e+02 
143 287.36 3.67389600e+03 2.06303452e+02 
144 288.17 2.98227759e+03 1.50602234e+02 
145 288.98 2.49621338e+03 1.31580612e+02 
146 289.79 1.99821399e+03 8.21062012e+01 
147 290.60 1.74994116e+03 7.84893875e+01 
148 291.42 1.45157397e+03 4.81649857e+01 
149 292.23 1.24438123e+03 3.85929260e+01 
150 293.04 1.04980396e+03 5.06776123e+01 
151 293.85 9.28145020e+02 1.98112793e+01 
152 294.66 8.15166443e+02 3.00497780e+01 
153 295.47 7.11066772e+02 3.87473640e+01 
154 296.28 6.36874939e+02 3.93574104e+01 
155 297.09 5.69881042e+02 3.12741947e+01 
156 297.90 5.22318481e+02 1.82566166e+01 
157 298.71 4.67152863e+02 2.39955044e+01 
158 299.53 4.42981049e+02 1.52680254e+01 
159 300.34 4.14764404e+02 1.67874489e+01 
160 301.15 4.01800446e+02 1.13264360e+01 
161 301.96 4.03530579e+02 1.10031099e+01 
162 302.77 4.18714325e+02 1.30827599e+01 
163 303.58 4.25172394e+02 1.02439451e+01 
164 304.39 4.41443420e+02 6.86964369e+00 
165 305.20 4.55861633e+02 1.80285320e+01 
166 306.01 4.72141846e+02 8.17222214e+00 
167 306.82 5.05792145e+02 7.01092911e+00 
168 307.63 5.32074890e+02 1.35486145e+01 
169 308.44 5.45292480e+02 5.85612297e+00 
170 309.26 5.51505310e+02 8.70410919e+00 
171 310.07 6.13235596e+02 1.09235086e+01 
172 310.88 6.81437622e+02 5.52064371e+00 
173 311.69 7.02222778e+02 1.12516336e+01 
174 312.50 7.13942627e+02 6.88720417e+00 
175 313.31 7.31117432e+02 8.28499222e+00 
176 314.12 7.32299805e+02 8.02591133e+00 
177 314.93 7.06499023e+02 7.38608027e+00 
178 315.74 7.04940857e+02 6.63858652e+00 
179 316.55 7.44987793e+02 1.22559566e+01 
180 317.36 7.61662903e+02 1.07159290e+01 
181 318.17 7.34895020e+02 6.68281651e+00 
182 318.98 7.35205933e+02 6.50317717e+00 
183 319.79 7.58466064e+02 4.69017458e+00 
184 320.60 7.44380737e+02 6.89795637e+00 
185 321.41 6.98323853e+02 8.03845596e+00 
186 322.22 6.53501099e+02 5.98716450e+00 
187 323.04 6.41224365e+02 6.62039995e+00 
188 323.85 6.64162964e+02 6.19432163e+00 
189 324.66 6.99920532e+02 6.96009636e+00 
190 325.47 7.48821533e+02 6.94656706e+00 
191 326.28 7.68778625e+02 6.77626753e+00 
192 327.09 7.38141602e+02 6.53368378e+00 
193 327.90 6.96703491e+02 3.42780161e+00 
194 328.71 7.03281860e+02 3.83508873e+00 
195 329.52 7.10068298e+02 5.24439430e+00 
196 330.33 6.63078125e+02 4.58618879e+00 
197 331.14 6.15861389e+02 5.82105064e+00 
198 331.95 5.83485657e+02 6.24193096e+00 
199 332.76 5.51187866e+02 2.61770821e+00 
200 333.57 5.24210938e+02 3.19274044e+00 
201 334.38 5.09568665e+02 2.83315063e+00 
202 335.19 4.79679474e+02 4.32395601e+00 
203 336.00 4.28212463e+02 1.08218741e+00 
204 336.81 3.98468658e+02 1.70803976e+00 
205 337.62 3.97624054e+02 3.37528133e+00 
206 338.43 4.01301788e+02 2.58160472e+00 
207 339.24 4.00323792e+02 2.04107308e+00 
208 340.05 3.90497589e+02 2.73833299e+00 
209 340.86 3.65412720e+02 1.64840651e+00 
210 341.67 3.49143433e+02 1.89798200e+00 
211 342.48 3.37668701e+02 1.21361125e+00 
212 343.29 3.07292480e+02 1.87418747e+00 
213 344.10 2.73897522e+02 9.52505708e-01 
214 344.91 2.69477051e+02 1.10546470e+00 
215 345.72 2.68025543e+02 8.56161535e-01 
216 346.53 2.57729767e+02 8.22073400e-01 
217 347.34 2.43729187e+02 1.66296232e+00 
218 348.15 2.31182343e+02 1.12556005e+00 
219 348.96 2.23811752e+02 1.02714252e+00 
220 349.77 2.26188507e+02 1.49215353e+00 
221 350.58 2.25912750e+02 9.21039522e-01 
222 351.39 2.12141846e+02 1.46046019e+00 
223 352.19 1.99157333e+02 1.10843229e+00 
224 353.00 1.98997070e+02 5.98467410e-01 
225 353.81 2.04488998e+02 7.02807844e-01 
226 354.62 2.00310837e+02 9.82163668e-01 
227 355.43 1.84739975e+02 5.08717895e-01 
228 356.24 1.63432953e+02 6.51870370e-01 
229 357.05 1.43121765e+02 4.24347669e-01 
230 357.86 1.29682632e+02 5.11898100e-01 
231 358.67 1.33263031e+02 6.17560446e-01 
232 359.48 1.46355911e+02 4.71325248e-01 
233 360.29 1.44050568e+02 3.79795700e-01 
234 361.10 1.33939697e+02 5.29880702e-01 
235 361.91 1.33770752e+02 3.70347172e-01 
236 362.72 1.35781281e+02 5.01160800e-01 
237 363.53 1.34901276e+02 3.86496753e-01 
238 364.34 1.34904419e+02 1.75929531e-01 
239 365.14 1.41144562e+02 3.68148625e-01 
240 365.95 1.47051270e+02 4.90322202e-01 
241 366.76 1.44401489e+02 3.46692502e-01 
242 367.57 1.37830475e+02 3.85781884e-01 
243 368.38 1.34830292e+02 2.03115046e-01 
244 369.19 1.36613846e+02 5.90319633e-01 
245 370.00 1.35569153e+02 2.32957453e-01 
246 370.81 1.31248520e+02 3.23110282e-01 
247 371.62 1.26156845e+02 1.11127593e-01 
248 372.43 1.17819267e+02 8.17045942e-02 
249 373.24 1.09500763e+02 9.96581763e-02 
250 374.04 1.06422340e+02 3.53310585e-01 
251 374.85 1.11594940e+02 2.67877758e-01 
252 375.66 1.20201126e+02 4.13203895e-01 
253 376.47 1.29332077e+02 4.73741770e-01 
254 377.28 1.41227966e+02 3.13516796e-01 
255 378.09 1.45747223e+02 2.59271443e-01 
256 378.90 1.38826538e+02 2.99502999e-01 
257 379.71 1.35182281e+02 3.88863504e-01 
258 380.51 1.36352249e+02 2.86404401e-01 
259 381.32 1.26325729e+02 1.96543127e-01 
260 382.13 1.08841835e+02 6.02233529e-01 
261 382.94 9.92438278e+01 4.01640832e-01 
262 383.75 1.06263275e+02 3.73007357e-01 
263 384.56 1.20869949e+02 2.46820882e-01 
264 385.37 1.27931366e+02 4.05516535e-01 
265 386.17 1.29347641e+02 3.92194480e-01 
266 386.98 1.30957809e+02 5.05052269e-01 
267 387.79 1.33011185e+02 3.48747164e-01 
268 388.60 1.41026199e+02 2.65438080e-01 
269 389.41 1.54425644e+02 3.86438429e-01 
270 390.22 1.66113922e+02 3.37914318e-01 
271 391.02 1.69735611e+02 2.49857679e-01 
272 391.83 1.54405304e+02 3.97212684e-01 
273 392.64 1.26308296e+02 4.36814129e-01 
274 393.45 1.18145065e+02 2.99757838e-01 
275 394.26 1.40469604e+02 4.84951079e-01 
276 395.07 1.59559464e+02 3.74419987e-01 
277 395.87 1.50642288e+02 5.05533576e-01 
278 396.68 1.41545883e+02 3.34691942e-01 
279 397.49 1.65797989e+02 3.48272890e-01 
280 398.30 2.04669846e+02 6.04048252e-01 
281 399.11 2.30713181e+02 5.72313309e-01 
282 399.91 2.43535995e+02 5.76732695e-01 
283 400.72 2.52177155e+02 3.97584200e-01 
284 401.53 2.58710571e+02 3.77672613e-01 
285 402.34 2.60689362e+02 4.96288419e-01 
286 403.15 2.58911072e+02 5.45785964e-01 
287 403.95 2.57247406e+02 1.04870844e+00 
288 404.76 2.55622345e+02 7.01404035e-01 
289 405.57 2.53888977e+02 4.61111039e-01 
290 406.38 2.53332001e+02 4.27798241e-01 
291 407.18 2.58478943e+02 8.00402284e-01 
292 407.99 2.67573639e+02 6.92350626e-01 
293 408.80 2.71376923e+02 8.68444383e-01 
294 409.61 2.67512421e+02 4.77351785e-01 
295 410.41 2.70274658e+02 5.88728487e-01 
296 411.22 2.82336548e+02 6.97832584e-01 
297 412.03 2.90222687e+02 3.52362424e-01 
298 412.84 2.92028992e+02 5.91055512e-01 
299 413.64 2.93216125e+02 6.83368683e-01 
300 414.45 2.94900330e+02 5.89417398e-01 
301 415.26 2.98416016e+02 7.38012910e-01 
302 416.07 3.00738129e+02 5.99769115e-01 
303 416.87 2.99097504e+02 1.02931499e+00 
304 417.68 2.96681213e+02 8.97498906e-01 
305 418.49 2.96627106e+02 8.72718036e-01 
306 419.30 2.99338165e+02 7.98813403e-01 
307 420.10 3.05521942e+02 6.15682960e-01 
308 420.91 3.11214539e+02 4.73379493e-01 
309 421.72 3.10168152e+02 5.80186725e-01 
310 422.52 3.06085938e+02 6.97008908e-01 
311 423.33 3.06882996e+02 7.66762137e-01 
312 424.14 3.09941467e+02 7.88515568e-01 
313 424.95 3.11722321e+02 8.09658229e-01 
314 425.75 3.11325684e+02 8.16436052e-01 
315 426.56 3.08934937e+02 4.22276556e-01 
316 427.37 3.06316284e+02 6.65238500e-01 
317 428.17 3.00334198e+02 8.82963717e-01 
318 428.98 2.85390320e+02 7.94141412e-01 
319 429.79 2.69370300e+02 6.75487757e-01 
320 430.59 2.72463654e+02 7.69033492e-01 
321 431.40 2.96291138e+02 6.40009701e-01 
322 432.21 3.19542480e+02 1.07320070e+00 
323 433.01 3.28395081e+02 9.90813136e-01 
324 433.82 3.31031860e+02 8.10387015e-01 
325 434.63 3.39823303e+02 6.09498143e-01 
326 435.43 3.53709351e+02 9.40679193e-01 
327 436.24 3.61287964e+02 9.89294052e-01 
328 437.05 3.57243469e+02 1.11647010e+00 
329 437.85 3.49254974e+02 5.43543696e-01 
330 438.66 3.47839844e+02 9.69051301e-01 
331 439.47 3.54761353e+02 8.52805257e-01 
332 440.27 3.66183441e+02 1.24634147e+00 
333 441.08 3.78759979e+02 9.34699655e-01 
334 441.89 3.89775848e+02 8.58426094e-01 
335 442.69 3.96469055e+02 8.51611972e-01 
336 443.50 3.99905914e+02 1.14709747e+00 
337 444.30 3.99854034e+02 9.07061517e-01 
338 445.11 3.97459839e+02 1.13638270e+00 
339 445.92 3.98923248e+02 1.02283919e+00 
340 446.72 4.07005585e+02 1.03917062e+00 
341 447.53 4.17358978e+02 1.05386329e+00 
342 448.33 4.24328735e+02 8.88280928e-01 
343 449.14 4.31665527e+02 9.37834799e-01 
344 449.95 4.40785645e+02 1.00014424e+00 
345 450.75 4.45007813e+02 1.33051455e+00 
346 451.56 4.39899536e+02 1.24675846e+00 
347 452.36 4.30878235e+02 9.48153913e-01 
348 453.17 4.27077179e+02 1.37213731e+00 
349 453.98 4.28260956e+02 1.28352952e+00 
350 454.78 4.33785736e+02 1.43957019e+00 
351 455.59 4.40395813e+02 9.37783897e-01 
352 456.39 4.44980804e+02 1.15501642e+00 
353 457.20 4.46728516e+02 1.07300067e+00 
354 458.00 4.45501587e+02 7.37150252e-01 
355 458.81 4.44131073e+02 1.30241525e+00 
356 459.61 4.46452972e+02 1.46272922e+00 
357 460.42 4.51506775e+02 1.19768131e+00 
358 461.23 4.57503479e+02 1.03349066e+00 
359 462.03 4.60350403e+02 1.24514174e+00 
360 462.84 4.59202759e+02 1.49972284e+00 
361 463.64 4.55349976e+02 1.57163787e+00 
362 464.45 4.52181580e+02 9.91078317e-01 
363 465.25 4.49786682e+02 1.31720185e+00 
364 466.06 4.48180481e+02 1.23318291e+00 
365 466.86 4.48700134e+02 1.46834457e+00 
366 467.67 4.51100342e+02 9.79507089e-01 
367 468.47 4.52777893e+02 1.12971210e+00 
368 469.28 4.52360565e+02 1.13976181e+00 
369 470.08 4.52895447e+02 7.87087619e-01 
370 470.89 4.57279114e+02 1.12993765e+00 
371 471.69 4.63580170e+02 7.07410812e-01 
372 472.50 4.67875916e+02 1.59520519e+00 
373 473.30 4.71014282e+02 1.17538369e+00 
374 474.11 4.73380127e+02 1.44387233e+00 
375 474.91 4.74532349e+02 1.12997496e+00 
376 475.72 4.75711548e+02 1.59762192e+00 
377 476.52 4.79105713e+02 1.24123538e+00 
378 477.33 4.83889465e+02 1.47010326e+00 
379 478.13 4.88461121e+02 1.03497577e+00 
380 478.93 4.91240845e+02 1.22050369e+00 
381 479.74 4.93135590e+02 1.74694800e+00 
382 480.54 4.94542664e+02 1.37264395e+00 
383 481.35 4.94815765e+02 1.10652018e+00 
384 482.15 4.94150970e+02 1.05188036e+00 
385 482.96 4.89942169e+02 1.49526954e+00 
386 483.76 4.82160980e+02 1.40706134e+00 
387 484.57 4.65802856e+02 1.16003275e+00 
388 485.37 4.47087158e+02 1.10519981e+00 
389 486.17 4.38326477e+02 9.88107562e-01 
390 486.98 4.42822754e+02 1.15249467e+00 
391 487.78 4.55194885e+02 1.14027214e+00 
392 488.59 4.69392853e+02 1.37150669e+00 
393 489.39 4.79768890e+02 1.35115564e+00 
394 490.19 4.83003082e+02 1.55501688e+00 
395 491.00 4.81452484e+02 1.47225666e+00 
396 491.80 4.78727295e+02 1.26628006e+00 
397 492.61 4.80154236e+02 1.25711453e+00 
398 493.41 4.86020996e+02 1.15065706e+00 
399 494.21 4.92201233e+02 1.17383492e+00 
400 495.02 4.96576965e+02 1.23311532e+00 
401 495.82 4.98401886e+02 1.33802474e+00 
402 496.63 4.97254761e+02 1.32114327e+00 
403 497.43 4.94112427e+02 1.33582544e+00 
404 498.23 4.90315186e+02 9.97227013e-01 
405 499.04 4.86313416e+02 1.28573847e+00 
406 499.84 4.81530090e+02 1.52285123e+00 
407 500.64 4.77671448e+02 1.23661768e+00 
408 501.45 4.76343628e+02 1.04247367e+00 
409 502.25 4.78201294e+02 1.31714153e+00 
410 503.05 4.81225525e+02 1.47757733e+00 
411 503.86 4.85361847e+02 1.57917535e+00 
412 504.66 4.91642548e+02 1.40489483e+00 
413 505.46 4.96456696e+02 1.34701502e+00 
414 506.27 4.97436066e+02 1.07317173e+00 
415 507.07 4.95312225e+02 1.42222714e+00 
416 507.87 4.93496643e+02 1.10837710e+00 
417 508.68 4.93308044e+02 1.16159332e+00 
418 509.48 4.94804962e+02 1.03632402e+00 
419 510.28 4.96958069e+02 1.18854713e+00 
420 511.08 4.96712219e+02 1.27531743e+00 
421 511.89 4.94554199e+02 1.53881633e+00 
422 512.69 4.89606659e+02 1.61291301e+00 
423 513.49 4.84230804e+02 1.35365725e+00 
424 514.30 4.80951660e+02 1.10590649e+00 
425 515.10 4.73552216e+02 1.53787434e+00 
426 515.90 4.60919250e+02 1.57689059e+00 
427 516.70 4.49168518e+02 1.07338977e+00 
428 517.51 4.43797241e+02 9.49666619e-01 
429 518.31 4.48724640e+02 1.24143898e+00 
430 519.11 4.59816650e+02 1.14056921e+00 
431 519.91 4.71164490e+02 1.30687845e+00 
432 520.72 4.78699982e+02 8.80558193e-01 
433 521.52 4.81716309e+02 1.41702354e+00 
434 522.32 4.83341461e+02 1.12038720e+00 
435 523.12 4.86740509e+02 1.28828263e+00 
436 523.93 4.89944336e+02 9.30545211e-01 
437 524.73 4.88883331e+02 1.16823030e+00 
438 525.53 4.80644257e+02 1.25319254e+00 
439 526.33 4.72706573e+02 1.12325406e+00 
440 527.13 4.72494446e+02 1.20783305e+00 
441 527.94 4.79832947e+02 1.18652892e+00 
442 528.74 4.89478088e+02 1.13221145e+00 
443 529.54 4.97498779e+02 1.50133324e+00 
444 530.34 5.00384033e+02 1.03822684e+00 
445 531.14 4.98069031e+02 1.11435127e+00 
446 531.95 4.92756744e+02 8.51573050e-01 
447 532.75 4.88846863e+02 1.27637994e+00 
448 533.55 4.89071289e+02 9.23843920e-01 
449 534.35 4.93024658e+02 1.30643749e+00 
450 535.15 4.96297485e+02 1.35796201e+00 
451 535.95 4.96215393e+02 1.25631309e+00 
452 536.76 4.93486633e+02 6.77464187e-01 
453 537.56 4.91053101e+02 1.29213607e+00 
454 538.36 4.87666290e+02 1.39512515e+00 
455 539.16 4.82422974e+02 1.35973716e+00 
456 539.96 4.78037140e+02 1.15943897e+00 
457 540.76 4.77131470e+02 1.46948266e+00 
458 541.56 4.78611389e+02 1.70790935e+00 
459 542.36 4.82156616e+02 1.27309394e+00 
460 543.17 4.84981171e+02 1.20356917e+00 
461 543.97 4.86640991e+02 9.78092313e-01 
462 544.77 4.87784485e+02 9.17144477e-01 
463 545.57 4.87177551e+02 1.01697969e+00 
464 546.37 4.85335449e+02 1.08047402e+00 
465 547.17 4.82924011e+02 1.24196172e+00 
466 547.97 4.81977997e+02 1.47485936e+00 
467 548.77 4.82155243e+02 8.48057747e-01 
468 549.57 4.82228424e+02 1.35484850e+00 
469 550.37 4.82413971e+02 8.93536985e-01 
470 551.17 4.81471130e+02 1.18082905e+00 
471 551.97 4.80410858e+02 1.19763875e+00 
472 552.78 4.80134796e+02 1.14560390e+00 
473 553.58 4.80578033e+02 1.17652321e+00 
474 554.38 4.80763245e+02 8.47969830e-01 
475 555.18 4.78458954e+02 9.67585087e-01 
476 555.98 4.75538177e+02 1.01154721e+00 
477 556.78 4.71977051e+02 1.56390762e+00 
478 557.58 4.67154663e+02 1.06448519e+00 
479 558.38 4.63190979e+02 1.12008440e+00 
480 559.18 4.62521179e+02 1.33081496e+00 
481 559.98 4.62777161e+02 9.59937692e-01 
482 560.78 4.65030121e+02 7.26197004e-01 
483 561.58 4.67963287e+02 1.14960265e+00 
484 562.38 4.70272308e+02 9.37060177e-01 
485 563.18 4.70909271e+02 1.33105385e+00 
486 563.98 4.71151154e+02 1.06076777e+00 
487 564.78 4.70248413e+02 1.26383460e+00 
488 565.58 4.69246887e+02 1.18901408e+00 
489 566.38 4.68933258e+02 1.19565785e+00 
490 567.18 4.70800385e+02 7.37109900e-01 
491 567.98 4.71677795e+02 1.22208428e+00 
492 568.78 4.70186371e+02 9.73878562e-01 
493 569.58 4.67820892e+02 1.05741441e+00 
494 570.38 4.65775391e+02 1.26827180e+00 
495 571.17 4.68977539e+02 1.20209181e+00 
496 571.97 4.74583038e+02 1.16934419e+00 
497 572.77 4.80784882e+02 1.31004775e+00 
498 573.57 4.84320313e+02 1.13707495e+00 
499 574.37 4.82994537e+02 8.76797497e-01 
500 575.17 4.80046356e+02 1.24900818e+00 
501 575.97 4.78246307e+02 1.23226082e+00 
502 576.77 4.76814178e+02 8.16704631e-01 
503 577.57 4.74112885e+02 9.56453145e-01 
504 578.37 4.71242737e+02 8.95041406e-01 
505 579.17 4.69926727e+02 1.06014800e+00 
506 579.96 4.69630371e+02 1.16979468e+00 
507 580.76 4.68965637e+02 1.09331894e+00 
508 581.56 4.68937103e+02 1.21262324e+00 
509 582.36 4.68013031e+02 9.35213804e-01 
510 583.16 4.66644226e+02 1.40611887e+00 
511 583.96 4.62470734e+02 9.59250867e-01 
512 584.76 4.57503235e+02 9.43255246e-01 
513 585.56 4.52186371e+02 1.10547018e+00 
514 586.35 4.47598297e+02 9.18008089e-01 
515 587.15 4.40354034e+02 1.29320979e+00 
516 587.95 4.29020996e+02 1.19219196e+00 
517 588.75 4.18743103e+02 1.12358797e+00 
518 589.55 4.15142975e+02 9.96199965e-01 
519 590.35 4.17975830e+02 6.95913732e-01 
520 591.14 4.23994080e+02 1.06765032e+00 
521 591.94 4.28085083e+02 1.14187562e+00 
522 592.74 4.29411163e+02 8.57032001e-01 
523 593.54 4.29046204e+02 1.15816867e+00 
524 594.34 4.29118805e+02 6.08030796e-01 
525 595.13 4.30156677e+02 9.92047250e-01 
526 595.93 4.31806915e+02 1.09061921e+00 
527 596.73 4.32836121e+02 1.22883439e+00 
528 597.53 4.33452118e+02 9.51418638e-01 
529 598.32 4.33273865e+02 1.27985287e+00 
530 599.12 4.32855743e+02 1.22140372e+00 
531 599.92 4.32731689e+02 1.03287911e+00 
532 600.72 4.32628265e+02 1.01197553e+00 
533 601.51 4.33839661e+02 1.22802091e+00 
534 602.31 4.37158875e+02 1.18635821e+00 
535 603.11 4.41645386e+02 1.39704168e+00 
536 603.91 4.45078125e+02 1.19740188e+00 
537 604.70 4.47169830e+02 1.17288733e+00 
538 605.50 4.47819641e+02 1.23786938e+00 
539 606.30 4.48247864e+02 7.42463410e-01 
540 607.10 4.47655853e+02 9.59346294e-01 
541 607.89 4.46366241e+02 9.43066001e-01 
542 608.69 4.44539429e+02 1.06224179e+00 
543 609.49 4.43246490e+02 1.13885391e+00 
544 610.28 4.43188934e+02 8.73551607e-01 
545 611.08 4.44026550e+02 1.03211319e+00 
546 611.88 4.43205902e+02 9.95119989e-01 
547 612.67 4.41061157e+02 9.23003733e-01 
548 613.47 4.39590790e+02 1.12337279e+00 
549 614.27 4.37688477e+02 1.29316628e+00 
550 615.06 4.34885559e+02 9.89648819e-01 
551 615.86 4.32388000e+02 9.76631045e-01 
552 616.66 4.32314606e+02 9.60880339e-01 
553 617.45 4.35185638e+02 1.10785043e+00 
554 618.25 4.38019073e+02 1.01963115e+00 
555 619.04 4.40912201e+02 9.27277744e-01 
556 619.84 4.41898224e+02 1.07538342e+00 
557 620.64 4.40654572e+02 1.01094902e+00 
558 621.43 4.38544830e+02 1.06911981e+00 
559 622.23 4.35046692e+02 1.33665335e+00 
560 623.02 4.31666595e+02 1.11341989e+00 
561 623.82 4.27729309e+02 7.73777008e-01 
562 624.62 4.25314453e+02 8.77042949e-01 
563 625.41 4.24923584e+02 1.27325773e+00 
564 626.21 4.24310486e+02 9.80709970e-01 
565 627.00 4.23286255e+02 8.89708996e-01 
566 627.80 4.22312256e+02 1.04996574e+00 
567 628.59 4.20645111e+02 1.11581635e+00 
568 629.39 4.19755219e+02 9.84492600e-01 
569 630.19 4.18638885e+02 1.34462976e+00 
570 630.98 4.17546875e+02 8.63791049e-01 
571 631.78 4.17927979e+02 1.20380688e+00 
572 632.57 4.19322144e+02 8.54929268e-01 
573 633.37 4.20722748e+02 8.43947113e-01 
574 634.16 4.21878601e+02 1.01812792e+00 
575 634.96 4.22347504e+02 7.10666955e-01 
576 635.75 4.22880981e+02 9.39585924e-01 
577 636.55 4.24487305e+02 1.03011799e+00 
578 637.34 4.26076019e+02 1.12765622e+00 
579 638.14 4.25964996e+02 7.19408989e-01 
580 638.93 4.22660645e+02 8.56485367e-01 
581 639.73 4.18556702e+02 7.73802698e-01 
582 640.52 4.15275299e+02 9.02100205e-01 
583 641.32 4.14410126e+02 8.06749105e-01 
584 642.11 4.14644440e+02 6.08627558e-01 
585 642.90 4.14667419e+02 9.51211452e-01 
586 643.70 4.13469360e+02 8.71505678e-01 
587 644.49 4.10703644e+02 1.05574012e+00 
588 645.29 4.06664001e+02 1.22777855e+00 
589 646.08 4.03133881e+02 8.56342971e-01 
590 646.88 4.00232025e+02 1.04917383e+00 
591 647.67 3.97044800e+02 8.64426911e-01 
592 648.46 3.92583984e+02 8.63587737e-01 
593 649.26 3.89918884e+02 6.11848772e-01 
594 650.05 3.90322876e+02 8.93210590e-01 
595 650.85 3.91558441e+02 1.14827633e+00 
596 651.64 3.91167236e+02 9.62322474e-01 
597 652.43 3.89922333e+02 9.78129387e-01 
598 653.23 3.87441010e+02 7.32885063e-01 
599 654.02 3.80887756e+02 1.12707245e+00 
600 654.81 3.65586853e+02 9.95904505e-01 
601 655.61 3.47557495e+02 1.12255061e+00 
602 656.40 3.40387756e+02 8.94476593e-01 
603 657.20 3.49513428e+02 8.91546547e-01 
604 657.99 3.62717041e+02 7.06725061e-01 
605 658.78 3.71260345e+02 7.94991612e-01 
606 659.58 3.74044189e+02 8.35186124e-01 
607 660.37 3.75275055e+02 7.42395341e-01 
608 661.16 3.75764069e+02 6.19035780e-01 
609 661.95 3.75005096e+02 6.96967065e-01 
610 662.75 3.73673065e+02 7.91130126e-01 
611 663.54 3.72015900e+02 7.65882313e-01 
612 664.33 3.72972717e+02 5.66193461e-01 
613 665.13 3.73573669e+02 7.68225431e-01 
614 665.92 3.72811035e+02 1.11564374e+00 
615 666.71 3.71583374e+02 8.63895297e-01 
616 667.50 3.70735291e+02 7.96170771e-01 
617 668.30 3.71787109e+02 6.60294831e-01 
618 669.09 3.71904755e+02 8.71607304e-01 
619 669.88 3.71213837e+02 1.02863955e+00 
620 670.67 3.69617432e+02 8.64275336e-01 
621 671.47 3.67684631e+02 9.27648425e-01 
622 672.26 3.67702484e+02 8.12860072e-01 
623 673.05 3.68364380e+02 6.29942894e-01 
624 673.84 3.68126404e+02 8.63260210e-01 
625 674.64 3.67785461e+02 5.80068588e-01 
626 675.43 3.67760864e+02 6.58109844e-01 
627 676.22 3.68010620e+02 1.00577247e+00 
628 677.01 3.68840179e+02 5.14482975e-01 
629 677.80 3.69314087e+02 7.91672766e-01 
630 678.59 3.69970764e+02 9.73487020e-01 
631 679.39 3.70655823e+02 9.60574925e-01 
632 680.18 3.70966675e+02 6.59403384e-01 
633 680.97 3.70625183e+02 9.06103551e-01 
634 681.76 3.70358215e+02 7.20603764e-01 
635 682.55 3.68805817e+02 1.02461898e+00 
636 683.34 3.66470947e+02 5.69966853e-01 
637 684.14 3.63979492e+02 9.00347710e-01 
638 684.93 3.59600586e+02 7.45432019e-01 
639 685.72 3.44614227e+02 5.26614010e-01 
640 686.51 3.17719391e+02 5.48741400e-01 
641 687.30 3.00856720e+02 8.49652588e-01 
642 688.09 3.04194580e+02 3.37315530e-01 
643 688.88 3.11968628e+02 5.70132554e-01 
644 689.67 3.17726471e+02 6.11659348e-01 
645 690.46 3.23836334e+02 7.64731586e-01 
646 691.25 3.28720245e+02 6.57388091e-01 
647 692.04 3.30817413e+02 5.32716751e-01 
648 692.84 3.29437286e+02 8.93345118e-01 
649 693.63 3.26941223e+02 9.00959074e-01 
650 694.42 3.26212708e+02 7.16025472e-01 
651 695.21 3.28086823e+02 6.11459076e-01 
652 696.00 3.32050659e+02 1.11801434e+00 
653 696.79 3.34410065e+02 9.50659394e-01 
654 697.58 3.33118866e+02 9.43179429e-01 
655 698.37 3.29230988e+02 7.19011724e-01 
656 699.16 3.24743530e+02 7.74246573e-01 
657 699.95 3.20337158e+02 8.14769268e-01 
658 700.74 3.16315125e+02 6.49809241e-01 
659 701.53 3.14210022e+02 8.14596713e-01 
660 702.32 3.14519989e+02 9.15228963e-01 
661 703.11 3.16554657e+02 6.69087887e-01 
662 703.90 3.18751526e+02 7.70018816e-01 
663 704.69 3.18651062e+02 6.61078870e-01 
664 705.48 3.17473206e+02 8.69355857e-01 
665 706.27 3.17042816e+02 7.55716026e-01 
666 707.05 3.16856171e+02 5.04284680e-01 
667 707.84 3.16086853e+02 6.48476183e-01 
668 708.63 3.14989136e+02 4.19552237e-01 
669 709.42 3.14926331e+02 6.20501399e-01 
670 710.21 3.14922485e+02 5.27600408e-01 
671 711.00 3.13522034e+02 6.37306988e-01 
672 711.79 3.11192017e+02 9.44418073e-01 
673 712.58 3.09731506e+02 7.31375277e-01 
674 713.37 3.08878235e+02 8.50558221e-01 
675 714.16 3.06267670e+02 8.94180298e-01 
676 714.95 3.02082916e+02 1.15597093e+00 
677 715.73 2.93312866e+02 6.94911957e-01 
678 716.52 2.76177399e+02 7.55275309e-01 
679 717.31 2.57720551e+02 7.12203324e-01 
680 718.10 2.44702484e+02 5.39494336e-01 
681 718.89 2.38782791e+02 7.26438642e-01 
682 719.68 2.41081085e+02 6.98088884e-01 
683 720.46 2.52419006e+02 5.36387324e-01 
684 721.25 2.69437256e+02 1.04435611e+00 
685 722.04 2.76851379e+02 7.28197634e-01 
686 722.83 2.70218292e+02 8.09064806e-01 
687 723.62 2.59668579e+02 8.52758408e-01 
688 724.40 2.55247101e+02 8.26628268e-01 
689 725.19 2.56407745e+02 5.63454628e-01 
690 725.98 2.59079987e+02 8.36376190e-01 
691 726.77 2.59585266e+02 9.86456811e-01 
692 727.56 2.59120789e+02 8.38200808e-01 
693 728.34 2.59288940e+02 6.35923386e-01 
694 729.13 2.60120544e+02 6.58133924e-01 
695 729.92 2.63049622e+02 8.28721881e-01 
696 730.71 2.66412537e+02 8.52200091e-01 
697 731.49 2.72628174e+02 7.10266113e-01 
698 732.28 2.80668304e+02 7.57428169e-01 
699 733.07 2.87431885e+02 6.05924904e-01 
700 733.85 2.91873383e+02 5.97224891e-01 
701 734.64 2.92045380e+02 7.80400932e-01 
702 735.43 2.91183044e+02 7.64773488e-01 
703 736.22 2.91636688e+02 7.39433765e-01 
704 737.00 2.93756836e+02 4.40818608e-01 
705 737.79 2.93408203e+02 4.61757660e-01 
706 738.58 2.91505890e+02 6.94726586e-01 
707 739.36 2.92086182e+02 6.83303595e-01 
708 740.15 2.93590759e+02 5.96114814e-01 
709 740.94 2.92664978e+02 4.73627657e-01 
710 741.72 2.92831421e+02 3.70678484e-01 
711 742.51 2.95175171e+02 6.16575956e-01 
712 743.29 2.96513672e+02 5.14150858e-01 
713 744.08 2.94792328e+02 4.87860709e-01 
714 744.87 2.93795532e+02 3.90951544e-01 
715 745.65 2.94183228e+02 6.32798612e-01 
716 746.44 2.94390228e+02 5.13361871e-01 
717 747.22 2.94588104e+02 5.59421062e-01 
718 748.01 2.93213440e+02 6.92959428e-01 
719 748.80 2.89521545e+02 8.11788142e-01 
720 749.58 2.86362122e+02 5.90510488e-01 
721 750.37 2.84819824e+02 6.90397441e-01 
722 751.15 2.83397125e+02 5.90753675e-01 
723 751.94 2.82328278e+02 7.60217905e-01 
724 752.72 2.80872131e+02 7.31054962e-01 
725 753.51 2.80768311e+02 8.58238518e-01 
726 754.29 2.79766602e+02 7.45940030e-01 
727 755.08 2.76800690e+02 5.61223745e-01 
728 755.86 2.74096222e+02 9.01982248e-01 
729 756.65 2.71754333e+02 6.46624207e-01 
730 757.43 2.68160553e+02 6.74432695e-01 
731 758.22 2.53599823e+02 7.87847102e-01 
732 759.00 2.03746185e+02 5.33196867e-01 
733 759.79 1.32749908e+02 3.62878412e-01 
734 760.57 9.88525314e+01 3.53146642e-01 
735 761.36 1.15921455e+02 2.66158998e-01 
736 762.14 1.33386871e+02 3.26143056e-01 
737 762.93 1.33569504e+02 4.99412984e-01 
738 763.71 1.40186539e+02 3.47137004e-01 
739 764.50 1.57837814e+02 3.61570030e-01 
740 765.28 1.78856384e+02 2.32720971e-01 
741 766.06 1.99183029e+02 5.80017507e-01 
742 766.85 2.17758835e+02 3.37454230e-01 
743 767.63 2.31026337e+02 8.28269064e-01 
744 768.42 2.37977814e+02 7.84224093e-01 
745 769.20 2.41333328e+02 4.17607874e-01 
746 769.98 2.43478516e+02 5.93713582e-01 
747 770.77 2.43403442e+02 5.56136489e-01 
748 771.55 2.42513077e+02 6.97388291e-01 
749 772.33 2.42562592e+02 4.58251059e-01 
750 773.12 2.43230835e+02 4.37813103e-01 
751 773.90 2.42342346e+02 4.29266095e-01 
752 774.68 2.41309128e+02 7.12340891e-01 
753 775.47 2.41597122e+02 6.37690663e-01 
754 776.25 2.41833084e+02 6.94375396e-01 
755 777.03 2.41186325e+02 4.51305419e-01 
756 777.82 2.40122162e+02 6.19135916e-01 
757 778.60 2.39267578e+02 4.69983637e-01 
758 779.38 2.37760803e+02 5.12556255e-01 
759 780.17 2.36504532e+02 6.20110333e-01 
760 780.95 2.37027756e+02 3.83885980e-01 
761 781.73 2.37230515e+02 3.69790852e-01 
762 782.51 2.35242874e+02 4.90918785e-01 
763 783.30 2.32984116e+02 6.31053984e-01 
764 784.08 2.31901901e+02 1.97009847e-01 
765 784.86 2.32336456e+02 5.01658678e-01 
766 785.64 2.31669022e+02 4.23826098e-01 
767 786.43 2.29896866e+02 6.52675748e-01 
768 787.21 2.27481873e+02 6.67537987e-01 
769 787.99 2.25123810e+02 5.24300098e-01 
770 788.77 2.23351471e+02 4.95172173e-01 
771 789.55 2.22746948e+02 6.56060696e-01 
772 790.34 2.22027542e+02 6.29003644e-01 
773 791.12 2.20524826e+02 6.56717420e-01 
774 791.90 2.18176163e+02 4.52916503e-01 
775 792.68 2.16558746e+02 6.99115574e-01 
776 793.46 2.16489120e+02 3.96535367e-01 
777 794.24 2.16945679e+02 5.55941463e-01 
778 795.02 2.16538788e+02 4.27973628e-01 
779 795.81 2.15533600e+02 5.84838092e-01 
780 796.59 2.15567886e+02 5.72032869e-01 
781 797.37 2.16962341e+02 5.57258129e-01 
782 798.15 2.18020004e+02 6.00586236e-01 
783 798.93 2.16421448e+02 6.63299084e-01 
784 799.71 2.14130219e+02 4.80265051e-01 
785 800.49 2.12145905e+02 7.26912141e-01 
786 801.27 2.11769836e+02 3.64217788e-01 
787 802.05 2.11560028e+02 5.32310307e-01 
788 802.83 2.10979187e+02 6.73576951e-01 
789 803.61 2.09637665e+02 3.97848904e-01 
790 804.39 2.08589035e+02 5.67620754e-01 
791 805.18 2.08512894e+02 5.69829404e-01 
792 805.96 2.09269592e+02 5.40114939e-01 
793 806.74 2.09352844e+02 5.81230462e-01 
794 807.52 2.07786591e+02 6.10614538e-01 
795 808.30 2.05133942e+02 6.55430973e-01 
796 809.08 2.02060394e+02 5.69935620e-01 
797 809.86 2.00259323e+02 5.64262331e-01 
798 810.64 1.98788406e+02 5.32183766e-01 
799 811.41 1.96527191e+02 5.39165914e-01 
800 812.19 1.91160599e+02 3.64618599e-01 
801 812.97 1.83299438e+02 4.22573000e-01 
802 813.75 1.75438889e+02 4.91890997e-01 
803 814.53 1.68824982e+02 5.17184138e-01 
804 815.31 1.64711105e+02 4.88581896e-01 
805 816.09 1.62206848e+02 4.24418867e-01 
806 816.87 1.60879669e+02 6.07976019e-01 
807 817.65 1.60295776e+02 4.96875465e-01 
808 818.43 1.60896698e+02 4.48341459e-01 
809 819.21 1.64315247e+02 5.49909770e-01 
810 819.99 1.69093536e+02 3.67798239e-01 
811 820.77 1.70526703e+02 5.09774029e-01 
812 821.54 1.65343216e+02 4.13246423e-01 
813 822.32 1.58177887e+02 2.87734091e-01 
814 823.10 1.55645737e+02 3.46759826e-01 
815 823.88 1.60895721e+02 4.05600816e-01 
816 824.66 1.68224304e+02 5.24980664e-01 
817 825.44 1.72417664e+02 4.81408656e-01 
818 826.21 1.71768311e+02 4.04671818e-01 
819 826.99 1.67720886e+02 3.75452310e-01 
820 827.77 1.63558929e+02 3.62320513e-01 
821 828.55 1.61976654e+02 3.91011745e-01 
822 829.33 1.62490814e+02 5.26149213e-01 
823 830.10 1.63835449e+02 7.14744627e-01 
824 830.88 1.64026413e+02 6.48008049e-01 
825 831.66 1.63484634e+02 6.31894946e-01 
826 832.44 1.62770111e+02 4.04229164e-01 
827 833.21 1.63703827e+02 4.08732414e-01 
828 833.99 1.66026459e+02 3.73680145e-01 
829 834.77 1.68659470e+02 5.03671288e-01 
830 835.55 1.70031357e+02 6.37523711e-01 
831 836.32 1.70242661e+02 5.48470616e-01 
832 837.10 1.69611526e+02 3.70957285e-01 
833 837.88 1.69620041e+02 4.25116837e-01 
834 838.65 1.70357010e+02 5.31525612e-01 
835 839.43 1.71850037e+02 4.55037445e-01 
836 840.21 1.72206543e+02 3.77985418e-01 
837 840.98 1.71370209e+02 4.68502373e-01 
838 841.76 1.69556122e+02 5.22566974e-01 
839 842.54 1.68040985e+02 4.15522844e-01 
840 843.31 1.67609833e+02 4.72948045e-01 
841 844.09 1.68131287e+02 4.13498700e-01 
842 844.87 1.68728210e+02 3.40925455e-01 
843 845.64 1.68714661e+02 4.58839566e-01 
844 846.42 1.67526215e+02 3.18835199e-01 
845 847.19 1.65466064e+02 3.58606428e-01 
846 847.97 1.62834808e+02 2.12381691e-01 
847 848.75 1.61281860e+02 2.29325548e-01 
848 849.52 1.60366501e+02 2.61570364e-01 
849 850.30 1.59708054e+02 3.17002147e-01 
850 851.07 1.58256714e+02 3.80565047e-01 
851 851.85 1.55543762e+02 1.73115492e-01 
852 852.62 1.52132202e+02 2.31332660e-01 
853 853.40 1.49201294e+02 1.77798957e-01 
854 854.17 1.48375198e+02 4.00901407e-01 
855 854.95 1.49908142e+02 2.97215223e-01 
856 855.72 1.53003738e+02 4.50428218e-01 
857 856.50 1.55476624e+02 3.34673911e-01 
858 857.27 1.56350876e+02 2.75016218e-01 
859 858.05 1.56005051e+02 4.52840805e-01 
860 858.82 1.56361176e+02 2.62924194e-01 
861 859.60 1.56658875e+02 2.67107546e-01 
862 860.37 1.56773071e+02 6.52770102e-01 
863 861.15 1.56309845e+02 4.00429338e-01 
864 861.92 1.54772308e+02 2.13774264e-01 
865 862.69 1.52707031e+02 3.95995021e-01 
866 863.47 1.50348557e+02 3.58176827e-01 
867 864.24 1.47835129e+02 4.06355649e-01 
868 865.02 1.45493256e+02 3.42608005e-01 
869 865.79 1.43415375e+02 5.51900923e-01 
870 866.56 1.41506653e+02 2.73519725e-01 
871 867.34 1.41384750e+02 3.40573698e-01 
872 868.11 1.42254608e+02 4.09207225e-01 
873 868.89 1.43730881e+02 2.57557333e-01 
874 869.66 1.45267273e+02 3.32847357e-01 
875 870.43 1.45843109e+02 2.78158307e-01 
876 871.21 1.45668930e+02 3.70124131e-01 
877 871.98 1.44402557e+02 4.01500523e-01 
878 872.75 1.42852051e+02 4.96727318e-01 
879 873.53 1.41399612e+02 2.98763901e-01 
880 874.30 1.40360413e+02 3.42428923e-01 
881 875.07 1.39972931e+02 2.73771733e-01 
882 875.84 1.39884094e+02 3.26470345e-01 
883 876.62 1.39724670e+02 2.01089576e-01 
884 877.39 1.38730576e+02 2.87422091e-01 
885 878.16 1.37474792e+02 4.06228632e-01 
886 878.93 1.36467865e+02 3.22297275e-01 
887 879.71 1.36040771e+02 2.46407107e-01 
888 880.48 1.36349304e+02 3.41255307e-01 
889 881.25 1.37054596e+02 3.90342921e-01 
890 882.02 1.37953003e+02 5.94052911e-01 
891 882.80 1.37874176e+02 2.43661165e-01 
892 883.57 1.37410492e+02 3.34429085e-01 
893 884.34 1.36091415e+02 4.86338675e-01 
894 885.11 1.34997238e+02 2.92439103e-01 
895 885.88 1.34183640e+02 4.16496217e-01 
896 886.65 1.33840790e+02 3.06496412e-01 
897 887.43 1.33497742e+02 4.25896794e-01 
898 888.20 1.32919083e+02 4.64389145e-01 
899 888.97 1.31807373e+02 4.57972109e-01 
900 889.74 1.30206268e+02 3.14047486e-01 
901 890.51 1.28133530e+02 3.50655198e-01 
902 891.28 1.26056992e+02 4.71781522e-01 
903 892.05 1.23748322e+02 2.90427148e-01 
904 892.82 1.21455658e+02 3.56612593e-01 
905 893.59 1.18115112e+02 1.37926087e-01 
906 894.36 1.14202988e+02 3.93221796e-01 
907 895.13 1.10180466e+02 3.27377230e-01 
908 895.91 1.05781570e+02 2.42208019e-01 
909 896.68 1.01809258e+02 2.64151365e-01 
910 897.45 9.87141800e+01 3.44466597e-01 
911 898.22 9.61923294e+01 3.33342791e-01 
912 898.99 9.46645660e+01 2.68321127e-01 
913 899.76 9.37113037e+01 2.41022915e-01 
914 900.53 9.38118439e+01 2.95988977e-01 
915 901.30 9.44077225e+01 2.97315031e-01 
916 902.07 9.53396683e+01 2.44358614e-01 
917 902.84 9.65095520e+01 9.43923220e-02 
918 903.61 9.77291946e+01 3.09626639e-01 
919 904.37 9.79948807e+01 2.38712698e-01 
920 905.14 9.73023529e+01 1.77374870e-01 
921 905.91 9.53145905e+01 1.99536130e-01 
922 906.68 9.24933167e+01 2.22992539e-01 
923 907.45 8.95144348e+01 2.16537863e-01 
924 908.22 8.71478424e+01 2.93463290e-01 
925 908.99 8.51963425e+01 2.59553134e-01 
926 909.76 8.41755524e+01 3.17228228e-01 
927 910.53 8.35003357e+01 3.18445325e-01 
928 911.30 8.32549667e+01 2.89639384e-01 
929 912.06 8.26980362e+01 3.80985051e-01 
930 912.83 8.19541016e+01 4.30465519e-01 
931 913.60 8.09890823e+01 2.62112707e-01 
932 914.37 8.05705414e+01 2.56770909e-01 
933 915.14 8.03955917e+01 2.82770604e-01 
934 915.91 8.06976166e+01 1.21365890e-01 
935 916.67 8.14647293e+01 2.00100482e-01 
936 917.44 8.23903198e+01 1.15898997e-01 
937 918.21 8.28254013e+01 2.35202566e-01 
938 918.98 8.32769165e+01 2.00272828e-01 
939 919.75 8.37683716e+01 2.76622802e-01 
940 920.51 8.37030945e+01 1.72377616e-01 
941 921.28 8.35911407e+01 2.46582270e-01 
942 922.05 8.31788559e+01 1.85019091e-01 
943 922.81 8.21118469e+01 2.75953293e-01 
944 923.58 8.06525879e+01 2.58334816e-01 
945 924.35 7.87001114e+01 2.23856986e-01 
946 925.12 7.60329590e+01 2.91552007e-01 
947 925.88 7.32022171e+01 3.35479975e-01 
948 926.65 6.98370590e+01 2.19645411e-01 
949 927.42 6.58179626e+01 1.21306710e-01 
950 928.18 6.14579315e+01 2.74044007e-01 
951 928.95 5.63420830e+01 1.85840920e-01 
952 929.72 5.11754913e+01 2.21667796e-01 
953 930.48 4.61647568e+01 1.32894680e-01 
954 931.25 4.12116051e+01 1.60731539e-01 
955 932.01 3.68630371e+01 1.86526120e-01 
956 932.78 3.33428650e+01 1.13856174e-01 
957 933.55 3.06505947e+01 2.51636267e-01 
958 934.31 2.89260216e+01 2.17677549e-01 
959 935.08 2.78940201e+01 2.71095395e-01 
960 935.84 2.75286560e+01 2.08636701e-01 
961 936.61 2.76470757e+01 1.71720833e-01 
962 937.38 2.79003906e+01 1.31688341e-01 
963 938.14 2.85189629e+01 2.63520688e-01 
964 938.91 2.90408440e+01 2.02175274e-01 
965 939.67 2.94159698e+01 2.32226953e-01 
966 940.44 2.96586723e+01 2.60842830e-01 
967 941.20 2.94693432e+01 1.44472599e-01 
968 941.97 2.89204502e+01 2.05732152e-01 
969 942.73 2.82747021e+01 1.20740466e-01 
970 943.50 2.74686413e+01 1.79811478e-01 
971 944.26 2.69138508e+01 1.90942302e-01 
972 945.02 2.64210033e+01 1.71760038e-01 
973 945.79 2.63529415e+01 9.16430876e-02 
974 946.55 2.65312138e+01 1.45783871e-01 
975 947.32 2.68669930e+01 1.80174381e-01 
976 948.08 2.72468662e+01 1.67422533e-01 
977 948.85 2.76878777e+01 1.03368007e-01 
978 949.61 2.79837780e+01 1.95599645e-01 
979 950.37 2.84639683e+01 8.75014514e-02 
980 951.14 2.88526421e+01 2.07655951e-01 
981 951.90 2.91679897e+01 2.68716872e-01 
982 952.66 2.96308422e+01 1.92631796e-01 
983 953.43 3.00234890e+01 1.40546054e-01 
984 954.19 3.04252129e+01 1.75283939e-01 
985 954.96 3.10357628e+01 1.56803891e-01 
986 955.72 3.13112411e+01 7.03480840e-02 
987 956.48 3.18850517e+01 1.74768925e-01 
988 957.24 3.24691772e+01 2.26989150e-01 
989 958.01 3.31564789e+01 1.16768293e-01 
990 958.77 3.38679199e+01 2.47319490e-01 
991 959.53 3.45662804e+01 1.38659060e-01 
992 960.30 3.53310776e+01 1.69815108e-01 
993 961.06 3.62571335e+01 1.28074676e-01 
994 961.82 3.70201187e+01 2.14309216e-01 
995 962.58 3.80303841e+01 2.03395888e-01 
996 963.34 3.89974480e+01 1.38425812e-01 
997 964.11 4.01979370e+01 1.64448783e-01 
998 964.87 4.13728638e+01 1.40711695e-01 
999 965.63 4.23290253e+01 2.48235673e-01 
1000 966.39 4.32964973e+01 1.43956512e-01 
1001 967.15 4.41165466e+01 1.49785951e-01 
1002 967.92 4.49542351e+01 1.59978792e-01 
1003 968.68 4.57209282e+01 2.64417291e-01 
1004 969.44 4.62827415e+01 2.41185591e-01 
1005 970.20 4.66730118e+01 1.00668751e-01 
1006 970.96 4.68418999e+01 1.88106909e-01 
1007 971.72 4.68117027e+01 1.89374402e-01 
1008 972.48 4.65562401e+01 1.79080531e-01 
1009 973.24 4.61605988e+01 2.03544900e-01 
1010 974.01 4.57467461e+01 1.69948235e-01 
1011 974.77 4.54610138e+01 1.28325716e-01 
1012 975.53 4.51757622e+01 2.08375201e-01 
1013 976.29 4.51613808e+01 1.33572131e-01 
1014 977.05 4.50662003e+01 1.18760437e-01 
1015 977.81 4.51476288e+01 2.52647191e-01 
1016 978.57 4.51781044e+01 1.83729932e-01 
1017 979.33 4.53856926e+01 2.33122647e-01 
1018 980.09 4.54343071e+01 1.64884537e-01 
1019 980.85 4.57189102e+01 1.70614660e-01 
1020 981.61 4.59986420e+01 1.50551125e-01 
1021 982.37 4.61078911e+01 9.16431770e-02 
1022 983.13 4.61399918e+01 6.35082722e-02 
1023 983.89 4.61654663e+01 2.31035426e-01 
1024 984.65 4.60552750e+01 1.60541072e-01 
1025 985.41 4.59730072e+01 1.97579399e-01 
1026 986.16 4.59129524e+01 1.55640200e-01 
1027 986.92 4.57736778e+01 1.11831509e-01 
1028 987.68 4.56402817e+01 1.23688936e-01 
1029 988.44 4.52937317e+01 1.20083489e-01 
1030 989.20 4.48707809e+01 1.28322676e-01 
1031 989.96 4.45311356e+01 2.00815186e-01 
1032 990.72 4.41652603e+01 1.75468400e-01 
1033 991.48 4.38497963e+01 1.52965426e-01 
1034 992.23 4.33249588e+01 6.35540709e-02 
1035 992.99 4.26073456e+01 1.76495224e-01 
1036 993.75 4.19197693e+01 4.92657684e-02 
1037 994.51 4.12450218e+01 8.88250917e-02 
1038 995.27 4.06214790e+01 1.63378537e-01 
1039 996.03 3.97766075e+01 4.86366302e-02 
1040 996.78 2.51353121e+00 1.30789923e-02 
1041 997.54 1.15419909e-01 1.62325911e-02 
1042 998.30 5.32105565e-02 4.92182374e-03 
1043 999.06 5.29775247e-02 7.53122615e-03 
