% C0 (TOA Count Rate, /ms) for 4STAR VIS spectrometer (1044 channels) derived from /data/sunsat/rooftop/Spring_2025/data_processed/allstarmats/4STAR_20250414starsun.mat and recorded on 2025-04-14 23:25:04.
% Data C0 built to match AOD from 4STAR to AERONET spline fit for NASA_Ames within 300 m [Alt] and 600 seconds, measured on 20250414. Using the AERONET file: 250414_250414_NASA_Ames.lev15 as input for this comparison. Date of creation: 14-Apr-2025 23:25:04
Pix Wavelength C0 C0err
0 171.97 0.00000000e+00 0.00000000e+00 
1 172.78 -1.00000000e+00 0.00000000e+00 
2 173.59 -1.00000000e+00 0.00000000e+00 
3 174.39 -1.00000000e+00 0.00000000e+00 
4 175.20 -1.00000000e+00 0.00000000e+00 
5 176.01 -1.00000000e+00 0.00000000e+00 
6 176.82 -1.00000000e+00 0.00000000e+00 
7 177.63 -1.00000000e+00 0.00000000e+00 
8 178.43 -1.00000000e+00 0.00000000e+00 
9 179.24 -1.00000000e+00 0.00000000e+00 
10 180.05 -1.00000000e+00 0.00000000e+00 
11 180.86 -1.00000000e+00 0.00000000e+00 
12 181.67 -1.00000000e+00 0.00000000e+00 
13 182.47 -1.00000000e+00 0.00000000e+00 
14 183.28 -1.00000000e+00 0.00000000e+00 
15 184.09 -1.00000000e+00 0.00000000e+00 
16 184.90 -1.00000000e+00 0.00000000e+00 
17 185.71 -1.00000000e+00 0.00000000e+00 
18 186.51 -1.00000000e+00 0.00000000e+00 
19 187.32 -1.00000000e+00 0.00000000e+00 
20 188.13 -1.00000000e+00 0.00000000e+00 
21 188.94 -1.00000000e+00 0.00000000e+00 
22 189.75 -1.00000000e+00 0.00000000e+00 
23 190.55 -1.00000000e+00 0.00000000e+00 
24 191.36 -1.00000000e+00 0.00000000e+00 
25 192.17 -1.00000000e+00 0.00000000e+00 
26 192.98 -1.00000000e+00 0.00000000e+00 
27 193.79 -1.00000000e+00 0.00000000e+00 
28 194.60 -1.00000000e+00 0.00000000e+00 
29 195.40 -1.00000000e+00 0.00000000e+00 
30 196.21 -1.00000000e+00 0.00000000e+00 
31 197.02 -1.00000000e+00 0.00000000e+00 
32 197.83 -1.00000000e+00 0.00000000e+00 
33 198.64 -1.00000000e+00 0.00000000e+00 
34 199.44 -1.00000000e+00 0.00000000e+00 
35 200.25 -1.00000000e+00 0.00000000e+00 
36 201.06 -1.00000000e+00 0.00000000e+00 
37 201.87 -1.00000000e+00 0.00000000e+00 
38 202.68 -1.00000000e+00 0.00000000e+00 
39 203.48 -1.00000000e+00 0.00000000e+00 
40 204.29 -1.00000000e+00 0.00000000e+00 
41 205.10 -1.00000000e+00 0.00000000e+00 
42 205.91 -1.00000000e+00 0.00000000e+00 
43 206.72 -1.00000000e+00 0.00000000e+00 
44 207.53 -1.00000000e+00 0.00000000e+00 
45 208.33 -1.00000000e+00 0.00000000e+00 
46 209.14 -1.00000000e+00 0.00000000e+00 
47 209.95 -1.00000000e+00 0.00000000e+00 
48 210.76 -1.00000000e+00 0.00000000e+00 
49 211.57 -1.00000000e+00 0.00000000e+00 
50 212.37 -1.00000000e+00 0.00000000e+00 
51 213.18 -1.00000000e+00 0.00000000e+00 
52 213.99 -1.00000000e+00 -1.00000000e+00 
53 214.80 -1.00000000e+00 -1.00000000e+00 
54 215.61 -1.00000000e+00 -1.00000000e+00 
55 216.42 -1.00000000e+00 -1.00000000e+00 
56 217.22 -1.00000000e+00 -1.00000000e+00 
57 218.03 -1.00000000e+00 -1.00000000e+00 
58 218.84 -1.00000000e+00 -1.00000000e+00 
59 219.65 -1.00000000e+00 -1.00000000e+00 
60 220.46 -1.00000000e+00 -1.00000000e+00 
61 221.26 1.53616768e+36 -1.00000000e+00 
62 222.07 9.29470536e+34 -1.00000000e+00 
63 222.88 5.57687284e+33 -1.00000000e+00 
64 223.69 3.35607672e+32 -1.00000000e+00 
65 224.50 2.02039805e+31 -1.00000000e+00 
66 225.31 1.23624097e+30 -1.00000000e+00 
67 226.11 7.69759668e+28 -1.00000000e+00 
68 226.92 5.10198867e+27 -1.00000000e+00 
69 227.73 4.11065954e+26 -1.00000000e+00 
70 228.54 5.19266207e+25 -1.00000000e+00 
71 229.35 1.48272047e+25 -1.00000000e+00 
72 230.15 1.34763023e+25 -1.00000000e+00 
73 230.96 4.16987635e+25 -1.00000000e+00 
74 231.77 3.48272388e+26 -1.00000000e+00 
75 232.58 5.28207021e+27 -1.00000000e+00 
76 233.39 1.05395381e+29 -1.00000000e+00 
77 234.20 2.32814315e+30 -1.00000000e+00 
78 235.00 5.45994808e+31 -1.00000000e+00 
79 235.81 1.30876414e+33 -1.00000000e+00 
80 236.62 3.22631388e+34 -1.00000000e+00 
81 237.43 8.08004375e+35 -1.00000000e+00 
82 238.24 -1.00000000e+00 -1.00000000e+00 
83 239.04 -1.00000000e+00 -1.00000000e+00 
84 239.85 -1.00000000e+00 -1.00000000e+00 
85 240.66 -1.00000000e+00 -1.00000000e+00 
86 241.47 -1.00000000e+00 -1.00000000e+00 
87 242.28 -1.00000000e+00 -1.00000000e+00 
88 243.09 -1.00000000e+00 -1.00000000e+00 
89 243.89 -1.00000000e+00 -1.00000000e+00 
90 244.70 -1.00000000e+00 -1.00000000e+00 
91 245.51 -1.00000000e+00 0.00000000e+00 
92 246.32 -1.00000000e+00 0.00000000e+00 
93 247.13 -1.00000000e+00 0.00000000e+00 
94 247.93 -1.00000000e+00 0.00000000e+00 
95 248.74 -1.00000000e+00 0.00000000e+00 
96 249.55 -1.00000000e+00 0.00000000e+00 
97 250.36 -1.00000000e+00 0.00000000e+00 
98 251.17 -1.00000000e+00 0.00000000e+00 
99 251.98 -1.00000000e+00 0.00000000e+00 
100 252.78 -1.00000000e+00 0.00000000e+00 
101 253.59 -1.00000000e+00 0.00000000e+00 
102 254.40 -1.00000000e+00 0.00000000e+00 
103 255.21 -1.00000000e+00 0.00000000e+00 
104 256.02 -1.00000000e+00 0.00000000e+00 
105 256.82 -1.00000000e+00 0.00000000e+00 
106 257.63 -1.00000000e+00 0.00000000e+00 
107 258.44 -1.00000000e+00 0.00000000e+00 
108 259.25 -1.00000000e+00 0.00000000e+00 
109 260.06 -1.00000000e+00 0.00000000e+00 
110 260.87 -1.00000000e+00 0.00000000e+00 
111 261.67 -1.00000000e+00 0.00000000e+00 
112 262.48 -1.00000000e+00 0.00000000e+00 
113 263.29 -1.00000000e+00 0.00000000e+00 
114 264.10 -1.00000000e+00 -1.00000000e+00 
115 264.91 -1.00000000e+00 -1.00000000e+00 
116 265.71 -1.00000000e+00 -1.00000000e+00 
117 266.52 -1.00000000e+00 -1.00000000e+00 
118 267.33 -1.00000000e+00 -1.00000000e+00 
119 268.14 -1.00000000e+00 -1.00000000e+00 
120 268.95 -1.00000000e+00 -1.00000000e+00 
121 269.75 1.06895689e+37 -1.00000000e+00 
122 270.56 3.88041793e+35 -1.00000000e+00 
123 271.37 1.25768085e+34 -1.00000000e+00 
124 272.18 3.67373485e+32 -1.00000000e+00 
125 272.99 8.87234951e+30 -1.00000000e+00 
126 273.79 2.13014108e+29 -1.00000000e+00 
127 274.60 6.36901967e+27 -1.00000000e+00 
128 275.41 2.24703682e+26 -1.00000000e+00 
129 276.22 9.00088816e+24 -1.00000000e+00 
130 277.03 3.76274308e+23 -1.00000000e+00 
131 277.83 1.51553288e+22 -1.00000000e+00 
132 278.64 6.68873280e+20 -1.00000000e+00 
133 279.45 3.25772607e+19 -1.00000000e+00 
134 280.26 1.53075383e+18 -1.00000000e+00 
135 281.07 7.88885591e+16 2.16371330e+17 
136 281.87 5.21995991e+15 1.39083722e+16 
137 282.68 4.42817000e+14 1.13898573e+15 
138 283.49 4.17795544e+13 1.03811356e+14 
139 284.30 4.07622124e+12 9.73261609e+12 
140 285.11 4.65995563e+11 1.06256132e+12 
141 285.91 6.87703327e+10 1.49283127e+11 
142 286.72 1.10669967e+10 2.27958907e+10 
143 287.53 1.82277082e+09 3.51962701e+09 
144 288.34 3.45900736e+08 6.21368768e+08 
145 289.15 7.96313600e+07 1.32707296e+08 
146 289.95 2.11196020e+07 3.26059200e+07 
147 290.76 5.96930250e+06 8.45546300e+06 
148 291.57 1.82006912e+06 2.34381075e+06 
149 292.38 6.22779562e+05 7.28719312e+05 
150 293.19 2.37702766e+05 2.52237719e+05 
151 293.99 9.89240547e+04 9.48208672e+04 
152 294.80 4.45618945e+04 3.85044609e+04 
153 295.61 2.14520273e+04 1.67542109e+04 
154 296.42 1.09598037e+04 7.71769385e+03 
155 297.23 5.91988037e+03 3.74513110e+03 
156 298.03 3.43317310e+03 1.96553748e+03 
157 298.84 2.13889575e+03 1.10606763e+03 
158 299.65 1.39283203e+03 6.54020508e+02 
159 300.46 9.44080750e+02 4.05111969e+02 
160 301.26 6.64916199e+02 2.61652222e+02 
161 302.07 4.88477844e+02 1.75694656e+02 
162 302.88 3.71065826e+02 1.23028824e+02 
163 303.69 2.90487305e+02 8.90561829e+01 
164 304.50 2.30550156e+02 6.50458603e+01 
165 305.30 1.88283463e+02 4.96651764e+01 
166 306.11 1.56524399e+02 3.85217018e+01 
167 306.92 1.32833847e+02 3.02529736e+01 
168 307.73 1.15178307e+02 2.47567673e+01 
169 308.53 1.01009155e+02 2.04666519e+01 
170 309.34 8.88564758e+01 1.71239548e+01 
171 310.15 7.95323105e+01 1.44167595e+01 
172 310.96 7.19039078e+01 1.23479738e+01 
173 311.76 6.45834656e+01 1.05176249e+01 
174 312.57 5.89549637e+01 8.94997501e+00 
175 313.38 5.48691139e+01 8.07029819e+00 
176 314.19 5.12734947e+01 7.13089705e+00 
177 315.00 4.82611046e+01 6.59057617e+00 
178 315.80 4.57847061e+01 5.94390774e+00 
179 316.61 4.37314072e+01 5.52788687e+00 
180 317.42 4.16842041e+01 5.09277058e+00 
181 318.23 3.98819466e+01 4.71656609e+00 
182 319.03 3.85877724e+01 4.47957754e+00 
183 319.84 3.70218620e+01 4.12855673e+00 
184 320.65 3.57175560e+01 3.87159204e+00 
185 321.46 3.48448982e+01 3.69442177e+00 
186 322.26 3.40326805e+01 3.53658152e+00 
187 323.07 3.28301735e+01 3.32958746e+00 
188 323.88 3.20006332e+01 3.21128607e+00 
189 324.69 3.15032253e+01 3.02947593e+00 
190 325.49 3.07899914e+01 2.91513944e+00 
191 326.30 2.99766006e+01 2.76496553e+00 
192 327.11 2.96489468e+01 2.71910977e+00 
193 327.92 2.92222672e+01 2.63641715e+00 
194 328.72 2.86397762e+01 2.55556750e+00 
195 329.53 2.82516289e+01 2.41222382e+00 
196 330.34 2.80212288e+01 2.41823053e+00 
197 331.14 2.77461014e+01 2.34829950e+00 
198 331.95 2.73658123e+01 2.25820589e+00 
199 332.76 2.71862488e+01 2.21503782e+00 
200 333.57 2.71198387e+01 2.14995909e+00 
201 334.37 2.70366440e+01 2.05250001e+00 
202 335.18 2.72412758e+01 2.06128335e+00 
203 335.99 2.76716537e+01 2.01850820e+00 
204 336.80 2.85805283e+01 2.02578902e+00 
205 337.60 2.98625717e+01 1.94698048e+00 
206 338.41 3.15980091e+01 1.93251753e+00 
207 339.22 3.38222389e+01 1.93444395e+00 
208 340.02 3.60956039e+01 1.93955457e+00 
209 340.83 3.80613556e+01 1.91331470e+00 
210 341.64 4.02301292e+01 1.84641612e+00 
211 342.45 4.25669975e+01 1.83299625e+00 
212 343.25 4.37094307e+01 1.76899064e+00 
213 344.06 4.42647667e+01 1.76744390e+00 
214 344.87 4.63835831e+01 1.76202905e+00 
215 345.67 4.90483208e+01 1.70819557e+00 
216 346.48 5.09561806e+01 1.63252807e+00 
217 347.29 5.23779716e+01 1.67923927e+00 
218 348.10 5.36213455e+01 1.61305499e+00 
219 348.90 5.53104324e+01 1.62806094e+00 
220 349.71 5.85623550e+01 1.52524841e+00 
221 350.52 6.17402916e+01 1.54427850e+00 
222 351.32 6.26551666e+01 1.47551918e+00 
223 352.13 6.30951042e+01 1.54752994e+00 
224 352.94 6.60173798e+01 1.54151177e+00 
225 353.74 7.11205597e+01 1.49270082e+00 
226 354.55 7.44361877e+01 1.44396114e+00 
227 355.36 7.48375778e+01 1.43383050e+00 
228 356.17 7.26275406e+01 1.42065835e+00 
229 356.97 6.98885651e+01 1.39506876e+00 
230 357.78 6.82565002e+01 1.29174411e+00 
231 358.59 7.19483719e+01 1.34437633e+00 
232 359.39 8.08503113e+01 1.36786461e+00 
233 360.20 8.45845642e+01 1.40560842e+00 
234 361.01 8.34760056e+01 1.36058521e+00 
235 361.81 8.58410568e+01 1.28694987e+00 
236 362.62 9.02942352e+01 1.20688701e+00 
237 363.43 9.30950394e+01 1.29832089e+00 
238 364.23 9.59771271e+01 1.24246204e+00 
239 365.04 1.02073715e+02 1.25633514e+00 
240 365.85 1.09493233e+02 1.21125913e+00 
241 366.65 1.12083717e+02 1.18209958e+00 
242 367.46 1.10892555e+02 1.17243099e+00 
243 368.27 1.11017136e+02 1.16675723e+00 
244 369.07 1.15186890e+02 1.21291947e+00 
245 369.88 1.17505005e+02 1.18012559e+00 
246 370.69 1.16914589e+02 1.15645444e+00 
247 371.49 1.15471138e+02 1.12781811e+00 
248 372.30 1.11304947e+02 1.22019875e+00 
249 373.11 1.05997871e+02 1.13285148e+00 
250 373.91 1.03577141e+02 1.10227108e+00 
251 374.72 1.07979240e+02 1.05668449e+00 
252 375.52 1.15909988e+02 1.04701519e+00 
253 376.33 1.23658516e+02 1.11620605e+00 
254 377.14 1.34136261e+02 1.12814999e+00 
255 377.94 1.40995560e+02 1.05799639e+00 
256 378.75 1.35957504e+02 1.06258428e+00 
257 379.56 1.31103516e+02 1.08983636e+00 
258 380.36 1.32781387e+02 1.09976768e+00 
259 381.17 1.27055122e+02 1.09883535e+00 
260 381.98 1.11703362e+02 1.01058769e+00 
261 382.78 1.00514816e+02 9.70737100e-01 
262 383.59 1.03510780e+02 1.04479563e+00 
263 384.39 1.15939087e+02 1.04918158e+00 
264 385.20 1.22912796e+02 1.05170655e+00 
265 386.01 1.23806366e+02 1.04888916e+00 
266 386.81 1.24576485e+02 9.66236055e-01 
267 387.62 1.25002609e+02 9.63198185e-01 
268 388.42 1.28965622e+02 9.71259236e-01 
269 389.23 1.38706253e+02 9.59160089e-01 
270 390.04 1.48079529e+02 1.04415596e+00 
271 390.84 1.52246231e+02 9.48939085e-01 
272 391.65 1.43706223e+02 1.00587964e+00 
273 392.45 1.20254997e+02 1.00191009e+00 
274 393.26 1.05902573e+02 9.18626606e-01 
275 394.07 1.19732063e+02 8.95319164e-01 
276 394.87 1.39157883e+02 9.56384718e-01 
277 395.68 1.35345078e+02 9.87623453e-01 
278 396.48 1.21776588e+02 1.02382135e+00 
279 397.29 1.33147919e+02 1.01368999e+00 
280 398.10 1.63956772e+02 1.04681206e+00 
281 398.90 1.85524857e+02 1.07573259e+00 
282 399.71 1.95460846e+02 1.09255540e+00 
283 400.51 2.01749451e+02 1.05953825e+00 
284 401.32 2.07943634e+02 1.11993623e+00 
285 402.12 2.11125549e+02 1.19453192e+00 
286 402.93 2.10536362e+02 1.14189398e+00 
287 403.74 2.09918869e+02 1.11849654e+00 
288 404.54 2.09600342e+02 1.10777128e+00 
289 405.35 2.09192551e+02 1.16304410e+00 
290 406.15 2.09094009e+02 1.05029929e+00 
291 406.96 2.12594894e+02 1.16537249e+00 
292 407.76 2.20386292e+02 1.15395689e+00 
293 408.57 2.26374939e+02 1.12858188e+00 
294 409.37 2.23228363e+02 1.11480772e+00 
295 410.18 2.21709122e+02 1.03353131e+00 
296 410.99 2.30865799e+02 1.08168232e+00 
297 411.79 2.38311035e+02 1.02343249e+00 
298 412.60 2.38338837e+02 1.01725006e+00 
299 413.40 2.37197037e+02 1.04945028e+00 
300 414.21 2.36436722e+02 1.03763092e+00 
301 415.01 2.35900040e+02 1.03928888e+00 
302 415.82 2.36026138e+02 1.00392175e+00 
303 416.62 2.33049362e+02 1.11079788e+00 
304 417.43 2.27287704e+02 1.04954922e+00 
305 418.23 2.24365250e+02 1.10327721e+00 
306 419.04 2.23409760e+02 1.05661476e+00 
307 419.84 2.24323502e+02 1.04275811e+00 
308 420.65 2.27866745e+02 1.03888357e+00 
309 421.45 2.27485321e+02 9.97427404e-01 
310 422.26 2.22814377e+02 1.03073347e+00 
311 423.06 2.22100510e+02 1.18426287e+00 
312 423.87 2.25779037e+02 1.22437918e+00 
313 424.67 2.28410782e+02 1.16064310e+00 
314 425.48 2.30254852e+02 1.25126457e+00 
315 426.28 2.31863037e+02 1.24177432e+00 
316 427.09 2.33522537e+02 1.31260049e+00 
317 427.89 2.35525497e+02 1.24841750e+00 
318 428.70 2.32180161e+02 1.32781076e+00 
319 429.50 2.21953369e+02 1.25568676e+00 
320 430.31 2.22343674e+02 1.15674055e+00 
321 431.11 2.46736679e+02 1.30595136e+00 
322 431.92 2.77658569e+02 1.47044647e+00 
323 432.72 2.94509247e+02 1.45858455e+00 
324 433.53 3.01833344e+02 1.35881865e+00 
325 434.33 3.14265320e+02 1.39333856e+00 
326 435.14 3.35439178e+02 1.41666472e+00 
327 435.94 3.54794800e+02 1.47052646e+00 
328 436.74 3.61897919e+02 1.40917122e+00 
329 437.55 3.58935883e+02 1.38330805e+00 
330 438.35 3.60390930e+02 1.32489109e+00 
331 439.16 3.73235626e+02 1.49666631e+00 
332 439.96 3.90891815e+02 1.34408867e+00 
333 440.77 4.09870605e+02 1.38602996e+00 
334 441.57 4.29294556e+02 1.45545006e+00 
335 442.38 4.43395813e+02 1.59191048e+00 
336 443.18 4.52086456e+02 1.53362143e+00 
337 443.98 4.58987518e+02 1.45890749e+00 
338 444.79 4.60818054e+02 1.46134794e+00 
339 445.59 4.62750183e+02 1.37947857e+00 
340 446.40 4.74744019e+02 1.49821496e+00 
341 447.20 4.92204926e+02 1.43351364e+00 
342 448.01 5.04335785e+02 1.42600310e+00 
343 448.81 5.14320618e+02 1.44849694e+00 
344 449.61 5.28289429e+02 1.53076613e+00 
345 450.42 5.40736755e+02 1.59044051e+00 
346 451.22 5.41032471e+02 1.44278502e+00 
347 452.03 5.30273987e+02 1.38732529e+00 
348 452.83 5.23251709e+02 1.69021094e+00 
349 453.63 5.27102600e+02 1.57800651e+00 
350 454.44 5.35706604e+02 1.66082358e+00 
351 455.24 5.45386353e+02 1.54397762e+00 
352 456.05 5.55573914e+02 1.64477634e+00 
353 456.85 5.61413208e+02 1.63337994e+00 
354 457.65 5.60648621e+02 1.74940526e+00 
355 458.46 5.59033508e+02 1.83236146e+00 
356 459.26 5.61560913e+02 1.83628261e+00 
357 460.06 5.69473389e+02 1.81125963e+00 
358 460.87 5.78873657e+02 1.84431088e+00 
359 461.67 5.86346008e+02 1.77125847e+00 
360 462.48 5.88402527e+02 1.73984587e+00 
361 463.28 5.85052612e+02 1.76250517e+00 
362 464.08 5.80767273e+02 1.85305417e+00 
363 464.89 5.79100891e+02 1.79462099e+00 
364 465.69 5.78764709e+02 1.84710693e+00 
365 466.49 5.78545532e+02 1.84190273e+00 
366 467.30 5.81613892e+02 1.72656775e+00 
367 468.10 5.86936646e+02 1.74406350e+00 
368 468.90 5.88662415e+02 1.74990761e+00 
369 469.71 5.86875244e+02 1.75401473e+00 
370 470.51 5.90468018e+02 1.92845607e+00 
371 471.31 6.01232544e+02 1.73436546e+00 
372 472.12 6.09579529e+02 1.94571400e+00 
373 472.92 6.13683044e+02 1.77765417e+00 
374 473.72 6.18338989e+02 1.93577540e+00 
375 474.53 6.22360413e+02 1.93750846e+00 
376 475.33 6.23145935e+02 1.93389595e+00 
377 476.13 6.24905151e+02 2.04196882e+00 
378 476.93 6.32063599e+02 2.03315616e+00 
379 477.74 6.38939209e+02 1.86138022e+00 
380 478.54 6.43325134e+02 1.97615206e+00 
381 479.34 6.46130493e+02 1.92136216e+00 
382 480.15 6.48955383e+02 2.08041835e+00 
383 480.95 6.52165649e+02 1.94117701e+00 
384 481.75 6.52886841e+02 1.90191174e+00 
385 482.55 6.49747314e+02 2.04552746e+00 
386 483.36 6.43288391e+02 2.04715633e+00 
387 484.16 6.28667969e+02 1.91615450e+00 
388 484.96 6.01927307e+02 1.81743455e+00 
389 485.76 5.79273315e+02 1.97274661e+00 
390 486.57 5.79625183e+02 1.74924743e+00 
391 487.37 5.97851013e+02 1.74609339e+00 
392 488.17 6.17349426e+02 1.85047936e+00 
393 488.97 6.32378357e+02 1.73163664e+00 
394 489.78 6.41182007e+02 1.70034194e+00 
395 490.58 6.39944458e+02 1.82314968e+00 
396 491.38 6.32775391e+02 1.83634245e+00 
397 492.18 6.31189148e+02 1.74976921e+00 
398 492.99 6.37480408e+02 1.66104710e+00 
399 493.79 6.46175781e+02 1.85733962e+00 
400 494.59 6.51466980e+02 1.75637734e+00 
401 495.39 6.53539246e+02 1.85533655e+00 
402 496.20 6.53062317e+02 1.95996261e+00 
403 497.00 6.49372498e+02 1.91934264e+00 
404 497.80 6.43437134e+02 2.01055312e+00 
405 498.60 6.38843323e+02 1.94841778e+00 
406 499.40 6.33445862e+02 1.82162547e+00 
407 500.21 6.26065002e+02 1.94414222e+00 
408 501.01 6.20535706e+02 1.73409510e+00 
409 501.81 6.22394897e+02 1.79939520e+00 
410 502.61 6.26695007e+02 1.64717841e+00 
411 503.41 6.30106079e+02 1.88002443e+00 
412 504.21 6.35721436e+02 1.78294802e+00 
413 505.02 6.43510864e+02 1.88940036e+00 
414 505.82 6.47534485e+02 1.77757263e+00 
415 506.62 6.43706665e+02 1.72806132e+00 
416 507.42 6.38313660e+02 1.80141151e+00 
417 508.22 6.37943542e+02 1.85861123e+00 
418 509.02 6.39361755e+02 1.88831389e+00 
419 509.83 6.40766602e+02 1.79768097e+00 
420 510.63 6.41571045e+02 1.82674670e+00 
421 511.43 6.40206909e+02 1.76506090e+00 
422 512.23 6.34236511e+02 1.96485686e+00 
423 513.03 6.26044189e+02 1.87794077e+00 
424 513.83 6.20691345e+02 1.73134387e+00 
425 514.63 6.16800598e+02 1.86938453e+00 
426 515.44 6.03805237e+02 1.71312213e+00 
427 516.24 5.84006836e+02 1.67209244e+00 
428 517.04 5.70656677e+02 1.68204629e+00 
429 517.84 5.72162109e+02 1.79377806e+00 
430 518.64 5.86499695e+02 1.76749015e+00 
431 519.44 6.02261719e+02 1.70042574e+00 
432 520.24 6.14480530e+02 1.76014066e+00 
433 521.04 6.19983398e+02 1.76203179e+00 
434 521.84 6.20917786e+02 1.79208922e+00 
435 522.64 6.23641846e+02 1.83326089e+00 
436 523.45 6.30244507e+02 1.83736038e+00 
437 524.25 6.34572021e+02 1.77082860e+00 
438 525.05 6.28262268e+02 1.83097720e+00 
439 525.85 6.13017578e+02 1.72784758e+00 
440 526.65 6.05450134e+02 1.73320353e+00 
441 527.45 6.13726196e+02 1.71952832e+00 
442 528.25 6.29884338e+02 1.82833815e+00 
443 529.05 6.42253723e+02 1.96681786e+00 
444 529.85 6.48664124e+02 1.92872894e+00 
445 530.65 6.49362061e+02 1.85436237e+00 
446 531.45 6.42804077e+02 1.98546207e+00 
447 532.25 6.33981628e+02 1.88013256e+00 
448 533.05 6.31294739e+02 1.92472625e+00 
449 533.85 6.35960632e+02 1.78827298e+00 
450 534.65 6.43412292e+02 1.90584493e+00 
451 535.45 6.45599487e+02 2.01170540e+00 
452 536.25 6.42391418e+02 1.98012960e+00 
453 537.05 6.39969849e+02 1.92311287e+00 
454 537.85 6.38019104e+02 1.79317129e+00 
455 538.65 6.33181396e+02 1.68857634e+00 
456 539.45 6.26011780e+02 1.85674524e+00 
457 540.25 6.22373779e+02 1.91501451e+00 
458 541.05 6.24932434e+02 1.85720539e+00 
459 541.85 6.30228577e+02 1.84418809e+00 
460 542.65 6.34721008e+02 1.88927746e+00 
461 543.45 6.38737061e+02 1.95154977e+00 
462 544.25 6.41885132e+02 1.91507268e+00 
463 545.05 6.43324341e+02 2.05046654e+00 
464 545.85 6.41786560e+02 1.74251342e+00 
465 546.65 6.38851562e+02 1.77213538e+00 
466 547.45 6.36621521e+02 1.87269306e+00 
467 548.25 6.36603516e+02 1.92042887e+00 
468 549.05 6.37758728e+02 1.91067064e+00 
469 549.85 6.37157288e+02 1.90816975e+00 
470 550.65 6.35752747e+02 1.98373556e+00 
471 551.45 6.35102905e+02 1.94234776e+00 
472 552.25 6.33660339e+02 1.82898402e+00 
473 553.05 6.34957153e+02 1.86685193e+00 
474 553.84 6.37654602e+02 1.97022438e+00 
475 554.64 6.38307251e+02 1.99913538e+00 
476 555.44 6.35198364e+02 1.79046428e+00 
477 556.24 6.29892883e+02 1.90289497e+00 
478 557.04 6.22548401e+02 1.83907211e+00 
479 557.84 6.15280396e+02 1.82439899e+00 
480 558.64 6.11568359e+02 1.68388653e+00 
481 559.44 6.11645203e+02 1.74194264e+00 
482 560.24 6.15190674e+02 1.84020293e+00 
483 561.03 6.20096802e+02 1.87814689e+00 
484 561.83 6.24773865e+02 1.96458495e+00 
485 562.63 6.26589233e+02 1.75619948e+00 
486 563.43 6.28049683e+02 1.86772466e+00 
487 564.23 6.27464172e+02 1.78615999e+00 
488 565.03 6.24709106e+02 1.80095363e+00 
489 565.83 6.23340271e+02 1.77726066e+00 
490 566.62 6.26602417e+02 1.89959919e+00 
491 567.42 6.31337585e+02 1.70965481e+00 
492 568.22 6.31787659e+02 2.01880455e+00 
493 569.02 6.30975464e+02 1.90423965e+00 
494 569.82 6.29268188e+02 1.94894755e+00 
495 570.62 6.29337097e+02 1.83111274e+00 
496 571.41 6.36720947e+02 1.85259116e+00 
497 572.21 6.45956482e+02 1.92243159e+00 
498 573.01 6.52115601e+02 1.87426698e+00 
499 573.81 6.51490173e+02 2.01780963e+00 
500 574.61 6.46722229e+02 1.79641926e+00 
501 575.40 6.42777222e+02 1.78192317e+00 
502 576.20 6.40819946e+02 1.84578073e+00 
503 577.00 6.38100464e+02 1.71290040e+00 
504 577.80 6.33864441e+02 1.75604534e+00 
505 578.60 6.31426147e+02 1.89827418e+00 
506 579.39 6.31754150e+02 1.79246581e+00 
507 580.19 6.32907898e+02 1.92959869e+00 
508 580.99 6.34360596e+02 1.82125974e+00 
509 581.79 6.35270935e+02 1.59941983e+00 
510 582.58 6.35643860e+02 1.73055434e+00 
511 583.38 6.33860046e+02 1.81428802e+00 
512 584.18 6.28853699e+02 1.80608332e+00 
513 584.98 6.22151733e+02 1.75182474e+00 
514 585.77 6.17781067e+02 1.75099158e+00 
515 586.57 6.14649109e+02 1.73583901e+00 
516 587.37 6.05437378e+02 2.02089810e+00 
517 588.16 5.87657593e+02 2.47480083e+00 
518 588.96 5.74689514e+02 2.84293485e+00 
519 589.76 5.75875305e+02 2.97709012e+00 
520 590.56 5.85422974e+02 2.99283385e+00 
521 591.35 5.93607666e+02 3.04219794e+00 
522 592.15 5.96830811e+02 2.89906812e+00 
523 592.95 5.97336853e+02 2.69744587e+00 
524 593.74 5.96034119e+02 2.72354364e+00 
525 594.54 5.95016418e+02 2.73447323e+00 
526 595.34 5.96566467e+02 2.60467291e+00 
527 596.13 5.98715393e+02 2.41902804e+00 
528 596.93 5.99236084e+02 2.27767134e+00 
529 597.73 5.98024963e+02 2.14875746e+00 
530 598.52 5.97244324e+02 1.81294763e+00 
531 599.32 5.96453857e+02 1.92014599e+00 
532 600.12 5.95012695e+02 1.68658376e+00 
533 600.91 5.92571350e+02 1.73207200e+00 
534 601.71 5.92478455e+02 1.71895742e+00 
535 602.50 5.96094299e+02 1.80690765e+00 
536 603.30 6.00771851e+02 1.83067799e+00 
537 604.10 6.03167603e+02 1.72986639e+00 
538 604.89 6.02539062e+02 1.86106849e+00 
539 605.69 6.01136597e+02 1.83459032e+00 
540 606.48 5.99493958e+02 1.69127500e+00 
541 607.28 5.96526917e+02 1.65368271e+00 
542 608.08 5.93021484e+02 1.60828686e+00 
543 608.87 5.89141907e+02 1.52088940e+00 
544 609.67 5.86351196e+02 1.55339050e+00 
545 610.46 5.85132751e+02 1.74732566e+00 
546 611.26 5.83090149e+02 1.68609202e+00 
547 612.05 5.80468506e+02 1.82492101e+00 
548 612.85 5.76775757e+02 1.71584296e+00 
549 613.65 5.74070068e+02 1.75776029e+00 
550 614.44 5.71918518e+02 1.55351233e+00 
551 615.24 5.67791016e+02 1.68943191e+00 
552 616.03 5.64170593e+02 1.47212839e+00 
553 616.83 5.65103516e+02 1.57440674e+00 
554 617.62 5.69742065e+02 1.64532852e+00 
555 618.42 5.73752136e+02 1.63817465e+00 
556 619.21 5.76148621e+02 1.49497330e+00 
557 620.01 5.77144287e+02 1.71940374e+00 
558 620.80 5.75709961e+02 1.64751160e+00 
559 621.60 5.72100952e+02 1.67213094e+00 
560 622.39 5.68044128e+02 1.74331748e+00 
561 623.19 5.64253479e+02 1.58072650e+00 
562 623.98 5.60287048e+02 1.65763628e+00 
563 624.78 5.57789246e+02 1.61172521e+00 
564 625.57 5.57033020e+02 1.84965706e+00 
565 626.37 5.56526245e+02 1.74834406e+00 
566 627.16 5.53486084e+02 1.99739456e+00 
567 627.95 5.50109497e+02 2.07297015e+00 
568 628.75 5.47801575e+02 2.08809686e+00 
569 629.54 5.46491211e+02 1.84472513e+00 
570 630.34 5.44838196e+02 1.71374023e+00 
571 631.13 5.44077759e+02 1.49690247e+00 
572 631.93 5.44724731e+02 1.57330811e+00 
573 632.72 5.45224365e+02 1.57790935e+00 
574 633.51 5.44856323e+02 1.56873083e+00 
575 634.31 5.43871399e+02 1.59034181e+00 
576 635.10 5.42444580e+02 1.47690094e+00 
577 635.90 5.41060303e+02 1.53699839e+00 
578 636.69 5.41489929e+02 1.52021194e+00 
579 637.48 5.41755371e+02 1.51159930e+00 
580 638.28 5.39297546e+02 1.52239048e+00 
581 639.07 5.34299744e+02 1.53808117e+00 
582 639.87 5.28768250e+02 1.56849039e+00 
583 640.66 5.24543823e+02 1.50451601e+00 
584 641.45 5.23362671e+02 1.47962737e+00 
585 642.25 5.23301819e+02 1.51625705e+00 
586 643.04 5.22295410e+02 1.51772416e+00 
587 643.83 5.20258484e+02 1.59605956e+00 
588 644.63 5.16434570e+02 1.62864172e+00 
589 645.42 5.11953064e+02 1.82419741e+00 
590 646.21 5.07651367e+02 2.00950360e+00 
591 647.01 5.04617859e+02 2.22745514e+00 
592 647.80 5.01581024e+02 2.44450164e+00 
593 648.59 4.97103455e+02 2.20502734e+00 
594 649.38 4.94998016e+02 2.00525975e+00 
595 650.18 4.97940735e+02 1.96450102e+00 
596 650.97 5.00344666e+02 2.05158710e+00 
597 651.76 5.00115601e+02 1.96490014e+00 
598 652.56 5.00083282e+02 1.87287259e+00 
599 653.35 4.98429138e+02 1.85360992e+00 
600 654.14 4.89872711e+02 1.78655612e+00 
601 654.93 4.69755035e+02 1.70799172e+00 
602 655.73 4.48248871e+02 1.66966546e+00 
603 656.52 4.46879791e+02 1.65116024e+00 
604 657.31 4.65328339e+02 1.63519931e+00 
605 658.10 4.82400238e+02 1.68649983e+00 
606 658.90 4.89639832e+02 1.51819396e+00 
607 659.69 4.93015289e+02 1.60180140e+00 
608 660.48 4.96228882e+02 1.56734884e+00 
609 661.27 4.98627441e+02 1.57229245e+00 
610 662.06 4.98603973e+02 1.68765771e+00 
611 662.86 4.96250610e+02 1.65560055e+00 
612 663.65 4.95282745e+02 1.71207893e+00 
613 664.44 4.96174652e+02 1.56354523e+00 
614 665.23 4.96730835e+02 1.51063490e+00 
615 666.02 4.95640839e+02 1.64292908e+00 
616 666.81 4.94820007e+02 1.59037316e+00 
617 667.61 4.95040741e+02 1.64012551e+00 
618 668.40 4.95570190e+02 1.56461787e+00 
619 669.19 4.94752075e+02 1.57357883e+00 
620 669.98 4.92858704e+02 1.43348897e+00 
621 670.77 4.90179871e+02 1.51573098e+00 
622 671.56 4.87892975e+02 1.59254098e+00 
623 672.35 4.87994965e+02 1.56496179e+00 
624 673.15 4.88365936e+02 1.61199915e+00 
625 673.94 4.87523224e+02 1.49232864e+00 
626 674.73 4.85921356e+02 1.43408275e+00 
627 675.52 4.85201477e+02 1.40379441e+00 
628 676.31 4.84472839e+02 1.39493549e+00 
629 677.10 4.83009705e+02 1.40182900e+00 
630 677.89 4.81062531e+02 1.45240581e+00 
631 678.68 4.79265167e+02 1.52467418e+00 
632 679.47 4.77239471e+02 1.42541409e+00 
633 680.26 4.75437439e+02 1.36541688e+00 
634 681.05 4.73684174e+02 1.45885491e+00 
635 681.84 4.72510956e+02 1.28150737e+00 
636 682.63 4.69672272e+02 1.29295433e+00 
637 683.42 4.64820984e+02 1.41677821e+00 
638 684.21 4.60605804e+02 1.39789534e+00 
639 685.00 4.53938354e+02 1.29026139e+00 
640 685.79 4.30332062e+02 1.83106983e+00 
641 686.58 3.92831238e+02 2.85588384e+00 
642 687.37 3.75831238e+02 3.61297607e+00 
643 688.16 3.84375061e+02 3.32378602e+00 
644 688.95 3.92562073e+02 3.09196067e+00 
645 689.74 3.98488007e+02 2.83762050e+00 
646 690.53 4.06409363e+02 2.53849673e+00 
647 691.32 4.13537201e+02 2.44640017e+00 
648 692.11 4.17016510e+02 2.72488475e+00 
649 692.90 4.16757812e+02 3.22107077e+00 
650 693.69 4.15163391e+02 3.78582883e+00 
651 694.48 4.14681519e+02 3.55659485e+00 
652 695.27 4.17360748e+02 3.09486818e+00 
653 696.06 4.21718292e+02 2.56568551e+00 
654 696.85 4.23807037e+02 2.05817652e+00 
655 697.64 4.20938873e+02 1.87783957e+00 
656 698.43 4.16285950e+02 2.28468394e+00 
657 699.22 4.11984955e+02 2.59081721e+00 
658 700.01 4.07828918e+02 2.72751379e+00 
659 700.79 4.04261230e+02 2.71197677e+00 
660 701.58 4.02226746e+02 2.56922650e+00 
661 702.37 4.03205566e+02 2.36811209e+00 
662 703.16 4.06383514e+02 2.16151762e+00 
663 703.95 4.09172058e+02 2.10800838e+00 
664 704.74 4.09309235e+02 1.99898756e+00 
665 705.53 4.08011749e+02 1.85188186e+00 
666 706.32 4.07734283e+02 1.76970732e+00 
667 707.10 4.08074860e+02 1.73103857e+00 
668 707.89 4.07081360e+02 1.66144562e+00 
669 708.68 4.05095734e+02 1.49068344e+00 
670 709.47 4.05143768e+02 1.46829140e+00 
671 710.26 4.05296204e+02 1.36192036e+00 
672 711.04 4.03358246e+02 1.43857729e+00 
673 711.83 4.00688812e+02 1.45730937e+00 
674 712.62 3.99173248e+02 1.58488894e+00 
675 713.41 3.97877502e+02 1.54031372e+00 
676 714.20 3.94667023e+02 1.61285472e+00 
677 714.98 3.88772919e+02 1.94302261e+00 
678 715.77 3.77433319e+02 2.95740342e+00 
679 716.56 3.56963684e+02 4.92966270e+00 
680 717.35 3.35816040e+02 6.57635212e+00 
681 718.13 3.20870392e+02 7.09230471e+00 
682 718.92 3.14202179e+02 7.12426662e+00 
683 719.71 3.17606384e+02 6.85130215e+00 
684 720.50 3.32472473e+02 5.48483896e+00 
685 721.28 3.50522644e+02 3.96905732e+00 
686 722.07 3.54391296e+02 3.61835241e+00 
687 722.86 3.43346008e+02 4.66357470e+00 
688 723.64 3.31546234e+02 5.56397152e+00 
689 724.43 3.28073059e+02 5.95887852e+00 
690 725.22 3.28918091e+02 5.98701811e+00 
691 726.00 3.30708405e+02 5.77684402e+00 
692 726.79 3.30150909e+02 5.63302088e+00 
693 727.58 3.28948120e+02 5.58783722e+00 
694 728.36 3.27552948e+02 5.29630136e+00 
695 729.15 3.27587524e+02 5.17884874e+00 
696 729.94 3.30580963e+02 5.25258875e+00 
697 730.72 3.33363403e+02 4.99617338e+00 
698 731.51 3.39259705e+02 4.45775270e+00 
699 732.30 3.45995758e+02 3.40943766e+00 
700 733.08 3.51951050e+02 2.74052596e+00 
701 733.87 3.55506958e+02 2.27842474e+00 
702 734.65 3.54764923e+02 2.27211571e+00 
703 735.44 3.51705383e+02 2.20430303e+00 
704 736.22 3.50510437e+02 2.04843354e+00 
705 737.01 3.51743744e+02 1.95215213e+00 
706 737.80 3.51152863e+02 1.80546629e+00 
707 738.58 3.48624969e+02 1.53307021e+00 
708 739.37 3.48373718e+02 1.36381257e+00 
709 740.15 3.48316223e+02 1.27557635e+00 
710 740.94 3.46515442e+02 1.16545939e+00 
711 741.72 3.46725159e+02 1.09184432e+00 
712 742.51 3.48977600e+02 1.11812651e+00 
713 743.29 3.49863251e+02 1.16305423e+00 
714 744.08 3.47851654e+02 1.22038996e+00 
715 744.86 3.47771179e+02 1.20959282e+00 
716 745.65 3.48399506e+02 1.26715302e+00 
717 746.43 3.47996460e+02 1.12861323e+00 
718 747.22 3.46569000e+02 1.07208598e+00 
719 748.00 3.44315460e+02 1.19570947e+00 
720 748.79 3.41970642e+02 1.13375068e+00 
721 749.57 3.40127472e+02 1.19842207e+00 
722 750.36 3.38353912e+02 1.14409590e+00 
723 751.14 3.36673279e+02 1.07235599e+00 
724 751.93 3.35985931e+02 1.06950438e+00 
725 752.71 3.35715027e+02 1.16137934e+00 
726 753.49 3.36271637e+02 1.14913583e+00 
727 754.28 3.34997406e+02 1.16386139e+00 
728 755.06 3.32396210e+02 1.21374726e+00 
729 755.85 3.30491302e+02 1.17235196e+00 
730 756.63 3.29181641e+02 1.23006356e+00 
731 757.41 3.24900665e+02 1.12793112e+00 
732 758.20 3.04379120e+02 1.27588856e+00 
733 758.98 2.42784607e+02 2.19391584e+00 
734 759.77 1.62088760e+02 3.69325900e+00 
735 760.55 1.27872711e+02 4.68958998e+00 
736 761.33 1.48452682e+02 4.86137199e+00 
737 762.12 1.66291245e+02 4.81427860e+00 
738 762.90 1.66389130e+02 5.01369905e+00 
739 763.68 1.76189713e+02 4.91945314e+00 
740 764.47 1.99562897e+02 4.35684776e+00 
741 765.25 2.25769806e+02 3.42619443e+00 
742 766.03 2.50085068e+02 2.72684193e+00 
743 766.81 2.71913605e+02 1.93609953e+00 
744 767.60 2.89018097e+02 1.49191022e+00 
745 768.38 2.99007538e+02 1.31680691e+00 
746 769.16 3.03929749e+02 1.19752049e+00 
747 769.95 3.06288055e+02 1.21885860e+00 
748 770.73 3.06832428e+02 1.20233154e+00 
749 771.51 3.06780090e+02 1.15694511e+00 
750 772.29 3.07755676e+02 1.19039464e+00 
751 773.08 3.08218719e+02 1.16265190e+00 
752 773.86 3.06242859e+02 1.22616482e+00 
753 774.64 3.04101624e+02 1.15365386e+00 
754 775.42 3.04005280e+02 1.06118107e+00 
755 776.20 3.04317474e+02 1.19833040e+00 
756 776.99 3.03039764e+02 1.10187054e+00 
757 777.77 3.01290588e+02 1.18459404e+00 
758 778.55 2.99460358e+02 1.07129776e+00 
759 779.33 2.97861664e+02 1.11521161e+00 
760 780.11 2.97381134e+02 1.10208571e+00 
761 780.89 2.98475128e+02 1.14143455e+00 
762 781.68 2.99241821e+02 1.14089918e+00 
763 782.46 2.96448303e+02 1.09816909e+00 
764 783.24 2.93770416e+02 1.00513709e+00 
765 784.02 2.93161560e+02 9.41258907e-01 
766 784.80 2.93355682e+02 1.04862213e+00 
767 785.58 2.93005341e+02 1.16629219e+00 
768 786.36 2.91555664e+02 1.05087531e+00 
769 787.14 2.88638336e+02 1.07321632e+00 
770 787.92 2.85558075e+02 1.17051208e+00 
771 788.71 2.83392670e+02 1.40093446e+00 
772 789.49 2.81880707e+02 1.41396594e+00 
773 790.27 2.80440002e+02 1.43461478e+00 
774 791.05 2.77432129e+02 1.33137727e+00 
775 791.83 2.74201538e+02 1.34966910e+00 
776 792.61 2.72324890e+02 1.18302536e+00 
777 793.39 2.72237091e+02 1.06695640e+00 
778 794.17 2.72789185e+02 1.16601813e+00 
779 794.95 2.71710907e+02 1.16386640e+00 
780 795.73 2.69712280e+02 1.27991164e+00 
781 796.51 2.69573547e+02 1.30865216e+00 
782 797.29 2.71044250e+02 1.16688335e+00 
783 798.07 2.71186920e+02 1.26000071e+00 
784 798.85 2.69133698e+02 1.17035806e+00 
785 799.63 2.65830170e+02 1.31168890e+00 
786 800.41 2.62535706e+02 1.39892864e+00 
787 801.19 2.61515564e+02 1.34475124e+00 
788 801.97 2.61621460e+02 1.36075783e+00 
789 802.75 2.61235199e+02 1.45150864e+00 
790 803.53 2.59517181e+02 1.29912412e+00 
791 804.30 2.56800964e+02 1.15227926e+00 
792 805.08 2.54975159e+02 1.03456831e+00 
793 805.86 2.55818054e+02 1.10254097e+00 
794 806.64 2.57646606e+02 1.04541898e+00 
795 807.42 2.56316925e+02 1.04733312e+00 
796 808.20 2.51259293e+02 1.06568158e+00 
797 808.98 2.46095169e+02 1.14801276e+00 
798 809.76 2.43842804e+02 1.36376166e+00 
799 810.54 2.43966446e+02 1.53489196e+00 
800 811.31 2.42773605e+02 1.93333423e+00 
801 812.09 2.37674347e+02 2.33139443e+00 
802 812.87 2.28831024e+02 2.92030907e+00 
803 813.65 2.18676285e+02 3.47363186e+00 
804 814.43 2.10950790e+02 3.85595942e+00 
805 815.20 2.06291885e+02 4.24249125e+00 
806 815.98 2.04117676e+02 4.39861679e+00 
807 816.76 2.02797256e+02 4.31941366e+00 
808 817.54 2.01517395e+02 4.03798103e+00 
809 818.32 2.01101593e+02 3.72582173e+00 
810 819.09 2.02833771e+02 3.24284029e+00 
811 819.87 2.07677216e+02 2.78735089e+00 
812 820.65 2.11679382e+02 2.72005248e+00 
813 821.43 2.07957626e+02 2.95270371e+00 
814 822.20 1.98506577e+02 3.46797705e+00 
815 822.98 1.93982132e+02 3.62670040e+00 
816 823.76 1.97730606e+02 3.17100358e+00 
817 824.53 2.05753494e+02 2.69212031e+00 
818 825.31 2.11996750e+02 2.44362497e+00 
819 826.09 2.12512909e+02 2.44338679e+00 
820 826.87 2.08138092e+02 2.55541468e+00 
821 827.64 2.02582977e+02 2.60290885e+00 
822 828.42 1.99445786e+02 2.72204447e+00 
823 829.20 2.00287567e+02 2.59799194e+00 
824 829.97 2.03206772e+02 2.58780885e+00 
825 830.75 2.04201126e+02 2.42166305e+00 
826 831.52 2.02758194e+02 2.30665779e+00 
827 832.30 2.00057068e+02 2.14019513e+00 
828 833.08 1.99251968e+02 1.95779216e+00 
829 833.85 2.02055222e+02 1.66129541e+00 
830 834.63 2.07115875e+02 1.66124094e+00 
831 835.40 2.10919449e+02 1.55326915e+00 
832 836.18 2.11386673e+02 1.41471362e+00 
833 836.96 2.08961212e+02 1.26638508e+00 
834 837.73 2.06683060e+02 1.17013395e+00 
835 838.51 2.06644684e+02 1.13140881e+00 
836 839.28 2.08661774e+02 1.13252890e+00 
837 840.06 2.10513855e+02 1.00891924e+00 
838 840.83 2.09886368e+02 1.09651780e+00 
839 841.61 2.06491730e+02 1.01631343e+00 
840 842.38 2.02574753e+02 9.74622428e-01 
841 843.16 2.00520081e+02 9.29982305e-01 
842 843.93 2.01573212e+02 8.87272954e-01 
843 844.71 2.03933456e+02 8.28204513e-01 
844 845.48 2.05711426e+02 8.31011534e-01 
845 846.26 2.04389160e+02 8.86305332e-01 
846 847.03 2.00055420e+02 8.25167835e-01 
847 847.81 1.94902191e+02 8.90052378e-01 
848 848.58 1.92368881e+02 8.04911733e-01 
849 849.36 1.92135422e+02 8.19269359e-01 
850 850.13 1.93155838e+02 8.22316408e-01 
851 850.90 1.92607025e+02 8.38636279e-01 
852 851.68 1.89103806e+02 7.53609478e-01 
853 852.45 1.83273529e+02 7.90186644e-01 
854 853.23 1.78046127e+02 8.03757787e-01 
855 854.00 1.76445282e+02 8.52439582e-01 
856 854.77 1.79187927e+02 7.32833326e-01 
857 855.55 1.84317688e+02 7.90792584e-01 
858 856.32 1.87981186e+02 7.77030766e-01 
859 857.09 1.88009430e+02 7.94436991e-01 
860 857.87 1.85670013e+02 7.99267054e-01 
861 858.64 1.82949707e+02 7.72409618e-01 
862 859.41 1.82620544e+02 7.86135912e-01 
863 860.19 1.84525314e+02 7.83138156e-01 
864 860.96 1.85920181e+02 8.33504498e-01 
865 861.73 1.85056717e+02 7.46663034e-01 
866 862.51 1.82428802e+02 7.77941346e-01 
867 863.28 1.77485901e+02 7.77825177e-01 
868 864.05 1.73001495e+02 8.06082129e-01 
869 864.82 1.70194885e+02 7.25292623e-01 
870 865.60 1.69400085e+02 7.10229516e-01 
871 866.37 1.69453461e+02 7.41351485e-01 
872 867.14 1.69581635e+02 7.66689599e-01 
873 867.91 1.68784409e+02 6.82915747e-01 
874 868.68 1.67550583e+02 7.50456035e-01 
875 869.46 1.67300278e+02 6.94766581e-01 
876 870.23 1.68754990e+02 6.81819439e-01 
877 871.00 1.70165146e+02 6.85158610e-01 
878 871.77 1.71054840e+02 7.30423450e-01 
879 872.54 1.69954453e+02 6.80570900e-01 
880 873.31 1.66908096e+02 7.32206941e-01 
881 874.09 1.63052536e+02 6.95661843e-01 
882 874.86 1.60568024e+02 7.48075426e-01 
883 875.63 1.60563705e+02 6.75148785e-01 
884 876.40 1.61717758e+02 7.46858954e-01 
885 877.17 1.62845734e+02 7.47508228e-01 
886 877.94 1.62369003e+02 7.29723394e-01 
887 878.71 1.59744156e+02 7.19704032e-01 
888 879.48 1.56255173e+02 7.47640789e-01 
889 880.25 1.54065125e+02 8.20496380e-01 
890 881.03 1.53906906e+02 7.17541039e-01 
891 881.80 1.55255356e+02 6.85284317e-01 
892 882.57 1.56995911e+02 7.38565803e-01 
893 883.34 1.57180984e+02 7.02126622e-01 
894 884.11 1.55389328e+02 7.39641368e-01 
895 884.88 1.52442459e+02 8.05365622e-01 
896 885.65 1.49710800e+02 7.33108342e-01 
897 886.42 1.48247208e+02 6.84084475e-01 
898 887.19 1.48537842e+02 7.80848980e-01 
899 887.96 1.49832001e+02 7.49157310e-01 
900 888.73 1.51075256e+02 6.35388255e-01 
901 889.50 1.50358673e+02 7.31096804e-01 
902 890.27 1.47470001e+02 7.31584370e-01 
903 891.03 1.43850845e+02 8.97872090e-01 
904 891.80 1.39952362e+02 9.53405142e-01 
905 892.57 1.37289459e+02 1.05293763e+00 
906 893.34 1.35719238e+02 1.33816826e+00 
907 894.11 1.33726212e+02 1.58229530e+00 
908 894.88 1.30376129e+02 1.80186510e+00 
909 895.65 1.25394272e+02 2.09170580e+00 
910 896.42 1.19651169e+02 2.27682304e+00 
911 897.19 1.14921486e+02 2.47674251e+00 
912 897.96 1.12062164e+02 2.52472329e+00 
913 898.72 1.10890404e+02 2.63639355e+00 
914 899.49 1.10663445e+02 2.57339478e+00 
915 900.26 1.11023758e+02 2.52391410e+00 
916 901.03 1.11171944e+02 2.41267800e+00 
917 901.80 1.11327103e+02 2.32056975e+00 
918 902.56 1.11850983e+02 2.05206776e+00 
919 903.33 1.12767967e+02 1.96670437e+00 
920 904.10 1.13792046e+02 1.94954252e+00 
921 904.87 1.14456261e+02 1.97931159e+00 
922 905.64 1.13940117e+02 2.00000358e+00 
923 906.40 1.11758598e+02 2.13873529e+00 
924 907.17 1.08500717e+02 2.35226274e+00 
925 907.94 1.04816856e+02 2.42431259e+00 
926 908.71 1.01804268e+02 2.49136186e+00 
927 909.47 1.00167976e+02 2.57110715e+00 
928 910.24 9.98233109e+01 2.62590146e+00 
929 911.01 1.00253410e+02 2.64210010e+00 
930 911.77 1.00420425e+02 2.69397020e+00 
931 912.54 9.98511810e+01 2.69274116e+00 
932 913.31 9.85927734e+01 2.73639202e+00 
933 914.07 9.68447647e+01 2.66463017e+00 
934 914.84 9.53854675e+01 2.68320870e+00 
935 915.61 9.49649200e+01 2.63984442e+00 
936 916.37 9.53760757e+01 2.50606060e+00 
937 917.14 9.64808350e+01 2.43194842e+00 
938 917.90 9.75723495e+01 2.27708602e+00 
939 918.67 9.82133865e+01 2.21749830e+00 
940 919.44 9.82097855e+01 2.05281758e+00 
941 920.20 9.74554901e+01 1.91335356e+00 
942 920.97 9.63858414e+01 1.81553972e+00 
943 921.73 9.53721924e+01 1.77784705e+00 
944 922.50 9.44971619e+01 1.77470994e+00 
945 923.26 9.36198196e+01 1.91266000e+00 
946 924.03 9.24277649e+01 1.93354082e+00 
947 924.79 9.05587997e+01 2.05530715e+00 
948 925.56 8.77897034e+01 2.17218757e+00 
949 926.32 8.41376114e+01 2.28960085e+00 
950 927.09 7.97105408e+01 2.49261427e+00 
951 927.85 7.48587875e+01 2.58669376e+00 
952 928.62 6.98922806e+01 2.76343107e+00 
953 929.38 6.49241867e+01 2.97075486e+00 
954 930.15 5.98126984e+01 3.08488941e+00 
955 930.91 5.48563690e+01 3.16781187e+00 
956 931.68 5.01228485e+01 3.18051100e+00 
957 932.44 4.57276535e+01 3.19077945e+00 
958 933.21 4.20523491e+01 3.16678119e+00 
959 933.97 3.94721222e+01 3.09154034e+00 
960 934.73 3.80149574e+01 3.00177073e+00 
961 935.50 3.75081940e+01 2.98227167e+00 
962 936.26 3.76326027e+01 2.93405938e+00 
963 937.02 3.80248528e+01 2.89062142e+00 
964 937.79 3.85076103e+01 2.80031276e+00 
965 938.55 3.88220634e+01 2.70114660e+00 
966 939.31 3.89445839e+01 2.63817453e+00 
967 940.08 3.88317490e+01 2.57382512e+00 
968 940.84 3.86081123e+01 2.49283147e+00 
969 941.60 3.81834564e+01 2.45228934e+00 
970 942.37 3.75609818e+01 2.42475867e+00 
971 943.13 3.68428535e+01 2.41372681e+00 
972 943.89 3.60029831e+01 2.39053106e+00 
973 944.65 3.53131523e+01 2.36013246e+00 
974 945.42 3.48578377e+01 2.32366419e+00 
975 946.18 3.47799683e+01 2.30195427e+00 
976 946.94 3.49944878e+01 2.31120634e+00 
977 947.70 3.54733391e+01 2.35144806e+00 
978 948.47 3.60578003e+01 2.35403061e+00 
979 949.23 3.67003593e+01 2.40422654e+00 
980 949.99 3.71709709e+01 2.39776206e+00 
981 950.75 3.74189262e+01 2.35398912e+00 
982 951.51 3.75117455e+01 2.34906054e+00 
983 952.28 3.77098732e+01 2.31909895e+00 
984 953.04 3.79888191e+01 2.32103109e+00 
985 953.80 3.85341835e+01 2.30623841e+00 
986 954.56 3.91361923e+01 2.32656908e+00 
987 955.32 3.97564888e+01 2.30263996e+00 
988 956.08 4.03652725e+01 2.32097960e+00 
989 956.84 4.09064293e+01 2.26849532e+00 
990 957.60 4.13671417e+01 2.24230766e+00 
991 958.36 4.17511978e+01 2.21498919e+00 
992 959.12 4.23556786e+01 2.17337680e+00 
993 959.89 4.31377678e+01 2.14037728e+00 
994 960.65 4.40315781e+01 2.14382076e+00 
995 961.41 4.50454941e+01 2.09809756e+00 
996 962.17 4.59930954e+01 2.04567599e+00 
997 962.93 4.67698860e+01 1.99773335e+00 
998 963.69 4.75128174e+01 1.91412508e+00 
999 964.45 4.82742577e+01 1.80451024e+00 
1000 965.21 4.90994377e+01 1.71328247e+00 
1001 965.97 5.01623726e+01 1.64386487e+00 
1002 966.73 5.13925323e+01 1.54836762e+00 
1003 967.48 5.24767990e+01 1.50970447e+00 
1004 968.24 5.31777496e+01 1.41608703e+00 
1005 969.00 5.35805817e+01 1.34212565e+00 
1006 969.76 5.37167015e+01 1.26005161e+00 
1007 970.52 5.37358437e+01 1.21225810e+00 
1008 971.28 5.38120995e+01 1.23150921e+00 
1009 972.04 5.38717690e+01 1.17954552e+00 
1010 972.80 5.37918625e+01 1.20101440e+00 
1011 973.56 5.33798027e+01 1.17694294e+00 
1012 974.32 5.27724724e+01 1.17727017e+00 
1013 975.07 5.21527710e+01 1.14951694e+00 
1014 975.83 5.16939049e+01 1.11035013e+00 
1015 976.59 5.16113052e+01 1.12586236e+00 
1016 977.35 5.17807503e+01 1.07397556e+00 
1017 978.11 5.19791107e+01 1.01993001e+00 
1018 978.86 5.20665207e+01 1.03826356e+00 
1019 979.62 5.19858818e+01 9.48933959e-01 
1020 980.38 5.19610100e+01 9.00934994e-01 
1021 981.14 5.21342545e+01 8.53630245e-01 
1022 981.89 5.24889565e+01 8.20854783e-01 
1023 982.65 5.26468887e+01 7.44947433e-01 
1024 983.41 5.25764771e+01 7.31852591e-01 
1025 984.17 5.22726517e+01 6.94285512e-01 
1026 984.92 5.21407204e+01 6.43046796e-01 
1027 985.68 5.22805672e+01 6.10163808e-01 
1028 986.44 5.22709885e+01 5.96143246e-01 
1029 987.19 5.18784065e+01 5.73156953e-01 
1030 987.95 5.13043556e+01 5.43672562e-01 
1031 988.71 5.08696175e+01 5.26025474e-01 
1032 989.46 5.07974129e+01 5.17219901e-01 
1033 990.22 5.03653374e+01 5.08311868e-01 
1034 990.98 4.95501366e+01 4.69339281e-01 
1035 991.73 4.88501396e+01 4.92803931e-01 
1036 992.49 4.83352737e+01 4.82154578e-01 
1037 993.24 4.76362572e+01 4.76931989e-01 
1038 994.00 4.66223068e+01 4.83894855e-01 
1039 994.76 4.57517853e+01 4.89222676e-01 
1040 995.51 2.93926668e+00 3.82594079e-01 
1041 996.27 3.44206423e-01 3.89070988e-01 
1042 997.02 2.84048826e-01 3.75629097e-01 
1043 997.78 2.81615794e-01 3.89834583e-01 
