% C0 (TOA Count Rate, /ms) for 4STAR VIS spectrometer (1044 channels) derived from /data/sunsat/rooftop/Winter_2025/data_processed/allstarmats/4STARB_20250225starsun.mat and recorded on 2025-04-22 19:10:25.
% Data C0 built to match AOD from 4STARB to AERONET spline fit for NASA_Ames within 300 m [Alt] and 600 seconds, measured on 20250225. Using the AERONET file: 250225_250225_NASA_Ames.lev15 as input for this comparison. Date of creation: 22-Apr-2025 19:10:25
Pix Wavelength C0 C0err
0 171.23 0.00000000e+00 0.00000000e+00 
1 172.04 3.66648984e+11 1.36126687e+12 
2 172.86 2.89860190e+11 1.01938253e+12 
3 173.67 9.22689782e+10 3.85867153e+11 
4 174.48 2.89943821e+12 6.87805982e+12 
5 175.29 1.51226941e+12 3.54705107e+12 
6 176.11 7.31354431e+11 1.65204053e+12 
7 176.92 3.78965721e+11 8.46128087e+11 
8 177.73 2.02707993e+11 4.47580144e+11 
9 178.54 1.07492549e+11 2.34178986e+11 
10 179.36 5.84539587e+10 1.24407489e+11 
11 180.17 3.18193357e+10 6.63982940e+10 
12 180.98 1.82525645e+10 3.76461394e+10 
13 181.79 1.05905367e+10 2.18164777e+10 
14 182.61 5.96226765e+09 1.18353347e+10 
15 183.42 3.57670938e+09 6.95750656e+09 
16 184.23 2.09681216e+09 3.98877798e+09 
17 185.04 1.28819789e+09 2.43715891e+09 
18 185.86 8.00758528e+08 1.46089267e+09 
19 186.67 5.02941664e+08 9.19428736e+08 
20 187.48 3.24126688e+08 5.84303104e+08 
21 188.29 2.05158256e+08 3.55676800e+08 
22 189.11 1.32952520e+08 2.27804784e+08 
23 189.92 8.80392240e+07 1.47309552e+08 
24 190.73 5.93060080e+07 9.92737680e+07 
25 191.54 3.89963600e+07 6.32153320e+07 
26 192.36 2.69899280e+07 4.33057480e+07 
27 193.17 1.79535280e+07 2.80665140e+07 
28 193.98 1.27064470e+07 1.97021100e+07 
29 194.79 9.00143900e+06 1.37165080e+07 
30 195.61 6.39285300e+06 9.61037800e+06 
31 196.42 4.53898300e+06 6.71167400e+06 
32 197.23 3.25041175e+06 4.80180100e+06 
33 198.04 2.39006400e+06 3.47925400e+06 
34 198.86 1.73860050e+06 2.48177125e+06 
35 199.67 1.26395588e+06 1.77967350e+06 
36 200.48 9.55937062e+05 1.31692225e+06 
37 201.29 7.04264688e+05 9.70947938e+05 
38 202.11 5.36178688e+05 7.31257125e+05 
39 202.92 4.03130281e+05 5.37961250e+05 
40 203.73 3.08092531e+05 4.08040156e+05 
41 204.54 2.43299734e+05 3.23747250e+05 
42 205.36 1.89846547e+05 2.54382625e+05 
43 206.17 1.49274141e+05 1.98877469e+05 
44 206.98 1.13796305e+05 1.48747312e+05 
45 207.79 9.28217500e+04 1.20801578e+05 
46 208.61 7.30540625e+04 9.50950156e+04 
47 209.42 6.11923711e+04 8.02814844e+04 
48 210.23 5.08391406e+04 6.63628672e+04 
49 211.04 4.56948867e+04 5.98578984e+04 
50 211.86 4.21393125e+04 5.51438945e+04 
51 212.67 4.19574102e+04 5.52142539e+04 
52 213.48 4.23018125e+04 5.56383945e+04 
53 214.29 4.43561211e+04 5.69078281e+04 
54 215.11 4.77884219e+04 6.24864062e+04 
55 215.92 5.02949336e+04 6.60131016e+04 
56 216.73 5.27217031e+04 6.93938125e+04 
57 217.54 5.41992227e+04 7.11322031e+04 
58 218.35 5.69461641e+04 7.55144062e+04 
59 219.17 5.92043086e+04 7.80362188e+04 
60 219.98 6.36405273e+04 8.46377578e+04 
61 220.79 6.85280000e+04 9.05630625e+04 
62 221.60 7.40372422e+04 9.85402266e+04 
63 222.42 8.42909766e+04 1.12542734e+05 
64 223.23 9.48870000e+04 1.26447508e+05 
65 224.04 1.11083570e+05 1.51661078e+05 
66 224.85 1.33260109e+05 1.78914516e+05 
67 225.67 1.60832938e+05 2.20193953e+05 
68 226.48 1.93952094e+05 2.63986656e+05 
69 227.29 2.47050438e+05 3.41592156e+05 
70 228.10 3.13525531e+05 4.33333906e+05 
71 228.91 4.02938219e+05 5.51337312e+05 
72 229.73 5.33576375e+05 7.44444062e+05 
73 230.54 7.03685188e+05 9.90312625e+05 
74 231.35 9.56147062e+05 1.35873375e+06 
75 232.16 1.35436638e+06 2.00005825e+06 
76 232.97 1.81258762e+06 2.62850075e+06 
77 233.79 2.56325325e+06 3.86908775e+06 
78 234.60 3.58357100e+06 5.50992350e+06 
79 235.41 5.03909150e+06 7.83685500e+06 
80 236.22 7.37737300e+06 1.18448410e+07 
81 237.04 1.02610050e+07 1.59289120e+07 
82 237.85 1.50173850e+07 2.40774660e+07 
83 238.66 2.15017340e+07 3.58579600e+07 
84 239.47 3.02290860e+07 5.03773280e+07 
85 240.28 4.29474600e+07 7.39214240e+07 
86 241.10 6.05037480e+07 1.05838928e+08 
87 241.91 8.28638160e+07 1.46885200e+08 
88 242.72 1.15718528e+08 2.08604416e+08 
89 243.53 1.56310464e+08 2.81288128e+08 
90 244.34 2.08736496e+08 3.74579488e+08 
91 245.16 2.75300576e+08 5.10418688e+08 
92 245.97 3.46869568e+08 6.35582656e+08 
93 246.78 4.30099232e+08 7.96752768e+08 
94 247.59 5.38513344e+08 1.01313485e+09 
95 248.40 6.38524928e+08 1.21059661e+09 
96 249.22 7.55437568e+08 1.45999782e+09 
97 250.03 8.25654912e+08 1.57599181e+09 
98 250.84 9.03677376e+08 1.73909786e+09 
99 251.65 9.63606144e+08 1.86413312e+09 
100 252.46 9.73597120e+08 1.85594266e+09 
101 253.27 9.92020032e+08 1.92150374e+09 
102 254.09 9.80023040e+08 1.91803264e+09 
103 254.90 8.99725760e+08 1.72063219e+09 
104 255.71 7.88838592e+08 1.50141094e+09 
105 256.52 6.86086144e+08 1.30167066e+09 
106 257.33 5.79120640e+08 1.08297741e+09 
107 258.15 4.96125728e+08 9.47162496e+08 
108 258.96 4.00871424e+08 7.56348928e+08 
109 259.77 3.08263488e+08 5.72181184e+08 
110 260.58 2.23952384e+08 4.07249216e+08 
111 261.39 1.64606416e+08 2.97123584e+08 
112 262.20 1.19230624e+08 2.17163232e+08 
113 263.02 8.04473040e+07 1.41355136e+08 
114 263.83 5.53156880e+07 9.49859600e+07 
115 264.64 3.84089720e+07 6.52479040e+07 
116 265.45 2.41200060e+07 3.99388600e+07 
117 266.26 1.57239510e+07 2.63051680e+07 
118 267.07 9.66755600e+06 1.57225130e+07 
119 267.89 5.79245150e+06 9.21018300e+06 
120 268.70 3.52735050e+06 5.49307450e+06 
121 269.51 2.07199350e+06 3.09700050e+06 
122 270.32 1.27285375e+06 1.87246875e+06 
123 271.13 7.58036375e+05 1.10588100e+06 
124 271.94 4.46516906e+05 6.34526375e+05 
125 272.75 2.59239641e+05 3.61089625e+05 
126 273.57 1.52724391e+05 2.13415625e+05 
127 274.38 8.91405938e+04 1.24066125e+05 
128 275.19 5.31278008e+04 7.36343438e+04 
129 276.00 3.23833301e+04 4.50189648e+04 
130 276.81 1.97574766e+04 2.72907734e+04 
131 277.62 1.20954629e+04 1.68295996e+04 
132 278.43 7.40503125e+03 1.02883818e+04 
133 279.25 4.61307617e+03 6.58304688e+03 
134 280.06 2.91618872e+03 4.19454736e+03 
135 280.87 1.81570886e+03 2.71724170e+03 
136 281.68 1.18456604e+03 1.79771082e+03 
137 282.49 8.08756226e+02 1.24084229e+03 
138 283.30 5.44125916e+02 8.71827637e+02 
139 284.11 3.80066498e+02 6.19006714e+02 
140 284.93 2.61364380e+02 4.42157104e+02 
141 285.74 1.87755432e+02 3.26617493e+02 
142 286.55 1.34185989e+02 2.43328949e+02 
143 287.36 9.94255371e+01 1.84591721e+02 
144 288.17 7.45197449e+01 1.42060410e+02 
145 288.98 5.76668968e+01 1.11627960e+02 
146 289.79 4.48174896e+01 8.98324432e+01 
147 290.60 3.57688675e+01 7.29446030e+01 
148 291.42 2.88805294e+01 5.99668083e+01 
149 292.23 2.36249866e+01 5.00179367e+01 
150 293.04 1.93679619e+01 4.23573341e+01 
151 293.85 1.62939835e+01 3.63567429e+01 
152 294.66 1.42264223e+01 3.17824726e+01 
153 295.47 1.23066645e+01 2.79796791e+01 
154 296.28 1.06873970e+01 2.48187065e+01 
155 297.09 9.59330177e+00 2.23317776e+01 
156 297.90 8.77055073e+00 2.02815990e+01 
157 298.71 8.01911545e+00 1.86018276e+01 
158 299.53 7.28190136e+00 1.71185246e+01 
159 300.34 6.76103687e+00 1.58974857e+01 
160 301.15 6.36474562e+00 1.48648415e+01 
161 301.96 6.31043816e+00 1.40773096e+01 
162 302.77 6.07382965e+00 1.33359213e+01 
163 303.58 6.08034468e+00 1.27545137e+01 
164 304.39 6.18373299e+00 1.22592278e+01 
165 305.20 6.44868803e+00 1.19051218e+01 
166 306.01 6.84251595e+00 1.15979319e+01 
167 306.82 7.45849752e+00 1.14439907e+01 
168 307.63 8.11595631e+00 1.13275414e+01 
169 308.44 8.50295639e+00 1.11773920e+01 
170 309.26 9.24421597e+00 1.11411581e+01 
171 310.07 1.08803854e+01 1.14389200e+01 
172 310.88 1.26629171e+01 1.17946081e+01 
173 311.69 1.38779936e+01 1.19958658e+01 
174 312.50 1.52818108e+01 1.22675486e+01 
175 313.31 1.66889400e+01 1.25509939e+01 
176 314.12 1.78869057e+01 1.27676487e+01 
177 314.93 1.87327785e+01 1.28838367e+01 
178 315.74 1.99975815e+01 1.31562290e+01 
179 316.55 2.27030315e+01 1.39204664e+01 
180 317.36 2.45984516e+01 1.44209585e+01 
181 318.17 2.56873779e+01 1.46500635e+01 
182 318.98 2.76620369e+01 1.51865559e+01 
183 319.79 3.02434769e+01 1.59273453e+01 
184 320.60 3.17946796e+01 1.63389435e+01 
185 321.41 3.17720470e+01 1.62341652e+01 
186 322.22 3.15861511e+01 1.60739059e+01 
187 323.04 3.33509254e+01 1.65562000e+01 
188 323.85 3.68632698e+01 1.76361656e+01 
189 324.66 4.12259178e+01 1.90017662e+01 
190 325.47 4.70945091e+01 2.08707466e+01 
191 326.28 5.16148911e+01 2.22850857e+01 
192 327.09 5.23608551e+01 2.24596386e+01 
193 327.90 5.26413803e+01 2.25086765e+01 
194 328.71 5.67885094e+01 2.37924328e+01 
195 329.52 6.07003174e+01 2.50219841e+01 
196 330.33 5.99752769e+01 2.47211914e+01 
197 331.14 5.89560089e+01 2.43274517e+01 
198 331.95 5.94349861e+01 2.44500618e+01 
199 332.76 5.95861244e+01 2.44161129e+01 
200 333.57 6.01773643e+01 2.45598431e+01 
201 334.38 6.21349945e+01 2.51540089e+01 
202 335.19 6.15856552e+01 2.49118919e+01 
203 336.00 5.82272377e+01 2.37491055e+01 
204 336.81 5.75082970e+01 2.34671249e+01 
205 337.62 6.07738075e+01 2.45065994e+01 
206 338.43 6.47500687e+01 2.57756424e+01 
207 339.24 6.84813461e+01 2.69716930e+01 
208 340.05 7.02266006e+01 2.75033112e+01 
209 340.86 6.96325302e+01 2.72683678e+01 
210 341.67 7.03540497e+01 2.74673710e+01 
211 342.48 7.17241516e+01 2.78777523e+01 
212 343.29 6.85567322e+01 2.67908363e+01 
213 344.10 6.45504379e+01 2.54244137e+01 
214 344.91 6.69374084e+01 2.61746006e+01 
215 345.72 6.98363419e+01 2.71008110e+01 
216 346.53 7.05559540e+01 2.73020687e+01 
217 347.34 7.03128433e+01 2.71849041e+01 
218 348.15 6.98790894e+01 2.70055046e+01 
219 348.96 7.10196075e+01 2.73469009e+01 
220 349.77 7.54883347e+01 2.88027649e+01 
221 350.58 7.89516678e+01 2.99136600e+01 
222 351.39 7.73804550e+01 2.93633633e+01 
223 352.19 7.60126877e+01 2.88794231e+01 
224 353.00 7.94730301e+01 2.99967842e+01 
225 353.81 8.54190674e+01 3.19429207e+01 
226 354.62 8.71116486e+01 3.24777527e+01 
227 355.43 8.39938278e+01 3.14092236e+01 
228 356.24 7.70270386e+01 2.90746098e+01 
229 357.05 7.00815201e+01 2.67492790e+01 
230 357.86 6.61208496e+01 2.54155846e+01 
231 358.67 7.06195374e+01 2.68850880e+01 
232 359.48 8.08998108e+01 3.02702370e+01 
233 360.29 8.20074081e+01 3.06197968e+01 
234 361.10 7.89241257e+01 2.95732574e+01 
235 361.91 8.16591721e+01 3.04470291e+01 
236 362.72 8.55859451e+01 3.17181606e+01 
237 363.53 8.74094467e+01 3.22925339e+01 
238 364.34 9.02297363e+01 3.32040596e+01 
239 365.14 9.69921875e+01 3.54196663e+01 
240 365.95 1.04012009e+02 3.77261963e+01 
241 366.76 1.04664795e+02 3.79260025e+01 
242 367.57 1.02265717e+02 3.70992661e+01 
243 368.38 1.02491280e+02 3.71592331e+01 
244 369.19 1.06575905e+02 3.84896812e+01 
245 370.00 1.07739838e+02 3.88544006e+01 
246 370.81 1.06368118e+02 3.83792000e+01 
247 371.62 1.04045166e+02 3.75946808e+01 
248 372.43 9.86096420e+01 3.57679291e+01 
249 373.24 9.28042145e+01 3.38218727e+01 
250 374.04 9.15211563e+01 3.33773842e+01 
251 374.85 9.72548141e+01 3.52694397e+01 
252 375.66 1.05972610e+02 3.81360970e+01 
253 376.47 1.15082375e+02 4.11367989e+01 
254 377.28 1.27002800e+02 4.50741310e+01 
255 378.09 1.31726547e+02 4.66260719e+01 
256 378.90 1.25028610e+02 4.43939667e+01 
257 379.71 1.22223999e+02 4.34452477e+01 
258 380.51 1.23768143e+02 4.39390678e+01 
259 381.32 1.14675911e+02 4.09113541e+01 
260 382.13 9.82797394e+01 3.54518890e+01 
261 382.94 8.96688690e+01 3.25769005e+01 
262 383.75 9.64161148e+01 3.47945442e+01 
263 384.56 1.10086723e+02 3.93127823e+01 
264 385.37 1.16468704e+02 4.14129066e+01 
265 386.17 1.17840164e+02 4.18544006e+01 
266 386.98 1.19181595e+02 4.22842903e+01 
267 387.79 1.20954498e+02 4.28551865e+01 
268 388.60 1.28449127e+02 4.53311539e+01 
269 389.41 1.41029861e+02 4.94888191e+01 
270 390.22 1.51827240e+02 5.30518265e+01 
271 391.02 1.55278732e+02 5.41819725e+01 
272 391.83 1.41043945e+02 4.94435577e+01 
273 392.64 1.14192329e+02 4.05283012e+01 
274 393.45 1.06701118e+02 3.80299644e+01 
275 394.26 1.28875259e+02 4.53722839e+01 
276 395.07 1.47032181e+02 5.13833961e+01 
277 395.87 1.37163376e+02 4.80976181e+01 
278 396.68 1.27582306e+02 4.49044571e+01 
279 397.49 1.51296356e+02 5.27541428e+01 
280 398.30 1.87927689e+02 6.48899460e+01 
281 399.11 2.11237122e+02 7.26115341e+01 
282 399.91 2.22409180e+02 7.63048172e+01 
283 400.72 2.30299988e+02 7.89114456e+01 
284 401.53 2.36899704e+02 8.10869522e+01 
285 402.34 2.38424225e+02 8.15845871e+01 
286 403.15 2.36910172e+02 8.10679092e+01 
287 403.95 2.35204239e+02 8.04952545e+01 
288 404.76 2.33895111e+02 8.00467377e+01 
289 405.57 2.32089706e+02 7.94400864e+01 
290 406.38 2.31967102e+02 7.94006348e+01 
291 407.18 2.36609268e+02 8.09169922e+01 
292 407.99 2.45207474e+02 8.37580109e+01 
293 408.80 2.48771637e+02 8.49339218e+01 
294 409.61 2.44432678e+02 8.34826965e+01 
295 410.41 2.47111069e+02 8.43616333e+01 
296 411.22 2.59070099e+02 8.83154297e+01 
297 412.03 2.66205566e+02 9.06738586e+01 
298 412.84 2.67730927e+02 9.11747894e+01 
299 413.64 2.68598083e+02 9.14520035e+01 
300 414.45 2.70500610e+02 9.20718155e+01 
301 415.26 2.73762604e+02 9.31470871e+01 
302 416.07 2.76373932e+02 9.40070267e+01 
303 416.87 2.74664093e+02 9.34256058e+01 
304 417.68 2.71904022e+02 9.25005264e+01 
305 418.49 2.72175812e+02 9.25818329e+01 
306 419.30 2.74525116e+02 9.33541718e+01 
307 420.10 2.80289520e+02 9.52580719e+01 
308 420.91 2.86327209e+02 9.72519760e+01 
309 421.72 2.84589600e+02 9.66669464e+01 
310 422.52 2.80441284e+02 9.52853851e+01 
311 423.33 2.81557983e+02 9.56494064e+01 
312 424.14 2.85269653e+02 9.68728867e+01 
313 424.95 2.86520111e+02 9.72793655e+01 
314 425.75 2.85772186e+02 9.70229950e+01 
315 426.56 2.83348236e+02 9.62098236e+01 
316 427.37 2.81101898e+02 9.54544983e+01 
317 428.17 2.76326447e+02 9.38719711e+01 
318 428.98 2.62395294e+02 8.92374802e+01 
319 429.79 2.46111557e+02 8.38466263e+01 
320 430.59 2.48985580e+02 8.47769852e+01 
321 431.40 2.73167114e+02 9.27902145e+01 
322 432.21 2.95369049e+02 1.00146309e+02 
323 433.01 3.02572235e+02 1.02529724e+02 
324 433.82 3.04066162e+02 1.03018082e+02 
325 434.63 3.12309204e+02 1.05747292e+02 
326 435.43 3.25840576e+02 1.10227203e+02 
327 436.24 3.33854950e+02 1.12880394e+02 
328 437.05 3.29875214e+02 1.11551208e+02 
329 437.85 3.21319397e+02 1.08706680e+02 
330 438.66 3.20119781e+02 1.08303230e+02 
331 439.47 3.26848511e+02 1.10532867e+02 
332 440.27 3.37049072e+02 1.13907417e+02 
333 441.08 3.49284393e+02 1.17960182e+02 
334 441.89 3.59907684e+02 1.21476852e+02 
335 442.69 3.65563934e+02 1.23348755e+02 
336 443.50 3.68537079e+02 1.24326706e+02 
337 444.30 3.68672333e+02 1.24366951e+02 
338 445.11 3.65878143e+02 1.23436523e+02 
339 445.92 3.67096436e+02 1.23834290e+02 
340 446.72 3.75482391e+02 1.26611420e+02 
341 447.53 3.84606537e+02 1.29628937e+02 
342 448.33 3.91078918e+02 1.31769226e+02 
343 449.14 3.97829956e+02 1.34005676e+02 
344 449.95 4.06450287e+02 1.36858337e+02 
345 450.75 4.10589539e+02 1.38227707e+02 
346 451.56 4.05370239e+02 1.36489197e+02 
347 452.36 3.95807098e+02 1.33314117e+02 
348 453.17 3.92282135e+02 1.32138107e+02 
349 453.98 3.94297668e+02 1.32801636e+02 
350 454.78 3.99441284e+02 1.34503342e+02 
351 455.59 4.05656921e+02 1.36560059e+02 
352 456.39 4.10667023e+02 1.38216125e+02 
353 457.20 4.11957794e+02 1.38640472e+02 
354 458.00 4.09759308e+02 1.37905411e+02 
355 458.81 4.08772766e+02 1.37575211e+02 
356 459.61 4.11164154e+02 1.38363556e+02 
357 460.42 4.16239380e+02 1.40039413e+02 
358 461.23 4.21534973e+02 1.41790100e+02 
359 462.03 4.23872742e+02 1.42560928e+02 
360 462.84 4.22348602e+02 1.42050568e+02 
361 463.64 4.18424988e+02 1.40747025e+02 
362 464.45 4.15505402e+02 1.39775818e+02 
363 465.25 4.13821289e+02 1.39211411e+02 
364 466.06 4.12743286e+02 1.38851852e+02 
365 466.86 4.12921265e+02 1.38904007e+02 
366 467.67 4.14907318e+02 1.39559601e+02 
367 468.47 4.16530792e+02 1.40095795e+02 
368 469.28 4.15797150e+02 1.39845108e+02 
369 470.08 4.15343170e+02 1.39697357e+02 
370 470.89 4.19716003e+02 1.41141113e+02 
371 471.69 4.25818848e+02 1.43162933e+02 
372 472.50 4.29456512e+02 1.44367645e+02 
373 473.30 4.32228333e+02 1.45283478e+02 
374 474.11 4.34714752e+02 1.46107452e+02 
375 474.91 4.35731232e+02 1.46445374e+02 
376 475.72 4.36530548e+02 1.46708481e+02 
377 476.52 4.39266022e+02 1.47615799e+02 
378 477.33 4.43995117e+02 1.49180542e+02 
379 478.13 4.47956818e+02 1.50487518e+02 
380 478.93 4.49962219e+02 1.51147812e+02 
381 479.74 4.51616028e+02 1.51689804e+02 
382 480.54 4.52668182e+02 1.52030594e+02 
383 481.35 4.52885864e+02 1.52097351e+02 
384 482.15 4.51039185e+02 1.51476624e+02 
385 482.96 4.47731964e+02 1.50374542e+02 
386 483.76 4.40752533e+02 1.48054810e+02 
387 484.57 4.26475403e+02 1.43318573e+02 
388 485.37 4.08330048e+02 1.37295395e+02 
389 486.17 4.00053986e+02 1.34545029e+02 
390 486.98 4.05576050e+02 1.36371078e+02 
391 487.78 4.17648804e+02 1.40370010e+02 
392 488.59 4.30149597e+02 1.44516693e+02 
393 489.39 4.40066437e+02 1.47804184e+02 
394 490.19 4.43282806e+02 1.48865952e+02 
395 491.00 4.40811127e+02 1.48042542e+02 
396 491.80 4.37786835e+02 1.47037811e+02 
397 492.61 4.38665222e+02 1.47323135e+02 
398 493.41 4.44102722e+02 1.49124329e+02 
399 494.21 4.49985565e+02 1.51074066e+02 
400 495.02 4.53108032e+02 1.52104309e+02 
401 495.82 4.54798462e+02 1.52664154e+02 
402 496.63 4.53551361e+02 1.52248093e+02 
403 497.43 4.50010468e+02 1.51071503e+02 
404 498.23 4.46391632e+02 1.49868103e+02 
405 499.04 4.43264771e+02 1.48829208e+02 
406 499.84 4.38662689e+02 1.47301041e+02 
407 500.64 4.34755463e+02 1.46002411e+02 
408 501.45 4.33870117e+02 1.45705704e+02 
409 502.25 4.36071777e+02 1.46433670e+02 
410 503.05 4.38534149e+02 1.47247772e+02 
411 503.86 4.41757721e+02 1.48315720e+02 
412 504.66 4.47664246e+02 1.50272949e+02 
413 505.46 4.51915527e+02 1.51678757e+02 
414 506.27 4.52981659e+02 1.52029099e+02 
415 507.07 4.50389343e+02 1.51169312e+02 
416 507.87 4.48995605e+02 1.50704193e+02 
417 508.68 4.49603302e+02 1.50902176e+02 
418 509.48 4.51511810e+02 1.51536804e+02 
419 510.28 4.53626984e+02 1.52235626e+02 
420 511.08 4.54001495e+02 1.52355286e+02 
421 511.89 4.51360748e+02 1.51477051e+02 
422 512.69 4.46077606e+02 1.49721024e+02 
423 513.49 4.41408234e+02 1.48170822e+02 
424 514.30 4.38393951e+02 1.47168106e+02 
425 515.10 4.32054291e+02 1.45065109e+02 
426 515.90 4.19232544e+02 1.40809296e+02 
427 516.70 4.06681244e+02 1.36647995e+02 
428 517.51 4.02015503e+02 1.35095337e+02 
429 518.31 4.07244995e+02 1.36827301e+02 
430 519.11 4.17822876e+02 1.40334839e+02 
431 519.91 4.27914520e+02 1.43680008e+02 
432 520.72 4.34729492e+02 1.45938095e+02 
433 521.52 4.37117462e+02 1.46730637e+02 
434 522.32 4.38110626e+02 1.47055069e+02 
435 523.12 4.41562103e+02 1.48199234e+02 
436 523.93 4.45095184e+02 1.49371872e+02 
437 524.73 4.43723816e+02 1.48916595e+02 
438 525.53 4.35321289e+02 1.46126556e+02 
439 526.33 4.26221588e+02 1.43107758e+02 
440 527.13 4.26021576e+02 1.43042297e+02 
441 527.94 4.33235931e+02 1.45435410e+02 
442 528.74 4.42032532e+02 1.48349365e+02 
443 529.54 4.48557251e+02 1.50514099e+02 
444 530.34 4.51919647e+02 1.51622742e+02 
445 531.14 4.50182739e+02 1.51049789e+02 
446 531.95 4.44799408e+02 1.49265106e+02 
447 532.75 4.41257446e+02 1.48084351e+02 
448 533.55 4.41755951e+02 1.48243744e+02 
449 534.35 4.45717865e+02 1.49557922e+02 
450 535.15 4.48427704e+02 1.50456421e+02 
451 535.95 4.47474792e+02 1.50138901e+02 
452 536.76 4.44812531e+02 1.49253464e+02 
453 537.56 4.43033325e+02 1.48663452e+02 
454 538.36 4.40132141e+02 1.47695862e+02 
455 539.16 4.35196320e+02 1.46057632e+02 
456 539.96 4.31355011e+02 1.44779907e+02 
457 540.76 4.30277130e+02 1.44419281e+02 
458 541.56 4.32255005e+02 1.45076752e+02 
459 542.36 4.34802338e+02 1.45922729e+02 
460 543.17 4.37711456e+02 1.46884186e+02 
461 543.97 4.39832428e+02 1.47597122e+02 
462 544.77 4.40794250e+02 1.47905243e+02 
463 545.57 4.39935547e+02 1.47619858e+02 
464 546.37 4.37584961e+02 1.46841446e+02 
465 547.17 4.34512024e+02 1.45818802e+02 
466 547.97 4.33581055e+02 1.45509842e+02 
467 548.77 4.33592499e+02 1.45508484e+02 
468 549.57 4.33947449e+02 1.45626144e+02 
469 550.37 4.33320587e+02 1.45418991e+02 
470 551.17 4.32510254e+02 1.45144897e+02 
471 551.97 4.31691284e+02 1.44871292e+02 
472 552.78 4.31505493e+02 1.44809570e+02 
473 553.58 4.32335907e+02 1.45087326e+02 
474 554.38 4.32829956e+02 1.45250732e+02 
475 555.18 4.31049316e+02 1.44659149e+02 
476 555.98 4.28147675e+02 1.43695740e+02 
477 556.78 4.24005157e+02 1.42324829e+02 
478 557.58 4.19211060e+02 1.40727417e+02 
479 558.38 4.15328583e+02 1.39441513e+02 
480 559.18 4.14378296e+02 1.39125946e+02 
481 559.98 4.15247162e+02 1.39423981e+02 
482 560.78 4.16814056e+02 1.39932053e+02 
483 561.58 4.19511627e+02 1.40827179e+02 
484 562.38 4.21058411e+02 1.41340073e+02 
485 563.18 4.21544830e+02 1.41499146e+02 
486 563.98 4.22055054e+02 1.41670135e+02 
487 564.78 4.21478027e+02 1.41481781e+02 
488 565.58 4.20081635e+02 1.41019867e+02 
489 566.38 4.20468292e+02 1.41151764e+02 
490 567.18 4.21796265e+02 1.41590347e+02 
491 567.98 4.22530273e+02 1.41835678e+02 
492 568.78 4.21713074e+02 1.41563553e+02 
493 569.58 4.19687775e+02 1.40895889e+02 
494 570.38 4.17899536e+02 1.40301743e+02 
495 571.17 4.19641693e+02 1.40881668e+02 
496 571.97 4.25251923e+02 1.42747467e+02 
497 572.77 4.30603210e+02 1.44524780e+02 
498 573.57 4.33545929e+02 1.45498703e+02 
499 574.37 4.32175018e+02 1.45046188e+02 
500 575.17 4.29810425e+02 1.44265182e+02 
501 575.97 4.28982697e+02 1.43988892e+02 
502 576.77 4.27401733e+02 1.43467484e+02 
503 577.57 4.24831055e+02 1.42614334e+02 
504 578.37 4.22108093e+02 1.41702576e+02 
505 579.17 4.21204712e+02 1.41395340e+02 
506 579.96 4.21411499e+02 1.41462662e+02 
507 580.76 4.21636017e+02 1.41530609e+02 
508 581.56 4.21936127e+02 1.41630829e+02 
509 582.36 4.21778778e+02 1.41567963e+02 
510 583.16 4.20323944e+02 1.41078751e+02 
511 583.96 4.16246857e+02 1.39725357e+02 
512 584.76 4.10978302e+02 1.37975998e+02 
513 585.56 4.06126678e+02 1.36365707e+02 
514 586.35 4.03049774e+02 1.35343704e+02 
515 587.15 3.97942596e+02 1.33649750e+02 
516 587.95 3.87662231e+02 1.30237152e+02 
517 588.75 3.77279907e+02 1.26793282e+02 
518 589.55 3.73724518e+02 1.25611664e+02 
519 590.35 3.76904999e+02 1.26668251e+02 
520 591.14 3.82094147e+02 1.28387665e+02 
521 591.94 3.85307098e+02 1.29449814e+02 
522 592.74 3.86260651e+02 1.29766479e+02 
523 593.54 3.85715302e+02 1.29580444e+02 
524 594.34 3.84995026e+02 1.29347260e+02 
525 595.13 3.85839142e+02 1.29626404e+02 
526 595.93 3.87023254e+02 1.30014374e+02 
527 596.73 3.87877960e+02 1.30294922e+02 
528 597.53 3.88094604e+02 1.30368073e+02 
529 598.32 3.87811340e+02 1.30270950e+02 
530 599.12 3.87590698e+02 1.30198151e+02 
531 599.92 3.87169434e+02 1.30057510e+02 
532 600.72 3.86588348e+02 1.29859924e+02 
533 601.51 3.87048737e+02 1.30013474e+02 
534 602.31 3.89957794e+02 1.30978424e+02 
535 603.11 3.94008423e+02 1.32320358e+02 
536 603.91 3.97670044e+02 1.33531113e+02 
537 604.70 3.99280151e+02 1.34064896e+02 
538 605.50 3.99976440e+02 1.34297226e+02 
539 606.30 4.00059753e+02 1.34321747e+02 
540 607.10 3.99605927e+02 1.34170441e+02 
541 607.89 3.97950958e+02 1.33624130e+02 
542 608.69 3.96578705e+02 1.33165283e+02 
543 609.49 3.95300568e+02 1.32738495e+02 
544 610.28 3.95551392e+02 1.32821594e+02 
545 611.08 3.96406708e+02 1.33103729e+02 
546 611.88 3.96298523e+02 1.33065857e+02 
547 612.67 3.95006470e+02 1.32640320e+02 
548 613.47 3.93443634e+02 1.32116348e+02 
549 614.27 3.92432404e+02 1.31783127e+02 
550 615.06 3.90186829e+02 1.31034668e+02 
551 615.86 3.86925690e+02 1.29951324e+02 
552 616.66 3.86473358e+02 1.29803314e+02 
553 617.45 3.88762726e+02 1.30561844e+02 
554 618.25 3.91723236e+02 1.31540558e+02 
555 619.04 3.94032928e+02 1.32306412e+02 
556 619.84 3.95443634e+02 1.32778839e+02 
557 620.64 3.95170898e+02 1.32687317e+02 
558 621.43 3.93431641e+02 1.32106003e+02 
559 622.23 3.91018677e+02 1.31306458e+02 
560 623.02 3.88383423e+02 1.30428360e+02 
561 623.82 3.85143280e+02 1.29354172e+02 
562 624.62 3.82076172e+02 1.28334625e+02 
563 625.41 3.80346985e+02 1.27763359e+02 
564 626.21 3.79186707e+02 1.27377602e+02 
565 627.00 3.76169891e+02 1.26386940e+02 
566 627.80 3.73017670e+02 1.25343193e+02 
567 628.59 3.71360046e+02 1.24793259e+02 
568 629.39 3.71204102e+02 1.24741539e+02 
569 630.19 3.72026337e+02 1.25007973e+02 
570 630.98 3.72724030e+02 1.25234947e+02 
571 631.78 3.74561493e+02 1.25841530e+02 
572 632.57 3.76304413e+02 1.26417542e+02 
573 633.37 3.77826782e+02 1.26924553e+02 
574 634.16 3.78901245e+02 1.27278946e+02 
575 634.96 3.79299988e+02 1.27404434e+02 
576 635.75 3.79651855e+02 1.27519714e+02 
577 636.55 3.80700806e+02 1.27865723e+02 
578 637.34 3.82254089e+02 1.28381805e+02 
579 638.14 3.83076080e+02 1.28657516e+02 
580 638.93 3.81359741e+02 1.28082581e+02 
581 639.73 3.78631622e+02 1.27176254e+02 
582 640.52 3.75702240e+02 1.26205490e+02 
583 641.32 3.74133575e+02 1.25684204e+02 
584 642.11 3.73928986e+02 1.25613503e+02 
585 642.90 3.74156036e+02 1.25689232e+02 
586 643.70 3.73510864e+02 1.25474174e+02 
587 644.49 3.71702759e+02 1.24874298e+02 
588 645.29 3.68053864e+02 1.23665375e+02 
589 646.08 3.64739807e+02 1.22567429e+02 
590 646.88 3.61980103e+02 1.21649910e+02 
591 647.67 3.59797638e+02 1.20930969e+02 
592 648.46 3.56461823e+02 1.19819473e+02 
593 649.26 3.53801178e+02 1.18933701e+02 
594 650.05 3.54161316e+02 1.19050468e+02 
595 650.85 3.55292786e+02 1.19429398e+02 
596 651.64 3.55011414e+02 1.19338684e+02 
597 652.43 3.54320618e+02 1.19106758e+02 
598 653.23 3.52622070e+02 1.18538261e+02 
599 654.02 3.46483124e+02 1.16502357e+02 
600 654.81 3.32665649e+02 1.11921860e+02 
601 655.61 3.15247345e+02 1.06140594e+02 
602 656.40 3.08553284e+02 1.03918526e+02 
603 657.20 3.17548615e+02 1.06902428e+02 
604 657.99 3.29688263e+02 1.10926056e+02 
605 658.78 3.35826050e+02 1.12961830e+02 
606 659.58 3.38142212e+02 1.13727547e+02 
607 660.37 3.39990753e+02 1.14340141e+02 
608 661.16 3.41123993e+02 1.14715866e+02 
609 661.95 3.40746063e+02 1.14591743e+02 
610 662.75 3.39205292e+02 1.14077576e+02 
611 663.54 3.38292328e+02 1.13773010e+02 
612 664.33 3.39121338e+02 1.14047310e+02 
613 665.13 3.39764648e+02 1.14260422e+02 
614 665.92 3.39089478e+02 1.14036285e+02 
615 666.71 3.37740784e+02 1.13586784e+02 
616 667.50 3.37339417e+02 1.13455055e+02 
617 668.30 3.37820862e+02 1.13611786e+02 
618 669.09 3.37328735e+02 1.13451180e+02 
619 669.88 3.35778870e+02 1.12935013e+02 
620 670.67 3.34066925e+02 1.12369453e+02 
621 671.47 3.33006775e+02 1.12011887e+02 
622 672.26 3.33497772e+02 1.12175987e+02 
623 673.05 3.34998627e+02 1.12675125e+02 
624 673.84 3.35452271e+02 1.12826241e+02 
625 674.64 3.35436920e+02 1.12818039e+02 
626 675.43 3.36039246e+02 1.13018929e+02 
627 676.22 3.37493988e+02 1.13500870e+02 
628 677.01 3.38407654e+02 1.13803879e+02 
629 677.80 3.39016296e+02 1.14002831e+02 
630 678.59 3.39135437e+02 1.14044395e+02 
631 679.39 3.38710724e+02 1.13902893e+02 
632 680.18 3.38729523e+02 1.13906525e+02 
633 680.97 3.38469727e+02 1.13820915e+02 
634 681.76 3.38092438e+02 1.13694115e+02 
635 682.55 3.36766541e+02 1.13254890e+02 
636 683.34 3.34330414e+02 1.12446869e+02 
637 684.14 3.31785034e+02 1.11603455e+02 
638 684.93 3.28453674e+02 1.10496262e+02 
639 685.72 3.13098846e+02 1.05410599e+02 
640 686.51 2.82360352e+02 9.52344742e+01 
641 687.30 2.61763184e+02 8.84198227e+01 
642 688.09 2.65363647e+02 8.96177673e+01 
643 688.88 2.73991486e+02 9.24673538e+01 
644 689.67 2.79952362e+02 9.44414215e+01 
645 690.46 2.87940063e+02 9.70791168e+01 
646 691.25 2.95671875e+02 9.96385193e+01 
647 692.04 3.00879700e+02 1.01358780e+02 
648 692.84 3.02545380e+02 1.01910240e+02 
649 693.63 3.02204681e+02 1.01799324e+02 
650 694.42 3.01947815e+02 1.01714951e+02 
651 695.21 3.03440338e+02 1.02202789e+02 
652 696.00 3.06246887e+02 1.03133095e+02 
653 696.79 3.07678925e+02 1.03605064e+02 
654 697.58 3.05592468e+02 1.02913849e+02 
655 698.37 3.02054779e+02 1.01741089e+02 
656 699.16 2.98824707e+02 1.00669312e+02 
657 699.95 2.95414917e+02 9.95377502e+01 
658 700.74 2.92134644e+02 9.84515686e+01 
659 701.53 2.89794342e+02 9.76729050e+01 
660 702.32 2.89715912e+02 9.76466904e+01 
661 703.11 2.91720123e+02 9.83081818e+01 
662 703.90 2.94046753e+02 9.90781708e+01 
663 704.69 2.94531769e+02 9.92402344e+01 
664 705.48 2.93071320e+02 9.87546005e+01 
665 706.27 2.91975067e+02 9.83909912e+01 
666 707.05 2.91313965e+02 9.81713257e+01 
667 707.84 2.90320435e+02 9.78414764e+01 
668 708.63 2.88928955e+02 9.73780441e+01 
669 709.42 2.88489166e+02 9.72331772e+01 
670 710.21 2.87997375e+02 9.70679932e+01 
671 711.00 2.86527313e+02 9.65793839e+01 
672 711.79 2.85267090e+02 9.61622620e+01 
673 712.58 2.84431396e+02 9.58838272e+01 
674 713.37 2.83326202e+02 9.55169144e+01 
675 714.16 2.80929443e+02 9.47219315e+01 
676 714.95 2.77662720e+02 9.36382217e+01 
677 715.73 2.70944000e+02 9.14096985e+01 
678 716.52 2.56958496e+02 8.67842407e+01 
679 717.31 2.40897842e+02 8.14690857e+01 
680 718.10 2.28402390e+02 7.73258438e+01 
681 718.89 2.22498734e+02 7.53679504e+01 
682 719.68 2.23969193e+02 7.58528290e+01 
683 720.46 2.33991898e+02 7.91713638e+01 
684 721.25 2.48894485e+02 8.41036530e+01 
685 722.04 2.55313293e+02 8.62293549e+01 
686 722.83 2.49218903e+02 8.42139969e+01 
687 723.62 2.39863235e+02 8.11118240e+01 
688 724.40 2.36116058e+02 7.98700943e+01 
689 725.19 2.37169495e+02 8.02208023e+01 
690 725.98 2.39822083e+02 8.10997238e+01 
691 726.77 2.40533829e+02 8.13370056e+01 
692 727.56 2.40154144e+02 8.12064133e+01 
693 728.34 2.40178177e+02 8.12140808e+01 
694 729.13 2.41254791e+02 8.15733109e+01 
695 729.92 2.44235413e+02 8.25602036e+01 
696 730.71 2.46855453e+02 8.34287262e+01 
697 731.49 2.51915665e+02 8.51044464e+01 
698 732.28 2.58893677e+02 8.74123077e+01 
699 733.07 2.64932831e+02 8.94106827e+01 
700 733.85 2.68937103e+02 9.07388000e+01 
701 734.64 2.69112000e+02 9.07965851e+01 
702 735.43 2.68014526e+02 9.04309311e+01 
703 736.22 2.68449860e+02 9.05792084e+01 
704 737.00 2.70464020e+02 9.12434998e+01 
705 737.79 2.69967926e+02 9.10801163e+01 
706 738.58 2.68064575e+02 9.04456100e+01 
707 739.36 2.68961792e+02 9.07427368e+01 
708 740.15 2.70270477e+02 9.11766205e+01 
709 740.94 2.69528198e+02 9.09298019e+01 
710 741.72 2.68864838e+02 9.07099991e+01 
711 742.51 2.70070129e+02 9.11115265e+01 
712 743.29 2.70897980e+02 9.13835983e+01 
713 744.08 2.69564728e+02 9.09430466e+01 
714 744.87 2.68207886e+02 9.04908752e+01 
715 745.65 2.68093048e+02 9.04539413e+01 
716 746.44 2.68498505e+02 9.05895538e+01 
717 747.22 2.68765503e+02 9.06788635e+01 
718 748.01 2.67751099e+02 9.03402252e+01 
719 748.80 2.65402344e+02 8.95618744e+01 
720 749.58 2.63310455e+02 8.88692856e+01 
721 750.37 2.61907013e+02 8.84020386e+01 
722 751.15 2.60526672e+02 8.79443283e+01 
723 751.94 2.58816742e+02 8.73789749e+01 
724 752.72 2.57598175e+02 8.69745789e+01 
725 753.51 2.57085297e+02 8.68021088e+01 
726 754.29 2.56093842e+02 8.64722061e+01 
727 755.08 2.53654846e+02 8.56653061e+01 
728 755.86 2.50907043e+02 8.47540817e+01 
729 756.65 2.48904053e+02 8.40886459e+01 
730 757.43 2.45775818e+02 8.30528412e+01 
731 758.22 2.30520020e+02 7.79956894e+01 
732 759.00 1.79454330e+02 6.10784378e+01 
733 759.79 1.07774422e+02 3.73648071e+01 
734 760.57 7.23731384e+01 2.56948261e+01 
735 761.36 8.54280090e+01 3.00320911e+01 
736 762.14 9.98510056e+01 3.48217926e+01 
737 762.93 9.97225113e+01 3.47949028e+01 
738 763.71 1.06999344e+02 3.71950607e+01 
739 764.50 1.26088646e+02 4.34708824e+01 
740 765.28 1.49412827e+02 5.11587372e+01 
741 766.06 1.71974915e+02 5.86090889e+01 
742 766.85 1.91744186e+02 6.51446075e+01 
743 767.63 2.06218033e+02 6.99374619e+01 
744 768.42 2.14345840e+02 7.26250153e+01 
745 769.20 2.18997009e+02 7.41660614e+01 
746 769.98 2.21787460e+02 7.50901566e+01 
747 770.77 2.22677536e+02 7.53833923e+01 
748 771.55 2.22266800e+02 7.52451324e+01 
749 772.33 2.22776901e+02 7.54161835e+01 
750 773.12 2.23506699e+02 7.56552963e+01 
751 773.90 2.22717545e+02 7.53952103e+01 
752 774.68 2.21617767e+02 7.50311737e+01 
753 775.47 2.21371765e+02 7.49487839e+01 
754 776.25 2.21289734e+02 7.49196701e+01 
755 777.03 2.20237213e+02 7.45719070e+01 
756 777.82 2.19321182e+02 7.42656326e+01 
757 778.60 2.18213242e+02 7.38973465e+01 
758 779.38 2.16830719e+02 7.34401093e+01 
759 780.17 2.16325256e+02 7.32715073e+01 
760 780.95 2.16571350e+02 7.33548126e+01 
761 781.73 2.16814346e+02 7.34480515e+01 
762 782.51 2.15474655e+02 7.29910431e+01 
763 783.30 2.13711823e+02 7.24067917e+01 
764 784.08 2.13020264e+02 7.21766434e+01 
765 784.86 2.13052582e+02 7.21858215e+01 
766 785.64 2.12918716e+02 7.21406326e+01 
767 786.43 2.11865387e+02 7.17919769e+01 
768 787.21 2.09657471e+02 7.10604019e+01 
769 787.99 2.07331360e+02 7.02866287e+01 
770 788.77 2.05684341e+02 6.97429504e+01 
771 789.55 2.04780960e+02 6.94423447e+01 
772 790.34 2.04141129e+02 6.92303238e+01 
773 791.12 2.03023148e+02 6.88616867e+01 
774 791.90 2.01383942e+02 6.83152542e+01 
775 792.68 1.99752213e+02 6.77748489e+01 
776 793.46 1.98942200e+02 6.75040588e+01 
777 794.24 1.99041611e+02 6.75361404e+01 
778 795.02 1.98626328e+02 6.73997421e+01 
779 795.81 1.98123291e+02 6.72348022e+01 
780 796.59 1.98436279e+02 6.73347473e+01 
781 797.37 1.99588394e+02 6.77182312e+01 
782 798.15 2.00515045e+02 6.80250626e+01 
783 798.93 1.99624374e+02 6.77279739e+01 
784 799.71 1.97149658e+02 6.69089203e+01 
785 800.49 1.95389313e+02 6.63251038e+01 
786 801.27 1.94497360e+02 6.60295715e+01 
787 802.05 1.94730515e+02 6.61044235e+01 
788 802.83 1.94762253e+02 6.61163940e+01 
789 803.61 1.93769714e+02 6.57872162e+01 
790 804.39 1.92676605e+02 6.54261017e+01 
791 805.18 1.92474518e+02 6.53566895e+01 
792 805.96 1.93107773e+02 6.55668106e+01 
793 806.74 1.93404541e+02 6.56656189e+01 
794 807.52 1.92569275e+02 6.53887100e+01 
795 808.30 1.90059769e+02 6.45557632e+01 
796 809.08 1.87238052e+02 6.36210480e+01 
797 809.86 1.85088150e+02 6.29080734e+01 
798 810.64 1.83858658e+02 6.25011978e+01 
799 811.41 1.82090057e+02 6.19173050e+01 
800 812.19 1.78207840e+02 6.06306190e+01 
801 812.97 1.72067688e+02 5.85950241e+01 
802 813.75 1.65389877e+02 5.63820114e+01 
803 814.53 1.59702377e+02 5.45020409e+01 
804 815.31 1.55658783e+02 5.31645241e+01 
805 816.09 1.53091400e+02 5.23145180e+01 
806 816.87 1.51346710e+02 5.17343597e+01 
807 817.65 1.50198502e+02 5.13467445e+01 
808 818.43 1.50375320e+02 5.14054680e+01 
809 819.21 1.53068054e+02 5.22931252e+01 
810 819.99 1.56934586e+02 5.35767746e+01 
811 820.77 1.58072372e+02 5.39522247e+01 
812 821.54 1.53798248e+02 5.25363960e+01 
813 822.32 1.48079147e+02 5.06402626e+01 
814 823.10 1.46362534e+02 5.00759964e+01 
815 823.88 1.49861923e+02 5.12276611e+01 
816 824.66 1.55675613e+02 5.31541824e+01 
817 825.44 1.59361786e+02 5.43772697e+01 
818 826.21 1.58932831e+02 5.42345886e+01 
819 826.99 1.55707382e+02 5.31677856e+01 
820 827.77 1.52742081e+02 5.21807823e+01 
821 828.55 1.51372208e+02 5.17266579e+01 
822 829.33 1.52045547e+02 5.19512672e+01 
823 830.10 1.53130417e+02 5.23120575e+01 
824 830.88 1.53342880e+02 5.23807640e+01 
825 831.66 1.52781921e+02 5.21950531e+01 
826 832.44 1.52041412e+02 5.19473839e+01 
827 833.21 1.52610001e+02 5.21317520e+01 
828 833.99 1.54467377e+02 5.27462730e+01 
829 834.77 1.56637314e+02 5.34686890e+01 
830 835.55 1.57871674e+02 5.38775406e+01 
831 836.32 1.57832535e+02 5.38638039e+01 
832 837.10 1.57098526e+02 5.36179237e+01 
833 837.88 1.56754532e+02 5.35047417e+01 
834 838.65 1.57206131e+02 5.36550102e+01 
835 839.43 1.57985977e+02 5.39118652e+01 
836 840.21 1.58162613e+02 5.39688530e+01 
837 840.98 1.57243484e+02 5.36651077e+01 
838 841.76 1.55629639e+02 5.31284790e+01 
839 842.54 1.54144348e+02 5.26374969e+01 
840 843.31 1.53756210e+02 5.25071335e+01 
841 844.09 1.54132919e+02 5.26337204e+01 
842 844.87 1.54783752e+02 5.28488121e+01 
843 845.64 1.54402649e+02 5.27211113e+01 
844 846.42 1.53137375e+02 5.23022690e+01 
845 847.19 1.50956161e+02 5.15791740e+01 
846 847.97 1.48777802e+02 5.08552933e+01 
847 848.75 1.47259140e+02 5.03530350e+01 
848 849.52 1.46176056e+02 4.99935570e+01 
849 850.30 1.45453079e+02 4.97530479e+01 
850 851.07 1.43980103e+02 4.92645950e+01 
851 851.85 1.41534607e+02 4.84519920e+01 
852 852.62 1.38691635e+02 4.75104980e+01 
853 853.40 1.36806213e+02 4.68910408e+01 
854 854.17 1.36415771e+02 4.67567406e+01 
855 854.95 1.37972916e+02 4.72717857e+01 
856 855.72 1.40526428e+02 4.81188927e+01 
857 856.50 1.42650497e+02 4.88233757e+01 
858 857.27 1.43743881e+02 4.91853371e+01 
859 858.05 1.43978867e+02 4.92634468e+01 
860 858.82 1.44070206e+02 4.92918243e+01 
861 859.60 1.44439209e+02 4.94147835e+01 
862 860.37 1.44411987e+02 4.94049149e+01 
863 861.15 1.43716827e+02 4.91746788e+01 
864 861.92 1.42404480e+02 4.87417145e+01 
865 862.69 1.40514328e+02 4.81146851e+01 
866 863.47 1.38310898e+02 4.73824348e+01 
867 864.24 1.36149490e+02 4.66640320e+01 
868 865.02 1.34374725e+02 4.60765877e+01 
869 865.79 1.32747253e+02 4.55356941e+01 
870 866.56 1.31275894e+02 4.50496597e+01 
871 867.34 1.30809174e+02 4.48934669e+01 
872 868.11 1.31080276e+02 4.49874916e+01 
873 868.89 1.32086792e+02 4.53205147e+01 
874 869.66 1.33266785e+02 4.57117577e+01 
875 870.43 1.33770828e+02 4.58830528e+01 
876 871.21 1.33649887e+02 4.58427200e+01 
877 871.98 1.32833786e+02 4.55724525e+01 
878 872.75 1.31398682e+02 4.50937920e+01 
879 873.53 1.30141632e+02 4.46785965e+01 
880 874.30 1.29130402e+02 4.43416519e+01 
881 875.07 1.29043091e+02 4.43147812e+01 
882 875.84 1.29087097e+02 4.43278122e+01 
883 876.62 1.28965134e+02 4.42901077e+01 
884 877.39 1.28262817e+02 4.40573883e+01 
885 878.16 1.27326691e+02 4.37528725e+01 
886 878.93 1.26437645e+02 4.34647408e+01 
887 879.71 1.26348221e+02 4.34451485e+01 
888 880.48 1.27218529e+02 4.37458725e+01 
889 881.25 1.28576309e+02 4.42112045e+01 
890 882.02 1.29866348e+02 4.46533279e+01 
891 882.80 1.30214386e+02 4.47795563e+01 
892 883.57 1.29802628e+02 4.46494408e+01 
893 884.34 1.28623978e+02 4.42609558e+01 
894 885.11 1.27484840e+02 4.38823242e+01 
895 885.88 1.26719749e+02 4.36311607e+01 
896 886.65 1.26159470e+02 4.34449883e+01 
897 887.43 1.25656960e+02 4.32768745e+01 
898 888.20 1.24809822e+02 4.29915543e+01 
899 888.97 1.23678734e+02 4.26104736e+01 
900 889.74 1.21978630e+02 4.20391464e+01 
901 890.51 1.20096413e+02 4.14073944e+01 
902 891.28 1.18170441e+02 4.07640610e+01 
903 892.05 1.16016571e+02 4.00437737e+01 
904 892.82 1.13718582e+02 3.92803650e+01 
905 893.59 1.10919991e+02 3.83522911e+01 
906 894.36 1.07684517e+02 3.72761726e+01 
907 895.13 1.04174431e+02 3.61154594e+01 
908 895.91 1.00337036e+02 3.48386574e+01 
909 896.68 9.67867966e+01 3.36589012e+01 
910 897.45 9.38726349e+01 3.26914902e+01 
911 898.22 9.15554886e+01 3.19205418e+01 
912 898.99 9.00571899e+01 3.14251480e+01 
913 899.76 8.91272736e+01 3.11110172e+01 
914 900.53 8.89830246e+01 3.10586796e+01 
915 901.30 8.93253403e+01 3.11684303e+01 
916 902.07 8.99825516e+01 3.13816605e+01 
917 902.84 9.08575134e+01 3.16681309e+01 
918 903.61 9.16637955e+01 3.19331608e+01 
919 904.37 9.18035355e+01 3.19762878e+01 
920 905.14 9.11613770e+01 3.17590389e+01 
921 905.91 8.95454178e+01 3.12225761e+01 
922 906.68 8.71838837e+01 3.04391632e+01 
923 907.45 8.46587982e+01 2.96039600e+01 
924 908.22 8.25280533e+01 2.88945007e+01 
925 908.99 8.09337463e+01 2.83665714e+01 
926 909.76 7.99776154e+01 2.80470562e+01 
927 910.53 7.94627380e+01 2.78767757e+01 
928 911.30 7.90800476e+01 2.77516651e+01 
929 912.06 7.86295319e+01 2.76002731e+01 
930 912.83 7.79789734e+01 2.73845711e+01 
931 913.60 7.71872253e+01 2.71225891e+01 
932 914.37 7.67860031e+01 2.69878807e+01 
933 915.14 7.65453796e+01 2.69094353e+01 
934 915.91 7.65934830e+01 2.69240475e+01 
935 916.67 7.70639114e+01 2.70814152e+01 
936 917.44 7.76012650e+01 2.72565060e+01 
937 918.21 7.78781281e+01 2.73446712e+01 
938 918.98 7.81921310e+01 2.74505520e+01 
939 919.75 7.83945465e+01 2.75142765e+01 
940 920.51 7.83276672e+01 2.74917660e+01 
941 921.28 7.81352768e+01 2.74273129e+01 
942 922.05 7.76486206e+01 2.72643909e+01 
943 922.81 7.67793503e+01 2.69767418e+01 
944 923.58 7.54191742e+01 2.65252171e+01 
945 924.35 7.36310425e+01 2.59322891e+01 
946 925.12 7.14727707e+01 2.52192001e+01 
947 925.88 6.87929459e+01 2.43314381e+01 
948 926.65 6.57491837e+01 2.33265438e+01 
949 927.42 6.22890167e+01 2.21770229e+01 
950 928.18 5.84550552e+01 2.09084225e+01 
951 928.95 5.40707245e+01 1.94612122e+01 
952 929.72 4.95360870e+01 1.79583969e+01 
953 930.48 4.49007225e+01 1.64249935e+01 
954 931.25 4.03987656e+01 1.49358015e+01 
955 932.01 3.64366112e+01 1.36252489e+01 
956 932.78 3.31234741e+01 1.25317783e+01 
957 933.55 3.06363220e+01 1.17107038e+01 
958 934.31 2.88705139e+01 1.11240501e+01 
959 935.08 2.78071976e+01 1.07693167e+01 
960 935.84 2.73540058e+01 1.06162119e+01 
961 936.61 2.73018856e+01 1.05993328e+01 
962 937.38 2.74561577e+01 1.06455021e+01 
963 938.14 2.77701244e+01 1.07497797e+01 
964 938.91 2.80825024e+01 1.08489342e+01 
965 939.67 2.84418335e+01 1.09676008e+01 
966 940.44 2.84887333e+01 1.09810295e+01 
967 941.20 2.82925949e+01 1.09128742e+01 
968 941.97 2.79452744e+01 1.08016977e+01 
969 942.73 2.74792709e+01 1.06413574e+01 
970 943.50 2.68203659e+01 1.04269590e+01 
971 944.26 2.61705017e+01 1.02118692e+01 
972 945.02 2.58851929e+01 1.01173477e+01 
973 945.79 2.58506603e+01 1.01107445e+01 
974 946.55 2.59926682e+01 1.01545258e+01 
975 947.32 2.62559757e+01 1.02422409e+01 
976 948.08 2.66678715e+01 1.03770466e+01 
977 948.85 2.70754013e+01 1.05070448e+01 
978 949.61 2.74514771e+01 1.06331940e+01 
979 950.37 2.78559933e+01 1.07652655e+01 
980 951.14 2.82534924e+01 1.09001379e+01 
981 951.90 2.86660023e+01 1.10374765e+01 
982 952.66 2.90426884e+01 1.11595306e+01 
983 953.43 2.94226379e+01 1.12827539e+01 
984 954.19 2.98116570e+01 1.14148188e+01 
985 954.96 3.02487965e+01 1.15614271e+01 
986 955.72 3.06853142e+01 1.17018394e+01 
987 956.48 3.10471687e+01 1.18227901e+01 
988 957.24 3.16405697e+01 1.20198584e+01 
989 958.01 3.22256012e+01 1.22076483e+01 
990 958.77 3.28937645e+01 1.24343204e+01 
991 959.53 3.34945145e+01 1.26310539e+01 
992 960.30 3.42050896e+01 1.28700790e+01 
993 961.06 3.49264297e+01 1.31065302e+01 
994 961.82 3.56941719e+01 1.33598032e+01 
995 962.58 3.64796715e+01 1.36228075e+01 
996 963.34 3.73156509e+01 1.39003305e+01 
997 964.11 3.82658615e+01 1.42150412e+01 
998 964.87 3.91681976e+01 1.45107641e+01 
999 965.63 4.00377579e+01 1.47979269e+01 
1000 966.39 4.08337860e+01 1.50651560e+01 
1001 967.15 4.15472679e+01 1.53032999e+01 
1002 967.92 4.21795311e+01 1.55106192e+01 
1003 968.68 4.27628899e+01 1.57075710e+01 
1004 969.44 4.31787567e+01 1.58454781e+01 
1005 970.20 4.35415001e+01 1.59649677e+01 
1006 970.96 4.36733131e+01 1.60059757e+01 
1007 971.72 4.36772804e+01 1.60095177e+01 
1008 972.48 4.34185829e+01 1.59235134e+01 
1009 973.24 4.30799828e+01 1.58127918e+01 
1010 974.01 4.27253075e+01 1.56949663e+01 
1011 974.77 4.23980217e+01 1.55841761e+01 
1012 975.53 4.21556282e+01 1.55045738e+01 
1013 976.29 4.20964737e+01 1.54855862e+01 
1014 977.05 4.19977570e+01 1.54534836e+01 
1015 977.81 4.19468040e+01 1.54367819e+01 
1016 978.57 4.19857635e+01 1.54514847e+01 
1017 979.33 4.19827309e+01 1.54501390e+01 
1018 980.09 4.20936813e+01 1.54905539e+01 
1019 980.85 4.21835175e+01 1.55195980e+01 
1020 981.61 4.24101372e+01 1.55945644e+01 
1021 982.37 4.25560532e+01 1.56431112e+01 
1022 983.13 4.25696373e+01 1.56468000e+01 
1023 983.89 4.24629745e+01 1.56115274e+01 
1024 984.65 4.23753014e+01 1.55855684e+01 
1025 985.41 4.23526421e+01 1.55809717e+01 
1026 986.16 4.22671890e+01 1.55502701e+01 
1027 986.92 4.21661530e+01 1.55206585e+01 
1028 987.68 4.20254974e+01 1.54731855e+01 
1029 988.44 4.16697884e+01 1.53579378e+01 
1030 989.20 4.12496376e+01 1.52200708e+01 
1031 989.96 4.09318657e+01 1.51147118e+01 
1032 990.72 4.05942345e+01 1.50015688e+01 
1033 991.48 4.02398415e+01 1.48873158e+01 
1034 992.23 3.97576180e+01 1.47248917e+01 
1035 992.99 3.92016449e+01 1.45391541e+01 
1036 993.75 3.85307388e+01 1.43200712e+01 
1037 994.51 3.79398537e+01 1.41195955e+01 
1038 995.27 3.73754730e+01 1.39351330e+01 
1039 996.03 3.65687485e+01 1.36672173e+01 
1040 996.78 2.00211406e+00 2.20928621e+00 
1041 997.54 -2.30476618e-01 1.47426248e+00 
1042 998.30 -2.88739115e-01 1.45511341e+00 
1043 999.06 -3.00500453e-01 1.47843480e+00 
