% C0 (TOA Count Rate, /ms) for 4STAR VIS spectrometer (1044 channels) derived from /data/sunsat/rooftop/Spring_2025/data_processed/allstarmats/4STARB_20250414starsun.mat and recorded on 2025-04-22 19:29:19.
% Data C0 built to match AOD from 4STARB to AERONET spline fit for NASA_Ames within 300 m [Alt] and 600 seconds, measured on 20250414. Using the AERONET file: 250414_250414_NASA_Ames.lev15 as input for this comparison. Date of creation: 22-Apr-2025 19:29:19
Pix Wavelength C0 C0err
0 171.23 0.00000000e+00 0.00000000e+00 
1 172.04 -1.88912980e+07 1.85278384e+08 
2 172.86 -2.15336380e+07 1.35692288e+08 
3 173.67 -4.71080800e+06 4.08355200e+07 
4 174.48 1.46644749e+09 1.81151949e+09 
5 175.29 9.41696896e+08 1.13882854e+09 
6 176.11 5.62799488e+08 6.67181952e+08 
7 176.92 3.52882208e+08 4.12244416e+08 
8 177.73 2.14645264e+08 2.44469760e+08 
9 178.54 1.37206544e+08 1.54227888e+08 
10 179.36 8.77791840e+07 9.60475680e+07 
11 180.17 5.63601160e+07 6.03573160e+07 
12 180.98 3.73346200e+07 3.92328360e+07 
13 181.79 2.46524200e+07 2.53943560e+07 
14 182.61 1.65925250e+07 1.67556560e+07 
15 183.42 1.12680020e+07 1.11608840e+07 
16 184.23 7.81986150e+06 7.63536350e+06 
17 185.04 5.45032000e+06 5.25038900e+06 
18 185.86 3.85730175e+06 3.62101725e+06 
19 186.67 2.70078650e+06 2.45521850e+06 
20 187.48 1.94560062e+06 1.74706838e+06 
21 188.29 1.41820938e+06 1.25143025e+06 
22 189.11 1.05374225e+06 9.14471750e+05 
23 189.92 7.58502812e+05 6.41436000e+05 
24 190.73 5.69672062e+05 4.76307188e+05 
25 191.54 4.28176031e+05 3.48679281e+05 
26 192.36 3.20324094e+05 2.51521047e+05 
27 193.17 2.49671453e+05 1.97440516e+05 
28 193.98 1.89640469e+05 1.46203266e+05 
29 194.79 1.45684484e+05 1.08109898e+05 
30 195.61 1.13474000e+05 8.34614453e+04 
31 196.42 8.96973750e+04 6.54325625e+04 
32 197.23 7.12294219e+04 5.09022109e+04 
33 198.04 5.60520625e+04 3.89760547e+04 
34 198.86 4.46549805e+04 3.04311738e+04 
35 199.67 3.57440742e+04 2.38517031e+04 
36 200.48 2.88098066e+04 1.86611348e+04 
37 201.29 2.33742617e+04 1.49563428e+04 
38 202.11 1.91174043e+04 1.20320654e+04 
39 202.92 1.57984092e+04 9.77916797e+03 
40 203.73 1.31010088e+04 7.94296582e+03 
41 204.54 1.08324375e+04 6.39000586e+03 
42 205.36 8.99777051e+03 5.22609912e+03 
43 206.17 7.54069092e+03 4.37045947e+03 
44 206.98 6.31280176e+03 3.47712085e+03 
45 207.79 5.35823682e+03 2.93481665e+03 
46 208.61 4.59033740e+03 2.46905591e+03 
47 209.42 4.02923706e+03 2.15504004e+03 
48 210.23 3.56680908e+03 1.90904443e+03 
49 211.04 3.28685571e+03 1.64754822e+03 
50 211.86 3.21471729e+03 1.72907751e+03 
51 212.67 3.19150952e+03 1.65059973e+03 
52 213.48 3.30292651e+03 1.73193457e+03 
53 214.29 3.52890503e+03 1.85619275e+03 
54 215.11 3.78007764e+03 1.99857129e+03 
55 215.92 4.01507300e+03 2.13681079e+03 
56 216.73 4.14414990e+03 2.24286768e+03 
57 217.54 4.43341016e+03 2.45628076e+03 
58 218.35 4.62645557e+03 2.53781323e+03 
59 219.17 4.92878076e+03 2.76795630e+03 
60 219.98 5.19478516e+03 2.86873291e+03 
61 220.79 5.60910107e+03 3.08705664e+03 
62 221.60 6.18570752e+03 3.56741284e+03 
63 222.42 6.81215723e+03 3.94915161e+03 
64 223.23 7.85791846e+03 4.71844482e+03 
65 224.04 8.97181543e+03 5.38637305e+03 
66 224.85 1.05016797e+04 6.50779980e+03 
67 225.67 1.22348213e+04 7.58054004e+03 
68 226.48 1.47104307e+04 9.23310645e+03 
69 227.29 1.80526465e+04 1.15958828e+04 
70 228.10 2.22110352e+04 1.49353770e+04 
71 228.91 2.78793711e+04 1.89745156e+04 
72 229.73 3.51797383e+04 2.43371133e+04 
73 230.54 4.44000117e+04 3.07640762e+04 
74 231.35 5.88590000e+04 4.32325781e+04 
75 232.16 7.55886172e+04 5.71151406e+04 
76 232.97 1.01413180e+05 7.80574141e+04 
77 233.79 1.32939531e+05 1.04869711e+05 
78 234.60 1.80872953e+05 1.47253453e+05 
79 235.41 2.39973922e+05 1.98658984e+05 
80 236.22 3.25094594e+05 2.73943812e+05 
81 237.04 4.37075594e+05 3.74391500e+05 
82 237.85 5.90289375e+05 5.07222844e+05 
83 238.66 8.10117625e+05 7.38497188e+05 
84 239.47 1.08692475e+06 1.00433750e+06 
85 240.28 1.45467788e+06 1.34818275e+06 
86 241.10 1.91240475e+06 1.80668238e+06 
87 241.91 2.50300800e+06 2.39038700e+06 
88 242.72 3.30062975e+06 3.22964275e+06 
89 243.53 4.27047650e+06 4.24263050e+06 
90 244.34 5.47281550e+06 5.54420950e+06 
91 245.16 6.87457700e+06 7.04822900e+06 
92 245.97 8.53665900e+06 8.85314500e+06 
93 246.78 1.03115500e+07 1.08729360e+07 
94 247.59 1.22359370e+07 1.29317140e+07 
95 248.40 1.42156620e+07 1.51597180e+07 
96 249.22 1.62565070e+07 1.73538000e+07 
97 250.03 1.79267700e+07 1.92669140e+07 
98 250.84 1.91290300e+07 2.06367600e+07 
99 251.65 2.05820940e+07 2.21218560e+07 
100 252.46 2.12520820e+07 2.29060460e+07 
101 253.27 2.14702940e+07 2.35043460e+07 
102 254.09 2.09061080e+07 2.25656720e+07 
103 254.90 2.04282340e+07 2.22447740e+07 
104 255.71 1.84305720e+07 1.96929540e+07 
105 256.52 1.63431250e+07 1.69714540e+07 
106 257.33 1.45235030e+07 1.54185620e+07 
107 258.15 1.25419390e+07 1.32203760e+07 
108 258.96 1.06536390e+07 1.11495900e+07 
109 259.77 8.79123500e+06 9.12065300e+06 
110 260.58 6.93618750e+06 7.10240200e+06 
111 261.39 5.31590500e+06 5.32357200e+06 
112 262.20 4.02942750e+06 4.02514350e+06 
113 263.02 3.02087675e+06 2.96292400e+06 
114 263.83 2.23053525e+06 2.12295950e+06 
115 264.64 1.62998525e+06 1.53938000e+06 
116 265.45 1.15867675e+06 1.07778288e+06 
117 266.26 7.93005375e+05 7.15718312e+05 
118 267.07 5.48175250e+05 4.82697406e+05 
119 267.89 3.63820812e+05 3.11607375e+05 
120 268.70 2.42069859e+05 2.00813172e+05 
121 269.51 1.64381781e+05 1.34074078e+05 
122 270.32 1.08406875e+05 8.39001875e+04 
123 271.13 7.29710625e+04 5.67967578e+04 
124 271.94 4.70087695e+04 3.43494688e+04 
125 272.75 3.07236523e+04 2.17901406e+04 
126 273.57 1.95050977e+04 1.30100605e+04 
127 274.38 1.26760537e+04 8.15470459e+03 
128 275.19 8.29205273e+03 5.11230029e+03 
129 276.00 5.58091357e+03 3.28456030e+03 
130 276.81 3.75324438e+03 2.11299316e+03 
131 277.62 2.54288672e+03 1.37633521e+03 
132 278.43 1.71216003e+03 8.68602417e+02 
133 279.25 1.16541907e+03 5.52083557e+02 
134 280.06 8.08113647e+02 3.73047089e+02 
135 280.87 5.63186829e+02 2.37197006e+02 
136 281.68 3.96079407e+02 1.55046188e+02 
137 282.49 2.88160858e+02 1.09896019e+02 
138 283.30 2.15022202e+02 7.75903168e+01 
139 284.11 1.60265427e+02 5.47887611e+01 
140 284.93 1.20485245e+02 3.89844513e+01 
141 285.74 9.13504715e+01 2.65371990e+01 
142 286.55 7.15710678e+01 2.01995296e+01 
143 287.36 5.60398750e+01 1.47294931e+01 
144 288.17 4.46132889e+01 1.16786537e+01 
145 288.98 3.56764870e+01 8.60881996e+00 
146 289.79 2.97378139e+01 6.84939766e+00 
147 290.60 2.47669582e+01 4.94729090e+00 
148 291.42 2.06145363e+01 4.05539227e+00 
149 292.23 1.80486698e+01 3.46860623e+00 
150 293.04 1.53175154e+01 2.58874965e+00 
151 293.85 1.34966364e+01 2.26271915e+00 
152 294.66 1.19347296e+01 1.99808991e+00 
153 295.47 1.07569733e+01 1.59511697e+00 
154 296.28 9.77320862e+00 1.32953596e+00 
155 297.09 8.84552670e+00 1.23562348e+00 
156 297.90 8.27729988e+00 1.10967386e+00 
157 298.71 7.59811449e+00 9.24135685e-01 
158 299.53 7.32108641e+00 8.46221089e-01 
159 300.34 6.96974659e+00 7.01477051e-01 
160 301.15 6.81297970e+00 6.82232618e-01 
161 301.96 6.80681992e+00 5.91874063e-01 
162 302.77 6.95539570e+00 4.20810670e-01 
163 303.58 7.21917820e+00 3.79607707e-01 
164 304.39 7.56759119e+00 3.52218151e-01 
165 305.20 7.95922995e+00 2.55286485e-01 
166 306.01 8.54378414e+00 1.92081898e-01 
167 306.82 9.56511116e+00 1.04227960e-01 
168 307.63 1.04237394e+01 1.42908007e-01 
169 308.44 1.09890032e+01 1.43361911e-01 
170 309.26 1.18106680e+01 1.90551892e-01 
171 310.07 1.39351702e+01 1.74455285e-01 
172 310.88 1.62760525e+01 2.46623755e-01 
173 311.69 1.77923126e+01 3.84269059e-01 
174 312.50 1.90902901e+01 2.74661034e-01 
175 313.31 2.06444149e+01 2.99557269e-01 
176 314.12 2.20328732e+01 2.69470006e-01 
177 314.93 2.27671509e+01 2.39668235e-01 
178 315.74 2.40445557e+01 2.94062555e-01 
179 316.55 2.70977325e+01 2.33645022e-01 
180 317.36 2.93541889e+01 2.25825414e-01 
181 318.17 3.02239780e+01 3.07482004e-01 
182 318.98 3.23471451e+01 2.24879399e-01 
183 319.79 3.51697350e+01 2.43570015e-01 
184 320.60 3.67233582e+01 2.72431761e-01 
185 321.41 3.65421829e+01 1.51962534e-01 
186 322.22 3.63080635e+01 1.81665435e-01 
187 323.04 3.79634209e+01 1.74203739e-01 
188 323.85 4.17103004e+01 2.24404633e-01 
189 324.66 4.68844681e+01 1.63629785e-01 
190 325.47 5.30995255e+01 2.28124768e-01 
191 326.28 5.78476181e+01 2.44512841e-01 
192 327.09 5.86884575e+01 2.36379310e-01 
193 327.90 5.89892845e+01 2.13300914e-01 
194 328.71 6.33572350e+01 1.85874224e-01 
195 329.52 6.76792908e+01 2.29007214e-01 
196 330.33 6.71348648e+01 1.63422689e-01 
197 331.14 6.57320786e+01 3.06818604e-01 
198 331.95 6.62840729e+01 2.84320801e-01 
199 332.76 6.62988358e+01 3.43269974e-01 
200 333.57 6.69024124e+01 2.86160737e-01 
201 334.38 6.90757446e+01 2.78481662e-01 
202 335.19 6.84123077e+01 3.31976652e-01 
203 336.00 6.46668625e+01 2.88724542e-01 
204 336.81 6.39196854e+01 2.74663389e-01 
205 337.62 6.76275177e+01 3.26093853e-01 
206 338.43 7.18891220e+01 2.66866952e-01 
207 339.24 7.58309326e+01 1.78284407e-01 
208 340.05 7.79246292e+01 2.58783907e-01 
209 340.86 7.71653519e+01 3.24841797e-01 
210 341.67 7.79441910e+01 3.46093178e-01 
211 342.48 7.94849396e+01 2.59479851e-01 
212 343.29 7.60519180e+01 2.37381175e-01 
213 344.10 7.18273697e+01 2.87724346e-01 
214 344.91 7.41242218e+01 2.23523289e-01 
215 345.72 7.73532867e+01 3.58756483e-01 
216 346.53 7.82668457e+01 2.58899987e-01 
217 347.34 7.79369125e+01 1.97031170e-01 
218 348.15 7.74619980e+01 2.64765292e-01 
219 348.96 7.87736359e+01 2.50721961e-01 
220 349.77 8.35188980e+01 2.63347387e-01 
221 350.58 8.72440796e+01 2.35331893e-01 
222 351.39 8.56716156e+01 3.65144104e-01 
223 352.19 8.40731964e+01 2.96066523e-01 
224 353.00 8.81109848e+01 2.10061952e-01 
225 353.81 9.43273468e+01 2.57247180e-01 
226 354.62 9.64356918e+01 2.16505378e-01 
227 355.43 9.27885056e+01 2.66841710e-01 
228 356.24 8.52439651e+01 3.46719414e-01 
229 357.05 7.77129593e+01 2.36403629e-01 
230 357.86 7.34144897e+01 1.78435206e-01 
231 358.67 7.82070694e+01 2.88834453e-01 
232 359.48 8.93131714e+01 2.16264993e-01 
233 360.29 9.09271393e+01 3.18590611e-01 
234 361.10 8.74184189e+01 3.17871839e-01 
235 361.91 9.02575150e+01 1.95138946e-01 
236 362.72 9.47038651e+01 2.32274756e-01 
237 363.53 9.67913437e+01 3.35141003e-01 
238 364.34 9.97989655e+01 2.97187001e-01 
239 365.14 1.07415520e+02 2.36133710e-01 
240 365.95 1.15047997e+02 2.75231600e-01 
241 366.76 1.15799576e+02 3.23919803e-01 
242 367.57 1.13379517e+02 2.30780289e-01 
243 368.38 1.13496323e+02 2.49908254e-01 
244 369.19 1.17943947e+02 3.22765380e-01 
245 370.00 1.19082130e+02 3.36511284e-01 
246 370.81 1.17659622e+02 2.79057056e-01 
247 371.62 1.15127129e+02 2.82215923e-01 
248 372.43 1.09111137e+02 3.08478802e-01 
249 373.24 1.02934883e+02 1.26948863e-01 
250 374.04 1.01637192e+02 3.74446869e-01 
251 374.85 1.07884499e+02 2.82466710e-01 
252 375.66 1.17509834e+02 3.57238382e-01 
253 376.47 1.27670639e+02 1.90259904e-01 
254 377.28 1.40362045e+02 3.33959043e-01 
255 378.09 1.45575714e+02 4.44452107e-01 
256 378.90 1.38687775e+02 4.35535640e-01 
257 379.71 1.35606583e+02 3.11669409e-01 
258 380.51 1.36918121e+02 3.21943671e-01 
259 381.32 1.27061783e+02 2.08169982e-01 
260 382.13 1.09437920e+02 4.14986223e-01 
261 382.94 9.99909744e+01 3.29222292e-01 
262 383.75 1.07346275e+02 3.65541518e-01 
263 384.56 1.22024269e+02 2.96004146e-01 
264 385.37 1.28976151e+02 2.63379931e-01 
265 386.17 1.31008636e+02 2.72872210e-01 
266 386.98 1.32503891e+02 2.12273374e-01 
267 387.79 1.34722351e+02 2.57171601e-01 
268 388.60 1.42746887e+02 2.64842689e-01 
269 389.41 1.56678970e+02 2.33487666e-01 
270 390.22 1.68313431e+02 2.61826158e-01 
271 391.02 1.71676712e+02 3.37905467e-01 
272 391.83 1.56034348e+02 3.41680586e-01 
273 392.64 1.27676674e+02 3.62856984e-01 
274 393.45 1.19764633e+02 1.85610160e-01 
275 394.26 1.42908325e+02 2.39233360e-01 
276 395.07 1.62111420e+02 2.75626749e-01 
277 395.87 1.52471207e+02 3.45646471e-01 
278 396.68 1.43357040e+02 3.61073256e-01 
279 397.49 1.68259491e+02 2.63369560e-01 
280 398.30 2.08059479e+02 2.90783733e-01 
281 399.11 2.34000610e+02 1.27005458e-01 
282 399.91 2.46882431e+02 3.89046222e-01 
283 400.72 2.55387161e+02 4.66952235e-01 
284 401.53 2.62611908e+02 4.63758111e-01 
285 402.34 2.64726624e+02 5.25655568e-01 
286 403.15 2.62922821e+02 4.25326675e-01 
287 403.95 2.61063934e+02 5.46784461e-01 
288 404.76 2.59558807e+02 3.56851965e-01 
289 405.57 2.57828888e+02 3.32399100e-01 
290 406.38 2.57515320e+02 4.86933619e-01 
291 407.18 2.62818176e+02 5.66175759e-01 
292 407.99 2.72074585e+02 3.32946360e-01 
293 408.80 2.75521759e+02 3.35449368e-01 
294 409.61 2.71479340e+02 4.30961967e-01 
295 410.41 2.74681671e+02 5.54761887e-01 
296 411.22 2.87047058e+02 3.42304081e-01 
297 412.03 2.94786835e+02 3.83227557e-01 
298 412.84 2.96868408e+02 3.19222689e-01 
299 413.64 2.97876801e+02 4.55720127e-01 
300 414.45 3.00032227e+02 5.76765418e-01 
301 415.26 3.03309265e+02 7.08861113e-01 
302 416.07 3.05956085e+02 6.74382567e-01 
303 416.87 3.04348969e+02 5.71308970e-01 
304 417.68 3.01608948e+02 5.30569315e-01 
305 418.49 3.01393097e+02 5.44680238e-01 
306 419.30 3.04227325e+02 4.88640189e-01 
307 420.10 3.10567566e+02 2.96319664e-01 
308 420.91 3.16443420e+02 3.45626444e-01 
309 421.72 3.15059113e+02 4.59774077e-01 
310 422.52 3.11127258e+02 5.27603865e-01 
311 423.33 3.12094879e+02 3.82109314e-01 
312 424.14 3.15672852e+02 4.23967183e-01 
313 424.95 3.17231293e+02 3.76646757e-01 
314 425.75 3.16571136e+02 2.93299764e-01 
315 426.56 3.13941162e+02 4.93719459e-01 
316 427.37 3.11161835e+02 5.53513408e-01 
317 428.17 3.05128601e+02 5.26508212e-01 
318 428.98 2.89991394e+02 5.01865387e-01 
319 429.79 2.73485657e+02 5.87879002e-01 
320 430.59 2.77255035e+02 2.65588254e-01 
321 431.40 3.02174072e+02 3.82835984e-01 
322 432.21 3.25699860e+02 4.60976362e-01 
323 433.01 3.34620178e+02 5.88420451e-01 
324 433.82 3.37083496e+02 2.88942426e-01 
325 434.63 3.46071838e+02 5.15740335e-01 
326 435.43 3.59991058e+02 4.88625854e-01 
327 436.24 3.68268250e+02 6.54766023e-01 
328 437.05 3.64093048e+02 6.18605733e-01 
329 437.85 3.55503571e+02 4.46157098e-01 
330 438.66 3.54268219e+02 4.85733569e-01 
331 439.47 3.61140930e+02 4.92499143e-01 
332 440.27 3.72895752e+02 6.83825254e-01 
333 441.08 3.86216370e+02 4.32410002e-01 
334 441.89 3.97104187e+02 6.49079978e-01 
335 442.69 4.03762787e+02 5.71775317e-01 
336 443.50 4.07130951e+02 6.51564837e-01 
337 444.30 4.07182159e+02 6.50574684e-01 
338 445.11 4.04530334e+02 5.34757853e-01 
339 445.92 4.06144348e+02 5.25552750e-01 
340 446.72 4.14675690e+02 5.42414188e-01 
341 447.53 4.24543976e+02 7.39775181e-01 
342 448.33 4.32098816e+02 4.67706263e-01 
343 449.14 4.39889862e+02 4.98410314e-01 
344 449.95 4.48530060e+02 6.48617506e-01 
345 450.75 4.52905914e+02 5.35194337e-01 
346 451.56 4.47198547e+02 6.17606401e-01 
347 452.36 4.37916809e+02 4.89839464e-01 
348 453.17 4.33788391e+02 4.34852332e-01 
349 453.98 4.35650909e+02 4.29526716e-01 
350 454.78 4.40948334e+02 3.70312899e-01 
351 455.59 4.47931793e+02 4.96022850e-01 
352 456.39 4.53297455e+02 6.13707721e-01 
353 457.20 4.55137360e+02 4.56711590e-01 
354 458.00 4.53241852e+02 4.84712064e-01 
355 458.81 4.51665375e+02 7.31382489e-01 
356 459.61 4.53990784e+02 6.83512568e-01 
357 460.42 4.59896271e+02 6.67722404e-01 
358 461.23 4.65233734e+02 6.26583159e-01 
359 462.03 4.68303223e+02 4.25081372e-01 
360 462.84 4.66685028e+02 7.59507895e-01 
361 463.64 4.62488251e+02 4.70568478e-01 
362 464.45 4.59294708e+02 6.31794393e-01 
363 465.25 4.57207581e+02 4.75300312e-01 
364 466.06 4.55937469e+02 6.15096748e-01 
365 466.86 4.56154510e+02 4.52418208e-01 
366 467.67 4.58289825e+02 4.03036296e-01 
367 468.47 4.59994110e+02 6.81111276e-01 
368 469.28 4.59077423e+02 6.08118594e-01 
369 470.08 4.59036133e+02 6.58478975e-01 
370 470.89 4.63701416e+02 5.33352673e-01 
371 471.69 4.69782379e+02 7.45500386e-01 
372 472.50 4.73956329e+02 5.91143429e-01 
373 473.30 4.77472687e+02 3.74223471e-01 
374 474.11 4.79811768e+02 6.96731925e-01 
375 474.91 4.80960114e+02 7.19001710e-01 
376 475.72 4.82122742e+02 4.03575331e-01 
377 476.52 4.85443420e+02 7.14529991e-01 
378 477.33 4.90497833e+02 6.74062610e-01 
379 478.13 4.94777374e+02 7.03250825e-01 
380 478.93 4.97243683e+02 6.53169811e-01 
381 479.74 4.98600159e+02 6.59560442e-01 
382 480.54 4.99972931e+02 5.48809409e-01 
383 481.35 5.00408447e+02 6.23398304e-01 
384 482.15 4.98912781e+02 5.50033689e-01 
385 482.96 4.95026611e+02 5.13114512e-01 
386 483.76 4.86775452e+02 5.54591238e-01 
387 484.57 4.70698059e+02 6.48786306e-01 
388 485.37 4.51914001e+02 5.21452308e-01 
389 486.17 4.43333954e+02 3.95761251e-01 
390 486.98 4.48609131e+02 6.05102420e-01 
391 487.78 4.61020996e+02 3.90107930e-01 
392 488.59 4.75104156e+02 6.19147182e-01 
393 489.39 4.85928436e+02 4.23891604e-01 
394 490.19 4.89339813e+02 5.33324182e-01 
395 491.00 4.86963409e+02 5.31611204e-01 
396 491.80 4.84165100e+02 6.14189267e-01 
397 492.61 4.85463715e+02 7.27238655e-01 
398 493.41 4.90898163e+02 4.99930710e-01 
399 494.21 4.96903656e+02 4.67558712e-01 
400 495.02 5.00889313e+02 6.41862333e-01 
401 495.82 5.02896332e+02 6.93814814e-01 
402 496.63 5.01143585e+02 6.40085280e-01 
403 497.43 4.97608978e+02 7.72260725e-01 
404 498.23 4.93796478e+02 6.85269773e-01 
405 499.04 4.89943512e+02 7.47418463e-01 
406 499.84 4.85524078e+02 8.05249393e-01 
407 500.64 4.81086273e+02 7.25283444e-01 
408 501.45 4.80279572e+02 7.43920982e-01 
409 502.25 4.82162506e+02 7.18381464e-01 
410 503.05 4.84869354e+02 7.12346256e-01 
411 503.86 4.89343842e+02 6.85274482e-01 
412 504.66 4.95477600e+02 7.34827340e-01 
413 505.46 4.99916656e+02 8.41188312e-01 
414 506.27 5.00757782e+02 9.48308229e-01 
415 507.07 4.98170380e+02 1.02435935e+00 
416 507.87 4.96901550e+02 7.37365067e-01 
417 508.68 4.97371490e+02 8.29285920e-01 
418 509.48 4.99710358e+02 7.76680648e-01 
419 510.28 5.01935974e+02 6.10669672e-01 
420 511.08 5.02287323e+02 6.17803752e-01 
421 511.89 4.99166077e+02 7.51081228e-01 
422 512.69 4.93754425e+02 6.30822122e-01 
423 513.49 4.88801544e+02 8.14341426e-01 
424 514.30 4.85159180e+02 6.33726954e-01 
425 515.10 4.77531982e+02 6.66654885e-01 
426 515.90 4.64338196e+02 5.42402804e-01 
427 516.70 4.51561676e+02 7.71994829e-01 
428 517.51 4.46437012e+02 7.84353316e-01 
429 518.31 4.51432556e+02 8.06663334e-01 
430 519.11 4.62657776e+02 8.22742939e-01 
431 519.91 4.73765930e+02 8.27489674e-01 
432 520.72 4.81417419e+02 9.29533184e-01 
433 521.52 4.84323944e+02 6.79733932e-01 
434 522.32 4.86038177e+02 1.07599926e+00 
435 523.12 4.89881744e+02 7.67165124e-01 
436 523.93 4.93242218e+02 8.39881420e-01 
437 524.73 4.91481171e+02 8.77552211e-01 
438 525.53 4.82732758e+02 9.63906407e-01 
439 526.33 4.73695587e+02 8.55332196e-01 
440 527.13 4.73241730e+02 9.74958181e-01 
441 527.94 4.80934662e+02 1.11267138e+00 
442 528.74 4.90356659e+02 9.77160335e-01 
443 529.54 4.98191803e+02 1.06809080e+00 
444 530.34 5.01604279e+02 1.22383690e+00 
445 531.14 4.99208893e+02 8.51188898e-01 
446 531.95 4.93653900e+02 1.32325387e+00 
447 532.75 4.90227112e+02 9.60560083e-01 
448 533.55 4.90762054e+02 1.13041234e+00 
449 534.35 4.95071503e+02 1.18390238e+00 
450 535.15 4.97824860e+02 1.20192480e+00 
451 535.95 4.97012238e+02 1.09730029e+00 
452 536.76 4.94405762e+02 1.16372919e+00 
453 537.56 4.92047333e+02 1.03753448e+00 
454 538.36 4.88343597e+02 9.77089405e-01 
455 539.16 4.83209991e+02 1.19253623e+00 
456 539.96 4.79388672e+02 1.02134311e+00 
457 540.76 4.78616272e+02 1.23997653e+00 
458 541.56 4.80111328e+02 1.07254243e+00 
459 542.36 4.83209900e+02 1.02228880e+00 
460 543.17 4.86538849e+02 1.06650019e+00 
461 543.97 4.88565430e+02 9.89606082e-01 
462 544.77 4.89690491e+02 1.23688138e+00 
463 545.57 4.88838593e+02 1.27063203e+00 
464 546.37 4.86403778e+02 1.27461016e+00 
465 547.17 4.83713196e+02 1.22077727e+00 
466 547.97 4.82476837e+02 1.17103052e+00 
467 548.77 4.82233551e+02 9.18953478e-01 
468 549.57 4.82183746e+02 1.10290825e+00 
469 550.37 4.81821686e+02 1.25899136e+00 
470 551.17 4.80908478e+02 1.37201631e+00 
471 551.97 4.80174530e+02 1.16272926e+00 
472 552.78 4.80045563e+02 1.12888622e+00 
473 553.58 4.81102264e+02 1.25155461e+00 
474 554.38 4.81239960e+02 1.33316326e+00 
475 555.18 4.79103699e+02 1.16943324e+00 
476 555.98 4.76143738e+02 1.27286446e+00 
477 556.78 4.72157410e+02 1.24400115e+00 
478 557.58 4.66634247e+02 1.20340908e+00 
479 558.38 4.62468323e+02 1.36646914e+00 
480 559.18 4.61496490e+02 1.34588981e+00 
481 559.98 4.62185272e+02 1.21308088e+00 
482 560.78 4.63932129e+02 1.50577366e+00 
483 561.58 4.67071136e+02 1.43877852e+00 
484 562.38 4.69082733e+02 1.41994393e+00 
485 563.18 4.69889099e+02 1.43802547e+00 
486 563.98 4.70516357e+02 1.35672879e+00 
487 564.78 4.70127777e+02 1.59063578e+00 
488 565.58 4.69031952e+02 1.69377375e+00 
489 566.38 4.68486053e+02 1.53496659e+00 
490 567.18 4.69707672e+02 1.54826081e+00 
491 567.98 4.70597351e+02 1.44032919e+00 
492 568.78 4.69648163e+02 1.64286184e+00 
493 569.58 4.67746918e+02 1.54939270e+00 
494 570.38 4.66292175e+02 1.78694594e+00 
495 571.17 4.68353729e+02 1.71512842e+00 
496 571.97 4.74062164e+02 1.83612895e+00 
497 572.77 4.79756989e+02 1.82001519e+00 
498 573.57 4.82253326e+02 1.69303381e+00 
499 574.37 4.80939880e+02 1.77450776e+00 
500 575.17 4.78907501e+02 1.80033255e+00 
501 575.97 4.77782440e+02 1.69995975e+00 
502 576.77 4.76329437e+02 1.72892177e+00 
503 577.57 4.73255615e+02 1.69974661e+00 
504 578.37 4.70552734e+02 1.77532399e+00 
505 579.17 4.69193634e+02 1.62177360e+00 
506 579.96 4.68655731e+02 1.69273198e+00 
507 580.76 4.68621490e+02 1.62306023e+00 
508 581.56 4.68714539e+02 1.49423313e+00 
509 582.36 4.68818207e+02 1.60652864e+00 
510 583.16 4.67100616e+02 1.75293815e+00 
511 583.96 4.63037537e+02 1.70656896e+00 
512 584.76 4.57304504e+02 1.69461930e+00 
513 585.56 4.51910614e+02 1.79059803e+00 
514 586.35 4.47673889e+02 1.75261247e+00 
515 587.15 4.41175293e+02 2.06193423e+00 
516 587.95 4.29576447e+02 2.13067913e+00 
517 588.75 4.18654358e+02 2.14219093e+00 
518 589.55 4.15098145e+02 2.53316903e+00 
519 590.35 4.17991394e+02 2.51134396e+00 
520 591.14 4.23832947e+02 2.38119078e+00 
521 591.94 4.27811676e+02 2.44710898e+00 
522 592.74 4.29282288e+02 2.45435238e+00 
523 593.54 4.28972504e+02 2.44708133e+00 
524 594.34 4.28610870e+02 2.37407017e+00 
525 595.13 4.29494659e+02 2.17868614e+00 
526 595.93 4.31089783e+02 2.25032330e+00 
527 596.73 4.32208740e+02 1.94609153e+00 
528 597.53 4.32559357e+02 1.95824766e+00 
529 598.32 4.32432159e+02 1.93683517e+00 
530 599.12 4.32494904e+02 1.92655993e+00 
531 599.92 4.32465607e+02 1.67299330e+00 
532 600.72 4.32364197e+02 1.72046638e+00 
533 601.51 4.33138580e+02 1.52787781e+00 
534 602.31 4.36404449e+02 1.47993743e+00 
535 603.11 4.40795837e+02 1.53212202e+00 
536 603.91 4.44425079e+02 1.61274290e+00 
537 604.70 4.46105072e+02 1.65208507e+00 
538 605.50 4.46423370e+02 1.72650552e+00 
539 606.30 4.46669617e+02 1.65646350e+00 
540 607.10 4.46129913e+02 1.38789248e+00 
541 607.89 4.44910492e+02 1.44665349e+00 
542 608.69 4.43345795e+02 1.67849243e+00 
543 609.49 4.42153625e+02 1.51310050e+00 
544 610.28 4.42127930e+02 1.37032962e+00 
545 611.08 4.42570374e+02 1.50992846e+00 
546 611.88 4.41559357e+02 1.31314826e+00 
547 612.67 4.39808197e+02 1.47014296e+00 
548 613.47 4.38256653e+02 1.50017726e+00 
549 614.27 4.36763458e+02 1.48119092e+00 
550 615.06 4.34014496e+02 1.51623154e+00 
551 615.86 4.31452393e+02 1.45620930e+00 
552 616.66 4.31096832e+02 1.29223239e+00 
553 617.45 4.33279449e+02 1.41668355e+00 
554 618.25 4.36343750e+02 1.29471672e+00 
555 619.04 4.38968689e+02 1.25879204e+00 
556 619.84 4.40190521e+02 1.52397060e+00 
557 620.64 4.39834656e+02 1.51597905e+00 
558 621.43 4.37994293e+02 1.50743711e+00 
559 622.23 4.35328033e+02 1.50964618e+00 
560 623.02 4.32467438e+02 1.40957713e+00 
561 623.82 4.29347717e+02 1.37860358e+00 
562 624.62 4.26374237e+02 1.37346745e+00 
563 625.41 4.24716461e+02 1.44430280e+00 
564 626.21 4.23580902e+02 1.65214169e+00 
565 627.00 4.21035950e+02 2.03368044e+00 
566 627.80 4.18534424e+02 2.08380270e+00 
567 628.59 4.16745056e+02 2.11894441e+00 
568 629.39 4.16016571e+02 1.89133668e+00 
569 630.19 4.16379333e+02 1.84159291e+00 
570 630.98 4.16752991e+02 1.91603112e+00 
571 631.78 4.18364899e+02 1.81753719e+00 
572 632.57 4.19890442e+02 1.78165472e+00 
573 633.37 4.21012909e+02 1.52990925e+00 
574 634.16 4.21875580e+02 1.47138608e+00 
575 634.96 4.22271973e+02 1.26547980e+00 
576 635.75 4.22443207e+02 1.32796633e+00 
577 636.55 4.23617462e+02 1.37127733e+00 
578 637.34 4.25202209e+02 1.29031003e+00 
579 638.14 4.25691742e+02 1.38149881e+00 
580 638.93 4.23604065e+02 1.15881300e+00 
581 639.73 4.19944489e+02 1.01597428e+00 
582 640.52 4.16449707e+02 9.45904493e-01 
583 641.32 4.14437500e+02 9.79147553e-01 
584 642.11 4.14109314e+02 1.12148333e+00 
585 642.90 4.14350800e+02 1.09512925e+00 
586 643.70 4.14075745e+02 1.33819342e+00 
587 644.49 4.11674225e+02 1.29470158e+00 
588 645.29 4.07423798e+02 1.34816694e+00 
589 646.08 4.03374023e+02 1.57602584e+00 
590 646.88 3.99722839e+02 1.80490506e+00 
591 647.67 3.96424011e+02 1.71942639e+00 
592 648.46 3.92482941e+02 1.74531078e+00 
593 649.26 3.89873840e+02 1.73231721e+00 
594 650.05 3.90240234e+02 1.72798193e+00 
595 650.85 3.90965179e+02 1.51999581e+00 
596 651.64 3.90784332e+02 1.47151077e+00 
597 652.43 3.90175720e+02 1.25452936e+00 
598 653.23 3.88502106e+02 1.27992141e+00 
599 654.02 3.81757172e+02 1.29485476e+00 
600 654.81 3.66699524e+02 1.26043463e+00 
601 655.61 3.48528534e+02 1.12232935e+00 
602 656.40 3.41611755e+02 1.20186400e+00 
603 657.20 3.50227325e+02 8.75102460e-01 
604 657.99 3.62659485e+02 1.17484975e+00 
605 658.78 3.69822327e+02 8.99538875e-01 
606 659.58 3.72675079e+02 7.91990995e-01 
607 660.37 3.74810852e+02 6.95013106e-01 
608 661.16 3.76598175e+02 8.16315889e-01 
609 661.95 3.76608673e+02 6.77416146e-01 
610 662.75 3.75344971e+02 7.40478098e-01 
611 663.54 3.74505066e+02 6.77397490e-01 
612 664.33 3.75495392e+02 6.34145319e-01 
613 665.13 3.76212372e+02 5.34434795e-01 
614 665.92 3.75052704e+02 4.86799270e-01 
615 666.71 3.73360779e+02 4.42876250e-01 
616 667.50 3.72518555e+02 5.38791478e-01 
617 668.30 3.73089783e+02 3.97974461e-01 
618 669.09 3.72531677e+02 5.02779305e-01 
619 669.88 3.70936615e+02 5.38590491e-01 
620 670.67 3.69733246e+02 4.63950634e-01 
621 671.47 3.68900635e+02 5.79592526e-01 
622 672.26 3.69562225e+02 5.38146198e-01 
623 673.05 3.71014252e+02 6.16685271e-01 
624 673.84 3.71553864e+02 3.98463547e-01 
625 674.64 3.71426575e+02 4.15833265e-01 
626 675.43 3.72043854e+02 5.12096584e-01 
627 676.22 3.72933289e+02 5.22562027e-01 
628 677.01 3.74249268e+02 5.56977928e-01 
629 677.80 3.74819336e+02 7.06146777e-01 
630 678.59 3.74613098e+02 5.89635551e-01 
631 679.39 3.74452850e+02 6.34047151e-01 
632 680.18 3.74039276e+02 5.24696827e-01 
633 680.97 3.73750305e+02 6.44150317e-01 
634 681.76 3.73300751e+02 5.36588132e-01 
635 682.55 3.71743439e+02 6.44712448e-01 
636 683.34 3.69006744e+02 4.88100380e-01 
637 684.14 3.66413483e+02 5.52053094e-01 
638 684.93 3.62487396e+02 6.25439703e-01 
639 685.72 3.47273224e+02 9.88430381e-01 
640 686.51 3.18411804e+02 1.83337617e+00 
641 687.30 2.99240417e+02 2.22522545e+00 
642 688.09 3.02279968e+02 2.49497867e+00 
643 688.88 3.10183441e+02 2.16539502e+00 
644 689.67 3.15953125e+02 2.00656056e+00 
645 690.46 3.22602722e+02 1.79083073e+00 
646 691.25 3.28781311e+02 1.73074389e+00 
647 692.04 3.32267548e+02 1.58979630e+00 
648 692.84 3.32302063e+02 1.94824147e+00 
649 693.63 3.30488953e+02 2.00681734e+00 
650 694.42 3.29914795e+02 2.10048103e+00 
651 695.21 3.31731445e+02 1.98484695e+00 
652 696.00 3.35374176e+02 1.69450200e+00 
653 696.79 3.37484436e+02 1.25141549e+00 
654 697.58 3.35542908e+02 1.18172264e+00 
655 698.37 3.31386169e+02 1.18990707e+00 
656 699.16 3.27042267e+02 1.64228666e+00 
657 699.95 3.23040527e+02 1.78997588e+00 
658 700.74 3.18831055e+02 1.57546580e+00 
659 701.53 3.16303009e+02 1.52834260e+00 
660 702.32 3.15999725e+02 1.45006359e+00 
661 703.11 3.18618896e+02 1.28808427e+00 
662 703.90 3.21240021e+02 1.15149522e+00 
663 704.69 3.22424988e+02 8.90462935e-01 
664 705.48 3.21192047e+02 1.06576097e+00 
665 706.27 3.20563995e+02 9.01416063e-01 
666 707.05 3.20169891e+02 9.67878878e-01 
667 707.84 3.19052948e+02 8.14702094e-01 
668 708.63 3.17585022e+02 8.09204876e-01 
669 709.42 3.16911621e+02 9.16466117e-01 
670 710.21 3.16061188e+02 7.30645895e-01 
671 711.00 3.14495636e+02 7.22248137e-01 
672 711.79 3.12982635e+02 5.97175002e-01 
673 712.58 3.11997620e+02 6.89948499e-01 
674 713.37 3.10620453e+02 5.76386690e-01 
675 714.16 3.08183441e+02 7.10486948e-01 
676 714.95 3.04467834e+02 9.33209300e-01 
677 715.73 2.96383087e+02 1.52125883e+00 
678 716.52 2.79349915e+02 2.44680953e+00 
679 717.31 2.60298248e+02 3.21105170e+00 
680 718.10 2.46394501e+02 3.55515242e+00 
681 718.89 2.39800171e+02 3.70896435e+00 
682 719.68 2.41631180e+02 3.59814692e+00 
683 720.46 2.53719757e+02 3.23683572e+00 
684 721.25 2.71041870e+02 2.20037389e+00 
685 722.04 2.78399292e+02 1.94541681e+00 
686 722.83 2.70859802e+02 2.08801460e+00 
687 723.62 2.59750305e+02 2.65966511e+00 
688 724.40 2.55264786e+02 2.97521830e+00 
689 725.19 2.56284698e+02 3.02942991e+00 
690 725.98 2.59337341e+02 2.86013293e+00 
691 726.77 2.60291290e+02 2.95418024e+00 
692 727.56 2.60415741e+02 2.93647575e+00 
693 728.34 2.60884338e+02 2.76637673e+00 
694 729.13 2.62014801e+02 2.89445210e+00 
695 729.92 2.64760437e+02 2.93210745e+00 
696 730.71 2.67575623e+02 2.72644496e+00 
697 731.49 2.73870209e+02 2.47366571e+00 
698 732.28 2.81966003e+02 1.77520764e+00 
699 733.07 2.89371948e+02 1.49977767e+00 
700 733.85 2.93954773e+02 1.17643726e+00 
701 734.64 2.94360626e+02 1.24755335e+00 
702 735.43 2.93275208e+02 1.18905747e+00 
703 736.22 2.93829529e+02 1.12196338e+00 
704 737.00 2.96306610e+02 1.02456713e+00 
705 737.79 2.96350647e+02 8.66327286e-01 
706 738.58 2.94244415e+02 8.23288500e-01 
707 739.36 2.95226257e+02 6.68224931e-01 
708 740.15 2.96912506e+02 5.41549265e-01 
709 740.94 2.95915527e+02 5.92171371e-01 
710 741.72 2.95461609e+02 4.24229234e-01 
711 742.51 2.96916229e+02 3.93231481e-01 
712 743.29 2.97734650e+02 2.88865447e-01 
713 744.08 2.96365875e+02 4.76782173e-01 
714 744.87 2.94892395e+02 3.78672779e-01 
715 745.65 2.94975647e+02 3.03402126e-01 
716 746.44 2.95247803e+02 2.27036804e-01 
717 747.22 2.95690674e+02 2.56583363e-01 
718 748.01 2.94256073e+02 3.44985962e-01 
719 748.80 2.91429749e+02 3.53488445e-01 
720 749.58 2.89322754e+02 3.69073480e-01 
721 750.37 2.87692078e+02 4.83502567e-01 
722 751.15 2.85752594e+02 4.12660062e-01 
723 751.94 2.84010986e+02 3.46303821e-01 
724 752.72 2.82710052e+02 4.96067733e-01 
725 753.51 2.82589539e+02 5.76933622e-01 
726 754.29 2.81745941e+02 4.33054537e-01 
727 755.08 2.78919037e+02 3.76449555e-01 
728 755.86 2.76221008e+02 3.15174758e-01 
729 756.65 2.74218292e+02 2.80885518e-01 
730 757.43 2.70915741e+02 4.18822825e-01 
731 758.22 2.55477615e+02 4.92216647e-01 
732 759.00 2.02830093e+02 1.18259013e+00 
733 759.79 1.27867149e+02 2.29045510e+00 
734 760.57 9.18514862e+01 3.09115434e+00 
735 761.36 1.08234276e+02 3.39697957e+00 
736 762.14 1.25043312e+02 3.35742974e+00 
737 762.93 1.24905838e+02 3.42504382e+00 
738 763.71 1.32563446e+02 3.37703300e+00 
739 764.50 1.52007324e+02 3.11783338e+00 
740 765.28 1.74979172e+02 2.44085550e+00 
741 766.06 1.97173996e+02 1.88898242e+00 
742 766.85 2.16650650e+02 1.29245543e+00 
743 767.63 2.30854584e+02 1.05435526e+00 
744 768.42 2.38601608e+02 6.37076855e-01 
745 769.20 2.42764267e+02 5.38553715e-01 
746 769.98 2.45381592e+02 4.32384580e-01 
747 770.77 2.45751740e+02 3.73027802e-01 
748 771.55 2.44851578e+02 4.25763220e-01 
749 772.33 2.45048187e+02 5.21986187e-01 
750 773.12 2.45781479e+02 3.64986926e-01 
751 773.90 2.44888458e+02 3.22577715e-01 
752 774.68 2.43384125e+02 3.24748278e-01 
753 775.47 2.43125275e+02 3.25097740e-01 
754 776.25 2.43096634e+02 2.48618841e-01 
755 777.03 2.42203079e+02 2.64966279e-01 
756 777.82 2.41347900e+02 3.10495466e-01 
757 778.60 2.40653656e+02 2.62434483e-01 
758 779.38 2.39328476e+02 3.56024355e-01 
759 780.17 2.38587418e+02 2.82627344e-01 
760 780.95 2.39036301e+02 3.10673803e-01 
761 781.73 2.39161697e+02 2.98348337e-01 
762 782.51 2.37534378e+02 2.17253253e-01 
763 783.30 2.35634415e+02 3.33410531e-01 
764 784.08 2.34704712e+02 3.12140524e-01 
765 784.86 2.34469086e+02 2.56721348e-01 
766 785.64 2.33895798e+02 2.63881534e-01 
767 786.43 2.32533905e+02 3.61627251e-01 
768 787.21 2.30018356e+02 5.23807168e-01 
769 787.99 2.27554047e+02 5.43462098e-01 
770 788.77 2.25584793e+02 7.14307010e-01 
771 789.55 2.24600662e+02 7.01490879e-01 
772 790.34 2.24022125e+02 6.46153271e-01 
773 791.12 2.22996536e+02 5.61192453e-01 
774 791.90 2.21270004e+02 5.16874552e-01 
775 792.68 2.19625885e+02 4.20744240e-01 
776 793.46 2.19039398e+02 3.82739574e-01 
777 794.24 2.18969879e+02 4.40681845e-01 
778 795.02 2.18438675e+02 4.42978889e-01 
779 795.81 2.17269669e+02 6.20414197e-01 
780 796.59 2.17489609e+02 6.66497588e-01 
781 797.37 2.19322952e+02 6.10632360e-01 
782 798.15 2.20456421e+02 5.53621233e-01 
783 798.93 2.19474991e+02 5.95490813e-01 
784 799.71 2.16717789e+02 6.66399598e-01 
785 800.49 2.14124924e+02 7.23624825e-01 
786 801.27 2.13122833e+02 6.17612004e-01 
787 802.05 2.13018265e+02 5.72277367e-01 
788 802.83 2.12958252e+02 5.33324897e-01 
789 803.61 2.12259567e+02 5.42224586e-01 
790 804.39 2.11239380e+02 4.56377059e-01 
791 805.18 2.11232895e+02 3.63365531e-01 
792 805.96 2.11991806e+02 3.99715483e-01 
793 806.74 2.12420303e+02 3.11539441e-01 
794 807.52 2.11384354e+02 3.19114149e-01 
795 808.30 2.08491562e+02 4.99465495e-01 
796 809.08 2.05193146e+02 5.99117756e-01 
797 809.86 2.02645065e+02 6.38673961e-01 
798 810.64 2.01053711e+02 9.35397089e-01 
799 811.41 1.98764984e+02 1.03373694e+00 
800 812.19 1.93788696e+02 1.25211442e+00 
801 812.97 1.86259384e+02 1.63867605e+00 
802 813.75 1.78295822e+02 1.82602274e+00 
803 814.53 1.71678253e+02 2.04907203e+00 
804 815.31 1.67111008e+02 2.23574281e+00 
805 816.09 1.64322632e+02 2.30950713e+00 
806 816.87 1.62711029e+02 2.33265638e+00 
807 817.65 1.61626877e+02 2.17615914e+00 
808 818.43 1.62148056e+02 1.86985540e+00 
809 819.21 1.65501465e+02 1.62429297e+00 
810 819.99 1.70562744e+02 1.50382614e+00 
811 820.77 1.72091766e+02 1.47342670e+00 
812 821.54 1.66850677e+02 1.61570716e+00 
813 822.32 1.59322845e+02 1.79966772e+00 
814 823.10 1.57154510e+02 1.86048901e+00 
815 823.88 1.62025604e+02 1.67701077e+00 
816 824.66 1.69419220e+02 1.38372302e+00 
817 825.44 1.73961014e+02 1.21701717e+00 
818 826.21 1.73377304e+02 1.24353802e+00 
819 826.99 1.69491318e+02 1.32801187e+00 
820 827.77 1.65797638e+02 1.43065012e+00 
821 828.55 1.64244598e+02 1.31624520e+00 
822 829.33 1.64997711e+02 1.35615170e+00 
823 830.10 1.66204300e+02 1.40599012e+00 
824 830.88 1.66437973e+02 1.27517474e+00 
825 831.66 1.65573624e+02 1.16814947e+00 
826 832.44 1.64824661e+02 1.02430546e+00 
827 833.21 1.65379364e+02 1.02190506e+00 
828 833.99 1.67630386e+02 9.19136286e-01 
829 834.77 1.70229141e+02 9.39992964e-01 
830 835.55 1.71851700e+02 7.32503116e-01 
831 836.32 1.72026138e+02 7.64617503e-01 
832 837.10 1.71550949e+02 6.46212816e-01 
833 837.88 1.71512451e+02 6.17010474e-01 
834 838.65 1.72497543e+02 4.72003549e-01 
835 839.43 1.73531693e+02 4.34966922e-01 
836 840.21 1.73949097e+02 4.51142251e-01 
837 840.98 1.72982819e+02 2.73607910e-01 
838 841.76 1.71192581e+02 2.87395924e-01 
839 842.54 1.69548828e+02 2.85465151e-01 
840 843.31 1.69233795e+02 2.31628865e-01 
841 844.09 1.69717026e+02 3.28906208e-01 
842 844.87 1.70242706e+02 2.01643169e-01 
843 845.64 1.69817337e+02 1.76907107e-01 
844 846.42 1.68416840e+02 2.18372464e-01 
845 847.19 1.66146027e+02 2.66080618e-01 
846 847.97 1.63344437e+02 2.74595737e-01 
847 848.75 1.61615997e+02 1.77527696e-01 
848 849.52 1.60366653e+02 1.61782786e-01 
849 850.30 1.59590363e+02 2.72885978e-01 
850 851.07 1.58279434e+02 2.35015586e-01 
851 851.85 1.55710373e+02 2.27695942e-01 
852 852.62 1.52633072e+02 2.69169182e-01 
853 853.40 1.50355759e+02 3.05805027e-01 
854 854.17 1.50135010e+02 1.68506160e-01 
855 854.95 1.52033371e+02 2.20828146e-01 
856 855.72 1.55236588e+02 2.95237184e-01 
857 856.50 1.57759964e+02 1.74856052e-01 
858 857.27 1.58760162e+02 2.38068044e-01 
859 858.05 1.58860672e+02 1.62857696e-01 
860 858.82 1.59034286e+02 1.60826176e-01 
861 859.60 1.59368622e+02 1.82988465e-01 
862 860.37 1.59270859e+02 2.52405524e-01 
863 861.15 1.58459793e+02 2.21827835e-01 
864 861.92 1.56794296e+02 2.08379939e-01 
865 862.69 1.54634659e+02 1.56929448e-01 
866 863.47 1.52202148e+02 2.60732770e-01 
867 864.24 1.49883865e+02 1.87679753e-01 
868 865.02 1.47786331e+02 2.03009725e-01 
869 865.79 1.45747971e+02 2.51967907e-01 
870 866.56 1.44220886e+02 2.10845649e-01 
871 867.34 1.43594406e+02 2.99211532e-01 
872 868.11 1.44323441e+02 1.28151178e-01 
873 868.89 1.45496506e+02 2.57935345e-01 
874 869.66 1.46727005e+02 1.52417079e-01 
875 870.43 1.47493851e+02 1.90607190e-01 
876 871.21 1.47419266e+02 1.41189873e-01 
877 871.98 1.46459808e+02 1.93235606e-01 
878 872.75 1.44976822e+02 2.44083285e-01 
879 873.53 1.43567123e+02 1.80751950e-01 
880 874.30 1.42563629e+02 2.11425081e-01 
881 875.07 1.42508987e+02 1.79161802e-01 
882 875.84 1.42479324e+02 1.61551222e-01 
883 876.62 1.42215408e+02 2.64801174e-01 
884 877.39 1.41258011e+02 1.61020130e-01 
885 878.16 1.39792404e+02 2.01159120e-01 
886 878.93 1.38730209e+02 1.45278916e-01 
887 879.71 1.38329178e+02 2.52209574e-01 
888 880.48 1.38843552e+02 2.28553072e-01 
889 881.25 1.40053909e+02 2.85774767e-01 
890 882.02 1.41195023e+02 3.26471239e-01 
891 882.80 1.41434006e+02 3.76700908e-01 
892 883.57 1.40919647e+02 4.17294830e-01 
893 884.34 1.39689850e+02 4.03609604e-01 
894 885.11 1.38409760e+02 2.77117848e-01 
895 885.88 1.37410675e+02 4.24068868e-01 
896 886.65 1.36775253e+02 2.73985744e-01 
897 887.43 1.36401779e+02 3.90059024e-01 
898 888.20 1.35712357e+02 2.53231406e-01 
899 888.97 1.34420990e+02 3.33948672e-01 
900 889.74 1.32687515e+02 2.56331384e-01 
901 890.51 1.30602554e+02 2.15834871e-01 
902 891.28 1.28314896e+02 2.13170081e-01 
903 892.05 1.25828918e+02 2.80170113e-01 
904 892.82 1.23135742e+02 3.47976625e-01 
905 893.59 1.20026436e+02 4.72047061e-01 
906 894.36 1.16103020e+02 6.70590997e-01 
907 895.13 1.12050438e+02 7.55125403e-01 
908 895.91 1.07611137e+02 8.56591165e-01 
909 896.68 1.03627098e+02 1.06868386e+00 
910 897.45 1.00394104e+02 1.05510151e+00 
911 898.22 9.79096832e+01 1.24324155e+00 
912 898.99 9.61460114e+01 1.25328958e+00 
913 899.76 9.53491974e+01 1.20664752e+00 
914 900.53 9.51562958e+01 1.20108080e+00 
915 901.30 9.56509552e+01 1.13143504e+00 
916 902.07 9.66818085e+01 1.10652089e+00 
917 902.84 9.79089279e+01 1.05099618e+00 
918 903.61 9.90373535e+01 1.03684258e+00 
919 904.37 9.93706284e+01 1.07200801e+00 
920 905.14 9.85914230e+01 9.98606682e-01 
921 905.91 9.65908890e+01 1.09111655e+00 
922 906.68 9.38961563e+01 1.12257218e+00 
923 907.45 9.10607147e+01 1.17847693e+00 
924 908.22 8.85280075e+01 1.21317971e+00 
925 908.99 8.67872086e+01 1.37230062e+00 
926 909.76 8.57441025e+01 1.35768783e+00 
927 910.53 8.53070679e+01 1.39843559e+00 
928 911.30 8.49954987e+01 1.43661582e+00 
929 912.06 8.44901123e+01 1.35749960e+00 
930 912.83 8.35924072e+01 1.50123096e+00 
931 913.60 8.27082291e+01 1.47330356e+00 
932 914.37 8.21826401e+01 1.43662143e+00 
933 915.14 8.18884277e+01 1.35338950e+00 
934 915.91 8.21093826e+01 1.41229033e+00 
935 916.67 8.26715851e+01 1.35582459e+00 
936 917.44 8.32434921e+01 1.27872968e+00 
937 918.21 8.38951492e+01 1.20328557e+00 
938 918.98 8.42705307e+01 1.13368344e+00 
939 919.75 8.45311279e+01 9.72123861e-01 
940 920.51 8.46156158e+01 9.32346344e-01 
941 921.28 8.44374237e+01 8.97667587e-01 
942 922.05 8.39200363e+01 9.87133980e-01 
943 922.81 8.28984909e+01 8.51333916e-01 
944 923.58 8.13090210e+01 9.96637464e-01 
945 924.35 7.92255096e+01 1.02137923e+00 
946 925.12 7.67077179e+01 1.09759891e+00 
947 925.88 7.37173920e+01 1.10016811e+00 
948 926.65 7.02293701e+01 1.23748374e+00 
949 927.42 6.62184296e+01 1.25801086e+00 
950 928.18 6.17147217e+01 1.38879287e+00 
951 928.95 5.66494942e+01 1.45762444e+00 
952 929.72 5.13531189e+01 1.42971516e+00 
953 930.48 4.62427902e+01 1.48389018e+00 
954 931.25 4.13303566e+01 1.53300762e+00 
955 932.01 3.69283180e+01 1.54976320e+00 
956 932.78 3.33775139e+01 1.56459749e+00 
957 933.55 3.06204510e+01 1.52506185e+00 
958 934.31 2.87961426e+01 1.48551059e+00 
959 935.08 2.78087711e+01 1.51558626e+00 
960 935.84 2.74714355e+01 1.47374117e+00 
961 936.61 2.75560436e+01 1.45802903e+00 
962 937.38 2.78419476e+01 1.42531800e+00 
963 938.14 2.83014030e+01 1.39245665e+00 
964 938.91 2.88413486e+01 1.34152889e+00 
965 939.67 2.92758160e+01 1.28799796e+00 
966 940.44 2.94232998e+01 1.28454292e+00 
967 941.20 2.92627602e+01 1.26717961e+00 
968 941.97 2.89243755e+01 1.26572347e+00 
969 942.73 2.82576046e+01 1.22800672e+00 
970 943.50 2.75361366e+01 1.18591392e+00 
971 944.26 2.68832245e+01 1.17969644e+00 
972 945.02 2.65735493e+01 1.18723965e+00 
973 945.79 2.65393677e+01 1.16811025e+00 
974 946.55 2.66587181e+01 1.19522667e+00 
975 947.32 2.70127430e+01 1.17539835e+00 
976 948.08 2.74121399e+01 1.16089082e+00 
977 948.85 2.78391743e+01 1.14888299e+00 
978 949.61 2.81908302e+01 1.16659701e+00 
979 950.37 2.86356392e+01 1.16467941e+00 
980 951.14 2.90632076e+01 1.20486760e+00 
981 951.90 2.94413052e+01 1.17836690e+00 
982 952.66 2.99007301e+01 1.15281546e+00 
983 953.43 3.02595787e+01 1.19250751e+00 
984 954.19 3.06873741e+01 1.15454280e+00 
985 954.96 3.11677971e+01 1.18886018e+00 
986 955.72 3.15746593e+01 1.19873571e+00 
987 956.48 3.20443611e+01 1.16959846e+00 
988 957.24 3.27111244e+01 1.16565847e+00 
989 958.01 3.34253807e+01 1.14011931e+00 
990 958.77 3.40943985e+01 1.09899831e+00 
991 959.53 3.48445168e+01 1.17537379e+00 
992 960.30 3.55409813e+01 1.06391490e+00 
993 961.06 3.63753929e+01 1.07303882e+00 
994 961.82 3.72894363e+01 1.00886202e+00 
995 962.58 3.82198524e+01 9.86546099e-01 
996 963.34 3.92895584e+01 9.71419871e-01 
997 964.11 4.03834839e+01 9.69464362e-01 
998 964.87 4.14963989e+01 9.49522436e-01 
999 965.63 4.25352898e+01 8.75839531e-01 
1000 966.39 4.34769402e+01 8.12392950e-01 
1001 967.15 4.43868179e+01 7.45002985e-01 
1002 967.92 4.51897888e+01 7.36417651e-01 
1003 968.68 4.58766670e+01 6.96651220e-01 
1004 969.44 4.64128456e+01 6.57309413e-01 
1005 970.20 4.68788795e+01 6.24234855e-01 
1006 970.96 4.70845108e+01 6.00883901e-01 
1007 971.72 4.70355492e+01 5.84210694e-01 
1008 972.48 4.68236351e+01 5.26903391e-01 
1009 973.24 4.64283180e+01 5.23663580e-01 
1010 974.01 4.60182381e+01 5.19205749e-01 
1011 974.77 4.55923576e+01 5.19237399e-01 
1012 975.53 4.53979416e+01 5.07158875e-01 
1013 976.29 4.53033638e+01 4.93124932e-01 
1014 977.05 4.52814064e+01 4.93563861e-01 
1015 977.81 4.52913780e+01 4.40429956e-01 
1016 978.57 4.53529739e+01 4.52688038e-01 
1017 979.33 4.53852463e+01 4.31923300e-01 
1018 980.09 4.55903854e+01 4.02497590e-01 
1019 980.85 4.57355843e+01 3.67229939e-01 
1020 981.61 4.60618248e+01 3.52122962e-01 
1021 982.37 4.61455154e+01 2.89886385e-01 
1022 983.13 4.62515564e+01 3.01897883e-01 
1023 983.89 4.62533531e+01 2.37745419e-01 
1024 984.65 4.62036095e+01 2.17317179e-01 
1025 985.41 4.61554642e+01 1.39871880e-01 
1026 986.16 4.61689720e+01 1.80561543e-01 
1027 986.92 4.61095200e+01 1.44798398e-01 
1028 987.68 4.58913918e+01 1.36528522e-01 
1029 988.44 4.55875015e+01 1.25347003e-01 
1030 989.20 4.52090454e+01 9.89576206e-02 
1031 989.96 4.48207664e+01 7.56269544e-02 
1032 990.72 4.45155983e+01 9.87099856e-02 
1033 991.48 4.41512337e+01 1.40165299e-01 
1034 992.23 4.36479988e+01 1.20287463e-01 
1035 992.99 4.29775925e+01 8.27768147e-02 
1036 993.75 4.23458366e+01 9.25682113e-02 
1037 994.51 4.16511459e+01 8.42879340e-02 
1038 995.27 4.09685097e+01 6.41383156e-02 
1039 996.03 4.01246452e+01 1.17493041e-01 
1040 996.78 2.54520869e+00 1.39895882e-02 
1041 997.54 1.09435506e-01 1.70972385e-02 
1042 998.30 5.54010496e-02 1.63210221e-02 
1043 999.06 4.78778742e-02 1.32386982e-02 
