1.71850000000000e+002 0.00000000000000e+000
1.72670000000000e+002 0.00000000000000e+000
1.73480000000000e+002 0.00000000000000e+000
1.74290000000000e+002 0.00000000000000e+000
1.75100000000000e+002 0.00000000000000e+000
1.75910000000000e+002 0.00000000000000e+000
1.76720000000000e+002 0.00000000000000e+000
1.77540000000000e+002 0.00000000000000e+000
1.78350000000000e+002 0.00000000000000e+000
1.79160000000000e+002 0.00000000000000e+000
1.79970000000000e+002 0.00000000000000e+000
1.80780000000000e+002 0.00000000000000e+000
1.81590000000000e+002 0.00000000000000e+000
1.82410000000000e+002 0.00000000000000e+000
1.83220000000000e+002 0.00000000000000e+000
1.84030000000000e+002 0.00000000000000e+000
1.84840000000000e+002 0.00000000000000e+000
1.85650000000000e+002 0.00000000000000e+000
1.86460000000000e+002 0.00000000000000e+000
1.87280000000000e+002 0.00000000000000e+000
1.88090000000000e+002 0.00000000000000e+000
1.88900000000000e+002 0.00000000000000e+000
1.89710000000000e+002 0.00000000000000e+000
1.90520000000000e+002 0.00000000000000e+000
1.91330000000000e+002 0.00000000000000e+000
1.92140000000000e+002 0.00000000000000e+000
1.92960000000000e+002 0.00000000000000e+000
1.93770000000000e+002 0.00000000000000e+000
1.94580000000000e+002 0.00000000000000e+000
1.95390000000000e+002 0.00000000000000e+000
1.96200000000000e+002 0.00000000000000e+000
1.97010000000000e+002 0.00000000000000e+000
1.97830000000000e+002 0.00000000000000e+000
1.98640000000000e+002 0.00000000000000e+000
1.99450000000000e+002 0.00000000000000e+000
2.00260000000000e+002 0.00000000000000e+000
2.01070000000000e+002 0.00000000000000e+000
2.01880000000000e+002 0.00000000000000e+000
2.02690000000000e+002 0.00000000000000e+000
2.03510000000000e+002 0.00000000000000e+000
2.04320000000000e+002 0.00000000000000e+000
2.05130000000000e+002 0.00000000000000e+000
2.05940000000000e+002 0.00000000000000e+000
2.06750000000000e+002 0.00000000000000e+000
2.07560000000000e+002 0.00000000000000e+000
2.08370000000000e+002 0.00000000000000e+000
2.09180000000000e+002 0.00000000000000e+000
2.10000000000000e+002 0.00000000000000e+000
2.10810000000000e+002 0.00000000000000e+000
2.11620000000000e+002 0.00000000000000e+000
2.12430000000000e+002 0.00000000000000e+000
2.13240000000000e+002 0.00000000000000e+000
2.14050000000000e+002 0.00000000000000e+000
2.14860000000000e+002 0.00000000000000e+000
2.15680000000000e+002 0.00000000000000e+000
2.16490000000000e+002 0.00000000000000e+000
2.17300000000000e+002 0.00000000000000e+000
2.18110000000000e+002 0.00000000000000e+000
2.18920000000000e+002 0.00000000000000e+000
2.19730000000000e+002 0.00000000000000e+000
2.20540000000000e+002 0.00000000000000e+000
2.21350000000000e+002 0.00000000000000e+000
2.22170000000000e+002 0.00000000000000e+000
2.22980000000000e+002 0.00000000000000e+000
2.23790000000000e+002 0.00000000000000e+000
2.24600000000000e+002 0.00000000000000e+000
2.25410000000000e+002 0.00000000000000e+000
2.26220000000000e+002 0.00000000000000e+000
2.27030000000000e+002 0.00000000000000e+000
2.27840000000000e+002 0.00000000000000e+000
2.28650000000000e+002 0.00000000000000e+000
2.29470000000000e+002 0.00000000000000e+000
2.30280000000000e+002 0.00000000000000e+000
2.31090000000000e+002 0.00000000000000e+000
2.31900000000000e+002 0.00000000000000e+000
2.32710000000000e+002 0.00000000000000e+000
2.33520000000000e+002 0.00000000000000e+000
2.34330000000000e+002 0.00000000000000e+000
2.35140000000000e+002 0.00000000000000e+000
2.35950000000000e+002 0.00000000000000e+000
2.36770000000000e+002 0.00000000000000e+000
2.37580000000000e+002 0.00000000000000e+000
2.38390000000000e+002 0.00000000000000e+000
2.39200000000000e+002 0.00000000000000e+000
2.40010000000000e+002 0.00000000000000e+000
2.40820000000000e+002 0.00000000000000e+000
2.41630000000000e+002 0.00000000000000e+000
2.42440000000000e+002 0.00000000000000e+000
2.43250000000000e+002 0.00000000000000e+000
2.44060000000000e+002 0.00000000000000e+000
2.44880000000000e+002 0.00000000000000e+000
2.45690000000000e+002 0.00000000000000e+000
2.46500000000000e+002 0.00000000000000e+000
2.47310000000000e+002 0.00000000000000e+000
2.48120000000000e+002 0.00000000000000e+000
2.48930000000000e+002 0.00000000000000e+000
2.49740000000000e+002 0.00000000000000e+000
2.50550000000000e+002 0.00000000000000e+000
2.51360000000000e+002 0.00000000000000e+000
2.52170000000000e+002 0.00000000000000e+000
2.52980000000000e+002 0.00000000000000e+000
2.53790000000000e+002 0.00000000000000e+000
2.54610000000000e+002 0.00000000000000e+000
2.55420000000000e+002 0.00000000000000e+000
2.56230000000000e+002 0.00000000000000e+000
2.57040000000000e+002 0.00000000000000e+000
2.57850000000000e+002 0.00000000000000e+000
2.58660000000000e+002 0.00000000000000e+000
2.59470000000000e+002 0.00000000000000e+000
2.60280000000000e+002 0.00000000000000e+000
2.61090000000000e+002 0.00000000000000e+000
2.61900000000000e+002 0.00000000000000e+000
2.62710000000000e+002 0.00000000000000e+000
2.63520000000000e+002 0.00000000000000e+000
2.64330000000000e+002 0.00000000000000e+000
2.65140000000000e+002 0.00000000000000e+000
2.65950000000000e+002 0.00000000000000e+000
2.66760000000000e+002 0.00000000000000e+000
2.67580000000000e+002 0.00000000000000e+000
2.68390000000000e+002 0.00000000000000e+000
2.69200000000000e+002 0.00000000000000e+000
2.70010000000000e+002 0.00000000000000e+000
2.70820000000000e+002 0.00000000000000e+000
2.71630000000000e+002 0.00000000000000e+000
2.72440000000000e+002 0.00000000000000e+000
2.73250000000000e+002 0.00000000000000e+000
2.74060000000000e+002 0.00000000000000e+000
2.74870000000000e+002 0.00000000000000e+000
2.75680000000000e+002 0.00000000000000e+000
2.76490000000000e+002 0.00000000000000e+000
2.77300000000000e+002 0.00000000000000e+000
2.78110000000000e+002 0.00000000000000e+000
2.78920000000000e+002 0.00000000000000e+000
2.79730000000000e+002 0.00000000000000e+000
2.80540000000000e+002 0.00000000000000e+000
2.81350000000000e+002 0.00000000000000e+000
2.82160000000000e+002 0.00000000000000e+000
2.82970000000000e+002 0.00000000000000e+000
2.83780000000000e+002 0.00000000000000e+000
2.84590000000000e+002 0.00000000000000e+000
2.85400000000000e+002 0.00000000000000e+000
2.86210000000000e+002 0.00000000000000e+000
2.87020000000000e+002 0.00000000000000e+000
2.87830000000000e+002 0.00000000000000e+000
2.88640000000000e+002 0.00000000000000e+000
2.89450000000000e+002 0.00000000000000e+000
2.90260000000000e+002 0.00000000000000e+000
2.91070000000000e+002 0.00000000000000e+000
2.91880000000000e+002 0.00000000000000e+000
2.92690000000000e+002 0.00000000000000e+000
2.93500000000000e+002 0.00000000000000e+000
2.94310000000000e+002 0.00000000000000e+000
2.95120000000000e+002 0.00000000000000e+000
2.95930000000000e+002 0.00000000000000e+000
2.96740000000000e+002 0.00000000000000e+000
2.97550000000000e+002 0.00000000000000e+000
2.98360000000000e+002 0.00000000000000e+000
2.99170000000000e+002 0.00000000000000e+000
2.99980000000000e+002 0.00000000000000e+000
3.00790000000000e+002 0.00000000000000e+000
3.01600000000000e+002 0.00000000000000e+000
3.02410000000000e+002 0.00000000000000e+000
3.03220000000000e+002 0.00000000000000e+000
3.04030000000000e+002 0.00000000000000e+000
3.04840000000000e+002 0.00000000000000e+000
3.05650000000000e+002 0.00000000000000e+000
3.06460000000000e+002 0.00000000000000e+000
3.07270000000000e+002 0.00000000000000e+000
3.08080000000000e+002 0.00000000000000e+000
3.08890000000000e+002 0.00000000000000e+000
3.09700000000000e+002 0.00000000000000e+000
3.10510000000000e+002 0.00000000000000e+000
3.11320000000000e+002 0.00000000000000e+000
3.12130000000000e+002 0.00000000000000e+000
3.12940000000000e+002 0.00000000000000e+000
3.13750000000000e+002 0.00000000000000e+000
3.14560000000000e+002 0.00000000000000e+000
3.15370000000000e+002 0.00000000000000e+000
3.16180000000000e+002 0.00000000000000e+000
3.16980000000000e+002 0.00000000000000e+000
3.17790000000000e+002 0.00000000000000e+000
3.18600000000000e+002 -2.79797149988592e-048
3.19410000000000e+002 -2.78825286629067e-048
3.20220000000000e+002 -2.77746038564063e-048
3.21030000000000e+002 -2.76513188119810e-048
3.21840000000000e+002 -2.75159385401467e-048
3.22650000000000e+002 -2.73567299554788e-048
3.23460000000000e+002 -2.71791783847633e-048
3.24270000000000e+002 -2.69723100021693e-048
3.25080000000000e+002 -2.67336486490074e-048
3.25890000000000e+002 -2.64517391310588e-048
3.26700000000000e+002 -2.61206529381980e-048
3.27510000000000e+002 -2.57278688342103e-048
3.28310000000000e+002 -2.52635264619995e-048
3.29120000000000e+002 -2.46877754905018e-048
3.29930000000000e+002 -2.39817620191382e-048
3.30740000000000e+002 -2.31001270138445e-048
3.31550000000000e+002 -2.19999972876960e-048
3.32360000000000e+002 -2.06254010455758e-048
3.33170000000000e+002 -1.89265094661049e-048
3.33980000000000e+002 -1.68878265974109e-048
3.34790000000000e+002 -1.45874887682769e-048
3.35600000000000e+002 -1.20078850202285e-048
3.36400000000000e+002 -8.16657121146623e-049
3.37210000000000e+002 -7.42334152871441e-050
3.38020000000000e+002 8.07085133898555e-049
3.38830000000000e+002 1.99701104037127e-048
3.39640000000000e+002 6.70583025899555e-048
3.40450000000000e+002 1.95906372815724e-047
3.41260000000000e+002 4.01208161309793e-047
3.42070000000000e+002 6.20483677181868e-047
3.42870000000000e+002 7.95395384132041e-047
3.43680000000000e+002 8.61728585301791e-047
3.44490000000000e+002 7.42604446921707e-047
3.45300000000000e+002 4.72984495533064e-047
3.46110000000000e+002 2.14517356575375e-047
3.46920000000000e+002 7.23299575897957e-048
3.47730000000000e+002 3.66945043526811e-048
3.48530000000000e+002 4.71897175766783e-048
3.49340000000000e+002 6.05109879652862e-048
3.50150000000000e+002 6.66606517854021e-048
3.50960000000000e+002 6.79670230178617e-048
3.51770000000000e+002 7.30006174509684e-048
3.52580000000000e+002 1.01082855990824e-047
3.53390000000000e+002 1.57708863569814e-047
3.54190000000000e+002 2.45212373523607e-047
3.55000000000000e+002 3.88564499801942e-047
3.55810000000000e+002 6.23533852760129e-047
3.56620000000000e+002 9.93614260756338e-047
3.57430000000000e+002 1.52122357284609e-046
3.58240000000000e+002 2.20608595709373e-046
3.59040000000000e+002 2.95610957932751e-046
3.59850000000000e+002 3.59361030886450e-046
3.60660000000000e+002 3.82986600600093e-046
3.61470000000000e+002 3.39488707144315e-046
3.62280000000000e+002 2.40447862390988e-046
3.63080000000000e+002 1.38570019232799e-046
3.63890000000000e+002 6.77742113104800e-047
3.64700000000000e+002 2.98449162160139e-047
3.65510000000000e+002 1.10230542365107e-047
3.66320000000000e+002 2.14706158383272e-048
3.67120000000000e+002 -2.91579367939682e-049
3.67930000000000e+002 8.99205086160477e-049
3.68740000000000e+002 2.42326112634912e-048
3.69550000000000e+002 3.02541959533942e-048
3.70360000000000e+002 2.81446029250438e-048
3.71160000000000e+002 2.50436180982831e-048
3.71970000000000e+002 2.76269504548436e-048
3.72780000000000e+002 2.61200647102788e-048
3.73590000000000e+002 2.44720905056238e-048
3.74390000000000e+002 4.96667821294214e-048
3.75200000000000e+002 1.21762077952969e-047
3.76010000000000e+002 2.61182812783243e-047
3.76820000000000e+002 5.18017716678665e-047
3.77630000000000e+002 9.23348433156015e-047
3.78430000000000e+002 1.42217932495692e-046
3.79240000000000e+002 1.89583973053495e-046
3.80050000000000e+002 2.15822370338859e-046
3.80860000000000e+002 2.07530888539761e-046
3.81660000000000e+002 1.68199666565940e-046
3.82470000000000e+002 1.15546575731189e-046
3.83280000000000e+002 6.97754130029582e-047
3.84080000000000e+002 3.87012951170139e-047
3.84890000000000e+002 1.93968625443938e-047
3.85700000000000e+002 8.29338035362719e-048
3.86510000000000e+002 2.36528404467733e-048
3.87310000000000e+002 1.00786235950837e-049
3.88120000000000e+002 5.45903142917808e-050
3.88930000000000e+002 4.17671057235713e-049
3.89740000000000e+002 3.56836919098021e-049
3.90540000000000e+002 3.23890452328739e-049
3.91350000000000e+002 5.04190525986923e-049
3.92160000000000e+002 7.45081633593449e-049
3.92960000000000e+002 1.26483274614679e-048
3.93770000000000e+002 2.23801556438925e-048
3.94580000000000e+002 2.80555483615966e-048
3.95380000000000e+002 2.41460962402436e-048
3.96190000000000e+002 1.87309435703160e-048
3.97000000000000e+002 1.85059238657193e-048
3.97810000000000e+002 2.14486616192667e-048
3.98610000000000e+002 2.23163982776489e-048
3.99420000000000e+002 1.81688957474370e-048
4.00230000000000e+002 7.43042974087463e-049
4.01030000000000e+002 -5.17737513973507e-049
4.01840000000000e+002 -1.36382840012062e-048
4.02650000000000e+002 -1.83185032992221e-048
4.03450000000000e+002 -2.24059381915762e-048
4.04260000000000e+002 -2.60692030776238e-048
4.05070000000000e+002 -2.21734515508472e-048
4.05870000000000e+002 -8.46733935987708e-049
4.06680000000000e+002 4.02123462218615e-050
4.07490000000000e+002 8.37253756276384e-050
4.08290000000000e+002 1.62104644480162e-050
4.09100000000000e+002 -1.42633556909052e-050
4.09900000000000e+002 -2.28211566172995e-050
4.10710000000000e+002 -2.38510099735409e-050
4.11520000000000e+002 -2.26818423262329e-050
4.12320000000000e+002 -2.11434481687779e-050
4.13130000000000e+002 -1.97197327061021e-050
4.13940000000000e+002 -1.85441131736713e-050
4.14740000000000e+002 -1.76158724690182e-050
4.15550000000000e+002 -1.68688620685653e-050
4.16350000000000e+002 -1.63168546986000e-050
4.17160000000000e+002 -3.27766108263004e-049
4.17970000000000e+002 -3.48524463956150e-049
4.18770000000000e+002 -3.48165765964012e-049
4.19580000000000e+002 -3.47658535187127e-049
4.20380000000000e+002 -3.46930566620102e-049
4.21190000000000e+002 -3.45809575615030e-049
4.22000000000000e+002 -3.43999957181423e-049
4.22800000000000e+002 -3.40922000651607e-049
4.23610000000000e+002 -3.35110075768548e-049
4.24410000000000e+002 -3.23395853396303e-049
4.25220000000000e+002 -2.96861362605550e-049
4.26030000000000e+002 -2.33397969581491e-049
4.26830000000000e+002 -9.09289580210467e-050
4.27640000000000e+002 1.42230207126780e-049
4.28440000000000e+002 2.85478408207059e-049
4.29250000000000e+002 3.78928488805891e-049
4.30050000000000e+002 6.81892514801822e-049
4.30860000000000e+002 9.61455529683348e-049
4.31660000000000e+002 8.94100489498996e-049
4.32470000000000e+002 6.47201005745959e-049
4.33280000000000e+002 6.04103703119691e-049
4.34080000000000e+002 7.85794581037638e-049
4.34890000000000e+002 8.82082947342274e-049
4.35690000000000e+002 6.86843746375330e-049
4.36500000000000e+002 2.85108144145409e-049
4.37300000000000e+002 2.36029316926476e-050
4.38110000000000e+002 3.39375122575288e-049
4.38910000000000e+002 1.41109055694692e-048
4.39720000000000e+002 3.10184636751395e-048
4.40520000000000e+002 5.23343442094327e-048
4.41330000000000e+002 7.97642985463022e-048
4.42130000000000e+002 1.14436179199517e-047
4.42940000000000e+002 1.59139388367966e-047
4.43740000000000e+002 2.15947612473166e-047
4.44550000000000e+002 2.86247662698457e-047
4.45350000000000e+002 3.54970814410195e-047
4.46160000000000e+002 3.97087801839940e-047
4.46960000000000e+002 3.90345213422377e-047
4.47770000000000e+002 3.35465414124756e-047
4.48570000000000e+002 2.55004035008086e-047
4.49380000000000e+002 1.72808790958569e-047
4.50180000000000e+002 1.07084096578425e-047
4.50990000000000e+002 6.15900146496862e-048
4.51790000000000e+002 3.67462745347512e-048
4.52600000000000e+002 2.71419057410127e-048
4.53400000000000e+002 2.49422561635187e-048
4.54200000000000e+002 2.34866941087775e-048
4.55010000000000e+002 2.17793007479146e-048
4.55810000000000e+002 2.15152035785824e-048
4.56620000000000e+002 2.29127115915373e-048
4.57420000000000e+002 2.58349787881657e-048
4.58230000000000e+002 3.14842783469869e-048
4.59030000000000e+002 4.02534299141232e-048
4.59830000000000e+002 5.12773991390265e-048
4.60640000000000e+002 6.40834482164521e-048
4.61440000000000e+002 7.90473003456903e-048
4.62250000000000e+002 9.75600286819810e-048
4.63050000000000e+002 1.19552033644264e-047
4.63860000000000e+002 1.46240473435437e-047
4.64660000000000e+002 1.79669584251305e-047
4.65460000000000e+002 2.25502584861394e-047
4.66270000000000e+002 2.91953587770042e-047
4.67070000000000e+002 3.85237002363607e-047
4.67870000000000e+002 5.12684340154326e-047
4.68680000000000e+002 6.79631292748507e-047
4.69480000000000e+002 8.82488047744340e-047
4.70290000000000e+002 1.12861491166160e-046
4.71090000000000e+002 1.41784308793597e-046
4.71890000000000e+002 1.76328479922626e-046
4.72700000000000e+002 2.19175678306601e-046
4.73500000000000e+002 2.72828378150892e-046
4.74300000000000e+002 3.40332467091324e-046
4.75110000000000e+002 4.18756314923994e-046
4.75910000000000e+002 4.91528333332326e-046
4.76710000000000e+002 5.38361241605938e-046
4.77520000000000e+002 5.42284751693325e-046
4.78320000000000e+002 5.00910596890336e-046
4.79120000000000e+002 4.26536390176081e-046
4.79930000000000e+002 3.36423318402206e-046
4.80730000000000e+002 2.49260540337285e-046
4.81530000000000e+002 1.74253796730171e-046
4.82340000000000e+002 1.14970031515095e-046
4.83140000000000e+002 7.27459257881770e-047
4.83940000000000e+002 4.42426364161228e-047
4.84750000000000e+002 2.59153663141914e-047
4.85550000000000e+002 1.48556798757453e-047
4.86350000000000e+002 8.18601867971782e-048
4.87160000000000e+002 4.19853915376843e-048
4.87960000000000e+002 1.98811395630880e-048
4.88760000000000e+002 8.61847209779305e-049
4.89560000000000e+002 3.64061603308591e-049
4.90370000000000e+002 1.79604350298649e-049
4.91170000000000e+002 1.36794880485593e-049
4.91970000000000e+002 1.49431437503292e-049
4.92770000000000e+002 1.73122449500222e-049
4.93580000000000e+002 1.90096723197860e-049
4.94380000000000e+002 1.99864556510425e-049
4.95180000000000e+002 2.05673975026847e-049
4.95980000000000e+002 2.02233343348408e-049
4.96790000000000e+002 1.40754938653076e-049
4.97590000000000e+002 2.76300957797417e-050
4.98390000000000e+002 1.24970866004290e-050
4.99190000000000e+002 4.42781929075380e-050
5.00000000000000e+002 1.09234176060787e-049
5.00800000000000e+002 2.28975005140707e-049
5.01600000000000e+002 4.39515266538127e-049
5.02400000000000e+002 7.42022757322510e-049
5.03200000000000e+002 1.02404979497131e-048
5.04010000000000e+002 1.11919161784148e-048
5.04810000000000e+002 1.01077799366599e-048
5.05610000000000e+002 8.57730455164599e-049
5.06410000000000e+002 8.26195919434485e-049
5.07210000000000e+002 9.72264990981291e-049
5.08020000000000e+002 1.22007427112708e-048
5.08820000000000e+002 1.37553039499553e-048
5.09620000000000e+002 1.25829686732251e-048
5.10420000000000e+002 8.46862730725826e-049
5.11220000000000e+002 3.00406232749748e-049
5.12020000000000e+002 -2.12730859878105e-049
5.12830000000000e+002 -6.68880448380060e-049
5.13630000000000e+002 -1.09813156394679e-048
5.14430000000000e+002 -1.44074146863417e-048
5.15230000000000e+002 -1.51394592918927e-048
5.16030000000000e+002 -1.21582188766655e-048
5.16830000000000e+002 -6.58523628834993e-049
5.17630000000000e+002 -4.42776810753464e-050
5.18440000000000e+002 5.45729452217100e-049
5.19240000000000e+002 1.15309085028207e-048
5.20040000000000e+002 1.87451524523858e-048
5.20840000000000e+002 2.80353540131927e-048
5.21640000000000e+002 4.15283924478665e-048
5.22440000000000e+002 6.31714576013405e-048
5.23240000000000e+002 9.70931861996308e-048
5.24040000000000e+002 1.45272707416937e-047
5.24840000000000e+002 2.07328950213439e-047
5.25640000000000e+002 2.82054634598014e-047
5.26450000000000e+002 3.69230022289723e-047
5.27250000000000e+002 4.64015790838156e-047
5.28050000000000e+002 5.62369888767635e-047
5.28850000000000e+002 6.56957973484151e-047
5.29650000000000e+002 7.39564070383669e-047
5.30450000000000e+002 8.02652931689119e-047
5.31250000000000e+002 8.39901760453382e-047
5.32050000000000e+002 8.45627088012436e-047
5.32850000000000e+002 8.14942210206571e-047
5.33650000000000e+002 7.46259013857429e-047
5.34450000000000e+002 6.45487573964071e-047
5.35250000000000e+002 5.26701510760601e-047
5.36050000000000e+002 4.07799688356006e-047
5.36850000000000e+002 3.03280946864609e-047
5.37650000000000e+002 2.19651686156389e-047
5.38450000000000e+002 1.55740988767977e-047
5.39250000000000e+002 1.06667700128749e-047
5.40050000000000e+002 6.80090328180046e-048
5.40850000000000e+002 3.74976730432898e-048
5.41650000000000e+002 1.43583002199268e-048
5.42450000000000e+002 -1.74542069369858e-049
5.43250000000000e+002 -1.11805619418503e-048
5.44050000000000e+002 -1.44600636445813e-048
5.44850000000000e+002 -1.26124000578565e-048
5.45650000000000e+002 -7.07503398560776e-049
5.46450000000000e+002 1.10373123648750e-049
5.47250000000000e+002 1.19126492452561e-048
5.48050000000000e+002 2.58026692153290e-048
5.48850000000000e+002 4.25791758901053e-048
5.49650000000000e+002 6.12039379455197e-048
5.50450000000000e+002 8.05706535354777e-048
5.51250000000000e+002 1.00331361686029e-047
5.52050000000000e+002 1.21075100607118e-047
5.52840000000000e+002 1.43581890053613e-047
5.53640000000000e+002 1.69414859047599e-047
5.54440000000000e+002 1.99250355708805e-047
5.55240000000000e+002 2.34512654358673e-047
5.56040000000000e+002 2.77256113253538e-047
5.56840000000000e+002 3.29232664204724e-047
5.57640000000000e+002 3.91151502589177e-047
5.58440000000000e+002 4.63369081035077e-047
5.59240000000000e+002 5.47690260741990e-047
5.60040000000000e+002 6.48128510663733e-047
5.60830000000000e+002 7.68262834355506e-047
5.61630000000000e+002 9.15961400750348e-047
5.62430000000000e+002 1.09396753057474e-046
5.63230000000000e+002 1.30686989858862e-046
5.64030000000000e+002 1.56044088815170e-046
5.64830000000000e+002 1.86139973732768e-046
5.65630000000000e+002 2.21658962123618e-046
5.66420000000000e+002 2.62695909431062e-046
5.67220000000000e+002 3.10786861203579e-046
5.68020000000000e+002 3.65666972190851e-046
5.68820000000000e+002 4.27144911924081e-046
5.69620000000000e+002 4.94537625565605e-046
5.70420000000000e+002 5.66748251387986e-046
5.71210000000000e+002 6.41280364361284e-046
5.72010000000000e+002 7.18019240172843e-046
5.72810000000000e+002 7.93553353073844e-046
5.73610000000000e+002 8.65089002054422e-046
5.74410000000000e+002 9.29661311404917e-046
5.75200000000000e+002 9.83320832866538e-046
5.76000000000000e+002 1.02302036331180e-045
5.76800000000000e+002 1.04159633805640e-045
5.77600000000000e+002 1.03119611677405e-045
5.78390000000000e+002 9.85896005065544e-046
5.79190000000000e+002 9.03586344812276e-046
5.79990000000000e+002 7.92132418797972e-046
5.80790000000000e+002 6.66149572148084e-046
5.81580000000000e+002 5.43097558987558e-046
5.82380000000000e+002 4.31411086183575e-046
5.83180000000000e+002 3.37968893792186e-046
5.83980000000000e+002 2.62854671384959e-046
5.84770000000000e+002 2.04084737910235e-046
5.85570000000000e+002 1.56990160537250e-046
5.86370000000000e+002 1.19682988978279e-046
5.87160000000000e+002 9.05236610397270e-047
5.87960000000000e+002 6.72895133060225e-047
5.88760000000000e+002 4.91125763540476e-047
5.89550000000000e+002 3.51650126796786e-047
5.90350000000000e+002 2.43602357631370e-047
5.91150000000000e+002 1.62611455332801e-047
5.91950000000000e+002 1.02611697788187e-047
5.92740000000000e+002 5.94595623216852e-048
5.93540000000000e+002 2.94200000978174e-048
5.94330000000000e+002 1.13105073891917e-048
5.95130000000000e+002 2.27157761035626e-049
5.95930000000000e+002 1.08886433428685e-050
5.96720000000000e+002 3.11451150089412e-049
5.97520000000000e+002 1.06268484329445e-048
5.98320000000000e+002 2.21129695679534e-048
5.99110000000000e+002 3.66124557113742e-048
5.99910000000000e+002 5.37643120521494e-048
6.00710000000000e+002 7.30551728559885e-048
6.01500000000000e+002 9.41734048304050e-048
6.02300000000000e+002 1.17385610738091e-047
6.03090000000000e+002 1.41360871437067e-047
6.03890000000000e+002 1.65993294034741e-047
6.04690000000000e+002 1.91209821863278e-047
6.05480000000000e+002 2.17806944598772e-047
6.06280000000000e+002 2.47377932509437e-047
6.07070000000000e+002 2.79200801351694e-047
6.07870000000000e+002 3.14142727871041e-047
6.08660000000000e+002 3.52693319557112e-047
6.09460000000000e+002 3.98206502913770e-047
6.10250000000000e+002 4.51207057577463e-047
6.11050000000000e+002 5.13255597349524e-047
6.11850000000000e+002 5.83273699683746e-047
6.12640000000000e+002 6.60355515274050e-047
6.13440000000000e+002 7.47721862809400e-047
6.14230000000000e+002 8.45733124027411e-047
6.15030000000000e+002 9.60418398755321e-047
6.15820000000000e+002 1.09269720535766e-046
6.16620000000000e+002 1.24930008785661e-046
6.17410000000000e+002 1.42946761969113e-046
6.18210000000000e+002 1.64126283139262e-046
6.19000000000000e+002 1.88339880499978e-046
6.19800000000000e+002 2.16604706500790e-046
6.20590000000000e+002 2.48539944534377e-046
6.21390000000000e+002 2.85151196070890e-046
6.22180000000000e+002 3.25513356290718e-046
6.22970000000000e+002 3.69718938663662e-046
6.23770000000000e+002 4.17526379433728e-046
6.24560000000000e+002 4.66121945577560e-046
6.25360000000000e+002 5.14433934221071e-046
6.26150000000000e+002 5.58981362080174e-046
6.26950000000000e+002 5.99299481197156e-046
6.27740000000000e+002 6.33513059819771e-046
6.28530000000000e+002 6.61205562899421e-046
6.29330000000000e+002 6.80941366463212e-046
6.30120000000000e+002 6.90262630474912e-046
6.30920000000000e+002 6.87987581654917e-046
6.31710000000000e+002 6.73585477300979e-046
6.32500000000000e+002 6.46839735048135e-046
6.33300000000000e+002 6.07143611807201e-046
6.34090000000000e+002 5.56400952879594e-046
6.34890000000000e+002 4.96206621010865e-046
6.35680000000000e+002 4.32923713206595e-046
6.36470000000000e+002 3.71247885102235e-046
6.37270000000000e+002 3.14573583520207e-046
6.38060000000000e+002 2.65894660870066e-046
6.38850000000000e+002 2.23817622928719e-046
6.39650000000000e+002 1.86402965039518e-046
6.40440000000000e+002 1.53393350824622e-046
6.41230000000000e+002 1.23936388376705e-046
6.42030000000000e+002 9.79367495888255e-047
6.42820000000000e+002 7.62592543220078e-047
6.43610000000000e+002 5.84430549372039e-047
6.44410000000000e+002 4.39318391887041e-047
6.45200000000000e+002 3.26352929947116e-047
6.45990000000000e+002 2.39469653013790e-047
6.46780000000000e+002 1.73833590874333e-047
6.47580000000000e+002 1.22846476164018e-047
6.48370000000000e+002 8.23845883834183e-048
6.49160000000000e+002 4.91623123872626e-048
6.49960000000000e+002 2.30464004442547e-048
6.50750000000000e+002 5.26097347647539e-049
6.51540000000000e+002 -5.39505382809602e-049
6.52330000000000e+002 -1.08465582022819e-048
6.53120000000000e+002 -1.28751251307687e-048
6.53920000000000e+002 -1.24178616995894e-048
6.54710000000000e+002 -9.51581163399737e-049
6.55500000000000e+002 -3.76827420756611e-049
6.56290000000000e+002 5.11013824310687e-049
6.57090000000000e+002 1.73198238668573e-048
6.57880000000000e+002 3.14721390308941e-048
6.58670000000000e+002 4.40866492430515e-048
6.59460000000000e+002 4.94233738403544e-048
6.60250000000000e+002 4.25420269532568e-048
6.61040000000000e+002 2.31734398813842e-048
6.61840000000000e+002 -8.40862908228793e-050
6.62630000000000e+002 -1.31764802254222e-048
6.63420000000000e+002 -1.18297339679560e-049
6.64210000000000e+002 3.41844280193147e-048
6.65000000000000e+002 7.70036652245108e-048
6.65790000000000e+002 1.08733256008468e-047
6.66590000000000e+002 1.22559090442950e-047
6.67380000000000e+002 1.22645824503131e-047
6.68170000000000e+002 1.16079689015835e-047
6.68960000000000e+002 1.07308336815226e-047
6.69750000000000e+002 9.84194086775212e-048
6.70540000000000e+002 9.01902680039022e-048
6.71330000000000e+002 8.27239673839471e-048
6.72120000000000e+002 7.60349947079920e-048
6.72910000000000e+002 6.99595658950244e-048
6.73700000000000e+002 6.44353589884509e-048
6.74490000000000e+002 5.94209372652022e-048
6.75290000000000e+002 5.47347840305547e-048
6.76080000000000e+002 5.05108413622411e-048
6.76870000000000e+002 4.65854510634095e-048
6.77660000000000e+002 4.30002200604886e-048
6.78450000000000e+002 3.96602018715231e-048
6.79240000000000e+002 3.66128265150309e-048
6.80030000000000e+002 3.38031675396850e-048
6.80820000000000e+002 3.11807836678818e-048
6.81610000000000e+002 2.87937507055159e-048
6.82400000000000e+002 2.65932509604102e-048
6.83190000000000e+002 2.45645276414270e-048
6.83980000000000e+002 2.26658703805266e-048
6.84770000000000e+002 2.09416621530588e-048
6.85560000000000e+002 1.93510916445890e-048
6.86350000000000e+002 1.78833394912591e-048
6.87140000000000e+002 1.65284605044953e-048
6.87930000000000e+002 1.52768247408599e-048
6.88720000000000e+002 0.00000000000000e+000
6.89500000000000e+002 0.00000000000000e+000
6.90290000000000e+002 0.00000000000000e+000
6.91080000000000e+002 0.00000000000000e+000
6.91870000000000e+002 0.00000000000000e+000
6.92660000000000e+002 0.00000000000000e+000
6.93450000000000e+002 0.00000000000000e+000
6.94240000000000e+002 0.00000000000000e+000
6.95030000000000e+002 0.00000000000000e+000
6.95820000000000e+002 0.00000000000000e+000
6.96610000000000e+002 0.00000000000000e+000
6.97400000000000e+002 0.00000000000000e+000
6.98180000000000e+002 0.00000000000000e+000
6.98970000000000e+002 0.00000000000000e+000
6.99760000000000e+002 0.00000000000000e+000
7.00550000000000e+002 0.00000000000000e+000
7.01340000000000e+002 0.00000000000000e+000
7.02130000000000e+002 0.00000000000000e+000
7.02920000000000e+002 2.73450358693489e-053
7.03700000000000e+002 3.58354014538739e-053
7.04490000000000e+002 4.73265971110541e-053
7.05280000000000e+002 6.27995320876213e-053
7.06070000000000e+002 8.37424693950467e-053
7.06860000000000e+002 1.12243674042469e-052
7.07640000000000e+002 1.50598672201466e-052
7.08430000000000e+002 2.05231033757295e-052
7.09220000000000e+002 2.79677250041782e-052
7.10010000000000e+002 3.83501711519677e-052
7.10790000000000e+002 5.29567497148834e-052
7.11580000000000e+002 7.35859684921112e-052
7.12370000000000e+002 1.03485227683391e-051
7.13160000000000e+002 1.46637512067713e-051
7.13940000000000e+002 2.08481330206079e-051
7.14730000000000e+002 2.99402449866870e-051
7.15520000000000e+002 4.36025833794842e-051
7.16310000000000e+002 6.42096095434440e-051
7.17090000000000e+002 9.52350287101186e-051
7.17880000000000e+002 1.44018815918384e-050
7.18670000000000e+002 2.21853147084101e-050
7.19450000000000e+002 3.45089993754315e-050
7.20240000000000e+002 5.50836138836397e-050
7.21030000000000e+002 8.98428855235385e-050
7.21810000000000e+002 1.47512799880059e-049
7.22600000000000e+002 2.42626246509158e-049
7.23390000000000e+002 3.77350094781450e-049
7.24170000000000e+002 5.10141194958345e-049
7.24960000000000e+002 5.73722256615453e-049
7.25750000000000e+002 5.80236169365792e-049
7.26530000000000e+002 6.57467290112173e-049
7.27320000000000e+002 9.43984028296166e-049
7.28110000000000e+002 1.48609076087204e-048
7.28890000000000e+002 2.17178485618284e-048
7.29680000000000e+002 2.80089374921190e-048
7.30460000000000e+002 3.18221588889297e-048
7.31250000000000e+002 3.35124018895725e-048
7.32040000000000e+002 3.52224404016638e-048
7.32820000000000e+002 3.91328031602975e-048
7.33610000000000e+002 4.60294248622126e-048
7.34390000000000e+002 5.49577907959740e-048
7.35180000000000e+002 6.47297620373559e-048
7.35960000000000e+002 7.37456506560933e-048
7.36750000000000e+002 8.17050491243828e-048
7.37530000000000e+002 8.96289429875732e-048
7.38320000000000e+002 1.00506239557979e-047
7.39100000000000e+002 1.16405239333444e-047
7.39890000000000e+002 1.37842335038424e-047
7.40670000000000e+002 1.62193027724657e-047
7.41460000000000e+002 1.87422463492001e-047
7.42240000000000e+002 2.11410267770773e-047
7.43030000000000e+002 2.35413500925232e-047
7.43810000000000e+002 2.61604622734131e-047
7.44600000000000e+002 2.94384483009841e-047
7.45380000000000e+002 3.35403904514368e-047
7.46170000000000e+002 3.85714854377582e-047
7.46950000000000e+002 4.41816696623932e-047
7.47740000000000e+002 5.01827828909689e-047
7.48520000000000e+002 5.61281938184759e-047
7.49300000000000e+002 6.20207199747916e-047
7.50090000000000e+002 6.82130587353229e-047
7.50870000000000e+002 7.49845663431794e-047
7.51660000000000e+002 8.27516038638802e-047
7.52440000000000e+002 9.12651048703529e-047
7.53220000000000e+002 1.00479867473953e-046
7.54010000000000e+002 1.10371993136096e-046
7.54790000000000e+002 1.20396334608615e-046
7.55580000000000e+002 1.30729369999538e-046
7.56360000000000e+002 1.42266382308592e-046
7.57140000000000e+002 1.57753412320390e-046
7.57930000000000e+002 1.79525927429428e-046
7.58710000000000e+002 2.05323842670994e-046
7.59490000000000e+002 2.29641745627467e-046
7.60280000000000e+002 2.46899678863295e-046
7.61060000000000e+002 2.55506864279043e-046
7.61840000000000e+002 2.59044856009358e-046
7.62630000000000e+002 2.60314419714026e-046
7.63410000000000e+002 2.57362294893070e-046
7.64190000000000e+002 2.44874545650328e-046
7.64970000000000e+002 2.19738360906003e-046
7.65760000000000e+002 1.84533558236373e-046
7.66540000000000e+002 1.47684470223713e-046
7.67320000000000e+002 1.15503272423935e-046
7.68100000000000e+002 9.06740870875513e-047
7.68890000000000e+002 7.21094618601406e-047
7.69670000000000e+002 5.82425471865140e-047
7.70450000000000e+002 4.73535520861394e-047
7.71230000000000e+002 3.86729293899340e-047
7.72020000000000e+002 3.15980565828319e-047
7.72800000000000e+002 2.58788889038983e-047
7.73580000000000e+002 2.11520080519079e-047
7.74360000000000e+002 1.72564868828378e-047
7.75140000000000e+002 1.40383321787078e-047
7.75920000000000e+002 1.13570919478441e-047
7.76710000000000e+002 9.13097317136641e-048
7.77490000000000e+002 7.41704344406989e-048
7.78270000000000e+002 6.13240162656848e-048
7.79050000000000e+002 5.13249462111422e-048
7.79830000000000e+002 4.25675279569247e-048
7.80610000000000e+002 3.41784369461956e-048
7.81390000000000e+002 2.61049073711525e-048
7.82180000000000e+002 1.86042283347968e-048
7.82960000000000e+002 1.23078522879402e-048
7.83740000000000e+002 7.50612183895507e-049
7.84520000000000e+002 4.36825246078500e-049
7.85300000000000e+002 2.70534996036873e-049
7.86080000000000e+002 2.06894514858463e-049
7.86860000000000e+002 1.99992912211514e-049
7.87640000000000e+002 2.14315823733120e-049
7.88420000000000e+002 2.20423767739496e-049
7.89200000000000e+002 1.96457128047085e-049
7.89980000000000e+002 1.40863145512736e-049
7.90760000000000e+002 7.57605861310774e-050
7.91540000000000e+002 2.83893100215843e-050
7.92320000000000e+002 7.09732200848083e-051
7.93100000000000e+002 1.24867133755220e-051
7.93880000000000e+002 1.76384438666472e-052
7.94660000000000e+002 2.25147580461671e-053
7.95440000000000e+002 2.78101181464010e-054
7.96220000000000e+002 3.47003204660031e-055
7.97000000000000e+002 4.35548998949157e-056
7.97780000000000e+002 5.65847163582385e-057
7.98560000000000e+002 7.54856913687854e-058
7.99340000000000e+002 1.03468093415733e-058
8.00120000000000e+002 1.45702059095487e-059
8.00900000000000e+002 2.15143891136303e-060
8.01680000000000e+002 3.19801215182486e-061
8.02460000000000e+002 4.99470849738673e-062
8.03240000000000e+002 8.02073331542590e-063
8.04010000000000e+002 1.35741648241142e-063
8.04790000000000e+002 2.29925779420758e-064
8.05570000000000e+002 3.99649338694132e-065
8.06350000000000e+002 7.35385642019010e-066
8.07130000000000e+002 1.34557438494720e-066
8.07910000000000e+002 2.61076632528677e-067
8.08690000000000e+002 5.20065466007450e-068
8.09470000000000e+002 1.06300281895865e-068
8.10240000000000e+002 2.28193203339740e-069
8.11020000000000e+002 4.89671248146108e-070
8.11800000000000e+002 0.00000000000000e+000
8.12580000000000e+002 0.00000000000000e+000
8.13360000000000e+002 0.00000000000000e+000
8.14130000000000e+002 0.00000000000000e+000
8.14910000000000e+002 0.00000000000000e+000
8.15690000000000e+002 0.00000000000000e+000
8.16470000000000e+002 0.00000000000000e+000
8.17240000000000e+002 0.00000000000000e+000
8.18020000000000e+002 0.00000000000000e+000
8.18800000000000e+002 0.00000000000000e+000
8.19580000000000e+002 0.00000000000000e+000
8.20350000000000e+002 0.00000000000000e+000
8.21130000000000e+002 0.00000000000000e+000
8.21910000000000e+002 0.00000000000000e+000
8.22690000000000e+002 0.00000000000000e+000
8.23460000000000e+002 0.00000000000000e+000
8.24240000000000e+002 0.00000000000000e+000
8.25020000000000e+002 0.00000000000000e+000
8.25790000000000e+002 0.00000000000000e+000
8.26570000000000e+002 0.00000000000000e+000
8.27350000000000e+002 0.00000000000000e+000
8.28120000000000e+002 0.00000000000000e+000
8.28900000000000e+002 0.00000000000000e+000
8.29670000000000e+002 0.00000000000000e+000
8.30450000000000e+002 0.00000000000000e+000
8.31230000000000e+002 0.00000000000000e+000
8.32000000000000e+002 0.00000000000000e+000
8.32780000000000e+002 0.00000000000000e+000
8.33550000000000e+002 0.00000000000000e+000
8.34330000000000e+002 0.00000000000000e+000
8.35110000000000e+002 0.00000000000000e+000
8.35880000000000e+002 0.00000000000000e+000
8.36660000000000e+002 0.00000000000000e+000
8.37430000000000e+002 0.00000000000000e+000
8.38210000000000e+002 0.00000000000000e+000
8.38980000000000e+002 0.00000000000000e+000
8.39760000000000e+002 0.00000000000000e+000
8.40530000000000e+002 0.00000000000000e+000
8.41310000000000e+002 0.00000000000000e+000
8.42080000000000e+002 0.00000000000000e+000
8.42860000000000e+002 0.00000000000000e+000
8.43630000000000e+002 0.00000000000000e+000
8.44410000000000e+002 0.00000000000000e+000
8.45180000000000e+002 0.00000000000000e+000
8.45960000000000e+002 0.00000000000000e+000
8.46730000000000e+002 0.00000000000000e+000
8.47510000000000e+002 0.00000000000000e+000
8.48280000000000e+002 0.00000000000000e+000
8.49050000000000e+002 0.00000000000000e+000
8.49830000000000e+002 0.00000000000000e+000
8.50600000000000e+002 0.00000000000000e+000
8.51380000000000e+002 0.00000000000000e+000
8.52150000000000e+002 0.00000000000000e+000
8.52920000000000e+002 0.00000000000000e+000
8.53700000000000e+002 0.00000000000000e+000
8.54470000000000e+002 0.00000000000000e+000
8.55250000000000e+002 0.00000000000000e+000
8.56020000000000e+002 0.00000000000000e+000
8.56790000000000e+002 0.00000000000000e+000
8.57570000000000e+002 0.00000000000000e+000
8.58340000000000e+002 0.00000000000000e+000
8.59110000000000e+002 0.00000000000000e+000
8.59880000000000e+002 0.00000000000000e+000
8.60660000000000e+002 0.00000000000000e+000
8.61430000000000e+002 0.00000000000000e+000
8.62200000000000e+002 0.00000000000000e+000
8.62980000000000e+002 0.00000000000000e+000
8.63750000000000e+002 0.00000000000000e+000
8.64520000000000e+002 0.00000000000000e+000
8.65290000000000e+002 0.00000000000000e+000
8.66070000000000e+002 0.00000000000000e+000
8.66840000000000e+002 0.00000000000000e+000
8.67610000000000e+002 0.00000000000000e+000
8.68380000000000e+002 0.00000000000000e+000
8.69150000000000e+002 0.00000000000000e+000
8.69930000000000e+002 0.00000000000000e+000
8.70700000000000e+002 0.00000000000000e+000
8.71470000000000e+002 0.00000000000000e+000
8.72240000000000e+002 0.00000000000000e+000
8.73010000000000e+002 0.00000000000000e+000
8.73780000000000e+002 0.00000000000000e+000
8.74550000000000e+002 0.00000000000000e+000
8.75330000000000e+002 0.00000000000000e+000
8.76100000000000e+002 0.00000000000000e+000
8.76870000000000e+002 0.00000000000000e+000
8.77640000000000e+002 0.00000000000000e+000
8.78410000000000e+002 0.00000000000000e+000
8.79180000000000e+002 0.00000000000000e+000
8.79950000000000e+002 0.00000000000000e+000
8.80720000000000e+002 0.00000000000000e+000
8.81490000000000e+002 0.00000000000000e+000
8.82260000000000e+002 0.00000000000000e+000
8.83030000000000e+002 0.00000000000000e+000
8.83800000000000e+002 0.00000000000000e+000
8.84570000000000e+002 0.00000000000000e+000
8.85340000000000e+002 0.00000000000000e+000
8.86110000000000e+002 0.00000000000000e+000
8.86880000000000e+002 0.00000000000000e+000
8.87650000000000e+002 0.00000000000000e+000
8.88420000000000e+002 0.00000000000000e+000
8.89190000000000e+002 0.00000000000000e+000
8.89960000000000e+002 0.00000000000000e+000
8.90730000000000e+002 0.00000000000000e+000
8.91500000000000e+002 0.00000000000000e+000
8.92270000000000e+002 0.00000000000000e+000
8.93040000000000e+002 0.00000000000000e+000
8.93810000000000e+002 0.00000000000000e+000
8.94580000000000e+002 0.00000000000000e+000
8.95350000000000e+002 0.00000000000000e+000
8.96120000000000e+002 0.00000000000000e+000
8.96890000000000e+002 0.00000000000000e+000
8.97650000000000e+002 0.00000000000000e+000
8.98420000000000e+002 0.00000000000000e+000
8.99190000000000e+002 0.00000000000000e+000
8.99960000000000e+002 0.00000000000000e+000
9.00730000000000e+002 0.00000000000000e+000
9.01500000000000e+002 0.00000000000000e+000
9.02260000000000e+002 0.00000000000000e+000
9.03030000000000e+002 0.00000000000000e+000
9.03800000000000e+002 0.00000000000000e+000
9.04570000000000e+002 0.00000000000000e+000
9.05340000000000e+002 0.00000000000000e+000
9.06100000000000e+002 0.00000000000000e+000
9.06870000000000e+002 0.00000000000000e+000
9.07640000000000e+002 0.00000000000000e+000
9.08410000000000e+002 0.00000000000000e+000
9.09170000000000e+002 0.00000000000000e+000
9.09940000000000e+002 0.00000000000000e+000
9.10710000000000e+002 0.00000000000000e+000
9.11480000000000e+002 0.00000000000000e+000
9.12240000000000e+002 0.00000000000000e+000
9.13010000000000e+002 0.00000000000000e+000
9.13780000000000e+002 0.00000000000000e+000
9.14540000000000e+002 0.00000000000000e+000
9.15310000000000e+002 0.00000000000000e+000
9.16080000000000e+002 0.00000000000000e+000
9.16840000000000e+002 0.00000000000000e+000
9.17610000000000e+002 0.00000000000000e+000
9.18370000000000e+002 0.00000000000000e+000
9.19140000000000e+002 0.00000000000000e+000
9.19910000000000e+002 0.00000000000000e+000
9.20670000000000e+002 0.00000000000000e+000
9.21440000000000e+002 0.00000000000000e+000
9.22200000000000e+002 0.00000000000000e+000
9.22970000000000e+002 0.00000000000000e+000
9.23740000000000e+002 0.00000000000000e+000
9.24500000000000e+002 0.00000000000000e+000
9.25270000000000e+002 0.00000000000000e+000
9.26030000000000e+002 0.00000000000000e+000
9.26800000000000e+002 0.00000000000000e+000
9.27560000000000e+002 0.00000000000000e+000
9.28330000000000e+002 0.00000000000000e+000
9.29090000000000e+002 0.00000000000000e+000
9.29860000000000e+002 0.00000000000000e+000
9.30620000000000e+002 0.00000000000000e+000
9.31390000000000e+002 0.00000000000000e+000
9.32150000000000e+002 0.00000000000000e+000
9.32910000000000e+002 0.00000000000000e+000
9.33680000000000e+002 0.00000000000000e+000
9.34440000000000e+002 0.00000000000000e+000
9.35210000000000e+002 0.00000000000000e+000
9.35970000000000e+002 0.00000000000000e+000
9.36740000000000e+002 0.00000000000000e+000
9.37500000000000e+002 0.00000000000000e+000
9.38260000000000e+002 0.00000000000000e+000
9.39030000000000e+002 0.00000000000000e+000
9.39790000000000e+002 0.00000000000000e+000
9.40550000000000e+002 0.00000000000000e+000
9.41320000000000e+002 0.00000000000000e+000
9.42080000000000e+002 0.00000000000000e+000
9.42840000000000e+002 0.00000000000000e+000
9.43610000000000e+002 0.00000000000000e+000
9.44370000000000e+002 0.00000000000000e+000
9.45130000000000e+002 0.00000000000000e+000
9.45900000000000e+002 0.00000000000000e+000
9.46660000000000e+002 0.00000000000000e+000
9.47420000000000e+002 0.00000000000000e+000
9.48180000000000e+002 0.00000000000000e+000
9.48950000000000e+002 0.00000000000000e+000
9.49710000000000e+002 0.00000000000000e+000
9.50470000000000e+002 0.00000000000000e+000
9.51230000000000e+002 0.00000000000000e+000
9.51990000000000e+002 0.00000000000000e+000
9.52760000000000e+002 0.00000000000000e+000
9.53520000000000e+002 0.00000000000000e+000
9.54280000000000e+002 0.00000000000000e+000
9.55040000000000e+002 0.00000000000000e+000
9.55800000000000e+002 0.00000000000000e+000
9.56560000000000e+002 0.00000000000000e+000
9.57330000000000e+002 0.00000000000000e+000
9.58090000000000e+002 0.00000000000000e+000
9.58850000000000e+002 0.00000000000000e+000
9.59610000000000e+002 0.00000000000000e+000
9.60370000000000e+002 0.00000000000000e+000
9.61130000000000e+002 0.00000000000000e+000
9.61890000000000e+002 0.00000000000000e+000
9.62650000000000e+002 0.00000000000000e+000
9.63410000000000e+002 0.00000000000000e+000
9.64170000000000e+002 0.00000000000000e+000
9.64930000000000e+002 0.00000000000000e+000
9.65690000000000e+002 0.00000000000000e+000
9.66450000000000e+002 0.00000000000000e+000
9.67210000000000e+002 0.00000000000000e+000
9.67970000000000e+002 0.00000000000000e+000
9.68730000000000e+002 0.00000000000000e+000
9.69490000000000e+002 0.00000000000000e+000
9.70250000000000e+002 0.00000000000000e+000
9.71010000000000e+002 0.00000000000000e+000
9.71770000000000e+002 0.00000000000000e+000
9.72530000000000e+002 0.00000000000000e+000
9.73290000000000e+002 0.00000000000000e+000
9.74050000000000e+002 0.00000000000000e+000
9.74810000000000e+002 0.00000000000000e+000
9.75570000000000e+002 0.00000000000000e+000
9.76330000000000e+002 0.00000000000000e+000
9.77090000000000e+002 0.00000000000000e+000
9.77850000000000e+002 0.00000000000000e+000
9.78600000000000e+002 0.00000000000000e+000
9.79360000000000e+002 0.00000000000000e+000
9.80120000000000e+002 0.00000000000000e+000
9.80880000000000e+002 0.00000000000000e+000
9.81640000000000e+002 0.00000000000000e+000
9.82390000000000e+002 0.00000000000000e+000
9.83150000000000e+002 0.00000000000000e+000
9.83910000000000e+002 0.00000000000000e+000
9.84670000000000e+002 0.00000000000000e+000
9.85430000000000e+002 0.00000000000000e+000
9.86180000000000e+002 0.00000000000000e+000
9.86940000000000e+002 0.00000000000000e+000
9.87700000000000e+002 0.00000000000000e+000
9.88460000000000e+002 0.00000000000000e+000
9.89210000000000e+002 0.00000000000000e+000
9.89970000000000e+002 0.00000000000000e+000
9.90730000000000e+002 0.00000000000000e+000
9.91480000000000e+002 0.00000000000000e+000
9.92240000000000e+002 0.00000000000000e+000
9.93000000000000e+002 0.00000000000000e+000
9.93750000000000e+002 0.00000000000000e+000
9.94510000000000e+002 0.00000000000000e+000
9.95270000000000e+002 0.00000000000000e+000
9.96020000000000e+002 0.00000000000000e+000
9.96780000000000e+002 0.00000000000000e+000
9.97540000000000e+002 0.00000000000000e+000
9.98290000000000e+002 0.00000000000000e+000
