% C0 (TOA Count Rate, /ms) for 4STAR NIR spectrometer (512 channels) derived from (See the original C0 files noted in the next line.) and recorded on 2014-10-13 11:39:20.
% Data outside 3.0x the STD of 500 nm Langley residuals were screened out. Multiplied by 0.99 to be closer to AATS on the ground, while keeping AOD positive for many (not all) data points.
Pix Wavelength C0 C0err
511 949.79 4.95590541e+000 1.48677162e-001 
510 949.79 5.09542680e+000 1.52862804e-001 
509 951.68 5.48174187e+000 1.64452256e-001 
508 953.57 5.55275903e+000 1.66582771e-001 
507 955.46 6.02007398e+000 1.80602219e-001 
506 957.34 6.14067237e+000 1.84220171e-001 
505 959.22 6.63451958e+000 1.99035588e-001 
504 961.10 6.74812077e+000 2.02443623e-001 
503 962.98 7.20328133e+000 2.16098440e-001 
502 964.85 7.22225109e+000 2.16667533e-001 
501 966.72 7.75296668e+000 2.32589000e-001 
500 968.59 7.80050232e+000 2.34015070e-001 
499 970.45 8.21526475e+000 2.46457942e-001 
498 972.32 8.15070693e+000 2.44521208e-001 
497 974.18 8.48966788e+000 2.54690036e-001 
496 976.04 8.40100306e+000 2.52030092e-001 
495 977.89 8.74000843e+000 2.62200253e-001 
494 979.74 8.65914850e+000 2.59774455e-001 
493 981.59 8.96078232e+000 2.68823470e-001 
492 983.44 8.84167804e+000 2.65250341e-001 
491 985.29 9.09144439e+000 2.72743332e-001 
490 987.13 8.87768717e+000 2.66330615e-001 
489 988.97 9.12229005e+000 2.73668701e-001 
488 990.81 8.92754170e+000 2.67826251e-001 
487 992.65 9.09336587e+000 2.72800976e-001 
486 994.48 8.89141870e+000 2.66742561e-001 
485 996.31 9.03107372e+000 2.70932212e-001 
484 998.14 8.79480577e+000 2.63844173e-001 
483 999.97 8.94918055e+000 2.68475417e-001 
482 1001.79 8.65689869e+000 2.59706961e-001 
481 1003.62 8.73881518e+000 2.62164455e-001 
480 1005.44 8.52115631e+000 2.55634689e-001 
479 1007.25 8.76640326e+000 2.62992098e-001 
478 1009.07 8.57523969e+000 2.57257191e-001 
477 1010.88 8.74111780e+000 2.62233534e-001 
476 1012.69 8.49371312e+000 2.54811394e-001 
475 1014.50 8.60396164e+000 2.58118849e-001 
474 1016.31 8.37929147e+000 2.51378744e-001 
473 1018.11 8.53755195e+000 2.56126558e-001 
472 1019.91 8.30169312e+000 2.49050794e-001 
471 1021.71 8.44993183e+000 2.53497955e-001 
470 1023.51 8.21857014e+000 2.46557104e-001 
469 1025.30 8.39657970e+000 2.51897391e-001 
468 1027.09 8.28040947e+000 2.48412284e-001 
467 1028.88 8.42509674e+000 2.52752902e-001 
466 1030.67 8.26881336e+000 2.48064401e-001 
465 1032.46 8.43927189e+000 2.53178157e-001 
464 1034.24 8.28195698e+000 2.48458710e-001 
463 1036.02 8.47748693e+000 2.54324608e-001 
462 1037.80 8.36073487e+000 2.50822046e-001 
461 1039.58 8.57748708e+000 2.57324612e-001 
460 1041.35 8.43974662e+000 2.53192399e-001 
459 1043.12 8.59984213e+000 2.57995264e-001 
458 1044.89 8.51714799e+000 2.55514440e-001 
457 1046.66 8.75099835e+000 2.62529951e-001 
456 1048.43 8.69565739e+000 2.60869722e-001 
455 1050.19 8.93313835e+000 2.67994151e-001 
454 1051.95 8.79034021e+000 2.63710206e-001 
453 1053.71 9.04907243e+000 2.71472173e-001 
452 1055.47 8.89242576e+000 2.66772773e-001 
451 1057.23 9.03860935e+000 2.71158281e-001 
450 1058.98 8.88584931e+000 2.66575479e-001 
449 1060.73 9.06674454e+000 2.72002336e-001 
448 1062.48 8.87133757e+000 2.66140127e-001 
447 1064.23 9.00088508e+000 2.70026553e-001 
446 1065.97 8.70404601e+000 2.61121380e-001 
445 1067.71 8.73745096e+000 2.62123529e-001 
444 1069.46 8.53474367e+000 2.56042310e-001 
443 1071.19 8.64798412e+000 2.59439524e-001 
442 1072.93 8.47984104e+000 2.54395231e-001 
441 1074.67 8.59019161e+000 2.57705748e-001 
440 1076.40 8.40019694e+000 2.52005908e-001 
439 1078.13 8.44310706e+000 2.53293212e-001 
438 1079.86 8.20887995e+000 2.46266399e-001 
437 1081.58 8.28044906e+000 2.48413472e-001 
436 1083.31 8.14040327e+000 2.44212098e-001 
435 1085.03 8.30984539e+000 2.49295362e-001 
434 1086.75 8.22968642e+000 2.46890593e-001 
433 1088.47 8.37317654e+000 2.51195296e-001 
432 1090.19 8.28156976e+000 2.48447093e-001 
431 1091.90 8.40067824e+000 2.52020347e-001 
430 1093.61 8.27827325e+000 2.48348198e-001 
429 1095.33 8.50414334e+000 2.55124300e-001 
428 1097.03 8.56273240e+000 2.56881972e-001 
427 1098.74 8.81655373e+000 2.64496612e-001 
426 1100.45 8.81606716e+000 2.64482015e-001 
425 1102.15 9.10422392e+000 2.73126717e-001 
424 1103.85 9.09463177e+000 2.72838953e-001 
423 1105.55 9.32692485e+000 2.79807746e-001 
422 1107.25 9.21705644e+000 2.76511693e-001 
421 1108.94 9.29912931e+000 2.78973879e-001 
420 1110.64 8.97498493e+000 2.69249548e-001 
419 1112.33 8.82978811e+000 2.64893643e-001 
418 1114.02 8.31471662e+000 2.49441498e-001 
417 1115.70 8.17839886e+000 2.45351966e-001 
416 1117.39 7.88356299e+000 2.36506890e-001 
415 1119.07 7.81018350e+000 2.34305505e-001 
414 1120.76 7.61575123e+000 2.28472537e-001 
413 1122.44 7.60900712e+000 2.28270214e-001 
412 1124.12 7.58108216e+000 2.27432465e-001 
411 1125.79 7.88859749e+000 2.36657925e-001 
410 1127.47 8.10188634e+000 2.43056590e-001 
409 1129.14 8.51413638e+000 2.55424091e-001 
408 1130.81 7.98313951e+000 2.39494185e-001 
407 1132.48 7.74659438e+000 2.32397831e-001 
406 1134.15 7.59907454e+000 2.27972236e-001 
405 1135.81 8.03174182e+000 2.40952255e-001 
404 1137.48 8.73966140e+000 2.62189842e-001 
403 1139.14 9.07265636e+000 2.72179691e-001 
402 1140.80 8.76708702e+000 2.63012611e-001 
401 1142.46 8.63828913e+000 2.59148674e-001 
400 1144.12 8.29635522e+000 2.48890657e-001 
399 1145.77 8.28973121e+000 2.48691936e-001 
398 1147.43 8.28720494e+000 2.48616148e-001 
397 1149.08 8.52191913e+000 2.55657574e-001 
396 1150.73 8.50164146e+000 2.55049244e-001 
395 1152.38 8.76544920e+000 2.62963476e-001 
394 1154.02 8.76031925e+000 2.62809578e-001 
393 1155.67 9.04445814e+000 2.71333744e-001 
392 1157.31 8.99478171e+000 2.69843451e-001 
391 1158.95 9.16792831e+000 2.75037849e-001 
390 1160.59 9.15748219e+000 2.74724466e-001 
389 1162.23 9.33669410e+000 2.80100823e-001 
388 1163.87 9.25497751e+000 2.77649325e-001 
387 1165.50 9.32094168e+000 2.79628250e-001 
386 1167.13 9.19065580e+000 2.75719674e-001 
385 1168.76 9.28639254e+000 2.78591776e-001 
384 1170.39 9.14709209e+000 2.74412763e-001 
383 1172.02 9.14468472e+000 2.74340542e-001 
382 1173.65 8.96747352e+000 2.69024206e-001 
381 1175.27 8.97965455e+000 2.69389637e-001 
380 1176.90 8.89130435e+000 2.66739131e-001 
379 1178.52 8.85619172e+000 2.65685752e-001 
378 1180.14 8.63240517e+000 2.58972155e-001 
377 1181.75 8.60832633e+000 2.58249790e-001 
376 1183.37 8.42164904e+000 2.52649471e-001 
375 1184.99 8.45457371e+000 2.53637211e-001 
374 1186.60 8.34464596e+000 2.50339379e-001 
373 1188.21 8.30821978e+000 2.49246593e-001 
372 1189.82 8.18881753e+000 2.45664526e-001 
371 1191.43 8.35790090e+000 2.50737027e-001 
370 1193.04 8.23405107e+000 2.47021532e-001 
369 1194.64 8.22887141e+000 2.46866142e-001 
368 1196.24 8.04539883e+000 2.41361965e-001 
367 1197.85 8.09667226e+000 2.42900168e-001 
366 1199.45 7.98381436e+000 2.39514431e-001 
365 1201.05 8.06473017e+000 2.41941905e-001 
364 1202.64 7.99501449e+000 2.39850435e-001 
363 1204.24 8.03537723e+000 2.41061317e-001 
362 1205.83 7.96114439e+000 2.38834332e-001 
361 1207.43 7.97128123e+000 2.39138437e-001 
360 1209.02 7.90343771e+000 2.37103131e-001 
359 1210.61 8.01832875e+000 2.40549862e-001 
358 1212.19 7.98700205e+000 2.39610062e-001 
357 1213.78 8.13339802e+000 2.44001940e-001 
356 1215.37 8.08012371e+000 2.42403711e-001 
355 1216.95 8.16126342e+000 2.44837903e-001 
354 1218.53 8.12301933e+000 2.43690580e-001 
353 1220.11 8.19542278e+000 2.45862683e-001 
352 1221.69 8.14535589e+000 2.44360677e-001 
351 1223.27 8.18675485e+000 2.45602646e-001 
350 1224.84 8.18514443e+000 2.45554333e-001 
349 1226.42 8.25120171e+000 2.47536051e-001 
348 1227.99 8.20665914e+000 2.46199774e-001 
347 1229.56 8.31673327e+000 2.49501998e-001 
346 1231.13 8.27544526e+000 2.48263358e-001 
345 1232.70 8.39213598e+000 2.51764079e-001 
344 1234.27 8.36679668e+000 2.51003900e-001 
343 1235.84 8.38081355e+000 2.51424406e-001 
342 1237.40 8.31480015e+000 2.49444005e-001 
341 1238.96 8.33381960e+000 2.50014588e-001 
340 1240.52 8.20408564e+000 2.46122569e-001 
339 1242.08 8.33336189e+000 2.50000857e-001 
338 1243.64 8.28269043e+000 2.48480713e-001 
337 1245.20 8.30403661e+000 2.49121098e-001 
336 1246.75 8.25403153e+000 2.47620946e-001 
335 1248.31 8.31505004e+000 2.49451501e-001 
334 1249.86 8.27088952e+000 2.48126686e-001 
333 1251.41 8.31001346e+000 2.49300404e-001 
332 1252.96 8.21292409e+000 2.46387723e-001 
331 1254.51 8.22394944e+000 2.46718483e-001 
330 1256.06 8.13692708e+000 2.44107812e-001 
329 1257.61 8.10418945e+000 2.43125684e-001 
328 1259.15 7.99419111e+000 2.39825733e-001 
327 1260.69 7.95435113e+000 2.38630534e-001 
326 1262.23 7.84080794e+000 2.35224238e-001 
325 1263.77 7.82618654e+000 2.34785596e-001 
324 1265.31 7.61664933e+000 2.28499480e-001 
323 1266.85 7.60528760e+000 2.28158628e-001 
322 1268.39 7.63351094e+000 2.29005328e-001 
321 1269.92 7.74401595e+000 2.32320479e-001 
320 1271.46 7.93882292e+000 2.38164687e-001 
319 1272.99 8.00679657e+000 2.40203897e-001 
318 1274.52 8.00410249e+000 2.40123075e-001 
317 1276.05 8.07275061e+000 2.42182518e-001 
316 1277.58 7.94128382e+000 2.38238515e-001 
315 1279.10 7.78156044e+000 2.33446813e-001 
314 1280.63 7.71960673e+000 2.31588202e-001 
313 1282.15 7.71238783e+000 2.31371635e-001 
312 1283.68 7.79499096e+000 2.33849729e-001 
311 1285.20 7.95331480e+000 2.38599444e-001 
310 1286.72 7.89566967e+000 2.36870090e-001 
309 1288.24 7.90512444e+000 2.37153733e-001 
308 1289.75 7.81435981e+000 2.34430794e-001 
307 1291.27 7.85284352e+000 2.35585306e-001 
306 1292.78 7.86740501e+000 2.36022150e-001 
305 1294.30 7.85116003e+000 2.35534801e-001 
304 1295.81 7.76322432e+000 2.32896730e-001 
303 1297.32 7.75200539e+000 2.32560162e-001 
302 1298.83 7.70090890e+000 2.31027267e-001 
301 1300.34 7.65061099e+000 2.29518330e-001 
300 1301.85 7.60475500e+000 2.28142650e-001 
299 1303.35 7.57074370e+000 2.27122311e-001 
298 1304.86 7.49130719e+000 2.24739216e-001 
297 1306.36 7.47981418e+000 2.24394425e-001 
296 1307.86 7.43048753e+000 2.22914626e-001 
295 1309.36 7.35785906e+000 2.20735772e-001 
294 1310.86 7.27062191e+000 2.18118657e-001 
293 1312.36 7.19045633e+000 2.15713690e-001 
292 1313.86 7.10641500e+000 2.13192450e-001 
291 1315.36 7.08708135e+000 2.12612440e-001 
290 1316.85 7.03286007e+000 2.10985802e-001 
289 1318.34 6.99793111e+000 2.09937933e-001 
288 1319.84 6.94416976e+000 2.08325093e-001 
287 1321.33 6.95720025e+000 2.08716008e-001 
286 1322.82 6.91159147e+000 2.07347744e-001 
285 1324.30 6.88396214e+000 2.06518864e-001 
284 1325.79 6.74554744e+000 2.02366423e-001 
283 1327.28 6.60360740e+000 1.98108222e-001 
282 1328.76 6.38738966e+000 1.91621690e-001 
281 1330.25 6.30155203e+000 1.89046561e-001 
280 1331.73 6.23630955e+000 1.87089287e-001 
279 1333.21 6.21920462e+000 1.86576138e-001 
278 1334.69 6.21185860e+000 1.86355758e-001 
277 1336.17 6.16420005e+000 1.84926002e-001 
276 1337.65 6.07336119e+000 1.82200836e-001 
275 1339.12 6.03057031e+000 1.80917109e-001 
274 1340.60 5.89062340e+000 1.76718702e-001 
273 1342.07 5.69913413e+000 1.70974024e-001 
272 1343.55 5.44195551e+000 1.63258665e-001 
271 1345.02 4.88525741e+000 1.46557722e-001 
270 1346.49 4.54651767e+000 1.36395530e-001 
269 1347.96 4.15179508e+000 1.24553852e-001 
268 1349.43 3.73552801e+000 1.12065840e-001 
267 1350.89 3.31273331e+000 9.93819993e-002 
266 1352.36 2.75107703e+000 8.25323108e-002 
265 1353.82 2.46239130e+000 7.38717391e-002 
264 1355.29 2.04924882e+000 6.14774647e-002 
263 1356.75 1.83053551e+000 5.49160653e-002 
262 1358.21 1.41205582e+000 4.23616745e-002 
261 1359.67 1.14303800e+000 3.42911400e-002 
260 1361.13 9.83213960e-001 2.94964188e-002 
259 1362.59 9.90865597e-001 2.97259679e-002 
258 1364.04 1.13228642e+000 3.39685926e-002 
257 1365.50 1.13422486e+000 3.40267457e-002 
256 1366.95 1.10219157e+000 3.30657470e-002 
255 1368.41 1.01314247e+000 3.03942740e-002 
254 1369.86 1.06257440e+000 3.18772321e-002 
253 1371.31 1.38615400e+000 4.15846201e-002 
252 1372.76 1.61819442e+000 4.85458327e-002 
251 1374.21 1.98771137e+000 5.96313411e-002 
250 1375.65 2.01597010e+000 6.04791031e-002 
249 1377.10 1.84854178e+000 5.54562535e-002 
248 1378.55 1.47360965e+000 4.42082896e-002 
247 1379.99 1.08770434e+000 3.26311301e-002 
246 1381.43 8.01228469e-001 2.40368541e-002 
245 1382.87 7.63885541e-001 2.29165662e-002 
244 1384.32 9.76879599e-001 2.93063880e-002 
243 1385.75 1.33292010e+000 3.99876031e-002 
242 1387.19 1.73009888e+000 5.19029663e-002 
241 1388.63 1.98851410e+000 5.96554231e-002 
240 1390.07 2.00190741e+000 6.00572222e-002 
239 1391.50 1.90129669e+000 5.70389006e-002 
238 1392.94 1.46567857e+000 4.39703570e-002 
237 1394.37 1.51132237e+000 4.53396711e-002 
236 1395.80 1.68958462e+000 5.06875387e-002 
235 1397.23 1.60310779e+000 4.80932338e-002 
234 1398.66 1.71010448e+000 5.13031345e-002 
233 1400.09 1.84126331e+000 5.52378994e-002 
232 1401.52 1.62478336e+000 4.87435007e-002 
231 1402.94 1.84964692e+000 5.54894075e-002 
230 1404.37 2.01856073e+000 6.05568220e-002 
229 1405.79 1.96993387e+000 5.90980162e-002 
228 1407.22 2.01519996e+000 6.04559989e-002 
227 1408.64 2.10466201e+000 6.31398603e-002 
226 1410.06 2.23724987e+000 6.71174962e-002 
225 1411.48 2.22315955e+000 6.66947864e-002 
224 1412.90 2.40702969e+000 7.22108907e-002 
223 1414.32 2.55974432e+000 7.67923297e-002 
222 1415.73 2.49507370e+000 7.48522109e-002 
221 1417.15 2.56047309e+000 7.68141927e-002 
220 1418.56 2.69569789e+000 8.08709366e-002 
219 1419.98 2.64455804e+000 7.93367411e-002 
218 1421.39 2.78905204e+000 8.36715613e-002 
217 1422.80 3.01650540e+000 9.04951620e-002 
216 1424.21 3.05438418e+000 9.16315255e-002 
215 1425.62 3.02281277e+000 9.06843831e-002 
214 1427.03 3.11630180e+000 9.34890539e-002 
213 1428.44 2.95778245e+000 8.87334736e-002 
212 1429.84 2.82299614e+000 8.46898843e-002 
211 1431.25 2.85680871e+000 8.57042613e-002 
210 1432.65 2.87286093e+000 8.61858279e-002 
209 1434.06 2.93724867e+000 8.81174601e-002 
208 1435.46 3.04074230e+000 9.12222691e-002 
207 1436.86 3.07712145e+000 9.23136434e-002 
206 1438.26 3.11369347e+000 9.34108042e-002 
205 1439.66 3.18054904e+000 9.54164712e-002 
204 1441.05 3.35015855e+000 1.00504757e-001 
203 1442.45 3.28033153e+000 9.84099458e-002 
202 1443.85 3.27529241e+000 9.82587722e-002 
201 1445.24 3.37825317e+000 1.01347595e-001 
200 1446.64 3.40184559e+000 1.02055368e-001 
199 1448.03 3.31927556e+000 9.95782668e-002 
198 1449.42 3.40198855e+000 1.02059657e-001 
197 1450.81 3.42413918e+000 1.02724175e-001 
196 1452.20 3.48731552e+000 1.04619466e-001 
195 1453.59 3.75206775e+000 1.12562032e-001 
194 1454.97 3.96363150e+000 1.18908945e-001 
193 1456.36 3.99132758e+000 1.19739827e-001 
192 1457.75 4.03274176e+000 1.20982253e-001 
191 1459.13 3.98660099e+000 1.19598030e-001 
190 1460.51 3.93425577e+000 1.18027673e-001 
189 1461.90 3.77601553e+000 1.13280466e-001 
188 1463.28 3.67866318e+000 1.10359896e-001 
187 1464.66 3.56074902e+000 1.06822471e-001 
186 1466.04 3.57613249e+000 1.07283975e-001 
185 1467.41 3.42758275e+000 1.02827482e-001 
184 1468.79 3.36063656e+000 1.00819097e-001 
183 1470.17 3.30460276e+000 9.91380828e-002 
182 1471.54 3.32978601e+000 9.98935803e-002 
181 1472.92 3.42176906e+000 1.02653072e-001 
180 1474.29 3.56521625e+000 1.06956487e-001 
179 1475.66 3.58215054e+000 1.07464516e-001 
178 1477.03 3.53059407e+000 1.05917822e-001 
177 1478.40 3.48308884e+000 1.04492665e-001 
176 1479.77 3.54946209e+000 1.06483863e-001 
175 1481.14 3.55864933e+000 1.06759480e-001 
174 1482.51 3.66103741e+000 1.09831122e-001 
173 1483.87 3.65814394e+000 1.09744318e-001 
172 1485.24 3.64662387e+000 1.09398716e-001 
171 1486.60 3.60355026e+000 1.08106508e-001 
170 1487.96 3.66249191e+000 1.09874757e-001 
169 1489.32 3.68408879e+000 1.10522664e-001 
168 1490.69 3.84070216e+000 1.15221065e-001 
167 1492.04 3.83699583e+000 1.15109875e-001 
166 1493.40 3.88201610e+000 1.16460483e-001 
165 1494.76 3.87044981e+000 1.16113494e-001 
164 1496.12 3.91707339e+000 1.17512202e-001 
163 1497.47 3.89871843e+000 1.16961553e-001 
162 1498.83 3.97238473e+000 1.19171542e-001 
161 1500.18 3.83481117e+000 1.15044335e-001 
160 1501.53 3.75714402e+000 1.12714321e-001 
159 1502.89 3.65475765e+000 1.09642730e-001 
158 1504.24 3.68666833e+000 1.10600050e-001 
157 1505.59 3.71554040e+000 1.11466212e-001 
156 1506.93 3.84433376e+000 1.15330013e-001 
155 1508.28 3.88087566e+000 1.16426270e-001 
154 1509.63 3.92106753e+000 1.17632026e-001 
153 1510.97 3.87842105e+000 1.16352631e-001 
152 1512.32 3.92632024e+000 1.17789607e-001 
151 1513.66 3.85347087e+000 1.15604126e-001 
150 1515.00 3.89760359e+000 1.16928108e-001 
149 1516.34 3.85432549e+000 1.15629765e-001 
148 1517.69 3.87107893e+000 1.16132368e-001 
147 1519.02 3.81564993e+000 1.14469498e-001 
146 1520.36 3.83563759e+000 1.15069128e-001 
145 1521.70 3.78696253e+000 1.13608876e-001 
144 1523.04 3.84993104e+000 1.15497931e-001 
143 1524.37 3.81694657e+000 1.14508397e-001 
142 1525.71 3.85351562e+000 1.15605469e-001 
141 1527.04 3.78645578e+000 1.13593673e-001 
140 1528.37 3.81329671e+000 1.14398901e-001 
139 1529.70 3.74030764e+000 1.12209229e-001 
138 1531.03 3.77531942e+000 1.13259582e-001 
137 1532.36 3.71470626e+000 1.11441188e-001 
136 1533.69 3.74944388e+000 1.12483316e-001 
135 1535.02 3.69125457e+000 1.10737637e-001 
134 1536.34 3.72953837e+000 1.11886151e-001 
133 1537.67 3.65928861e+000 1.09778658e-001 
132 1538.99 3.68849562e+000 1.10654869e-001 
131 1540.31 3.62907466e+000 1.08872240e-001 
130 1541.64 3.67531662e+000 1.10259499e-001 
129 1542.96 3.63614635e+000 1.09084390e-001 
128 1544.28 3.67664971e+000 1.10299491e-001 
127 1545.60 3.60520805e+000 1.08156242e-001 
126 1546.91 3.64392269e+000 1.09317681e-001 
125 1548.23 3.55895897e+000 1.06768769e-001 
124 1549.55 3.59114608e+000 1.07734383e-001 
123 1550.86 3.51731747e+000 1.05519524e-001 
122 1552.18 3.53039492e+000 1.05911848e-001 
121 1553.49 3.45374309e+000 1.03612293e-001 
120 1554.80 3.48999259e+000 1.04699778e-001 
119 1556.11 3.41257491e+000 1.02377247e-001 
118 1557.42 3.45037410e+000 1.03511223e-001 
117 1558.73 3.38079849e+000 1.01423955e-001 
116 1560.04 3.39886041e+000 1.01965812e-001 
115 1561.34 3.32276721e+000 9.96830163e-002 
114 1562.65 3.37525173e+000 1.01257552e-001 
113 1563.95 3.30885019e+000 9.92655056e-002 
112 1565.26 3.36458741e+000 1.00937622e-001 
111 1566.56 3.25632440e+000 9.76897319e-002 
110 1567.86 3.26448547e+000 9.79345642e-002 
109 1569.16 3.14890475e+000 9.44671425e-002 
108 1570.46 3.13546428e+000 9.40639285e-002 
107 1571.76 3.03945400e+000 9.11836201e-002 
106 1573.05 3.03705559e+000 9.11116676e-002 
105 1574.35 2.94222505e+000 8.82667516e-002 
104 1575.64 2.97575283e+000 8.92725849e-002 
103 1576.94 2.93529523e+000 8.80588568e-002 
102 1578.23 2.99084529e+000 8.97253588e-002 
101 1579.52 2.95411244e+000 8.86233732e-002 
100 1580.81 3.01115157e+000 9.03345472e-002 
99 1582.10 2.95659549e+000 8.86978646e-002 
98 1583.39 3.01431949e+000 9.04295846e-002 
97 1584.68 2.94608619e+000 8.83825856e-002 
96 1585.97 2.94785000e+000 8.84355000e-002 
95 1587.25 2.84940964e+000 8.54822892e-002 
94 1588.54 2.86024970e+000 8.58074909e-002 
93 1589.82 2.78830675e+000 8.36492026e-002 
92 1591.10 2.86283960e+000 8.58851880e-002 
91 1592.38 2.82289445e+000 8.46868336e-002 
90 1593.66 2.88283670e+000 8.64851009e-002 
89 1594.94 2.81283147e+000 8.43849442e-002 
88 1596.22 2.83986260e+000 8.51958781e-002 
87 1597.50 2.74620133e+000 8.23860399e-002 
86 1598.77 2.76733444e+000 8.30200333e-002 
85 1600.05 2.67286919e+000 8.01860756e-002 
84 1601.32 2.69682442e+000 8.09047325e-002 
83 1602.59 2.61923115e+000 7.85769345e-002 
82 1603.86 2.67147527e+000 8.01442581e-002 
81 1605.13 2.57124971e+000 7.71374912e-002 
80 1606.40 2.62164160e+000 7.86492481e-002 
79 1607.67 2.53242637e+000 7.59727912e-002 
78 1608.94 2.58219942e+000 7.74659827e-002 
77 1610.20 2.53346576e+000 7.60039727e-002 
76 1611.47 2.59733540e+000 7.79200621e-002 
75 1612.73 2.53998474e+000 7.61995423e-002 
74 1614.00 2.58326959e+000 7.74980878e-002 
73 1615.26 2.50326751e+000 7.50980252e-002 
72 1616.52 2.52276262e+000 7.56828785e-002 
71 1617.78 2.42307577e+000 7.26922730e-002 
70 1619.03 2.45428177e+000 7.36284532e-002 
69 1620.29 2.39841882e+000 7.19525647e-002 
68 1621.55 2.45437619e+000 7.36312858e-002 
67 1622.80 2.40105812e+000 7.20317436e-002 
66 1624.06 2.46535540e+000 7.39606621e-002 
65 1625.31 2.38859099e+000 7.16577298e-002 
64 1626.56 2.45145586e+000 7.35436757e-002 
63 1627.81 2.36857033e+000 7.10571099e-002 
62 1629.06 2.39077430e+000 7.17232290e-002 
61 1630.31 2.30398193e+000 6.91194580e-002 
60 1631.56 2.32481982e+000 6.97445945e-002 
59 1632.80 2.23208356e+000 6.69625068e-002 
58 1634.05 2.26337411e+000 6.79012234e-002 
57 1635.29 2.16482791e+000 6.49448373e-002 
56 1636.53 2.17742184e+000 6.53226552e-002 
55 1637.77 2.07352758e+000 6.22058274e-002 
54 1639.01 2.09589717e+000 6.28769152e-002 
53 1640.25 2.02406136e+000 6.07218409e-002 
52 1641.49 2.03707820e+000 6.11123460e-002 
51 1642.73 1.96095719e+000 5.88287158e-002 
50 1643.96 1.98317295e+000 5.94951886e-002 
49 1645.20 1.88754568e+000 5.66263705e-002 
48 1646.43 1.90457632e+000 5.71372897e-002 
47 1647.66 1.82045755e+000 5.46137264e-002 
46 1648.89 1.81145417e+000 5.43436251e-002 
45 1650.12 1.71614432e+000 5.14843296e-002 
44 1651.35 1.70368688e+000 5.11106064e-002 
43 1652.58 1.58728010e+000 4.76184030e-002 
42 1653.80 1.56361122e+000 4.69083365e-002 
41 1655.03 1.44911366e+000 4.34734098e-002 
40 1656.25 1.41407894e+000 4.24223681e-002 
39 1657.47 1.29129890e+000 3.87389671e-002 
38 1658.70 1.24340264e+000 3.73020791e-002 
37 1659.92 1.12479033e+000 3.37437100e-002 
36 1661.13 1.06938989e+000 3.20816966e-002 
35 1662.35 9.51028145e-001 2.85308443e-002 
34 1663.57 8.94973926e-001 2.68492178e-002 
33 1664.78 7.94389554e-001 2.38316866e-002 
32 1666.00 7.48072704e-001 2.24421811e-002 
31 1667.21 6.65742043e-001 1.99722613e-002 
30 1668.42 6.29722297e-001 1.88916689e-002 
29 1669.63 5.55999259e-001 1.66799778e-002 
28 1670.84 5.25985612e-001 1.57795684e-002 
27 1672.05 4.60205540e-001 1.38061662e-002 
26 1673.26 4.38112354e-001 1.31433706e-002 
25 1674.46 3.82095859e-001 1.14628758e-002 
24 1675.67 3.66218584e-001 1.09865575e-002 
23 1676.87 3.24063515e-001 9.72190545e-003 
22 1678.07 3.10212392e-001 9.30637177e-003 
21 1679.27 2.72428337e-001 8.17285011e-003 
20 1680.47 2.61129248e-001 7.83387743e-003 
19 1681.67 2.30455148e-001 6.91365445e-003 
18 1682.87 2.25084069e-001 6.75252207e-003 
17 1684.06 1.97861674e-001 5.93585022e-003 
16 1685.26 1.92401986e-001 5.77205959e-003 
15 1686.45 1.67800400e-001 5.03401200e-003 
14 1687.64 1.64244678e-001 4.92734034e-003 
13 1688.83 1.42175309e-001 4.26525928e-003 
12 1690.02 1.40242903e-001 4.20728709e-003 
11 1691.21 1.21653141e-001 3.64959422e-003 
10 1692.39 1.21063355e-001 3.63190065e-003 
9 1693.58 1.07598950e-001 3.22796850e-003 
8 1694.76 1.05169828e-001 3.15509483e-003 
7 1695.95 9.04168762e-002 2.71250629e-003 
6 1697.13 9.10330225e-002 2.73099067e-003 
5 1698.31 7.84248489e-002 2.35274547e-003 
4 1699.49 8.00540087e-002 2.40162026e-003 
3 1700.66 7.01581650e-002 2.10474495e-003 
2 1701.84 6.90947121e-002 2.07284136e-003 
1 1703.01 5.95472324e-002 1.78641697e-003 
0 1703.01 5.50850841e-002 1.65255252e-003 
