1.71850000000000e+002 0.00000000000000e+000
1.72670000000000e+002 0.00000000000000e+000
1.73480000000000e+002 0.00000000000000e+000
1.74290000000000e+002 0.00000000000000e+000
1.75100000000000e+002 0.00000000000000e+000
1.75910000000000e+002 0.00000000000000e+000
1.76720000000000e+002 0.00000000000000e+000
1.77540000000000e+002 0.00000000000000e+000
1.78350000000000e+002 0.00000000000000e+000
1.79160000000000e+002 0.00000000000000e+000
1.79970000000000e+002 0.00000000000000e+000
1.80780000000000e+002 0.00000000000000e+000
1.81590000000000e+002 0.00000000000000e+000
1.82410000000000e+002 0.00000000000000e+000
1.83220000000000e+002 0.00000000000000e+000
1.84030000000000e+002 0.00000000000000e+000
1.84840000000000e+002 0.00000000000000e+000
1.85650000000000e+002 0.00000000000000e+000
1.86460000000000e+002 0.00000000000000e+000
1.87280000000000e+002 0.00000000000000e+000
1.88090000000000e+002 0.00000000000000e+000
1.88900000000000e+002 0.00000000000000e+000
1.89710000000000e+002 0.00000000000000e+000
1.90520000000000e+002 0.00000000000000e+000
1.91330000000000e+002 0.00000000000000e+000
1.92140000000000e+002 0.00000000000000e+000
1.92960000000000e+002 0.00000000000000e+000
1.93770000000000e+002 0.00000000000000e+000
1.94580000000000e+002 0.00000000000000e+000
1.95390000000000e+002 0.00000000000000e+000
1.96200000000000e+002 0.00000000000000e+000
1.97010000000000e+002 0.00000000000000e+000
1.97830000000000e+002 0.00000000000000e+000
1.98640000000000e+002 0.00000000000000e+000
1.99450000000000e+002 0.00000000000000e+000
2.00260000000000e+002 0.00000000000000e+000
2.01070000000000e+002 0.00000000000000e+000
2.01880000000000e+002 0.00000000000000e+000
2.02690000000000e+002 0.00000000000000e+000
2.03510000000000e+002 0.00000000000000e+000
2.04320000000000e+002 0.00000000000000e+000
2.05130000000000e+002 0.00000000000000e+000
2.05940000000000e+002 0.00000000000000e+000
2.06750000000000e+002 0.00000000000000e+000
2.07560000000000e+002 0.00000000000000e+000
2.08370000000000e+002 0.00000000000000e+000
2.09180000000000e+002 0.00000000000000e+000
2.10000000000000e+002 0.00000000000000e+000
2.10810000000000e+002 0.00000000000000e+000
2.11620000000000e+002 0.00000000000000e+000
2.12430000000000e+002 0.00000000000000e+000
2.13240000000000e+002 0.00000000000000e+000
2.14050000000000e+002 0.00000000000000e+000
2.14860000000000e+002 0.00000000000000e+000
2.15680000000000e+002 0.00000000000000e+000
2.16490000000000e+002 0.00000000000000e+000
2.17300000000000e+002 0.00000000000000e+000
2.18110000000000e+002 0.00000000000000e+000
2.18920000000000e+002 0.00000000000000e+000
2.19730000000000e+002 0.00000000000000e+000
2.20540000000000e+002 0.00000000000000e+000
2.21350000000000e+002 0.00000000000000e+000
2.22170000000000e+002 0.00000000000000e+000
2.22980000000000e+002 0.00000000000000e+000
2.23790000000000e+002 0.00000000000000e+000
2.24600000000000e+002 0.00000000000000e+000
2.25410000000000e+002 0.00000000000000e+000
2.26220000000000e+002 0.00000000000000e+000
2.27030000000000e+002 0.00000000000000e+000
2.27840000000000e+002 0.00000000000000e+000
2.28650000000000e+002 0.00000000000000e+000
2.29470000000000e+002 0.00000000000000e+000
2.30280000000000e+002 0.00000000000000e+000
2.31090000000000e+002 0.00000000000000e+000
2.31900000000000e+002 0.00000000000000e+000
2.32710000000000e+002 0.00000000000000e+000
2.33520000000000e+002 0.00000000000000e+000
2.34330000000000e+002 0.00000000000000e+000
2.35140000000000e+002 0.00000000000000e+000
2.35950000000000e+002 0.00000000000000e+000
2.36770000000000e+002 0.00000000000000e+000
2.37580000000000e+002 0.00000000000000e+000
2.38390000000000e+002 0.00000000000000e+000
2.39200000000000e+002 0.00000000000000e+000
2.40010000000000e+002 0.00000000000000e+000
2.40820000000000e+002 0.00000000000000e+000
2.41630000000000e+002 0.00000000000000e+000
2.42440000000000e+002 0.00000000000000e+000
2.43250000000000e+002 0.00000000000000e+000
2.44060000000000e+002 0.00000000000000e+000
2.44880000000000e+002 0.00000000000000e+000
2.45690000000000e+002 0.00000000000000e+000
2.46500000000000e+002 0.00000000000000e+000
2.47310000000000e+002 0.00000000000000e+000
2.48120000000000e+002 0.00000000000000e+000
2.48930000000000e+002 0.00000000000000e+000
2.49740000000000e+002 0.00000000000000e+000
2.50550000000000e+002 0.00000000000000e+000
2.51360000000000e+002 0.00000000000000e+000
2.52170000000000e+002 0.00000000000000e+000
2.52980000000000e+002 0.00000000000000e+000
2.53790000000000e+002 0.00000000000000e+000
2.54610000000000e+002 0.00000000000000e+000
2.55420000000000e+002 0.00000000000000e+000
2.56230000000000e+002 0.00000000000000e+000
2.57040000000000e+002 0.00000000000000e+000
2.57850000000000e+002 0.00000000000000e+000
2.58660000000000e+002 0.00000000000000e+000
2.59470000000000e+002 0.00000000000000e+000
2.60280000000000e+002 0.00000000000000e+000
2.61090000000000e+002 0.00000000000000e+000
2.61900000000000e+002 0.00000000000000e+000
2.62710000000000e+002 0.00000000000000e+000
2.63520000000000e+002 0.00000000000000e+000
2.64330000000000e+002 0.00000000000000e+000
2.65140000000000e+002 0.00000000000000e+000
2.65950000000000e+002 0.00000000000000e+000
2.66760000000000e+002 0.00000000000000e+000
2.67580000000000e+002 0.00000000000000e+000
2.68390000000000e+002 0.00000000000000e+000
2.69200000000000e+002 0.00000000000000e+000
2.70010000000000e+002 0.00000000000000e+000
2.70820000000000e+002 0.00000000000000e+000
2.71630000000000e+002 0.00000000000000e+000
2.72440000000000e+002 0.00000000000000e+000
2.73250000000000e+002 0.00000000000000e+000
2.74060000000000e+002 0.00000000000000e+000
2.74870000000000e+002 0.00000000000000e+000
2.75680000000000e+002 0.00000000000000e+000
2.76490000000000e+002 0.00000000000000e+000
2.77300000000000e+002 0.00000000000000e+000
2.78110000000000e+002 0.00000000000000e+000
2.78920000000000e+002 0.00000000000000e+000
2.79730000000000e+002 0.00000000000000e+000
2.80540000000000e+002 0.00000000000000e+000
2.81350000000000e+002 0.00000000000000e+000
2.82160000000000e+002 0.00000000000000e+000
2.82970000000000e+002 0.00000000000000e+000
2.83780000000000e+002 0.00000000000000e+000
2.84590000000000e+002 0.00000000000000e+000
2.85400000000000e+002 0.00000000000000e+000
2.86210000000000e+002 0.00000000000000e+000
2.87020000000000e+002 0.00000000000000e+000
2.87830000000000e+002 0.00000000000000e+000
2.88640000000000e+002 0.00000000000000e+000
2.89450000000000e+002 0.00000000000000e+000
2.90260000000000e+002 0.00000000000000e+000
2.91070000000000e+002 0.00000000000000e+000
2.91880000000000e+002 0.00000000000000e+000
2.92690000000000e+002 0.00000000000000e+000
2.93500000000000e+002 0.00000000000000e+000
2.94310000000000e+002 0.00000000000000e+000
2.95120000000000e+002 0.00000000000000e+000
2.95930000000000e+002 0.00000000000000e+000
2.96740000000000e+002 0.00000000000000e+000
2.97550000000000e+002 0.00000000000000e+000
2.98360000000000e+002 0.00000000000000e+000
2.99170000000000e+002 0.00000000000000e+000
2.99980000000000e+002 0.00000000000000e+000
3.00790000000000e+002 0.00000000000000e+000
3.01600000000000e+002 0.00000000000000e+000
3.02410000000000e+002 0.00000000000000e+000
3.03220000000000e+002 0.00000000000000e+000
3.04030000000000e+002 0.00000000000000e+000
3.04840000000000e+002 0.00000000000000e+000
3.05650000000000e+002 0.00000000000000e+000
3.06460000000000e+002 0.00000000000000e+000
3.07270000000000e+002 0.00000000000000e+000
3.08080000000000e+002 0.00000000000000e+000
3.08890000000000e+002 0.00000000000000e+000
3.09700000000000e+002 0.00000000000000e+000
3.10510000000000e+002 0.00000000000000e+000
3.11320000000000e+002 0.00000000000000e+000
3.12130000000000e+002 0.00000000000000e+000
3.12940000000000e+002 0.00000000000000e+000
3.13750000000000e+002 0.00000000000000e+000
3.14560000000000e+002 0.00000000000000e+000
3.15370000000000e+002 0.00000000000000e+000
3.16180000000000e+002 0.00000000000000e+000
3.16980000000000e+002 0.00000000000000e+000
3.17790000000000e+002 0.00000000000000e+000
3.18600000000000e+002 0.00000000000000e+000
3.19410000000000e+002 0.00000000000000e+000
3.20220000000000e+002 0.00000000000000e+000
3.21030000000000e+002 0.00000000000000e+000
3.21840000000000e+002 0.00000000000000e+000
3.22650000000000e+002 0.00000000000000e+000
3.23460000000000e+002 0.00000000000000e+000
3.24270000000000e+002 0.00000000000000e+000
3.25080000000000e+002 0.00000000000000e+000
3.25890000000000e+002 0.00000000000000e+000
3.26700000000000e+002 0.00000000000000e+000
3.27510000000000e+002 0.00000000000000e+000
3.28310000000000e+002 0.00000000000000e+000
3.29120000000000e+002 0.00000000000000e+000
3.29930000000000e+002 0.00000000000000e+000
3.30740000000000e+002 0.00000000000000e+000
3.31550000000000e+002 0.00000000000000e+000
3.32360000000000e+002 0.00000000000000e+000
3.33170000000000e+002 0.00000000000000e+000
3.33980000000000e+002 0.00000000000000e+000
3.34790000000000e+002 0.00000000000000e+000
3.35600000000000e+002 0.00000000000000e+000
3.36400000000000e+002 0.00000000000000e+000
3.37210000000000e+002 0.00000000000000e+000
3.38020000000000e+002 0.00000000000000e+000
3.38830000000000e+002 0.00000000000000e+000
3.39640000000000e+002 0.00000000000000e+000
3.40450000000000e+002 0.00000000000000e+000
3.41260000000000e+002 0.00000000000000e+000
3.42070000000000e+002 0.00000000000000e+000
3.42870000000000e+002 0.00000000000000e+000
3.43680000000000e+002 0.00000000000000e+000
3.44490000000000e+002 0.00000000000000e+000
3.45300000000000e+002 0.00000000000000e+000
3.46110000000000e+002 0.00000000000000e+000
3.46920000000000e+002 0.00000000000000e+000
3.47730000000000e+002 0.00000000000000e+000
3.48530000000000e+002 0.00000000000000e+000
3.49340000000000e+002 0.00000000000000e+000
3.50150000000000e+002 0.00000000000000e+000
3.50960000000000e+002 0.00000000000000e+000
3.51770000000000e+002 0.00000000000000e+000
3.52580000000000e+002 0.00000000000000e+000
3.53390000000000e+002 0.00000000000000e+000
3.54190000000000e+002 0.00000000000000e+000
3.55000000000000e+002 0.00000000000000e+000
3.55810000000000e+002 0.00000000000000e+000
3.56620000000000e+002 0.00000000000000e+000
3.57430000000000e+002 0.00000000000000e+000
3.58240000000000e+002 0.00000000000000e+000
3.59040000000000e+002 0.00000000000000e+000
3.59850000000000e+002 0.00000000000000e+000
3.60660000000000e+002 0.00000000000000e+000
3.61470000000000e+002 0.00000000000000e+000
3.62280000000000e+002 0.00000000000000e+000
3.63080000000000e+002 0.00000000000000e+000
3.63890000000000e+002 0.00000000000000e+000
3.64700000000000e+002 0.00000000000000e+000
3.65510000000000e+002 0.00000000000000e+000
3.66320000000000e+002 0.00000000000000e+000
3.67120000000000e+002 5.91025049269054e-019
3.67930000000000e+002 5.87893932202250e-019
3.68740000000000e+002 5.84587803917221e-019
3.69550000000000e+002 5.81157323421555e-019
3.70360000000000e+002 5.77633743793261e-019
3.71160000000000e+002 5.74096793428484e-019
3.71970000000000e+002 5.70467038625709e-019
3.72780000000000e+002 5.66947763955202e-019
3.73590000000000e+002 5.63516235842584e-019
3.74390000000000e+002 5.60340595944943e-019
3.75200000000000e+002 5.57440364750518e-019
3.76010000000000e+002 5.54950306714000e-019
3.76820000000000e+002 5.52967959906043e-019
3.77630000000000e+002 5.51574658974092e-019
3.78430000000000e+002 5.50866634853186e-019
3.79240000000000e+002 5.50850827778348e-019
3.80050000000000e+002 5.51531556356555e-019
3.80860000000000e+002 5.52825259260769e-019
3.81660000000000e+002 5.54588107773322e-019
3.82470000000000e+002 5.56673551951783e-019
3.83280000000000e+002 5.58752806814938e-019
3.84080000000000e+002 5.59868608232698e-019
3.84890000000000e+002 5.57035781830419e-019
3.85700000000000e+002 5.45905051260473e-019
3.86510000000000e+002 5.36946427301914e-019
3.87310000000000e+002 5.64896943120885e-019
3.88120000000000e+002 6.25087433072600e-019
3.88930000000000e+002 6.47881392035791e-019
3.89740000000000e+002 6.02403247727369e-019
3.90540000000000e+002 5.25680728774874e-019
3.91350000000000e+002 4.55675868027789e-019
3.92160000000000e+002 4.08726652840942e-019
3.92960000000000e+002 3.96149868532146e-019
3.93770000000000e+002 4.14477885917136e-019
3.94580000000000e+002 4.59206068438910e-019
3.95380000000000e+002 5.58123002184610e-019
3.96190000000000e+002 6.80276495669536e-019
3.97000000000000e+002 7.11646491344492e-019
3.97810000000000e+002 6.26798767030909e-019
3.98610000000000e+002 5.03977289733059e-019
3.99420000000000e+002 4.02022978476581e-019
4.00230000000000e+002 3.49149172659300e-019
4.01030000000000e+002 3.60485599461678e-019
4.01840000000000e+002 4.22197877201938e-019
4.02650000000000e+002 4.99645868719187e-019
4.03450000000000e+002 6.15716637088673e-019
4.04260000000000e+002 8.02603154857963e-019
4.05070000000000e+002 9.39441512047195e-019
4.05870000000000e+002 8.89105703196149e-019
4.06680000000000e+002 7.03934952683487e-019
4.07490000000000e+002 5.19416436307986e-019
4.08290000000000e+002 4.04064598552492e-019
4.09100000000000e+002 3.85176729154778e-019
4.09900000000000e+002 4.76614106695274e-019
4.10710000000000e+002 6.24381705851965e-019
4.11520000000000e+002 7.46454585394094e-019
4.12320000000000e+002 8.91989524324921e-019
4.13130000000000e+002 1.15114377940771e-018
4.13940000000000e+002 1.37224553487544e-018
4.14740000000000e+002 1.32807089842520e-018
4.15550000000000e+002 1.05695136728754e-018
4.16350000000000e+002 7.66317816810166e-019
4.17160000000000e+002 5.64565673314486e-019
4.17970000000000e+002 4.88408485035448e-019
4.18770000000000e+002 5.70844304408590e-019
4.19580000000000e+002 8.01598949452332e-019
4.20380000000000e+002 1.04423489661030e-018
4.21190000000000e+002 1.21407336216548e-018
4.22000000000000e+002 1.43830259694338e-018
4.22800000000000e+002 1.79596049212516e-018
4.23610000000000e+002 2.04221169665869e-018
4.24410000000000e+002 1.90839452902644e-018
4.25220000000000e+002 1.49316847793144e-018
4.26030000000000e+002 1.07334803660868e-018
4.26830000000000e+002 7.97438459780450e-019
4.27640000000000e+002 6.94540786310922e-019
4.28440000000000e+002 8.15922967901876e-019
4.29250000000000e+002 1.17511354194211e-018
4.30050000000000e+002 1.59207774849200e-018
4.30860000000000e+002 1.85170257458397e-018
4.31660000000000e+002 2.01866173416671e-018
4.32470000000000e+002 2.36223292775179e-018
4.33280000000000e+002 2.80741678652555e-018
4.34080000000000e+002 2.92817013659622e-018
4.34890000000000e+002 2.54860951458623e-018
4.35690000000000e+002 1.94246810616305e-018
4.36500000000000e+002 1.41905300759817e-018
4.37300000000000e+002 1.10440360020942e-018
4.38110000000000e+002 1.00571455057506e-018
4.38910000000000e+002 1.19908259893314e-018
4.39720000000000e+002 1.73549315289948e-018
4.40520000000000e+002 2.38562053821793e-018
4.41330000000000e+002 2.79753430158991e-018
4.42130000000000e+002 2.94248688787548e-018
4.42940000000000e+002 3.20870028170180e-018
4.43740000000000e+002 3.73284304907681e-018
4.44550000000000e+002 4.09924566200769e-018
4.45350000000000e+002 3.86156983761659e-018
4.46160000000000e+002 3.12284485153191e-018
4.46960000000000e+002 2.33981312038171e-018
4.47770000000000e+002 1.78168431671114e-018
4.48570000000000e+002 1.49614466159357e-018
4.49380000000000e+002 1.47623687921411e-018
4.50180000000000e+002 1.83126277510603e-018
4.50990000000000e+002 2.61803808585895e-018
4.51790000000000e+002 3.52087040989266e-018
4.52600000000000e+002 4.06999156624741e-018
4.53400000000000e+002 4.17114559930289e-018
4.54200000000000e+002 4.29627613931046e-018
4.55010000000000e+002 4.79774374770879e-018
4.55810000000000e+002 5.33639967363445e-018
4.56620000000000e+002 5.30127976537166e-018
4.57420000000000e+002 4.55565692884389e-018
4.58230000000000e+002 3.51709343083721e-018
4.59030000000000e+002 2.68395367518492e-018
4.59830000000000e+002 2.19703355604445e-018
4.60640000000000e+002 1.99727401450581e-018
4.61440000000000e+002 2.10415989220540e-018
4.62250000000000e+002 2.68881923156865e-018
4.63050000000000e+002 3.76527477365047e-018
4.63860000000000e+002 4.93849374268749e-018
4.64660000000000e+002 5.57669855704289e-018
4.65460000000000e+002 5.58626214975231e-018
4.66270000000000e+002 5.51050357005825e-018
4.67070000000000e+002 5.87661535433247e-018
4.67870000000000e+002 6.50120192729921e-018
4.68680000000000e+002 6.69367918379516e-018
4.69480000000000e+002 6.05097944080276e-018
4.70290000000000e+002 4.85422242614874e-018
4.71090000000000e+002 3.72593711037012e-018
4.71890000000000e+002 2.99886703721852e-018
4.72700000000000e+002 2.65630638459513e-018
4.73500000000000e+002 2.58586062308119e-018
4.74300000000000e+002 2.83649754676164e-018
4.75110000000000e+002 3.62906308827177e-018
4.75910000000000e+002 4.95223421251997e-018
4.76710000000000e+002 6.32974262007768e-018
4.77520000000000e+002 7.07816217994292e-018
4.78320000000000e+002 6.98737089220539e-018
4.79120000000000e+002 6.62582361169046e-018
4.79930000000000e+002 6.69989023059172e-018
4.80730000000000e+002 7.28627091464439e-018
4.81530000000000e+002 7.74975685674655e-018
4.82340000000000e+002 7.41983746226940e-018
4.83140000000000e+002 6.28397341805870e-018
4.83940000000000e+002 4.90459215361682e-018
4.84750000000000e+002 3.84138362973026e-018
4.85550000000000e+002 3.30133583726469e-018
4.86350000000000e+002 3.11890406103975e-018
4.87160000000000e+002 3.14741866284143e-018
4.87960000000000e+002 3.47446636978449e-018
4.88760000000000e+002 4.33491481837887e-018
4.89560000000000e+002 5.75753617462070e-018
4.90370000000000e+002 7.30460433730344e-018
4.91170000000000e+002 8.20374369594877e-018
4.91970000000000e+002 8.13051753549357e-018
4.92770000000000e+002 7.50196196268689e-018
4.93580000000000e+002 7.11428304036233e-018
4.94380000000000e+002 7.40839115760206e-018
4.95180000000000e+002 8.04201865145266e-018
4.95980000000000e+002 8.25122780610757e-018
4.96790000000000e+002 7.55330592966434e-018
4.97590000000000e+002 6.19044957252827e-018
4.98390000000000e+002 4.79379491432023e-018
4.99190000000000e+002 3.85656380096643e-018
5.00000000000000e+002 3.45476427914794e-018
5.00800000000000e+002 3.38132941075811e-018
5.01600000000000e+002 3.44227943006010e-018
5.02400000000000e+002 3.69905786677047e-018
5.03200000000000e+002 4.39433629810522e-018
5.04010000000000e+002 5.68462224937515e-018
5.04810000000000e+002 7.26436355576556e-018
5.05610000000000e+002 8.47717907392763e-018
5.06410000000000e+002 8.73639114196267e-018
5.07210000000000e+002 8.08969955969400e-018
5.08020000000000e+002 7.20623326007240e-018
5.08820000000000e+002 6.85257290392580e-018
5.09620000000000e+002 7.22604699918893e-018
5.10420000000000e+002 7.86123614268000e-018
5.11220000000000e+002 8.01116128318691e-018
5.12020000000000e+002 7.28612090760022e-018
5.12830000000000e+002 5.92197647179252e-018
5.13630000000000e+002 4.56588347773581e-018
5.14430000000000e+002 3.66954795770428e-018
5.15230000000000e+002 3.31718670662742e-018
5.16030000000000e+002 3.29911457427263e-018
5.16830000000000e+002 3.37673658797049e-018
5.17630000000000e+002 3.50719678892151e-018
5.18440000000000e+002 3.86619985573768e-018
5.19240000000000e+002 4.66072121973568e-018
5.20040000000000e+002 5.91924583903326e-018
5.20840000000000e+002 7.30885821955799e-018
5.21640000000000e+002 8.21678668301016e-018
5.22440000000000e+002 8.18986072928457e-018
5.23240000000000e+002 7.35444520025254e-018
5.24040000000000e+002 6.34244564845388e-018
5.24840000000000e+002 5.81695752986250e-018
5.25640000000000e+002 6.03294170422332e-018
5.26450000000000e+002 6.69074703643198e-018
5.27250000000000e+002 7.10207888955409e-018
5.28050000000000e+002 6.76179810307735e-018
5.28850000000000e+002 5.70375250266704e-018
5.29650000000000e+002 4.40466785423000e-018
5.30450000000000e+002 3.37548152108870e-018
5.31250000000000e+002 2.85378898519057e-018
5.32050000000000e+002 2.76305810918050e-018
5.32850000000000e+002 2.86057912349339e-018
5.33650000000000e+002 2.95521165624478e-018
5.34450000000000e+002 3.04390994873231e-018
5.35250000000000e+002 3.27316702584524e-018
5.36050000000000e+002 3.80809420210519e-018
5.36850000000000e+002 4.71469320016716e-018
5.37650000000000e+002 5.83125230271788e-018
5.38450000000000e+002 6.72187379853799e-018
5.39250000000000e+002 6.92057932771686e-018
5.40050000000000e+002 6.33173851490228e-018
5.40850000000000e+002 5.33594358426721e-018
5.41650000000000e+002 4.49882395311725e-018
5.42450000000000e+002 4.22596278728028e-018
5.43250000000000e+002 4.57197712943956e-018
5.44050000000000e+002 5.20439083219227e-018
5.44850000000000e+002 5.57413418418583e-018
5.45650000000000e+002 5.30056978980352e-018
5.46450000000000e+002 4.44354078332135e-018
5.47250000000000e+002 3.39172136175747e-018
5.48050000000000e+002 2.54049294855647e-018
5.48850000000000e+002 2.08440898895678e-018
5.49650000000000e+002 1.99661218534368e-018
5.50450000000000e+002 2.10148325878492e-018
5.51250000000000e+002 2.21098935114573e-018
5.52050000000000e+002 2.25806569245437e-018
5.52840000000000e+002 2.31114039827411e-018
5.53640000000000e+002 2.47831121471319e-018
5.54440000000000e+002 2.83875530573360e-018
5.55240000000000e+002 3.43114425228625e-018
5.56040000000000e+002 4.17681060873868e-018
5.56840000000000e+002 4.79123135341887e-018
5.57640000000000e+002 4.92717721947106e-018
5.58440000000000e+002 4.48204888727863e-018
5.59240000000000e+002 3.69843599600299e-018
5.60040000000000e+002 2.96255175063387e-018
5.60830000000000e+002 2.57377096872437e-018
5.61630000000000e+002 2.64558216046553e-018
5.62430000000000e+002 3.09489165459925e-018
5.63230000000000e+002 3.60432167816754e-018
5.64030000000000e+002 3.78624772696613e-018
5.64830000000000e+002 3.46578631302862e-018
5.65630000000000e+002 2.79040901231140e-018
5.66420000000000e+002 2.06867010772012e-018
5.67220000000000e+002 1.51466396700735e-018
5.68020000000000e+002 1.22840107278662e-018
5.68820000000000e+002 1.18121926425911e-018
5.69620000000000e+002 1.26244277566137e-018
5.70420000000000e+002 1.34334529639613e-018
5.71210000000000e+002 1.36555728164934e-018
5.72010000000000e+002 1.37043494241240e-018
5.72810000000000e+002 1.42411753201471e-018
5.73610000000000e+002 1.54741905336350e-018
5.74410000000000e+002 1.74561619940266e-018
5.75200000000000e+002 2.04563798187826e-018
5.76000000000000e+002 2.43764853595846e-018
5.76800000000000e+002 2.76016768643276e-018
5.77600000000000e+002 2.80258350112382e-018
5.78390000000000e+002 2.51083145666246e-018
5.79190000000000e+002 2.02409185897921e-018
5.79990000000000e+002 1.55896519631279e-018
5.80790000000000e+002 1.26781973796571e-018
5.81580000000000e+002 1.22470862300541e-018
5.82380000000000e+002 1.43603498670147e-018
5.83180000000000e+002 1.79720813244752e-018
5.83980000000000e+002 2.08594512612980e-018
5.84770000000000e+002 2.10550257459255e-018
5.85570000000000e+002 1.83450825556381e-018
5.86370000000000e+002 1.41622449394529e-018
5.87160000000000e+002 1.02478647415260e-018
5.87960000000000e+002 7.44882007846183e-019
5.88760000000000e+002 6.03665477098398e-019
5.89550000000000e+002 5.79738200279490e-019
5.90350000000000e+002 6.19702578972650e-019
5.91150000000000e+002 6.57039558860094e-019
5.91950000000000e+002 6.54416524714465e-019
5.92740000000000e+002 6.34844644466080e-019
5.93540000000000e+002 6.46275967171961e-019
5.94330000000000e+002 6.99590537340426e-019
5.95130000000000e+002 7.63741047705069e-019
5.95930000000000e+002 8.22711516105556e-019
5.96720000000000e+002 9.08677399047629e-019
5.97520000000000e+002 1.04510330119242e-018
5.98320000000000e+002 1.17192980116104e-018
5.99110000000000e+002 1.18895454633525e-018
5.99910000000000e+002 1.06055491243048e-018
6.00710000000000e+002 8.46785976092086e-019
6.01500000000000e+002 6.40701800011003e-019
6.02300000000000e+002 4.93955533901980e-019
6.03090000000000e+002 4.34199489250338e-019
6.03890000000000e+002 4.73824328171136e-019
6.04690000000000e+002 6.08738433782189e-019
6.05480000000000e+002 7.80451122798962e-019
6.06280000000000e+002 8.95113691659982e-019
6.07070000000000e+002 8.79392027204051e-019
6.07870000000000e+002 7.46209678017487e-019
6.08660000000000e+002 5.71379833844861e-019
6.09460000000000e+002 4.16979313869686e-019
6.10250000000000e+002 3.14465309890429e-019
6.11050000000000e+002 2.62506434743834e-019
6.11850000000000e+002 2.51841535789233e-019
6.12640000000000e+002 2.62555259519945e-019
6.13440000000000e+002 2.71773206278900e-019
6.14230000000000e+002 2.65503124990128e-019
6.15030000000000e+002 2.45238070003669e-019
6.15820000000000e+002 2.20901140201419e-019
6.16620000000000e+002 1.99239076695279e-019
6.17410000000000e+002 1.83282640377131e-019
6.18210000000000e+002 1.72159568644087e-019
6.19000000000000e+002 1.64904036902644e-019
6.19800000000000e+002 1.60127252605097e-019
6.20590000000000e+002 1.57068374264676e-019
6.21390000000000e+002 1.55052834625672e-019
6.22180000000000e+002 1.53753131809360e-019
6.22970000000000e+002 1.52885327782506e-019
6.23770000000000e+002 1.52296302786804e-019
6.24560000000000e+002 1.51897399908918e-019
6.25360000000000e+002 1.51618437170672e-019
6.26150000000000e+002 1.51421149844003e-019
6.26950000000000e+002 1.51273302741929e-019
6.27740000000000e+002 1.51160765559760e-019
6.28530000000000e+002 1.51070280410184e-019
6.29330000000000e+002 1.50993029719597e-019
6.30120000000000e+002 1.50927545550819e-019
6.30920000000000e+002 1.50868479299539e-019
6.31710000000000e+002 1.50814696213103e-019
6.32500000000000e+002 1.50765572191215e-019
6.33300000000000e+002 1.50719276539991e-019
6.34090000000000e+002 1.50675861796396e-019
6.34890000000000e+002 1.50635246107634e-019
6.35680000000000e+002 1.50597065241679e-019
6.36470000000000e+002 1.50561843338095e-019
6.37270000000000e+002 1.50528101174179e-019
6.38060000000000e+002 1.50497526137296e-019
6.38850000000000e+002 1.50468689410699e-019
6.39650000000000e+002 1.50442191924452e-019
6.40440000000000e+002 1.50417622376934e-019
6.41230000000000e+002 1.50395058918887e-019
6.42030000000000e+002 1.50372081825822e-019
6.42820000000000e+002 0.00000000000000e+000
6.43610000000000e+002 0.00000000000000e+000
6.44410000000000e+002 0.00000000000000e+000
6.45200000000000e+002 0.00000000000000e+000
6.45990000000000e+002 0.00000000000000e+000
6.46780000000000e+002 0.00000000000000e+000
6.47580000000000e+002 0.00000000000000e+000
6.48370000000000e+002 0.00000000000000e+000
6.49160000000000e+002 0.00000000000000e+000
6.49960000000000e+002 0.00000000000000e+000
6.50750000000000e+002 0.00000000000000e+000
6.51540000000000e+002 0.00000000000000e+000
6.52330000000000e+002 0.00000000000000e+000
6.53120000000000e+002 0.00000000000000e+000
6.53920000000000e+002 0.00000000000000e+000
6.54710000000000e+002 0.00000000000000e+000
6.55500000000000e+002 0.00000000000000e+000
6.56290000000000e+002 0.00000000000000e+000
6.57090000000000e+002 0.00000000000000e+000
6.57880000000000e+002 0.00000000000000e+000
6.58670000000000e+002 0.00000000000000e+000
6.59460000000000e+002 0.00000000000000e+000
6.60250000000000e+002 0.00000000000000e+000
6.61040000000000e+002 0.00000000000000e+000
6.61840000000000e+002 0.00000000000000e+000
6.62630000000000e+002 0.00000000000000e+000
6.63420000000000e+002 0.00000000000000e+000
6.64210000000000e+002 0.00000000000000e+000
6.65000000000000e+002 0.00000000000000e+000
6.65790000000000e+002 0.00000000000000e+000
6.66590000000000e+002 0.00000000000000e+000
6.67380000000000e+002 0.00000000000000e+000
6.68170000000000e+002 0.00000000000000e+000
6.68960000000000e+002 0.00000000000000e+000
6.69750000000000e+002 0.00000000000000e+000
6.70540000000000e+002 0.00000000000000e+000
6.71330000000000e+002 0.00000000000000e+000
6.72120000000000e+002 0.00000000000000e+000
6.72910000000000e+002 0.00000000000000e+000
6.73700000000000e+002 0.00000000000000e+000
6.74490000000000e+002 0.00000000000000e+000
6.75290000000000e+002 0.00000000000000e+000
6.76080000000000e+002 0.00000000000000e+000
6.76870000000000e+002 0.00000000000000e+000
6.77660000000000e+002 0.00000000000000e+000
6.78450000000000e+002 0.00000000000000e+000
6.79240000000000e+002 0.00000000000000e+000
6.80030000000000e+002 0.00000000000000e+000
6.80820000000000e+002 0.00000000000000e+000
6.81610000000000e+002 0.00000000000000e+000
6.82400000000000e+002 0.00000000000000e+000
6.83190000000000e+002 0.00000000000000e+000
6.83980000000000e+002 0.00000000000000e+000
6.84770000000000e+002 0.00000000000000e+000
6.85560000000000e+002 0.00000000000000e+000
6.86350000000000e+002 0.00000000000000e+000
6.87140000000000e+002 0.00000000000000e+000
6.87930000000000e+002 0.00000000000000e+000
6.88720000000000e+002 0.00000000000000e+000
6.89500000000000e+002 0.00000000000000e+000
6.90290000000000e+002 0.00000000000000e+000
6.91080000000000e+002 0.00000000000000e+000
6.91870000000000e+002 0.00000000000000e+000
6.92660000000000e+002 0.00000000000000e+000
6.93450000000000e+002 0.00000000000000e+000
6.94240000000000e+002 0.00000000000000e+000
6.95030000000000e+002 0.00000000000000e+000
6.95820000000000e+002 0.00000000000000e+000
6.96610000000000e+002 0.00000000000000e+000
6.97400000000000e+002 0.00000000000000e+000
6.98180000000000e+002 0.00000000000000e+000
6.98970000000000e+002 0.00000000000000e+000
6.99760000000000e+002 0.00000000000000e+000
7.00550000000000e+002 0.00000000000000e+000
7.01340000000000e+002 0.00000000000000e+000
7.02130000000000e+002 0.00000000000000e+000
7.02920000000000e+002 0.00000000000000e+000
7.03700000000000e+002 0.00000000000000e+000
7.04490000000000e+002 0.00000000000000e+000
7.05280000000000e+002 0.00000000000000e+000
7.06070000000000e+002 0.00000000000000e+000
7.06860000000000e+002 0.00000000000000e+000
7.07640000000000e+002 0.00000000000000e+000
7.08430000000000e+002 0.00000000000000e+000
7.09220000000000e+002 0.00000000000000e+000
7.10010000000000e+002 0.00000000000000e+000
7.10790000000000e+002 0.00000000000000e+000
7.11580000000000e+002 0.00000000000000e+000
7.12370000000000e+002 0.00000000000000e+000
7.13160000000000e+002 0.00000000000000e+000
7.13940000000000e+002 0.00000000000000e+000
7.14730000000000e+002 0.00000000000000e+000
7.15520000000000e+002 0.00000000000000e+000
7.16310000000000e+002 0.00000000000000e+000
7.17090000000000e+002 0.00000000000000e+000
7.17880000000000e+002 0.00000000000000e+000
7.18670000000000e+002 0.00000000000000e+000
7.19450000000000e+002 0.00000000000000e+000
7.20240000000000e+002 0.00000000000000e+000
7.21030000000000e+002 0.00000000000000e+000
7.21810000000000e+002 0.00000000000000e+000
7.22600000000000e+002 0.00000000000000e+000
7.23390000000000e+002 0.00000000000000e+000
7.24170000000000e+002 0.00000000000000e+000
7.24960000000000e+002 0.00000000000000e+000
7.25750000000000e+002 0.00000000000000e+000
7.26530000000000e+002 0.00000000000000e+000
7.27320000000000e+002 0.00000000000000e+000
7.28110000000000e+002 0.00000000000000e+000
7.28890000000000e+002 0.00000000000000e+000
7.29680000000000e+002 0.00000000000000e+000
7.30460000000000e+002 0.00000000000000e+000
7.31250000000000e+002 0.00000000000000e+000
7.32040000000000e+002 0.00000000000000e+000
7.32820000000000e+002 0.00000000000000e+000
7.33610000000000e+002 0.00000000000000e+000
7.34390000000000e+002 0.00000000000000e+000
7.35180000000000e+002 0.00000000000000e+000
7.35960000000000e+002 0.00000000000000e+000
7.36750000000000e+002 0.00000000000000e+000
7.37530000000000e+002 0.00000000000000e+000
7.38320000000000e+002 0.00000000000000e+000
7.39100000000000e+002 0.00000000000000e+000
7.39890000000000e+002 0.00000000000000e+000
7.40670000000000e+002 0.00000000000000e+000
7.41460000000000e+002 0.00000000000000e+000
7.42240000000000e+002 0.00000000000000e+000
7.43030000000000e+002 0.00000000000000e+000
7.43810000000000e+002 0.00000000000000e+000
7.44600000000000e+002 0.00000000000000e+000
7.45380000000000e+002 0.00000000000000e+000
7.46170000000000e+002 0.00000000000000e+000
7.46950000000000e+002 0.00000000000000e+000
7.47740000000000e+002 0.00000000000000e+000
7.48520000000000e+002 0.00000000000000e+000
7.49300000000000e+002 0.00000000000000e+000
7.50090000000000e+002 0.00000000000000e+000
7.50870000000000e+002 0.00000000000000e+000
7.51660000000000e+002 0.00000000000000e+000
7.52440000000000e+002 0.00000000000000e+000
7.53220000000000e+002 0.00000000000000e+000
7.54010000000000e+002 0.00000000000000e+000
7.54790000000000e+002 0.00000000000000e+000
7.55580000000000e+002 0.00000000000000e+000
7.56360000000000e+002 0.00000000000000e+000
7.57140000000000e+002 0.00000000000000e+000
7.57930000000000e+002 0.00000000000000e+000
7.58710000000000e+002 0.00000000000000e+000
7.59490000000000e+002 0.00000000000000e+000
7.60280000000000e+002 0.00000000000000e+000
7.61060000000000e+002 0.00000000000000e+000
7.61840000000000e+002 0.00000000000000e+000
7.62630000000000e+002 0.00000000000000e+000
7.63410000000000e+002 0.00000000000000e+000
7.64190000000000e+002 0.00000000000000e+000
7.64970000000000e+002 0.00000000000000e+000
7.65760000000000e+002 0.00000000000000e+000
7.66540000000000e+002 0.00000000000000e+000
7.67320000000000e+002 0.00000000000000e+000
7.68100000000000e+002 0.00000000000000e+000
7.68890000000000e+002 0.00000000000000e+000
7.69670000000000e+002 0.00000000000000e+000
7.70450000000000e+002 0.00000000000000e+000
7.71230000000000e+002 0.00000000000000e+000
7.72020000000000e+002 0.00000000000000e+000
7.72800000000000e+002 0.00000000000000e+000
7.73580000000000e+002 0.00000000000000e+000
7.74360000000000e+002 0.00000000000000e+000
7.75140000000000e+002 0.00000000000000e+000
7.75920000000000e+002 0.00000000000000e+000
7.76710000000000e+002 0.00000000000000e+000
7.77490000000000e+002 0.00000000000000e+000
7.78270000000000e+002 0.00000000000000e+000
7.79050000000000e+002 0.00000000000000e+000
7.79830000000000e+002 0.00000000000000e+000
7.80610000000000e+002 0.00000000000000e+000
7.81390000000000e+002 0.00000000000000e+000
7.82180000000000e+002 0.00000000000000e+000
7.82960000000000e+002 0.00000000000000e+000
7.83740000000000e+002 0.00000000000000e+000
7.84520000000000e+002 0.00000000000000e+000
7.85300000000000e+002 0.00000000000000e+000
7.86080000000000e+002 0.00000000000000e+000
7.86860000000000e+002 0.00000000000000e+000
7.87640000000000e+002 0.00000000000000e+000
7.88420000000000e+002 0.00000000000000e+000
7.89200000000000e+002 0.00000000000000e+000
7.89980000000000e+002 0.00000000000000e+000
7.90760000000000e+002 0.00000000000000e+000
7.91540000000000e+002 0.00000000000000e+000
7.92320000000000e+002 0.00000000000000e+000
7.93100000000000e+002 0.00000000000000e+000
7.93880000000000e+002 0.00000000000000e+000
7.94660000000000e+002 0.00000000000000e+000
7.95440000000000e+002 0.00000000000000e+000
7.96220000000000e+002 0.00000000000000e+000
7.97000000000000e+002 0.00000000000000e+000
7.97780000000000e+002 0.00000000000000e+000
7.98560000000000e+002 0.00000000000000e+000
7.99340000000000e+002 0.00000000000000e+000
8.00120000000000e+002 0.00000000000000e+000
8.00900000000000e+002 0.00000000000000e+000
8.01680000000000e+002 0.00000000000000e+000
8.02460000000000e+002 0.00000000000000e+000
8.03240000000000e+002 0.00000000000000e+000
8.04010000000000e+002 0.00000000000000e+000
8.04790000000000e+002 0.00000000000000e+000
8.05570000000000e+002 0.00000000000000e+000
8.06350000000000e+002 0.00000000000000e+000
8.07130000000000e+002 0.00000000000000e+000
8.07910000000000e+002 0.00000000000000e+000
8.08690000000000e+002 0.00000000000000e+000
8.09470000000000e+002 0.00000000000000e+000
8.10240000000000e+002 0.00000000000000e+000
8.11020000000000e+002 0.00000000000000e+000
8.11800000000000e+002 0.00000000000000e+000
8.12580000000000e+002 0.00000000000000e+000
8.13360000000000e+002 0.00000000000000e+000
8.14130000000000e+002 0.00000000000000e+000
8.14910000000000e+002 0.00000000000000e+000
8.15690000000000e+002 0.00000000000000e+000
8.16470000000000e+002 0.00000000000000e+000
8.17240000000000e+002 0.00000000000000e+000
8.18020000000000e+002 0.00000000000000e+000
8.18800000000000e+002 0.00000000000000e+000
8.19580000000000e+002 0.00000000000000e+000
8.20350000000000e+002 0.00000000000000e+000
8.21130000000000e+002 0.00000000000000e+000
8.21910000000000e+002 0.00000000000000e+000
8.22690000000000e+002 0.00000000000000e+000
8.23460000000000e+002 0.00000000000000e+000
8.24240000000000e+002 0.00000000000000e+000
8.25020000000000e+002 0.00000000000000e+000
8.25790000000000e+002 0.00000000000000e+000
8.26570000000000e+002 0.00000000000000e+000
8.27350000000000e+002 0.00000000000000e+000
8.28120000000000e+002 0.00000000000000e+000
8.28900000000000e+002 0.00000000000000e+000
8.29670000000000e+002 0.00000000000000e+000
8.30450000000000e+002 0.00000000000000e+000
8.31230000000000e+002 0.00000000000000e+000
8.32000000000000e+002 0.00000000000000e+000
8.32780000000000e+002 0.00000000000000e+000
8.33550000000000e+002 0.00000000000000e+000
8.34330000000000e+002 0.00000000000000e+000
8.35110000000000e+002 0.00000000000000e+000
8.35880000000000e+002 0.00000000000000e+000
8.36660000000000e+002 0.00000000000000e+000
8.37430000000000e+002 0.00000000000000e+000
8.38210000000000e+002 0.00000000000000e+000
8.38980000000000e+002 0.00000000000000e+000
8.39760000000000e+002 0.00000000000000e+000
8.40530000000000e+002 0.00000000000000e+000
8.41310000000000e+002 0.00000000000000e+000
8.42080000000000e+002 0.00000000000000e+000
8.42860000000000e+002 0.00000000000000e+000
8.43630000000000e+002 0.00000000000000e+000
8.44410000000000e+002 0.00000000000000e+000
8.45180000000000e+002 0.00000000000000e+000
8.45960000000000e+002 0.00000000000000e+000
8.46730000000000e+002 0.00000000000000e+000
8.47510000000000e+002 0.00000000000000e+000
8.48280000000000e+002 0.00000000000000e+000
8.49050000000000e+002 0.00000000000000e+000
8.49830000000000e+002 0.00000000000000e+000
8.50600000000000e+002 0.00000000000000e+000
8.51380000000000e+002 0.00000000000000e+000
8.52150000000000e+002 0.00000000000000e+000
8.52920000000000e+002 0.00000000000000e+000
8.53700000000000e+002 0.00000000000000e+000
8.54470000000000e+002 0.00000000000000e+000
8.55250000000000e+002 0.00000000000000e+000
8.56020000000000e+002 0.00000000000000e+000
8.56790000000000e+002 0.00000000000000e+000
8.57570000000000e+002 0.00000000000000e+000
8.58340000000000e+002 0.00000000000000e+000
8.59110000000000e+002 0.00000000000000e+000
8.59880000000000e+002 0.00000000000000e+000
8.60660000000000e+002 0.00000000000000e+000
8.61430000000000e+002 0.00000000000000e+000
8.62200000000000e+002 0.00000000000000e+000
8.62980000000000e+002 0.00000000000000e+000
8.63750000000000e+002 0.00000000000000e+000
8.64520000000000e+002 0.00000000000000e+000
8.65290000000000e+002 0.00000000000000e+000
8.66070000000000e+002 0.00000000000000e+000
8.66840000000000e+002 0.00000000000000e+000
8.67610000000000e+002 0.00000000000000e+000
8.68380000000000e+002 0.00000000000000e+000
8.69150000000000e+002 0.00000000000000e+000
8.69930000000000e+002 0.00000000000000e+000
8.70700000000000e+002 0.00000000000000e+000
8.71470000000000e+002 0.00000000000000e+000
8.72240000000000e+002 0.00000000000000e+000
8.73010000000000e+002 0.00000000000000e+000
8.73780000000000e+002 0.00000000000000e+000
8.74550000000000e+002 0.00000000000000e+000
8.75330000000000e+002 0.00000000000000e+000
8.76100000000000e+002 0.00000000000000e+000
8.76870000000000e+002 0.00000000000000e+000
8.77640000000000e+002 0.00000000000000e+000
8.78410000000000e+002 0.00000000000000e+000
8.79180000000000e+002 0.00000000000000e+000
8.79950000000000e+002 0.00000000000000e+000
8.80720000000000e+002 0.00000000000000e+000
8.81490000000000e+002 0.00000000000000e+000
8.82260000000000e+002 0.00000000000000e+000
8.83030000000000e+002 0.00000000000000e+000
8.83800000000000e+002 0.00000000000000e+000
8.84570000000000e+002 0.00000000000000e+000
8.85340000000000e+002 0.00000000000000e+000
8.86110000000000e+002 0.00000000000000e+000
8.86880000000000e+002 0.00000000000000e+000
8.87650000000000e+002 0.00000000000000e+000
8.88420000000000e+002 0.00000000000000e+000
8.89190000000000e+002 0.00000000000000e+000
8.89960000000000e+002 0.00000000000000e+000
8.90730000000000e+002 0.00000000000000e+000
8.91500000000000e+002 0.00000000000000e+000
8.92270000000000e+002 0.00000000000000e+000
8.93040000000000e+002 0.00000000000000e+000
8.93810000000000e+002 0.00000000000000e+000
8.94580000000000e+002 0.00000000000000e+000
8.95350000000000e+002 0.00000000000000e+000
8.96120000000000e+002 0.00000000000000e+000
8.96890000000000e+002 0.00000000000000e+000
8.97650000000000e+002 0.00000000000000e+000
8.98420000000000e+002 0.00000000000000e+000
8.99190000000000e+002 0.00000000000000e+000
8.99960000000000e+002 0.00000000000000e+000
9.00730000000000e+002 0.00000000000000e+000
9.01500000000000e+002 0.00000000000000e+000
9.02260000000000e+002 0.00000000000000e+000
9.03030000000000e+002 0.00000000000000e+000
9.03800000000000e+002 0.00000000000000e+000
9.04570000000000e+002 0.00000000000000e+000
9.05340000000000e+002 0.00000000000000e+000
9.06100000000000e+002 0.00000000000000e+000
9.06870000000000e+002 0.00000000000000e+000
9.07640000000000e+002 0.00000000000000e+000
9.08410000000000e+002 0.00000000000000e+000
9.09170000000000e+002 0.00000000000000e+000
9.09940000000000e+002 0.00000000000000e+000
9.10710000000000e+002 0.00000000000000e+000
9.11480000000000e+002 0.00000000000000e+000
9.12240000000000e+002 0.00000000000000e+000
9.13010000000000e+002 0.00000000000000e+000
9.13780000000000e+002 0.00000000000000e+000
9.14540000000000e+002 0.00000000000000e+000
9.15310000000000e+002 0.00000000000000e+000
9.16080000000000e+002 0.00000000000000e+000
9.16840000000000e+002 0.00000000000000e+000
9.17610000000000e+002 0.00000000000000e+000
9.18370000000000e+002 0.00000000000000e+000
9.19140000000000e+002 0.00000000000000e+000
9.19910000000000e+002 0.00000000000000e+000
9.20670000000000e+002 0.00000000000000e+000
9.21440000000000e+002 0.00000000000000e+000
9.22200000000000e+002 0.00000000000000e+000
9.22970000000000e+002 0.00000000000000e+000
9.23740000000000e+002 0.00000000000000e+000
9.24500000000000e+002 0.00000000000000e+000
9.25270000000000e+002 0.00000000000000e+000
9.26030000000000e+002 0.00000000000000e+000
9.26800000000000e+002 0.00000000000000e+000
9.27560000000000e+002 0.00000000000000e+000
9.28330000000000e+002 0.00000000000000e+000
9.29090000000000e+002 0.00000000000000e+000
9.29860000000000e+002 0.00000000000000e+000
9.30620000000000e+002 0.00000000000000e+000
9.31390000000000e+002 0.00000000000000e+000
9.32150000000000e+002 0.00000000000000e+000
9.32910000000000e+002 0.00000000000000e+000
9.33680000000000e+002 0.00000000000000e+000
9.34440000000000e+002 0.00000000000000e+000
9.35210000000000e+002 0.00000000000000e+000
9.35970000000000e+002 0.00000000000000e+000
9.36740000000000e+002 0.00000000000000e+000
9.37500000000000e+002 0.00000000000000e+000
9.38260000000000e+002 0.00000000000000e+000
9.39030000000000e+002 0.00000000000000e+000
9.39790000000000e+002 0.00000000000000e+000
9.40550000000000e+002 0.00000000000000e+000
9.41320000000000e+002 0.00000000000000e+000
9.42080000000000e+002 0.00000000000000e+000
9.42840000000000e+002 0.00000000000000e+000
9.43610000000000e+002 0.00000000000000e+000
9.44370000000000e+002 0.00000000000000e+000
9.45130000000000e+002 0.00000000000000e+000
9.45900000000000e+002 0.00000000000000e+000
9.46660000000000e+002 0.00000000000000e+000
9.47420000000000e+002 0.00000000000000e+000
9.48180000000000e+002 0.00000000000000e+000
9.48950000000000e+002 0.00000000000000e+000
9.49710000000000e+002 0.00000000000000e+000
9.50470000000000e+002 0.00000000000000e+000
9.51230000000000e+002 0.00000000000000e+000
9.51990000000000e+002 0.00000000000000e+000
9.52760000000000e+002 0.00000000000000e+000
9.53520000000000e+002 0.00000000000000e+000
9.54280000000000e+002 0.00000000000000e+000
9.55040000000000e+002 0.00000000000000e+000
9.55800000000000e+002 0.00000000000000e+000
9.56560000000000e+002 0.00000000000000e+000
9.57330000000000e+002 0.00000000000000e+000
9.58090000000000e+002 0.00000000000000e+000
9.58850000000000e+002 0.00000000000000e+000
9.59610000000000e+002 0.00000000000000e+000
9.60370000000000e+002 0.00000000000000e+000
9.61130000000000e+002 0.00000000000000e+000
9.61890000000000e+002 0.00000000000000e+000
9.62650000000000e+002 0.00000000000000e+000
9.63410000000000e+002 0.00000000000000e+000
9.64170000000000e+002 0.00000000000000e+000
9.64930000000000e+002 0.00000000000000e+000
9.65690000000000e+002 0.00000000000000e+000
9.66450000000000e+002 0.00000000000000e+000
9.67210000000000e+002 0.00000000000000e+000
9.67970000000000e+002 0.00000000000000e+000
9.68730000000000e+002 0.00000000000000e+000
9.69490000000000e+002 0.00000000000000e+000
9.70250000000000e+002 0.00000000000000e+000
9.71010000000000e+002 0.00000000000000e+000
9.71770000000000e+002 0.00000000000000e+000
9.72530000000000e+002 0.00000000000000e+000
9.73290000000000e+002 0.00000000000000e+000
9.74050000000000e+002 0.00000000000000e+000
9.74810000000000e+002 0.00000000000000e+000
9.75570000000000e+002 0.00000000000000e+000
9.76330000000000e+002 0.00000000000000e+000
9.77090000000000e+002 0.00000000000000e+000
9.77850000000000e+002 0.00000000000000e+000
9.78600000000000e+002 0.00000000000000e+000
9.79360000000000e+002 0.00000000000000e+000
9.80120000000000e+002 0.00000000000000e+000
9.80880000000000e+002 0.00000000000000e+000
9.81640000000000e+002 0.00000000000000e+000
9.82390000000000e+002 0.00000000000000e+000
9.83150000000000e+002 0.00000000000000e+000
9.83910000000000e+002 0.00000000000000e+000
9.84670000000000e+002 0.00000000000000e+000
9.85430000000000e+002 0.00000000000000e+000
9.86180000000000e+002 0.00000000000000e+000
9.86940000000000e+002 0.00000000000000e+000
9.87700000000000e+002 0.00000000000000e+000
9.88460000000000e+002 0.00000000000000e+000
9.89210000000000e+002 0.00000000000000e+000
9.89970000000000e+002 0.00000000000000e+000
9.90730000000000e+002 0.00000000000000e+000
9.91480000000000e+002 0.00000000000000e+000
9.92240000000000e+002 0.00000000000000e+000
9.93000000000000e+002 0.00000000000000e+000
9.93750000000000e+002 0.00000000000000e+000
9.94510000000000e+002 0.00000000000000e+000
9.95270000000000e+002 0.00000000000000e+000
9.96020000000000e+002 0.00000000000000e+000
9.96780000000000e+002 0.00000000000000e+000
9.97540000000000e+002 0.00000000000000e+000
9.98290000000000e+002 0.00000000000000e+000